Seed 124 - Instance: n45m10_1
n 45
m 10
Q 169
L 0
U 1000

0 845 687 47 239 419 80 367 637 207 72 70 700 457 788 349 784 483 524 502 648 244 511 406 134 179 856 705 801 984 807 426 972 722 558 822 536 500 968 218 483 797 218 575 261 254 886 764 271 596 351 125 332 543 767 
80 0 16 332 406 498 44 531 75 592 122 748 109 97 167 960 108 173 374 358 593 386 689 40 854 829 483 619 299 594 534 27 588 436 412 585 860 360 235 129 581 973 774 127 377 520 331 283 664 331 707 119 243 866 228 
614 722 0 805 427 436 353 709 835 267 132 281 292 92 458 554 852 684 45 360 723 405 228 39 417 632 404 252 721 407 353 669 342 661 249 200 733 820 818 964 261 472 466 666 287 561 810 520 858 520 302 362 908 102 791 
705 255 553 0 530 346 627 620 334 781 44 553 86 721 572 133 505 419 626 280 855 328 85 192 175 376 475 66 622 834 629 67 482 285 371 653 35 148 582 876 958 779 614 551 745 959 582 343 948 421 504 654 248 496 544 
148 16 871 226 0 898 499 894 716 17 230 414 984 402 363 17 601 412 493 169 901 785 341 505 904 490 208 774 752 643 821 105 921 679 271 918 539 374 751 576 529 184 540 891 776 529 305 36 921 939 492 958 337 496 106 
377 87 523 325 535 0 980 529 476 538 75 615 86 340 942 328 508 198 644 187 305 589 397 376 302 979 705 409 716 995 946 506 228 516 108 809 577 770 815 624 184 388 681 387 364 580 380 306 576 510 592 501 164 615 314 
924 232 752 604 160 1000 0 221 721 288 440 654 576 289 842 618 652 637 252 326 637 351 942 91 984 582 396 69 482 845 36 830 625 442 369 602 16 676 270 790 292 631 310 482 140 320 440 717 256 442 527 873 609 495 437 
594 508 640 668 607 372 269 0 706 884 432 819 296 149 191 886 345 476 823 37 365 580 31 355 673 730 544 998 440 491 45 259 411 473 285 279 131 534 296 644 989 94 991 471 334 952 455 850 714 60 724 162 937 817 427 
319 706 70 657 508 769 285 343 0 612 875 70 221 674 377 569 690 403 392 594 848 362 318 999 912 289 250 964 490 9 32 916 359 576 428 983 968 701 10 122 697 657 133 589 444 471 975 70 673 276 386 875 348 237 934 
605 935 221 35 139 829 242 115 701 0 344 985 719 817 920 480 650 300 695 354 38 821 497 6 96 515 161 902 484 879 964 639 866 372 827 402 825 345 372 89 118 888 164 376 64 555 313 829 576 69 462 233 207 680 320 
829 616 836 676 211 571 12 691 987 146 0 326 252 205 359 750 903 731 913 438 342 740 497 904 666 532 30 854 753 531 59 237 35 939 821 29 243 845 623 460 877 544 30 911 979 95 396 632 25 776 2 295 434 80 332 
576 419 81 623 509 919 261 442 182 170 517 0 319 492 321 935 154 656 645 160 322 572 339 178 213 968 175 656 725 6 204 954 862 176 622 86 675 919 503 43 841 791 390 574 445 207 577 234 151 413 776 861 291 847 705 
177 138 917 87 198 148 530 50 768 722 231 185 0 373 37 119 707 585 661 384 551 238 647 76 426 141 642 340 482 99 729 655 290 683 846 39 973 887 927 975 563 412 202 88 21 314 799 305 803 171 628 665 48 124 712 
522 824 750 775 778 835 145 547 355 173 75 927 452 0 395 799 630 796 579 780 734 501 558 121 346 952 443 225 176 356 735 175 475 325 316 970 764 227 52 932 105 696 915 573 56 218 546 842 785 323 286 787 515 875 304 
856 918 7 554 224 709 275 286 316 885 19 105 599 133 0 670 690 469 246 453 630 843 980 522 475 255 789 299 6 37 582 25 75 751 571 111 89 859 385 27 735 486 101 841 9 570 60 801 554 660 639 827 605 580 284 
576 431 241 350 273 939 689 82 613 608 605 209 234 903 676 0 624 670 879 95 255 165 730 623 415 155 912 8 588 17 188 916 173 195 214 743 722 804 195 452 270 917 150 104 201 294 848 854 414 698 322 681 655 440 714 
177 472 348 450 476 517 404 693 360 690 172 486 409 401 819 515 0 393 820 88 171 646 607 303 573 892 120 171 335 776 405 637 738 691 207 556 242 489 718 613 33 514 400 271 953 919 292 471 862 268 619 261 965 688 532 
30 375 795 333 108 914 308 725 390 206 989 295 545 901 207 6 219 0 179 326 830 796 374 115 922 977 344 62 531 34 207 28 887 359 658 32 687 858 926 746 473 243 28 162 924 485 113 776 277 97 630 18 220 648 914 
921 914 807 306 294 789 79 495 100 28 639 594 757 501 613 380 519 343 0 763 981 606 538 863 781 742 401 526 753 117 57 358 23 61 905 910 675 523 700 818 861 658 871 417 325 429 66 265 694 18 649 47 944 595 660 
801 145 405 253 613 507 382 647 228 172 771 949 865 7 794 22 140 926 71 0 148 131 692 70 336 64 480 904 184 960 354 952 334 971 717 49 483 857 48 996 498 151 948 593 900 195 524 824 493 476 573 206 660 68 402 
356 335 857 554 220 976 593 879 598 365 995 916 558 247 7 274 598 154 480 11 0 819 588 74 987 430 869 849 696 55 819 788 134 480 463 975 573 908 539 536 104 595 497 114 746 476 334 740 709 757 541 505 438 161 208 
848 860 841 10 310 856 396 126 748 898 82 296 265 650 572 151 139 930 906 228 416 0 607 574 411 389 428 664 622 321 542 585 247 279 482 510 309 342 417 802 726 416 902 704 375 585 682 332 571 982 437 967 128 591 260 
36 871 578 149 938 88 840 172 263 395 275 19 344 727 199 928 737 523 492 738 736 904 0 45 205 545 893 749 111 359 683 835 455 179 323 880 735 925 562 248 695 626 360 276 788 48 249 453 587 909 836 128 865 747 117 
63 230 952 823 979 42 566 563 313 246 752 145 492 194 178 227 99 732 179 877 635 168 563 0 154 926 721 941 457 579 771 775 995 552 632 596 232 307 394 158 354 852 846 527 1 848 449 213 107 88 855 221 248 415 892 
142 1000 479 688 776 239 226 822 581 472 728 408 898 180 3 50 310 442 189 424 652 376 113 926 0 579 817 824 975 610 460 98 926 198 806 830 623 724 853 393 164 767 290 163 872 380 555 287 283 234 661 880 983 712 708 
27 603 701 284 727 454 288 385 579 848 216 511 422 56 34 641 65 492 919 279 786 379 299 339 791 0 208 334 701 613 672 465 893 633 481 227 167 96 308 953 868 0 183 293 163 13 856 779 365 152 190 251 228 709 937 
617 148 191 199 259 682 589 135 34 635 39 153 752 631 499 823 274 698 469 372 46 779 227 948 614 324 0 90 243 914 696 243 663 766 190 208 58 566 476 614 679 72 787 415 747 992 441 365 367 79 743 998 921 120 187 
705 265 906 780 667 972 96 672 540 717 943 989 711 171 303 266 428 878 529 820 284 45 233 392 799 902 21 0 345 638 509 469 434 383 486 915 881 149 727 630 349 895 272 904 238 60 170 44 883 956 327 900 748 466 480 
944 671 838 42 589 752 504 238 119 131 488 208 257 441 847 849 68 997 746 841 66 287 18 977 273 915 930 313 0 864 21 316 221 817 399 569 928 380 473 129 127 880 284 804 461 843 819 230 310 563 583 501 589 867 200 
648 594 401 660 989 606 621 811 166 119 936 933 870 520 602 227 892 358 284 0 343 598 830 627 202 682 31 577 762 0 974 49 46 368 215 638 703 955 343 918 494 223 579 992 608 367 346 493 153 474 185 108 733 516 646 
650 968 39 142 764 677 923 431 214 854 316 878 926 646 552 923 98 839 924 441 60 341 395 578 929 178 243 451 396 305 0 358 86 706 173 168 251 770 371 970 531 19 894 40 27 819 749 520 744 128 235 125 579 695 444 
93 866 72 135 765 900 991 803 222 757 906 814 411 594 260 115 32 745 529 633 876 792 123 449 928 62 593 647 777 242 973 0 766 609 712 605 762 395 784 901 317 848 321 916 79 677 878 332 86 938 657 812 108 680 363 
345 46 66 383 294 643 270 395 184 31 99 172 345 213 428 1 88 845 793 66 798 890 227 967 507 841 382 799 286 20 11 278 0 471 58 680 938 109 118 233 503 19 227 211 930 260 819 384 193 355 22 729 717 764 771 
216 782 515 662 543 309 975 831 980 966 214 498 602 503 705 822 611 325 838 886 876 881 564 694 31 824 668 320 328 297 560 182 356 0 899 584 813 335 261 871 318 248 433 910 128 205 847 554 879 143 324 344 912 801 653 
321 22 983 373 501 659 677 881 217 957 460 964 970 109 814 874 560 23 621 460 728 511 821 607 53 189 735 144 390 996 266 211 129 193 0 267 213 328 155 785 241 412 14 722 359 75 461 943 137 747 568 800 9 700 615 
311 917 501 408 512 948 15 674 33 61 667 743 678 715 490 193 382 513 775 983 495 739 739 866 284 54 968 913 696 563 133 958 182 363 678 0 691 624 320 312 802 704 957 970 287 271 433 80 573 896 981 713 390 596 956 
457 250 754 456 317 923 77 847 466 95 0 183 168 761 190 445 947 717 915 954 735 476 128 934 313 226 450 725 644 198 36 94 310 438 135 305 0 3 183 519 652 582 559 73 490 440 49 321 795 848 445 203 190 552 944 
643 189 574 744 479 601 374 540 872 180 153 927 353 598 443 492 424 990 132 815 214 135 521 822 895 235 507 612 138 393 918 739 847 573 848 883 294 0 946 901 643 573 917 596 729 733 719 935 286 310 556 357 641 893 930 
821 338 901 514 400 646 670 319 17 548 797 719 279 554 677 786 518 188 714 941 825 21 841 276 383 715 821 539 577 245 935 577 409 493 883 200 322 474 0 894 413 548 304 226 703 527 10 215 860 776 37 607 382 379 758 
772 597 185 435 927 873 969 96 698 467 889 87 797 677 81 221 35 31 401 251 69 89 478 928 486 848 752 835 307 570 657 313 93 900 376 767 378 721 879 0 953 201 57 747 949 156 800 901 346 182 811 274 817 317 551 
694 710 531 838 642 913 684 942 965 45 601 65 90 977 190 443 300 593 812 768 986 138 625 245 944 968 657 602 441 979 268 421 968 764 118 69 592 783 501 519 0 91 148 74 38 953 89 419 827 916 486 913 268 773 938 
69 372 569 500 529 474 46 359 107 841 246 660 74 231 338 415 520 768 349 481 972 243 933 750 112 295 812 766 497 996 260 510 209 109 810 699 545 604 124 731 99 0 784 456 2 961 688 125 370 713 206 353 496 650 502 
121 744 665 186 907 742 902 45 837 711 958 804 417 812 988 214 64 367 460 837 563 776 541 301 717 884 141 197 931 874 894 786 177 504 266 687 601 973 456 13 422 976 0 677 437 309 450 321 871 98 431 750 376 877 189 
173 652 982 636 319 223 344 247 531 856 742 506 491 11 487 72 108 65 642 907 138 665 968 516 994 649 999 736 138 984 383 712 613 710 752 722 772 805 52 570 371 152 563 0 636 893 664 218 474 798 254 1000 585 437 556 
188 470 104 230 615 344 223 502 815 740 527 39 430 11 375 732 122 595 742 401 785 230 110 641 671 691 763 321 302 135 185 621 51 302 676 88 802 317 585 58 226 561 268 520 0 991 632 385 291 317 916 591 763 424 848 
863 992 320 702 544 762 234 177 738 197 224 414 166 280 796 711 269 462 783 7 783 94 397 244 843 404 655 192 621 693 413 781 179 973 494 731 638 408 264 880 350 5 811 747 106 0 173 334 599 105 794 135 353 612 54 
857 688 390 341 466 136 958 518 770 157 299 878 74 490 777 715 42 906 698 260 738 655 969 470 218 71 686 88 741 838 381 544 350 882 405 673 222 753 157 766 411 187 28 349 816 170 0 185 244 517 951 769 796 824 221 
416 341 262 929 674 345 84 500 893 644 96 106 724 325 382 662 304 619 561 471 33 407 734 625 476 753 93 879 471 369 648 420 78 184 338 390 505 687 48 616 391 913 962 812 595 144 604 0 15 698 849 94 418 294 666 
915 214 907 863 801 714 952 276 500 786 881 323 168 833 519 477 3 449 202 73 204 754 702 572 284 539 647 870 87 606 131 983 690 28 820 332 331 791 617 812 293 444 985 273 662 537 647 52 0 536 735 753 39 134 343 
953 60 366 110 878 935 610 683 152 864 376 970 976 442 854 856 58 729 991 718 357 620 361 894 681 957 765 92 457 40 653 439 978 419 611 893 985 253 654 272 869 213 747 906 67 62 502 574 196 0 675 571 796 304 543 
405 916 678 987 1000 379 753 666 670 357 968 831 533 751 415 419 737 754 829 938 873 671 277 965 405 444 236 825 782 66 559 150 106 590 822 639 639 691 90 805 363 514 731 2 246 802 149 157 927 836 0 191 401 740 844 
297 609 796 820 319 11 827 682 470 754 872 276 178 77 233 293 280 983 553 637 278 835 94 333 847 633 292 521 92 785 131 293 172 588 904 15 719 901 559 308 415 471 958 56 993 583 655 535 598 947 886 0 637 738 928 
494 193 390 131 378 994 288 845 666 181 12 687 212 955 267 580 189 821 130 715 840 526 322 188 785 368 794 174 796 781 551 69 437 472 538 309 671 854 766 328 898 149 676 792 458 377 278 262 678 991 438 956 0 170 995 
265 982 44 732 539 215 28 315 71 753 372 903 693 473 812 849 151 525 486 293 749 0 913 729 155 482 828 104 639 213 594 524 497 8 943 213 686 777 252 481 863 365 87 656 15 243 573 241 997 41 441 229 156 0 528 
741 58 824 38 502 434 842 789 252 970 472 413 54 170 34 625 782 388 513 451 540 998 49 195 977 359 142 602 48 6 986 613 698 811 864 972 477 126 949 302 258 817 681 45 549 491 28 87 901 500 807 666 940 489 0 

Depot information
1415
2446
1282
1232
2532
596
823
2129
2228
812

Customer information
22
20
24
19
19
16
21
21
18
18
22
16
24
17
17
25
21
18
16
24
21
17
21
21
21
20
16
22
25
18
23
17
24
24
24
16
17
19
20
24
22
17
15
21
17
