Seed 124 - Instance: n60m5_1
n 60
m 5
Q 241
L 0
U 1000

0 659 668 593 567 264 568 341 14 191 726 505 775 418 994 261 384 305 977 172 280 125 98 171 238 718 200 904 745 601 408 423 244 819 813 115 629 38 994 558 817 561 328 599 283 606 504 679 573 918 908 270 336 446 846 471 852 269 300 877 483 459 613 925 976 
235 0 882 567 995 155 728 905 136 927 159 575 770 755 875 881 831 628 632 696 722 801 190 127 817 397 778 611 177 382 220 14 607 355 73 276 143 673 937 24 742 206 37 301 580 425 272 661 395 964 669 722 700 637 84 473 742 891 586 395 891 554 968 524 206 
93 806 0 817 922 317 131 517 902 130 749 504 437 697 362 810 726 131 573 503 84 7 69 178 31 309 835 217 735 973 624 515 81 772 131 904 296 286 57 50 198 776 993 29 298 265 147 383 53 4 816 525 567 646 478 992 380 281 276 672 128 736 550 672 939 
670 869 120 0 856 548 528 664 576 413 568 432 505 571 488 95 677 595 449 642 491 312 96 189 611 653 134 368 634 18 948 490 385 114 871 215 758 444 233 19 827 684 626 128 327 332 252 373 902 390 331 114 377 558 31 642 582 372 88 657 938 939 673 544 370 
861 716 759 298 0 147 480 431 391 359 123 634 242 798 333 892 479 564 857 813 829 998 222 878 886 39 46 94 30 120 107 983 207 246 877 574 931 644 251 161 730 794 330 76 859 307 779 67 651 556 778 736 825 98 334 988 381 104 754 362 668 680 750 976 640 
471 780 440 420 183 0 771 663 837 725 909 930 606 575 336 629 341 224 269 415 377 792 277 767 121 779 685 671 597 339 265 623 562 167 44 317 615 846 266 238 451 363 157 747 118 134 947 725 410 968 513 638 580 804 173 885 146 1000 989 592 44 689 950 835 344 
666 246 510 566 790 439 0 752 392 843 956 690 908 512 964 10 887 974 571 438 950 957 876 938 455 589 837 475 311 732 239 481 951 977 814 418 369 438 975 703 25 447 81 612 297 318 36 377 89 943 703 829 960 389 627 395 413 508 336 355 83 822 648 919 733 
716 705 502 619 585 775 173 0 426 855 198 918 578 613 128 129 983 464 131 552 422 699 565 69 560 241 28 65 495 104 982 683 887 26 871 420 763 987 543 712 443 501 316 85 877 353 500 738 198 685 977 443 292 323 547 609 664 73 551 767 252 130 304 711 743 
324 322 520 74 148 64 665 949 0 444 97 102 822 512 167 876 508 598 829 270 730 745 544 553 679 496 718 712 962 542 776 523 750 951 317 947 228 750 289 861 507 748 55 634 580 184 350 704 793 316 346 940 736 229 329 369 835 828 281 213 514 833 443 123 570 
945 52 336 6 95 154 760 11 680 0 83 868 224 562 5 235 174 184 960 499 735 733 669 540 724 995 706 427 73 626 905 67 143 349 476 519 79 415 346 834 906 742 401 488 582 118 626 970 625 826 120 918 982 158 464 131 888 733 611 870 508 786 245 896 416 
692 648 933 960 500 69 315 169 999 562 0 147 667 401 500 650 107 661 554 983 168 471 941 168 37 234 607 786 79 413 192 509 531 452 756 94 907 198 106 442 873 529 859 325 188 829 311 664 953 217 934 351 689 116 116 965 98 422 886 355 953 866 941 444 379 
976 199 110 547 341 575 353 654 526 796 424 0 428 231 500 298 748 764 228 928 820 811 321 330 993 187 953 179 623 635 923 397 603 242 41 837 750 116 265 831 892 130 586 848 72 681 858 343 96 100 956 231 528 241 577 29 762 853 537 123 595 541 776 283 775 
662 474 282 475 378 691 833 793 149 731 500 312 0 607 865 116 500 418 716 315 586 419 327 532 666 830 8 243 885 506 96 862 638 452 348 368 85 822 765 897 88 722 377 97 276 722 886 69 547 732 353 208 327 126 447 263 942 53 230 533 618 572 760 520 441 
921 770 774 597 829 285 658 306 774 843 168 419 162 0 111 855 81 526 251 987 648 56 330 67 86 380 393 986 901 234 787 88 674 326 540 118 102 456 96 85 163 49 981 762 94 480 394 682 73 426 961 114 437 791 2 653 148 746 81 436 607 747 251 432 116 
354 369 432 949 9 49 993 384 467 742 78 648 211 770 0 90 483 373 889 29 828 389 197 940 186 922 26 323 163 304 218 312 839 61 566 162 969 250 827 591 62 914 473 337 200 448 53 404 617 673 284 409 554 341 90 352 465 243 382 20 705 544 314 783 209 
193 354 923 910 793 710 643 200 788 599 133 536 565 218 307 0 543 709 387 623 115 161 101 245 878 273 66 129 166 10 438 717 972 179 94 463 420 255 600 779 19 424 956 17 17 652 591 728 523 682 991 555 235 444 406 423 655 505 673 802 924 432 786 924 994 
955 578 400 787 229 964 139 249 516 579 583 183 227 886 649 434 0 181 972 769 367 63 943 121 127 714 642 786 96 145 216 200 896 616 697 964 994 385 32 340 802 784 316 847 564 759 703 50 575 943 538 331 898 634 847 703 848 653 621 881 650 944 390 647 736 
801 4 661 216 63 217 29 464 72 822 791 245 838 553 986 24 32 0 963 906 389 138 190 700 765 386 244 696 963 423 161 85 928 910 381 444 20 739 138 561 465 563 658 143 181 468 541 692 39 824 513 578 185 955 612 437 569 273 198 482 191 942 157 542 519 
599 381 42 375 706 489 702 797 201 829 512 352 393 981 391 433 516 29 0 437 995 222 82 580 415 503 748 994 482 196 687 955 68 338 300 551 803 860 695 455 267 58 808 780 218 417 358 499 813 174 659 538 773 4 983 36 357 571 667 874 741 594 524 724 637 
432 602 414 685 578 242 221 867 24 506 85 346 578 820 173 421 391 379 62 0 46 919 596 740 743 866 868 113 41 407 831 298 73 257 248 224 882 521 100 259 597 96 460 460 569 289 1000 85 396 193 302 534 731 252 868 682 793 544 330 257 871 252 673 366 605 
116 185 887 67 696 559 64 760 513 236 51 889 801 717 586 17 855 1000 615 445 0 308 752 376 712 157 718 486 64 834 25 801 605 543 225 188 372 84 431 370 771 773 411 127 535 799 650 488 642 781 51 512 505 549 127 304 707 818 183 640 246 671 947 711 17 
678 565 33 541 721 241 302 982 912 510 129 673 509 204 542 546 696 684 995 250 949 0 393 163 726 222 352 8 803 905 697 842 670 683 259 634 29 563 14 133 537 534 336 664 464 543 867 666 146 670 243 219 140 900 231 241 953 747 130 437 730 477 284 619 754 
536 975 348 968 412 123 995 29 705 65 732 657 468 400 116 233 459 227 816 135 251 145 0 921 668 89 117 737 737 813 206 98 172 508 313 122 219 737 23 415 901 122 497 301 142 24 25 789 736 552 658 151 178 972 335 395 90 151 838 811 163 623 270 532 426 
810 165 627 781 394 166 4 68 870 526 440 223 929 586 823 470 434 66 234 56 592 943 944 0 380 978 83 162 668 235 57 152 272 252 45 706 423 769 992 138 90 132 848 371 759 445 960 445 19 935 505 36 820 873 96 99 278 427 321 446 834 111 195 275 784 
17 990 101 538 917 731 66 652 446 117 65 424 734 768 454 756 570 677 203 239 400 525 449 828 0 712 818 185 138 895 915 105 117 979 944 441 943 361 20 632 374 737 445 904 423 336 531 436 592 600 701 919 316 201 149 306 417 657 67 507 57 577 41 994 379 
297 383 22 313 853 228 343 982 722 152 424 353 689 168 462 552 767 660 339 589 190 495 821 882 620 0 950 577 182 77 791 823 345 520 910 250 703 609 86 969 964 554 126 756 277 62 17 388 5 725 892 250 217 853 26 881 677 527 225 724 671 268 727 818 578 
891 257 677 916 140 313 688 836 726 373 271 374 199 891 439 717 494 14 736 775 931 368 21 34 321 333 0 840 90 827 157 61 787 450 820 316 450 121 813 483 269 192 994 777 651 251 835 100 102 822 168 895 87 405 264 162 673 950 887 857 77 209 178 770 666 
607 491 136 147 936 482 22 180 561 971 509 54 725 255 655 621 476 844 739 851 237 120 28 62 1 809 373 0 646 867 464 46 987 271 799 182 149 101 878 570 888 976 590 993 882 111 23 999 205 750 16 19 941 418 914 72 992 645 363 589 895 197 809 99 951 
15 295 552 515 981 443 633 829 378 117 277 20 978 477 943 511 710 655 68 491 595 417 50 465 110 95 742 904 0 699 517 800 369 609 705 385 814 493 879 988 546 756 171 633 622 600 470 88 589 924 640 371 640 927 856 246 440 772 474 462 77 44 279 2 720 
172 175 512 75 465 126 197 263 515 436 740 595 384 414 2 307 825 27 671 377 782 195 195 945 401 211 417 419 635 0 744 901 432 883 970 254 970 56 898 622 104 283 355 963 777 349 674 804 591 697 164 778 985 398 409 73 685 78 437 499 427 42 186 357 510 
768 788 811 878 902 326 928 993 471 394 464 268 420 516 504 180 10 566 110 686 212 706 39 33 160 84 114 811 524 123 0 779 720 805 862 655 30 985 405 392 175 790 927 627 471 979 645 579 295 758 48 444 399 887 509 637 879 609 881 818 58 745 944 391 506 
290 54 828 947 657 748 732 664 417 280 115 848 878 955 479 788 756 281 130 451 549 119 602 4 283 831 529 633 920 433 76 0 822 864 138 590 462 304 74 117 962 664 794 360 224 974 396 210 378 477 401 914 953 700 729 813 308 541 214 719 413 38 954 54 909 
149 927 35 457 177 637 568 840 72 648 617 975 459 210 812 350 195 161 744 982 65 571 692 126 682 675 46 305 52 190 167 227 0 956 219 900 161 871 416 997 727 220 953 740 643 708 496 35 558 16 437 75 395 995 285 804 781 970 738 434 361 848 42 50 516 
642 242 90 666 304 8 774 319 283 665 943 288 258 908 511 104 15 793 59 365 137 425 736 801 237 168 361 599 832 716 810 257 698 0 278 741 917 963 712 464 235 296 437 354 198 60 854 520 27 812 514 852 441 729 200 24 929 413 637 580 815 764 795 855 181 
364 320 125 75 812 39 47 216 300 642 98 375 291 918 446 569 575 780 341 274 727 271 809 457 535 363 616 338 906 850 497 966 150 921 0 929 916 299 860 466 850 968 879 865 472 655 547 996 775 879 585 986 819 86 52 391 68 913 459 93 696 682 746 732 874 
327 178 643 952 66 457 726 4 113 921 793 69 807 111 492 917 68 587 762 369 486 144 73 734 718 635 278 915 504 204 711 615 886 967 534 0 89 635 375 763 650 580 474 859 458 696 382 968 775 92 709 658 254 279 524 209 285 269 49 758 769 162 847 291 183 
71 321 305 435 430 654 740 776 162 5 21 406 404 552 369 863 107 625 742 454 864 937 68 405 997 957 866 915 841 876 753 220 973 586 707 414 0 181 862 70 170 855 339 755 608 323 725 650 915 321 770 456 664 660 885 197 152 558 826 818 178 869 749 74 602 
213 182 784 338 222 516 971 65 359 769 586 16 447 177 280 657 549 606 929 524 809 517 699 247 34 876 646 554 768 951 632 135 450 311 877 641 760 0 532 185 595 693 334 538 811 882 670 128 252 376 951 916 897 916 767 266 212 663 296 297 961 261 61 414 461 
777 546 572 333 894 988 106 738 720 400 21 755 257 717 446 509 495 996 446 296 991 253 975 257 54 100 866 798 755 92 756 502 766 62 513 71 317 573 0 548 673 833 552 200 344 268 645 820 98 546 292 634 186 388 787 829 702 278 798 38 233 359 231 53 830 
127 55 943 235 362 205 30 237 329 501 695 581 502 60 733 815 613 622 400 524 84 801 599 738 603 717 81 60 244 68 153 833 191 917 569 933 908 333 453 0 201 347 58 876 991 905 948 132 597 6 746 555 479 845 225 804 599 404 900 235 820 634 449 481 140 
190 940 690 594 320 932 815 802 583 582 36 436 82 86 73 622 914 57 201 751 386 865 90 860 645 115 969 745 924 549 863 457 543 120 210 271 184 472 839 511 0 579 72 874 68 863 85 931 896 2 652 330 291 779 361 480 719 739 673 506 277 81 151 784 18 
820 111 801 182 959 99 574 355 272 191 940 338 628 435 551 488 12 613 378 364 172 658 27 201 793 824 380 181 193 591 967 349 508 172 194 382 59 939 91 294 857 0 32 909 988 323 92 671 257 677 654 916 968 377 76 844 219 99 987 860 114 200 334 356 827 
890 467 594 694 322 564 762 115 993 13 147 0 421 740 37 331 818 552 678 683 177 13 551 380 896 349 345 700 39 194 556 780 987 631 745 155 651 676 579 226 396 171 0 842 756 584 484 956 730 671 388 289 853 111 230 533 605 426 501 535 678 15 618 15 35 
626 836 603 582 298 881 553 793 395 103 539 211 6 455 627 960 699 489 329 262 77 171 487 456 844 15 15 701 620 266 536 84 836 311 424 232 682 482 56 146 950 911 77 0 237 24 558 500 699 316 813 501 361 619 575 946 608 288 118 490 654 338 295 464 729 
736 140 923 821 966 925 550 651 701 914 929 346 732 318 744 582 472 757 921 749 853 479 696 491 734 209 352 43 401 101 81 26 248 235 601 644 265 348 414 207 396 467 861 922 0 998 285 321 938 497 373 231 637 143 955 942 448 180 507 899 237 952 735 327 451 
533 816 713 133 594 755 630 586 388 157 967 980 460 433 350 362 717 412 349 615 640 439 648 755 204 209 336 99 182 750 67 578 517 396 697 142 467 224 114 293 280 774 18 151 423 0 417 0 78 511 655 691 870 571 845 689 124 904 85 866 974 261 627 924 665 
517 918 526 345 965 679 261 798 356 358 851 795 16 931 346 936 615 956 851 95 875 889 446 862 851 82 138 854 729 178 977 712 186 471 807 758 643 181 106 836 661 539 558 825 669 38 0 878 645 297 674 96 107 318 522 988 755 392 614 524 145 758 914 720 768 
959 320 759 963 731 955 726 686 699 843 492 827 214 404 178 684 517 236 845 58 313 208 996 882 190 626 5 677 365 664 812 597 44 193 939 499 129 424 111 937 406 948 742 885 393 81 969 0 772 188 286 350 440 44 708 753 781 159 721 67 471 137 589 606 529 
313 907 703 198 145 916 44 798 602 898 679 38 329 192 128 8 74 751 920 536 973 614 935 153 881 631 270 149 209 447 770 189 777 920 299 219 556 607 868 151 387 803 674 592 627 615 708 711 0 37 100 0 972 659 157 5 141 973 928 197 934 990 187 231 368 
265 291 593 805 73 418 691 289 118 560 858 439 509 761 686 830 796 984 778 497 694 458 935 431 969 434 61 884 644 761 541 59 629 574 224 95 360 70 421 289 459 178 1000 404 950 701 367 353 759 0 234 250 321 305 341 437 494 433 608 413 303 734 482 866 618 
504 543 513 416 909 868 941 165 803 384 852 447 789 759 487 177 974 827 757 789 591 520 504 887 302 62 430 63 415 571 811 968 662 956 191 462 192 413 832 362 341 149 932 283 184 561 87 789 328 137 0 413 328 81 417 106 447 253 708 972 269 646 677 516 688 
63 983 452 771 16 557 634 364 464 258 372 522 241 843 720 145 351 530 648 117 978 178 117 339 833 154 251 603 520 686 311 339 707 989 152 860 293 102 986 588 533 625 670 170 270 483 607 385 401 855 708 0 377 109 159 501 93 653 597 551 335 726 118 707 763 
991 558 405 662 392 424 509 17 954 235 0 41 101 592 128 720 503 974 489 808 426 677 306 246 162 588 135 507 411 665 552 705 503 891 26 428 152 177 628 568 876 497 972 799 645 884 409 319 228 685 173 425 0 717 800 294 886 760 615 641 891 962 584 663 161 
519 643 283 50 694 368 734 401 454 136 399 885 410 931 315 92 346 225 220 633 866 785 434 487 441 600 134 689 71 192 184 513 902 546 759 669 994 294 3 197 838 652 614 67 764 678 894 241 31 102 670 60 695 0 639 140 426 437 80 561 521 958 125 186 25 
722 72 642 288 485 205 722 695 289 891 975 43 955 671 868 807 382 182 852 485 768 198 265 75 173 750 466 450 854 867 22 710 909 430 222 872 424 539 903 203 597 561 502 243 549 308 0 281 535 374 225 747 508 138 0 24 998 826 508 771 955 389 293 975 587 
249 276 737 305 230 967 448 776 136 706 215 82 523 519 186 68 168 720 8 5 917 675 8 135 696 138 340 920 521 169 692 17 262 474 666 273 996 783 482 791 264 38 899 479 97 950 628 79 894 633 225 625 235 430 840 0 787 376 762 908 498 308 532 691 224 
924 89 608 299 451 513 669 731 20 423 851 314 628 819 81 325 774 726 562 647 255 745 897 797 273 133 861 131 833 248 742 750 749 570 530 60 115 142 978 151 392 499 851 132 990 181 888 545 560 1000 346 765 322 11 992 435 0 80 551 920 512 399 697 394 129 
991 969 955 937 46 807 227 887 613 487 474 525 896 660 868 718 694 64 11 500 367 98 341 303 251 118 281 213 201 410 158 214 820 37 831 211 181 368 405 362 858 71 50 151 382 536 834 264 760 237 264 165 984 936 288 957 476 0 110 725 973 718 694 329 778 
849 303 634 887 282 483 10 577 214 622 956 737 270 83 706 332 729 753 997 740 95 64 411 97 606 553 526 749 833 974 567 920 630 609 391 292 400 682 377 553 633 455 496 179 830 267 972 597 556 296 615 116 605 939 204 643 364 538 0 516 470 255 280 736 200 
743 464 736 243 538 450 955 432 11 773 77 910 212 912 594 660 142 521 380 926 759 921 625 770 514 574 991 304 185 783 753 167 575 631 701 994 147 423 452 823 889 403 627 720 44 991 537 879 811 637 228 242 62 569 475 37 873 579 1000 0 626 34 166 379 791 
659 984 807 696 395 434 656 727 168 459 63 64 135 695 774 194 488 623 427 992 885 821 495 109 607 753 895 478 957 169 676 963 42 990 96 855 973 480 973 357 444 746 409 461 5 472 849 973 338 604 917 166 729 476 325 245 576 660 561 893 0 289 982 963 33 
77 655 485 663 283 715 723 900 643 687 105 922 103 69 85 692 353 679 203 721 81 324 613 253 902 339 892 502 408 129 827 899 60 140 826 783 463 436 767 381 756 3 828 147 585 99 356 546 929 94 808 974 734 803 646 12 448 903 935 613 402 0 925 503 98 
977 407 690 146 129 341 885 606 280 608 454 557 277 234 186 507 142 767 780 221 77 122 594 474 533 274 761 718 292 707 106 807 816 155 467 657 613 607 617 828 474 863 942 150 244 657 558 102 995 383 738 398 471 99 870 103 525 972 786 450 441 469 0 558 611 
794 594 989 482 563 871 784 66 130 402 383 254 799 192 357 213 991 409 129 50 307 217 826 607 855 913 422 229 358 198 938 359 45 66 477 374 835 863 71 205 42 495 471 300 196 296 668 962 312 831 576 5 181 463 42 158 157 200 699 39 75 883 152 0 19 
942 837 36 936 101 408 63 826 359 67 530 152 333 33 963 276 682 856 108 161 314 332 433 601 227 137 97 720 805 229 461 637 678 15 789 24 714 243 454 710 70 252 799 132 49 750 524 276 236 222 154 78 456 237 95 899 710 154 918 446 287 565 969 169 0 

Depot information
2213
1320
1299
1124
2018

Customer information
25
25
15
23
17
15
18
25
22
17
19
22
17
16
19
18
23
15
15
17
23
19
21
23
15
23
16
18
18
21
16
20
24
15
25
23
24
18
22
23
19
15
24
17
19
21
23
16
24
20
18
22
15
19
24
15
16
25
15
15
