Seed 123 - Instance: n65m5_0
n 65
m 5
Q 272
L 0
U 1000

0 488 951 305 675 449 770 946 33 674 862 836 82 64 200 956 368 133 824 465 579 264 765 48 422 872 985 672 674 182 752 503 881 563 973 349 174 512 390 23 523 158 951 595 960 150 325 132 284 26 299 927 15 301 232 648 598 39 317 95 132 390 327 71 559 438 158 51 863 163 
108 0 428 975 35 829 985 757 80 471 232 255 947 819 1000 612 997 654 96 712 627 671 891 867 101 478 808 433 319 1 235 454 50 933 233 576 312 190 431 764 15 344 603 40 1000 178 480 41 257 372 122 350 243 845 701 884 94 59 818 369 23 153 372 521 127 535 74 953 855 886 
571 462 0 491 23 913 767 762 492 777 33 441 413 56 712 950 70 626 474 821 773 771 294 665 837 672 370 529 853 978 587 631 407 390 938 431 457 197 56 665 125 668 977 267 618 85 212 467 820 464 664 589 241 578 369 614 767 467 338 485 369 702 137 927 430 608 723 528 289 553 
942 194 569 0 207 613 46 120 558 400 652 916 729 689 359 756 234 558 819 448 568 914 998 454 379 591 761 604 815 459 125 266 394 462 846 992 140 758 892 958 716 597 261 358 619 274 48 806 669 315 193 568 500 655 608 91 247 35 171 262 406 898 69 938 490 336 237 131 368 252 
242 103 664 596 0 211 653 534 296 353 812 56 917 317 946 777 285 1 700 813 526 612 632 703 152 419 691 940 84 436 426 381 343 462 70 571 629 790 211 477 101 19 962 862 71 196 201 749 123 61 645 757 960 955 243 416 904 249 392 193 58 274 681 287 21 326 954 376 204 30 
686 218 499 698 846 0 54 669 195 443 599 536 101 923 176 61 894 15 714 106 614 925 766 207 664 221 731 688 906 69 803 60 679 781 512 519 841 985 278 949 722 600 690 825 834 256 776 320 570 538 616 373 956 187 501 390 594 867 765 645 803 246 65 670 56 809 955 27 339 102 
490 646 844 161 366 749 0 123 993 743 574 151 142 364 125 53 341 247 944 883 63 347 391 128 210 418 682 405 903 470 465 38 685 102 245 265 575 757 295 429 101 145 224 884 927 44 724 837 513 495 963 962 139 621 389 59 276 999 422 708 446 69 126 563 980 665 12 386 33 292 
296 307 45 374 241 417 711 0 694 549 335 359 572 342 573 976 222 913 228 483 39 909 398 469 55 852 590 831 279 370 777 548 417 777 987 993 778 889 997 253 221 510 484 800 717 933 122 26 115 903 598 669 395 604 694 796 506 299 989 310 213 698 873 959 718 222 868 626 816 26 
941 304 293 632 912 200 781 121 0 504 290 974 324 318 121 446 221 781 486 698 637 49 543 828 678 489 584 676 25 327 975 784 446 587 334 29 312 556 685 645 656 648 259 791 644 869 462 495 595 277 784 508 889 208 371 335 812 803 144 341 650 174 422 31 655 651 971 365 917 805 
321 175 37 647 599 479 925 506 698 0 498 466 302 608 617 329 472 958 626 401 939 288 249 410 37 545 881 575 187 254 911 214 8 604 951 698 38 661 302 291 535 957 800 625 530 736 641 234 625 505 840 675 403 818 534 279 663 886 316 300 313 416 79 955 838 650 834 611 248 816 
69 822 709 745 19 651 182 124 885 648 0 707 824 16 570 219 532 778 993 870 891 33 257 254 577 108 943 281 321 938 281 486 109 659 338 460 245 670 785 273 308 888 281 161 370 986 637 879 157 299 358 727 960 689 55 81 581 707 548 267 246 740 687 370 84 414 652 179 912 786 
408 712 284 508 345 344 593 601 667 492 860 0 865 710 513 900 11 687 780 130 944 859 150 933 746 981 517 454 68 864 953 6 184 533 915 349 729 500 62 177 779 617 591 462 918 921 75 865 645 131 819 1 254 141 725 200 262 50 245 430 673 572 643 529 939 656 113 413 34 539 
416 199 984 447 633 153 194 688 177 93 355 928 0 837 135 933 386 775 930 847 860 914 454 496 288 985 670 864 808 496 396 740 7 946 926 905 240 382 929 955 278 860 404 657 248 940 734 427 477 148 435 664 304 941 298 630 915 968 59 237 496 770 728 914 603 752 756 986 576 808 
504 532 115 406 316 332 368 474 727 309 817 204 814 0 831 623 356 165 106 289 317 171 634 536 181 235 890 323 265 419 85 698 650 523 303 117 283 175 171 481 59 330 450 268 114 793 616 293 976 243 148 699 852 58 353 416 49 951 474 820 216 540 336 901 468 525 12 942 630 241 
76 589 625 538 897 396 182 249 948 385 523 371 696 216 0 152 730 108 512 591 977 967 760 332 463 644 253 888 5 527 878 212 728 899 417 335 972 792 18 878 682 637 307 457 424 77 135 318 240 862 522 213 295 36 126 966 604 183 786 537 271 64 284 657 490 14 811 54 310 446 
61 675 936 724 5 400 139 549 576 104 335 884 418 812 433 0 831 838 266 852 42 569 669 358 245 389 331 865 303 281 338 145 215 105 292 214 714 287 203 531 274 325 405 857 761 216 766 335 156 554 147 884 438 759 808 382 434 569 142 22 787 434 76 755 741 448 395 679 400 819 
336 507 296 958 165 371 835 544 521 239 981 300 220 982 638 716 0 660 119 431 777 176 90 309 944 273 959 321 342 419 968 637 891 266 32 535 253 65 855 47 262 723 133 207 825 202 997 158 945 48 837 422 132 765 516 572 578 835 876 202 863 945 583 413 400 716 314 462 863 235 
786 593 533 134 488 408 434 698 348 839 487 999 393 998 716 248 924 0 915 848 439 532 69 891 913 283 263 406 561 469 644 798 722 188 189 698 37 705 621 575 987 62 47 673 60 655 41 648 554 936 687 85 648 194 71 762 25 867 69 200 697 438 85 654 196 554 442 162 46 67 
25 912 694 349 447 228 26 659 879 460 758 748 897 933 309 543 883 34 0 872 660 373 399 732 999 357 489 2 161 306 309 141 557 64 713 587 523 557 771 123 252 201 392 509 269 710 350 825 816 337 203 148 682 959 37 941 1000 593 244 703 870 152 129 185 759 324 880 164 970 393 
356 706 540 709 941 656 342 88 796 61 76 399 565 769 139 345 527 447 92 0 843 364 296 324 38 860 769 80 884 827 785 604 883 660 207 540 809 572 800 235 338 641 718 954 665 598 273 593 989 955 339 496 182 19 2 793 588 408 253 901 613 735 87 680 153 235 627 10 991 12 
387 355 933 888 885 790 173 679 328 67 440 192 9 30 987 375 120 773 387 270 0 147 666 480 243 579 262 711 986 812 728 386 154 832 886 201 730 953 957 414 203 116 7 293 95 353 315 201 105 870 815 388 800 982 690 458 4 85 124 235 314 197 860 601 212 911 345 495 876 261 
808 431 17 233 140 22 646 923 903 159 792 121 487 398 832 783 451 7 853 394 626 0 921 866 969 61 115 636 96 591 930 865 768 745 258 972 944 147 473 836 439 485 738 965 323 52 336 836 882 126 39 725 22 967 218 816 59 860 746 768 189 633 71 473 102 499 166 765 508 806 
735 454 44 4 869 602 54 271 539 370 810 509 94 314 344 810 234 54 17 177 994 342 0 308 17 466 783 906 482 786 504 76 320 442 856 980 734 139 555 951 932 814 705 488 260 195 411 530 400 432 634 166 979 88 448 362 267 837 93 608 923 899 919 299 202 989 474 710 268 707 
881 62 26 890 459 317 108 668 4 893 402 654 192 351 915 892 878 863 751 3 37 725 425 0 335 392 898 46 224 413 621 791 207 358 825 731 55 404 523 626 232 702 460 80 661 270 625 187 699 818 247 167 721 319 755 681 138 85 481 603 165 157 993 678 548 115 429 330 326 489 
406 729 122 48 869 673 373 290 639 536 772 288 979 501 878 354 200 225 683 773 740 130 11 946 0 334 261 173 933 927 880 3 244 471 578 831 435 779 714 952 227 438 960 334 268 316 66 850 946 637 598 670 140 228 863 747 51 434 272 247 885 446 355 284 465 210 238 830 610 146 
207 115 137 245 500 125 665 913 868 382 454 461 781 443 793 464 288 578 562 654 684 668 125 647 523 0 861 47 323 534 54 551 614 113 521 193 343 240 702 195 183 116 35 466 503 812 67 970 495 590 300 444 887 17 813 144 914 211 95 879 304 931 302 681 321 892 520 192 167 47 
640 393 697 544 990 668 532 520 293 77 391 712 317 521 863 201 109 500 950 459 619 775 627 610 237 521 0 606 566 71 899 417 613 917 539 823 759 893 350 610 370 820 827 275 799 792 755 977 563 260 638 413 112 921 484 684 256 318 364 46 238 21 798 861 790 201 401 359 416 964 
845 695 45 744 213 784 419 965 532 305 48 369 115 883 206 319 451 669 91 101 254 974 956 405 324 253 553 0 23 81 928 99 204 959 280 526 734 463 520 165 944 851 944 249 274 229 459 621 20 894 64 65 905 848 951 102 812 879 226 455 630 796 65 344 999 445 365 699 623 698 
708 639 627 20 502 447 797 253 92 255 929 942 528 391 857 234 931 451 426 100 510 99 390 655 814 862 319 299 0 495 413 153 989 940 738 26 558 366 958 204 932 88 179 540 513 682 610 789 458 466 582 772 289 136 95 667 113 222 356 226 645 686 787 329 783 626 273 185 172 326 
996 666 835 561 787 485 873 583 406 862 27 443 42 893 528 347 807 850 129 699 154 161 525 78 404 645 331 765 210 0 392 569 296 518 815 592 532 355 935 325 269 56 401 341 22 687 95 92 743 281 452 652 640 68 581 547 605 968 425 29 428 184 329 49 169 945 333 150 257 830 
655 417 985 90 974 20 225 314 592 957 255 704 705 548 637 629 298 522 837 516 405 566 843 506 225 60 338 8 778 549 0 239 566 132 957 515 421 969 759 461 705 430 413 414 539 227 194 718 141 817 16 771 514 638 927 801 562 200 582 129 895 648 442 636 90 948 884 24 952 438 
727 879 964 100 611 247 426 254 459 168 790 414 966 312 783 167 96 214 808 247 991 273 505 561 825 355 835 289 491 21 182 0 103 295 656 103 148 663 234 243 756 306 159 816 219 21 883 413 708 812 515 7 697 866 438 938 946 761 144 513 440 747 584 970 9 810 353 729 205 303 
593 331 566 893 335 513 322 974 664 97 291 272 597 597 694 705 778 637 399 205 166 470 772 941 663 863 514 263 362 146 112 621 0 365 793 339 118 618 105 163 61 705 765 914 716 97 570 29 856 771 734 994 220 268 20 776 209 739 973 898 929 363 971 544 706 49 530 753 963 67 
189 674 554 594 48 39 900 74 140 286 385 928 239 959 381 389 421 598 471 775 902 820 491 285 271 647 23 396 906 209 327 549 786 0 650 121 266 156 910 241 956 92 390 25 831 75 330 45 82 8 469 296 732 803 292 986 945 737 871 667 575 544 11 759 135 269 962 690 72 208 
873 775 511 86 328 646 812 360 161 871 74 539 529 897 797 665 827 94 220 130 966 372 414 589 867 564 707 847 365 824 171 0 789 131 0 113 244 711 392 392 187 264 6 628 717 927 205 169 831 701 850 490 155 989 256 646 612 58 470 406 789 706 119 431 89 39 215 309 614 41 
21 152 608 893 797 968 225 886 545 247 275 144 449 86 27 966 506 103 11 888 522 548 138 527 251 760 762 325 438 744 116 698 141 221 958 0 660 464 896 532 634 120 511 955 387 541 420 683 384 417 922 9 693 245 108 662 957 126 389 583 986 477 359 77 545 9 520 422 991 725 
864 170 158 364 388 692 625 38 625 659 453 197 399 285 997 192 911 878 618 81 234 926 659 123 96 422 926 899 554 337 517 327 126 54 47 647 0 222 2 293 573 711 488 974 956 51 157 828 703 525 351 63 817 423 685 642 46 522 945 819 196 139 146 209 185 685 766 150 595 200 
101 286 508 462 172 490 904 597 49 616 99 244 2 880 92 994 597 964 876 483 695 663 72 135 627 232 737 238 536 171 625 398 500 325 882 391 448 0 571 691 762 655 561 967 723 631 377 313 366 907 394 789 912 845 625 909 2 179 670 497 86 344 35 495 26 372 969 972 483 424 
639 133 319 779 884 967 258 690 701 829 156 712 427 848 834 931 847 138 296 232 759 592 447 487 255 779 725 550 99 22 940 606 436 992 367 220 640 271 0 666 766 607 764 358 902 620 288 209 381 312 649 451 804 723 739 21 855 665 571 501 892 720 857 193 164 678 288 827 97 589 
73 831 766 31 405 445 939 212 888 218 7 700 917 487 564 490 80 376 108 658 893 758 293 837 816 551 564 720 805 608 157 70 485 291 639 404 522 97 955 0 436 458 107 21 934 35 425 637 778 164 552 35 204 148 998 870 433 74 601 653 564 93 284 317 354 426 938 591 395 668 
304 996 928 979 705 387 115 939 304 497 121 938 554 766 534 237 684 186 148 250 448 187 585 637 884 668 183 850 437 207 683 947 607 94 251 514 894 117 18 40 0 731 368 76 495 862 985 112 700 361 371 915 370 905 727 395 147 325 507 937 1000 605 770 184 159 99 739 321 45 509 
752 276 879 442 214 180 697 524 487 113 103 927 51 542 46 84 862 671 915 432 702 333 227 15 953 192 937 41 871 513 87 865 679 793 424 865 791 640 729 925 612 0 202 416 852 290 346 515 610 833 459 703 526 693 999 952 4 911 194 449 939 789 474 337 561 287 974 666 833 20 
804 801 978 766 722 212 386 561 525 483 325 188 656 252 905 569 170 925 871 558 668 933 636 119 510 933 636 25 75 932 238 938 466 390 244 572 181 376 446 70 575 689 0 616 304 599 494 282 932 159 308 642 340 918 466 55 0 106 235 55 833 800 914 404 481 559 214 679 146 263 
911 465 748 334 241 903 716 390 884 857 460 588 536 887 153 905 732 907 796 325 229 934 682 285 285 748 882 876 566 997 570 685 326 943 668 535 663 253 644 590 188 636 244 0 878 281 319 386 352 83 701 249 689 553 925 332 75 628 470 344 345 212 822 12 32 573 352 756 213 54 
8 589 103 575 9 488 879 112 382 694 287 574 486 548 29 142 529 917 835 136 727 567 502 918 292 219 532 561 55 667 146 800 862 566 622 181 104 619 347 776 493 835 934 674 0 844 194 510 531 517 184 513 141 966 699 236 75 518 951 119 691 24 969 40 724 523 642 644 578 481 
726 429 175 890 244 502 349 655 981 977 588 417 216 540 922 643 276 963 857 734 166 119 319 254 527 604 666 404 670 717 634 960 666 456 549 1 442 371 211 106 894 75 87 406 199 0 498 764 727 869 954 72 998 238 856 682 306 100 726 594 378 558 440 138 438 607 520 365 701 225 
29 399 750 698 244 106 418 61 274 600 386 228 604 623 20 927 707 408 363 265 550 113 153 37 348 615 854 328 580 364 507 313 768 495 962 897 334 642 834 537 345 527 141 194 404 796 0 20 606 305 559 395 9 662 728 137 887 64 777 265 897 749 412 51 135 351 590 927 781 22 
884 856 309 602 814 120 617 625 252 350 289 830 812 683 598 876 58 626 527 394 802 519 699 25 569 17 928 349 574 37 234 374 41 444 891 327 512 975 258 930 784 221 320 501 963 257 540 0 908 920 473 536 442 132 974 629 802 267 725 769 192 395 790 793 236 425 360 548 37 143 
575 714 162 965 719 716 794 400 917 102 809 581 31 503 709 750 480 419 956 888 150 278 104 887 83 229 586 288 578 513 947 667 928 481 385 288 790 583 286 714 454 451 369 442 358 929 262 877 0 399 507 330 735 10 641 512 808 793 714 574 353 643 839 318 413 430 328 599 109 701 
14 632 767 558 64 659 847 582 333 2 434 359 188 450 166 72 370 416 915 102 49 309 293 339 814 937 777 7 747 308 216 348 678 987 213 183 653 991 464 189 89 118 939 481 634 481 707 616 216 0 117 624 356 46 498 89 769 716 492 9 260 863 708 252 489 109 507 129 594 142 
688 59 182 359 102 347 574 491 716 455 437 915 7 753 211 640 804 140 291 274 67 324 385 986 372 852 226 398 73 514 901 37 776 948 997 803 118 826 753 378 461 525 429 532 558 573 27 876 890 257 0 146 117 623 202 282 282 710 204 461 977 384 299 589 877 21 46 506 234 803 
262 622 329 476 152 545 606 115 8 672 255 378 729 742 568 235 809 140 666 235 685 421 524 877 162 906 373 491 28 41 972 977 679 50 652 288 364 769 53 887 193 297 78 24 732 839 626 739 650 907 744 0 503 887 607 964 680 265 189 900 280 885 420 940 88 274 485 698 341 165 
61 826 726 112 437 466 691 351 758 827 331 419 213 767 763 873 137 598 325 124 458 972 22 932 502 942 236 75 980 696 995 290 877 603 863 140 849 489 68 196 272 758 88 670 308 660 706 392 983 597 651 101 0 878 91 726 427 535 0 605 269 896 684 27 310 804 475 13 578 893 
779 161 706 928 980 67 891 166 276 956 396 520 595 984 565 908 125 52 490 892 55 847 925 659 512 538 34 777 596 428 81 926 528 808 802 649 547 542 543 312 307 298 118 888 460 228 407 673 683 445 141 966 337 0 310 124 973 226 500 862 524 170 200 43 661 374 47 175 814 182 
500 313 450 494 619 726 912 275 812 272 36 301 877 923 805 972 354 991 703 20 508 384 971 834 814 830 612 292 128 774 537 74 593 367 965 482 159 123 299 501 27 755 215 134 300 288 799 466 570 41 898 585 570 427 0 210 78 386 872 389 722 686 395 16 737 892 640 93 154 874 
846 197 652 793 1 789 475 537 491 517 468 96 687 947 440 722 333 193 372 591 794 637 595 720 761 66 670 813 797 932 68 52 312 726 488 955 228 715 970 509 491 432 44 155 42 753 983 513 74 209 609 296 882 555 542 0 558 464 482 35 195 828 6 753 489 520 123 527 939 719 
189 833 96 392 29 198 204 753 308 592 479 696 670 942 254 755 809 259 394 959 402 140 613 273 301 91 553 326 827 125 514 844 42 282 725 679 4 717 885 582 6 881 909 172 865 302 632 554 868 235 488 257 996 545 581 675 0 165 302 403 970 86 890 535 947 878 679 282 2 772 
873 572 987 724 507 891 34 961 725 904 913 402 494 705 326 14 841 924 634 56 24 344 198 492 358 663 939 246 425 440 988 708 430 985 462 465 789 502 721 230 644 426 451 391 38 518 758 840 795 725 706 716 206 257 516 836 847 0 759 860 563 516 653 589 988 351 527 97 712 636 
512 638 214 339 29 347 142 326 70 649 125 807 722 504 560 197 666 345 441 728 466 109 989 989 433 98 579 495 627 475 744 874 762 169 878 146 470 674 270 406 821 514 523 675 925 640 179 792 892 978 872 305 759 339 167 719 389 279 0 303 625 141 20 217 938 542 187 448 118 566 
745 497 372 535 279 150 652 120 714 292 935 250 780 210 74 498 696 355 778 2 41 269 177 123 530 504 695 473 290 956 808 180 552 58 864 334 312 389 847 357 235 249 93 605 19 766 993 873 144 995 957 8 24 719 129 902 333 168 337 0 78 837 716 596 461 524 338 757 731 970 
807 963 63 745 117 103 182 253 500 893 25 572 33 144 630 207 76 182 929 839 611 403 621 150 472 666 405 245 974 505 856 683 285 77 770 745 297 731 432 741 26 524 681 259 365 897 232 305 405 727 513 44 683 152 584 448 379 455 864 117 0 478 990 870 893 664 101 797 360 655 
812 66 583 223 230 385 265 947 156 2 307 151 885 785 25 976 219 773 14 269 568 878 294 199 796 767 260 59 193 895 393 244 984 757 643 699 15 335 290 776 268 44 570 693 515 650 306 923 501 306 513 556 528 993 588 903 672 682 603 444 225 0 60 84 187 148 127 297 986 411 
405 77 317 203 973 300 913 725 473 589 658 778 774 112 214 44 66 886 720 231 394 760 875 904 880 251 750 435 335 348 834 516 164 677 585 948 69 580 276 518 123 251 690 243 345 969 197 140 305 750 83 44 862 770 411 278 133 424 77 961 327 720 0 530 207 581 142 317 263 685 
43 712 21 348 900 433 44 988 727 536 695 414 670 447 617 459 664 664 165 148 641 242 818 550 131 584 348 984 597 608 15 274 995 372 881 963 863 252 778 997 840 146 650 879 95 476 882 425 980 677 525 636 32 971 634 265 871 693 177 911 122 686 336 0 55 293 566 338 980 207 
774 243 682 850 623 774 544 44 312 722 841 658 915 311 133 382 941 363 642 871 660 159 4 532 880 900 758 138 266 883 426 703 765 65 364 804 765 931 442 702 388 220 900 935 834 226 402 660 212 369 587 302 359 781 916 517 400 828 75 93 257 988 985 170 0 618 654 666 701 897 
539 663 65 108 646 684 528 862 178 412 198 527 907 744 606 484 23 630 835 255 219 886 262 670 578 677 970 905 787 730 193 691 997 535 459 0 227 544 273 694 1000 814 607 435 151 667 670 730 548 119 206 892 177 568 112 140 520 915 232 991 123 155 981 344 323 0 561 567 433 426 
473 749 133 216 575 88 485 508 768 401 410 810 799 749 699 376 238 437 916 249 987 742 986 62 956 19 363 503 479 623 784 628 158 492 725 91 575 918 73 159 59 295 830 880 374 173 366 733 314 71 853 718 699 122 27 961 992 882 868 656 166 441 51 638 725 184 0 461 651 390 
281 197 130 60 572 945 940 585 710 178 241 644 359 702 773 53 264 342 108 996 529 699 923 140 322 368 55 522 904 534 158 693 438 147 377 617 442 380 797 250 308 647 170 779 417 266 557 346 685 228 697 714 781 677 576 267 1000 242 450 999 378 661 44 111 90 988 566 0 344 758 
346 725 113 315 541 590 796 539 322 756 614 283 173 807 723 577 122 701 918 93 262 163 965 640 597 304 924 111 331 302 944 592 339 565 297 752 279 59 164 79 605 224 140 187 519 193 981 523 911 385 624 658 572 279 580 809 954 956 860 819 891 908 685 300 359 209 18 49 0 541 
262 110 906 332 154 710 435 13 912 183 341 884 90 676 473 813 776 675 199 168 122 444 303 689 858 156 708 805 521 368 574 709 993 101 395 872 280 231 737 100 514 108 254 300 325 514 868 412 850 162 34 344 750 504 304 245 632 316 490 772 432 245 686 349 508 655 339 774 830 0 

Depot information
2069
2735
2504
2374
1232

Customer information
23
23
22
25
15
19
16
20
25
16
23
17
23
22
22
20
16
16
18
16
25
23
15
22
17
17
23
17
16
19
20
22
24
23
17
21
20
24
16
15
23
19
18
21
24
22
22
17
21
17
16
17
15
22
21
18
18
15
23
16
22
25
20
24
24
