Seed 124 - Instance: n65m10_1
n 65
m 10
Q 275
L 0
U 1000

0 759 379 988 470 959 764 736 134 562 868 158 934 843 181 133 984 722 588 942 138 738 728 53 662 462 62 772 208 494 339 97 275 259 886 764 77 783 267 765 37 778 71 877 565 786 727 877 201 501 610 932 661 338 996 227 570 81 547 326 461 294 24 481 318 765 412 138 731 32 281 865 23 266 838 
469 0 580 755 493 93 686 274 522 790 951 329 452 515 874 168 302 25 980 461 62 584 664 824 449 178 248 431 633 739 660 670 185 951 426 531 322 663 803 400 933 691 13 776 531 694 359 362 621 99 800 190 482 476 744 486 457 669 78 385 769 231 145 110 159 888 548 612 99 54 75 70 144 579 830 
758 329 0 316 963 896 109 925 355 582 540 492 342 542 3 773 867 575 160 408 532 80 123 116 374 602 4 506 597 305 757 610 705 793 22 778 358 740 41 316 271 508 50 717 883 931 968 172 57 458 379 462 590 825 810 908 758 859 88 778 788 340 612 460 189 442 784 906 455 475 193 875 16 737 569 
767 822 222 0 377 346 284 347 870 347 632 716 316 890 998 55 461 681 575 958 43 318 250 755 873 389 705 420 180 265 340 288 522 285 741 950 972 400 747 372 739 843 294 712 984 389 130 759 472 24 898 468 616 163 182 906 146 84 663 48 806 667 824 271 710 151 892 776 209 275 685 19 704 734 672 
897 229 219 728 0 103 161 113 717 146 642 815 468 991 984 590 747 96 512 204 997 476 344 555 195 875 344 181 172 576 180 536 961 407 787 943 875 238 580 686 888 376 270 890 18 765 553 405 656 114 283 653 831 572 238 666 710 414 359 847 972 237 174 752 436 92 420 179 858 959 794 824 447 456 342 
490 492 292 665 856 0 224 155 35 930 794 909 625 302 742 73 652 49 586 190 107 13 924 944 532 858 42 70 235 339 223 531 811 786 672 52 193 896 166 821 844 471 583 341 319 270 423 198 221 329 486 848 813 283 693 721 224 991 958 955 803 70 545 821 377 726 921 333 291 472 916 418 260 691 71 
477 683 436 299 986 310 0 718 819 733 42 99 226 201 985 358 706 204 905 297 860 58 490 224 696 370 938 193 545 545 940 620 375 294 966 921 53 609 740 148 463 571 454 129 256 515 997 878 431 428 937 653 873 383 708 648 756 690 455 889 404 729 354 560 824 842 485 586 720 337 31 690 149 294 935 
648 330 347 795 337 439 859 0 385 905 706 413 380 267 91 274 285 424 839 883 527 638 132 877 737 252 577 226 910 101 308 302 622 279 246 483 763 238 667 459 663 751 75 304 698 857 239 603 299 499 977 469 98 602 730 747 993 238 474 45 384 959 370 475 197 778 267 983 814 985 93 59 666 709 780 
941 162 679 332 881 561 801 845 0 617 756 856 299 38 539 392 559 382 57 504 399 488 957 890 918 94 629 273 298 372 189 388 310 456 182 855 141 992 290 302 658 124 147 352 233 624 712 290 792 957 155 721 531 341 588 222 86 82 573 608 647 596 347 705 308 910 945 562 208 576 500 387 932 54 400 
849 512 339 586 165 621 392 489 668 0 249 967 893 939 513 555 496 325 684 296 413 722 711 5 227 405 800 577 41 761 75 502 952 77 177 136 740 958 418 116 208 1000 885 551 177 691 199 475 434 822 352 889 470 124 687 801 408 599 208 201 44 447 43 275 474 591 217 229 211 229 601 272 728 414 123 
685 891 181 278 163 352 713 845 390 19 0 296 539 702 928 399 6 6 39 644 612 721 603 145 207 685 363 2 546 515 678 521 310 591 988 279 79 102 646 550 358 787 687 543 15 196 70 306 730 194 896 551 989 231 219 407 869 460 109 814 839 727 678 711 179 444 471 401 628 392 159 546 637 600 636 
212 461 298 721 485 649 910 892 528 517 173 0 147 185 226 460 916 694 447 227 608 332 666 248 326 498 30 771 948 898 940 518 869 735 347 20 294 155 154 169 697 930 530 486 109 314 218 942 478 576 768 312 47 989 914 503 412 161 732 440 303 721 341 314 77 669 436 348 631 387 151 453 79 838 473 
754 838 150 641 146 278 577 566 141 325 722 633 0 796 609 439 234 243 278 195 692 528 656 646 32 463 925 237 147 418 644 153 293 626 742 487 916 981 734 160 696 225 600 55 811 816 245 725 1 210 637 407 941 5 78 72 314 247 192 869 412 945 949 34 915 752 93 641 220 682 17 858 788 121 14 
902 51 753 367 703 536 995 50 334 752 395 507 140 0 657 742 990 354 2 687 264 831 215 735 79 259 666 864 550 157 325 842 129 61 261 390 137 856 63 374 527 479 31 274 655 820 544 977 978 834 28 944 157 409 218 328 591 549 53 467 132 880 545 781 102 669 290 305 972 244 852 871 70 88 825 
160 366 151 439 275 424 635 4 82 423 812 110 880 261 0 435 657 916 476 640 966 732 852 311 15 269 83 546 709 610 742 891 459 706 496 389 456 664 766 670 808 638 78 891 141 626 288 159 426 590 424 521 735 995 178 438 849 550 954 644 21 632 599 400 32 459 301 861 602 295 77 106 105 612 324 
571 628 606 87 681 385 220 710 803 674 175 318 343 378 126 0 928 646 702 683 720 988 448 420 766 721 954 531 7 621 415 317 811 161 336 495 427 644 929 412 811 603 476 981 692 247 916 398 642 305 936 948 13 733 463 506 936 464 214 169 682 548 981 907 916 199 551 639 879 374 947 179 83 16 262 
805 232 643 205 273 103 76 993 777 129 585 445 724 110 643 630 0 237 150 416 802 380 911 434 246 288 218 608 158 146 385 448 412 261 457 729 816 980 97 758 559 124 971 798 159 691 747 415 609 592 409 973 307 228 154 647 26 590 451 664 816 11 479 553 1 309 982 98 398 394 873 804 324 620 916 
619 283 32 45 33 865 390 958 782 707 191 243 108 409 749 547 277 0 647 54 644 895 113 213 914 138 217 969 926 557 33 814 937 471 141 448 624 522 391 527 1000 297 11 732 557 26 969 146 811 51 533 650 721 607 978 0 398 524 826 409 637 439 799 321 690 752 226 24 540 914 303 755 812 921 446 
624 819 178 441 700 433 861 705 659 700 56 971 308 455 8 238 32 331 0 660 765 753 317 523 828 660 292 627 917 242 947 324 798 482 638 935 513 514 181 488 815 160 196 55 259 203 955 251 195 334 729 299 73 819 609 674 432 831 200 447 234 458 391 740 809 618 210 700 507 925 25 405 545 805 302 
956 461 890 292 244 25 531 315 433 318 480 719 524 378 684 93 940 558 829 0 849 442 30 430 563 317 11 12 468 251 897 36 835 689 574 976 360 936 291 854 136 82 209 483 33 450 1000 487 698 275 834 210 895 776 47 817 372 363 146 356 784 847 454 369 947 283 165 629 401 498 340 376 691 324 682 
719 546 611 139 479 357 724 561 183 257 248 59 344 797 425 188 166 370 538 78 0 128 813 604 34 768 998 288 867 73 423 569 334 24 769 126 419 780 808 582 531 31 633 90 728 102 902 176 943 591 563 145 516 5 77 677 232 281 816 34 680 126 744 649 982 310 776 241 599 575 79 362 956 960 93 
938 423 768 878 272 285 30 270 588 522 496 915 37 895 296 614 386 824 300 198 879 0 447 868 916 825 984 288 157 834 713 530 66 909 973 0 264 64 369 530 590 435 529 680 387 535 998 759 129 532 718 339 847 64 42 350 548 624 3 233 799 825 30 565 496 751 56 929 597 332 823 622 313 383 762 
61 604 307 588 133 962 953 216 83 842 532 745 737 627 582 312 750 394 48 378 625 858 0 835 245 845 35 886 684 94 232 632 678 353 784 672 961 389 738 311 516 779 799 374 237 320 205 523 854 903 461 198 143 317 187 871 65 873 743 931 6 846 159 958 618 466 934 961 465 355 288 77 879 556 427 
835 539 346 461 50 792 742 665 121 360 4 849 118 967 597 167 697 817 176 354 380 429 949 0 683 892 960 329 788 640 698 774 190 602 347 14 111 887 329 838 825 794 841 237 846 198 354 212 248 826 506 848 883 728 670 847 428 297 668 70 737 11 990 119 438 786 658 744 411 169 327 123 547 233 177 
161 30 342 84 225 579 741 835 8 59 482 864 10 193 819 319 146 770 334 822 338 994 249 319 0 449 242 6 362 346 315 816 575 946 875 341 38 180 870 96 477 882 102 458 404 767 52 512 853 309 26 633 892 636 878 685 695 796 898 23 362 283 93 175 84 937 16 417 201 937 756 747 662 900 956 
617 268 581 684 112 781 469 292 232 983 839 608 450 986 558 408 634 699 121 898 288 754 0 660 271 0 61 252 107 758 578 642 127 309 430 896 334 999 780 455 808 53 846 94 756 31 71 658 767 129 107 756 835 510 880 215 233 523 883 945 81 58 477 285 770 331 558 535 547 147 634 288 518 678 343 
46 845 552 90 100 346 357 876 35 984 963 102 840 916 608 40 379 969 671 519 854 139 941 650 375 320 0 143 16 15 408 460 386 746 234 923 471 489 437 966 931 744 252 193 450 387 797 791 158 987 117 903 717 579 513 559 635 15 836 24 513 303 566 67 880 486 119 440 637 422 332 654 647 116 261 
529 391 667 27 276 134 142 766 231 749 645 53 452 217 140 905 555 547 823 49 379 32 476 820 931 934 631 0 703 176 952 509 529 360 166 677 524 801 602 835 194 919 61 1 414 752 461 462 396 316 419 636 928 702 560 678 941 678 79 170 309 73 779 762 666 443 544 390 744 254 192 454 345 78 359 
13 151 901 571 823 748 693 287 405 613 982 464 461 595 730 165 124 169 431 773 335 47 149 230 875 443 402 480 0 150 40 344 184 591 785 222 579 302 625 761 682 403 570 174 536 334 525 161 488 478 630 159 355 259 378 481 403 429 773 722 492 572 715 69 929 882 506 735 635 769 500 137 672 453 517 
815 244 126 265 413 552 39 893 954 962 227 766 714 582 869 972 102 366 193 195 563 625 367 591 629 733 526 219 971 0 793 548 291 59 690 217 270 62 952 803 402 402 571 975 392 365 558 824 74 487 462 746 798 90 603 835 527 687 972 682 75 314 640 269 241 559 739 404 41 874 735 705 329 748 811 
903 107 256 262 736 426 860 448 341 232 24 366 931 509 808 307 934 422 288 859 456 548 970 387 518 915 854 584 71 737 0 882 316 882 557 577 273 639 222 225 447 977 4 899 836 201 645 479 953 945 462 604 948 268 443 59 654 438 492 883 676 200 261 827 223 222 680 785 920 191 865 719 364 301 697 
51 748 812 973 741 809 198 715 234 358 975 841 657 785 78 737 592 653 839 377 388 157 25 937 924 727 569 277 750 583 804 0 569 654 981 474 302 751 778 610 13 808 398 172 386 310 601 256 634 228 991 786 752 311 369 566 418 124 75 799 301 489 438 874 837 204 9 712 563 776 784 822 819 985 80 
225 862 148 810 368 677 726 209 962 738 796 181 505 900 147 963 168 251 323 59 925 671 611 376 573 555 537 530 807 604 748 648 0 298 196 610 227 358 273 518 657 530 592 194 792 29 180 192 801 26 707 738 18 422 786 208 732 857 74 315 500 641 896 794 700 44 242 172 334 354 95 581 810 563 432 
25 316 181 370 366 401 167 24 899 159 940 231 0 601 454 315 293 219 958 32 744 266 799 289 805 857 527 621 420 115 449 6 313 0 279 423 205 152 387 922 434 250 878 813 889 139 861 49 588 183 231 316 58 626 609 2 403 221 354 949 172 920 958 950 192 334 990 172 421 956 453 577 792 22 905 
370 656 479 587 714 468 592 39 300 12 195 705 982 508 341 325 662 107 190 589 459 438 471 809 406 904 396 344 522 172 343 530 99 949 0 953 627 686 10 396 686 464 833 770 96 125 540 859 296 792 809 346 124 735 204 133 183 679 129 748 773 895 359 977 795 729 408 600 191 549 881 3 653 322 243 
872 278 75 6 836 652 624 370 101 631 395 405 557 997 575 495 637 919 4 511 698 116 440 943 664 43 9 26 168 661 428 546 595 936 851 0 251 178 531 160 44 340 753 989 780 711 187 373 5 775 472 901 231 252 607 84 257 853 873 797 159 208 605 834 471 400 217 200 32 351 188 580 411 347 641 
168 299 956 463 79 296 696 889 216 345 511 138 19 589 488 353 960 433 484 439 258 524 886 396 223 825 366 220 408 255 443 88 341 840 846 600 0 717 151 866 860 574 148 185 308 659 817 189 765 50 953 843 712 0 166 525 815 54 723 988 378 410 801 113 290 629 261 182 676 136 63 310 851 597 760 
491 74 699 226 661 534 674 868 968 798 141 127 425 890 223 521 223 978 125 405 675 971 69 788 44 476 25 38 248 568 280 33 549 276 854 926 999 0 673 96 756 288 208 189 194 836 51 526 270 505 396 867 394 934 573 706 172 867 451 535 55 983 761 106 163 61 60 574 719 126 686 101 627 924 100 
765 925 53 0 239 568 467 508 876 995 225 151 841 365 398 538 316 468 428 331 536 518 624 74 387 516 691 509 707 155 119 330 29 524 11 397 430 33 0 110 321 715 749 96 1 53 22 542 334 735 941 190 707 109 209 950 988 209 463 913 492 627 765 419 453 960 667 249 624 756 263 462 158 3 28 
188 343 747 367 869 525 774 313 360 538 243 615 133 992 403 537 149 514 599 585 589 101 92 897 236 994 5 340 768 709 772 504 104 365 464 648 605 974 357 0 374 435 525 447 857 492 299 731 447 612 887 721 547 628 825 930 334 767 519 424 458 932 304 341 319 666 537 305 484 746 979 247 331 127 524 
462 206 600 75 936 316 621 72 57 697 337 11 90 112 594 809 387 893 203 614 367 613 501 908 150 285 0 316 523 8 412 149 287 956 374 800 879 61 242 917 0 503 979 348 945 738 573 87 822 581 42 69 527 480 162 439 814 558 100 123 916 906 946 174 456 509 224 896 725 642 187 208 547 966 936 
203 938 747 562 643 765 615 731 63 274 896 185 679 322 66 125 765 809 369 923 433 504 882 41 898 407 241 253 356 656 640 523 306 846 373 500 498 796 520 703 255 0 117 217 912 681 731 293 300 45 640 577 992 404 275 485 327 197 907 847 107 215 67 150 137 833 777 619 41 929 16 715 268 697 825 
751 78 948 862 868 224 1000 864 483 378 349 274 540 410 533 46 169 788 662 734 77 839 137 110 868 555 135 82 890 592 605 233 199 513 449 737 858 257 41 132 169 667 0 199 364 50 568 679 304 285 425 196 589 144 481 910 661 690 978 479 542 96 48 37 693 501 746 632 319 607 504 909 894 870 624 
519 948 498 568 910 715 571 128 958 500 248 190 155 110 259 167 575 160 265 831 903 76 304 362 665 646 116 22 551 292 190 866 913 27 928 354 604 473 606 274 617 949 736 0 539 229 914 522 921 424 605 963 344 245 659 983 18 481 354 877 603 418 880 885 396 88 581 797 462 338 55 667 143 817 19 
850 925 657 440 853 401 74 189 719 591 222 497 780 970 313 249 244 3 70 773 776 538 819 77 613 231 593 511 369 335 884 841 440 200 398 227 14 166 469 817 342 167 967 632 0 172 984 167 21 524 150 10 470 677 598 636 685 851 975 428 444 171 188 183 155 744 551 807 664 94 636 573 567 303 41 
276 793 948 48 685 773 425 571 615 986 647 180 649 522 195 131 133 220 480 476 843 804 924 847 549 383 65 265 413 295 408 630 34 409 911 428 778 231 89 491 670 638 710 570 845 0 767 753 472 704 322 983 936 381 391 477 508 812 583 259 688 696 63 863 101 134 492 970 313 778 553 409 956 328 176 
457 723 297 574 571 340 335 552 325 64 579 404 929 203 877 990 532 700 902 215 934 822 791 221 69 244 408 498 991 500 753 982 176 237 278 280 360 277 973 696 107 912 317 683 308 723 0 317 880 975 31 47 390 983 518 639 394 201 138 978 376 486 391 478 623 119 228 452 184 340 140 518 588 289 697 
542 384 439 28 979 34 601 432 83 480 215 100 958 813 665 767 620 933 368 401 728 945 507 619 330 470 348 533 374 500 493 526 105 232 879 380 349 960 253 602 727 761 15 220 358 80 155 0 627 757 252 786 217 10 339 540 306 558 607 590 271 67 416 27 147 506 106 998 305 380 755 22 617 423 79 
427 483 79 934 940 982 299 754 590 788 324 676 408 63 330 900 164 839 180 692 490 714 89 681 242 433 501 471 354 891 71 877 615 135 124 178 936 565 579 787 674 131 109 182 189 26 309 777 0 690 574 752 16 206 24 307 831 225 17 222 46 99 860 458 997 451 833 964 912 551 363 308 667 211 944 
779 67 358 837 738 36 895 46 335 759 27 134 281 983 954 935 768 283 379 290 805 996 191 64 351 304 424 552 112 807 779 908 163 325 527 582 201 319 10 312 196 654 931 250 953 463 648 967 103 0 659 23 829 695 905 52 781 62 300 445 865 740 426 425 735 932 466 608 870 319 500 817 509 91 726 
177 170 341 524 595 707 478 427 2 239 885 406 233 261 681 435 317 929 855 548 387 508 211 624 30 695 128 890 987 389 823 25 839 811 170 654 384 382 54 626 86 952 875 788 867 30 257 968 877 646 0 75 671 830 996 377 940 60 544 528 571 184 767 552 963 151 893 288 357 439 986 532 914 254 739 
150 388 507 639 651 921 921 292 663 926 190 618 614 906 194 363 103 128 684 924 157 680 913 837 150 240 850 789 128 281 183 367 359 735 252 350 921 942 986 338 977 817 636 211 220 64 190 138 390 94 163 0 440 81 17 911 387 971 153 651 367 429 166 591 295 282 136 27 471 269 222 527 910 668 728 
226 414 186 896 199 3 82 435 962 179 497 523 950 545 291 421 755 90 501 221 354 668 805 488 346 452 596 116 214 872 577 823 263 573 779 304 38 300 421 186 292 707 786 421 656 448 821 310 797 568 284 611 0 793 948 747 207 207 30 413 673 21 200 810 113 8 433 362 310 537 88 476 437 701 102 
455 9 649 989 969 868 962 463 331 378 699 968 524 356 908 318 365 371 808 564 691 375 601 576 284 746 346 161 296 573 129 739 545 253 212 145 820 590 515 860 809 322 362 542 772 741 277 305 206 773 278 751 686 0 521 304 138 296 743 652 324 878 903 13 678 919 781 730 347 92 677 724 802 20 83 
188 262 80 133 372 497 460 624 374 622 797 474 553 962 403 845 436 599 277 465 744 505 195 542 284 12 234 189 454 306 405 903 706 106 485 639 156 495 177 427 155 892 370 93 748 876 587 125 613 62 299 776 818 58 0 326 909 706 330 106 872 329 756 445 635 220 749 829 93 559 111 587 489 28 768 
450 913 681 786 826 80 533 243 105 520 103 342 991 959 690 209 933 828 372 621 794 71 473 21 60 965 648 442 62 444 317 664 516 163 61 429 666 897 575 976 711 679 33 898 18 426 569 294 427 276 254 917 386 332 710 0 768 978 209 90 872 100 459 585 896 470 495 647 782 557 265 679 345 636 859 
922 647 391 120 190 873 991 970 924 173 722 545 222 645 976 106 99 174 711 54 132 861 848 858 387 87 241 721 936 903 53 327 692 812 482 744 255 190 931 283 335 428 491 737 704 139 573 296 470 406 683 565 700 139 157 386 0 361 263 127 301 639 233 564 823 627 519 11 194 765 666 384 480 143 650 
183 254 967 586 794 369 502 934 800 458 506 920 682 195 890 822 62 565 598 571 67 161 658 927 334 276 114 49 115 359 595 172 326 128 268 24 758 766 884 915 743 381 926 730 764 583 904 450 518 341 611 233 184 392 73 421 207 0 473 353 993 566 321 114 936 702 488 952 99 242 124 450 384 743 404 
880 922 690 557 927 998 354 353 976 141 654 644 111 582 267 65 883 945 722 624 448 597 393 475 562 918 723 658 106 984 922 307 113 86 572 232 362 631 850 8 348 754 128 926 8 128 945 493 299 840 517 983 494 424 214 419 842 447 0 258 706 217 675 197 63 537 226 640 269 487 298 173 209 928 737 
542 755 141 855 804 38 589 736 923 760 309 442 943 687 27 205 725 673 508 383 395 781 293 37 263 13 228 702 725 72 964 175 103 789 24 58 803 813 568 83 130 599 99 389 864 261 169 240 138 72 930 214 307 933 849 81 68 327 960 0 42 851 927 143 532 137 369 380 145 574 317 587 266 851 35 
690 14 211 360 611 311 442 785 294 779 916 876 482 858 590 556 135 188 622 311 691 828 753 108 103 240 750 861 692 206 726 232 226 452 384 0 592 491 116 826 402 689 610 881 474 700 926 556 549 568 383 166 596 844 132 275 66 438 111 721 0 140 925 982 169 955 986 181 872 609 271 384 246 630 270 
184 688 984 874 58 472 429 121 131 888 606 125 826 445 944 936 84 689 185 393 979 668 495 435 4 409 238 827 808 325 126 601 555 29 809 223 921 283 12 536 957 401 88 740 667 608 356 721 515 608 395 278 786 400 699 856 962 44 501 385 88 0 607 497 211 343 579 573 695 38 723 585 872 332 975 
574 989 64 916 154 240 759 144 157 515 432 987 717 811 628 315 665 580 207 340 606 937 749 992 883 557 456 172 517 817 422 542 618 200 553 303 979 310 497 149 202 700 954 723 76 371 989 49 208 545 195 814 166 915 5 66 425 616 328 655 793 704 0 714 990 82 676 455 292 808 531 432 354 800 243 
749 912 783 362 524 371 228 64 750 607 944 967 599 322 308 763 220 678 986 308 55 684 847 975 50 736 201 362 599 50 500 743 665 692 24 792 353 931 230 309 699 964 183 398 874 573 725 823 831 502 105 908 519 16 133 494 448 733 567 111 997 294 528 0 794 178 343 376 259 238 306 862 414 50 662 
638 245 297 993 672 657 279 73 943 705 193 514 522 732 476 214 900 170 316 487 268 160 778 250 153 220 991 913 369 552 731 32 867 844 322 692 933 572 328 644 686 581 778 139 487 551 616 582 757 964 766 487 154 190 494 50 729 443 41 253 927 279 328 76 0 370 950 674 860 9 138 866 302 435 521 
450 171 245 657 424 565 232 604 994 766 21 734 97 28 916 445 747 635 175 675 794 155 398 402 640 934 276 206 793 825 829 749 669 322 472 318 597 518 499 129 735 838 949 354 680 336 646 940 442 421 480 893 783 476 998 842 717 992 144 326 528 562 617 394 619 0 653 620 751 622 897 703 27 762 165 
218 650 6 886 744 863 390 894 644 670 345 654 339 553 350 422 525 791 690 780 774 299 859 93 892 118 885 969 371 829 93 84 133 422 621 904 956 166 630 420 320 904 404 671 457 224 204 134 876 257 629 437 565 654 212 479 989 409 736 278 663 109 14 838 386 375 0 975 342 628 978 151 992 320 680 
503 866 502 249 770 779 964 930 377 669 732 93 222 846 553 628 951 728 833 254 155 66 937 463 250 880 899 6 603 302 901 414 28 880 391 717 170 423 711 144 593 709 818 893 968 477 106 948 950 275 8 359 755 466 251 373 204 3 9 561 472 674 296 373 859 929 724 0 46 545 255 311 851 383 106 
49 453 647 434 440 148 845 543 891 533 19 740 954 290 166 425 683 708 385 952 612 509 662 460 458 156 756 262 86 271 203 719 522 228 985 943 927 701 762 571 72 5 361 408 490 613 572 112 625 249 986 531 346 605 935 246 856 528 173 198 58 155 675 924 285 843 966 456 0 891 963 128 712 910 782 
167 153 938 592 186 456 487 62 339 712 399 335 746 768 383 242 806 730 729 714 232 272 469 428 524 941 903 778 31 51 954 503 979 405 55 471 202 546 385 250 733 483 800 312 215 760 404 712 169 871 452 494 526 729 941 336 146 914 599 396 568 471 194 393 388 829 805 267 143 0 428 464 899 288 881 
486 704 333 904 562 919 485 85 898 80 600 434 529 645 759 539 191 147 395 120 994 851 109 925 989 828 14 566 161 46 146 25 82 352 994 940 415 75 981 535 763 78 838 58 787 27 976 662 761 755 259 675 146 166 926 735 339 659 322 407 280 616 85 952 737 205 645 751 79 655 0 906 337 538 819 
500 273 139 45 482 879 231 625 548 10 309 784 680 352 160 909 613 223 248 159 645 19 139 422 111 815 599 17 356 756 921 397 586 675 910 679 867 436 344 218 326 394 429 457 470 311 762 235 527 95 991 577 301 160 528 696 579 867 387 617 652 611 877 587 15 813 470 213 977 467 489 0 800 84 696 
374 337 108 43 584 799 83 385 528 5 342 149 712 718 949 907 568 457 506 14 607 118 145 258 435 940 474 911 703 326 14 98 165 137 652 86 701 688 899 800 301 411 369 465 127 829 139 197 103 868 225 751 991 747 155 23 848 166 693 199 833 732 739 989 328 153 820 19 720 877 6 887 0 960 922 
722 88 536 954 88 815 767 812 530 243 972 125 74 882 177 721 12 362 832 601 235 149 885 885 544 982 868 415 953 460 681 253 489 662 959 594 746 482 859 381 700 127 61 444 634 916 374 452 268 212 917 268 386 85 947 682 36 915 791 56 479 916 904 255 729 258 239 871 700 438 807 515 636 0 665 
199 656 569 68 908 63 398 531 346 835 103 740 869 34 746 348 880 18 131 84 317 75 508 329 887 498 674 507 932 846 462 847 835 770 259 117 451 276 92 949 976 592 619 306 781 632 425 299 766 424 301 355 610 734 481 917 52 934 129 756 752 187 832 327 375 966 342 818 671 812 414 639 742 220 0 

Depot information
1332
2251
1890
1231
2885
2353
1176
2003
1340
2968

Customer information
25
16
16
24
17
16
16
20
25
24
23
22
18
19
18
17
23
25
19
16
25
21
21
19
16
25
17
25
25
19
23
22
20
21
19
22
19
25
20
24
19
24
16
25
16
25
19
21
17
24
15
24
21
17
18
15
20
15
19
21
19
18
21
15
23
