Seed 125 - Instance: n65m10_2
n 65
m 10
Q 182
L 0
U 1000

0 794 433 518 140 967 147 803 552 249 457 88 780 370 273 787 399 423 499 704 401 785 463 381 295 218 54 137 455 476 61 851 927 331 517 648 350 219 33 242 275 52 430 43 51 684 636 938 106 5 126 250 648 832 262 318 517 155 48 710 739 208 554 946 259 815 173 909 558 158 297 553 892 897 574 
194 0 580 644 726 399 36 787 113 636 362 170 721 931 410 636 590 204 133 32 865 617 198 322 404 927 803 321 258 581 820 883 901 81 518 806 325 77 829 110 871 931 194 93 418 345 510 43 6 487 299 338 69 321 334 442 13 818 61 794 911 797 398 599 624 849 674 812 418 684 202 722 767 381 77 
234 719 0 519 991 797 536 66 302 993 671 377 434 704 74 137 119 710 944 864 882 533 932 47 25 818 684 414 848 166 228 115 305 610 779 240 310 372 481 140 961 210 37 672 734 220 505 687 161 872 956 338 29 555 680 623 558 565 830 797 674 866 75 525 903 931 451 588 655 391 59 765 560 877 19 
756 37 668 0 693 861 165 788 337 153 998 928 315 43 629 672 461 681 348 685 362 736 933 435 78 225 413 248 275 346 103 919 736 499 822 338 924 347 136 642 431 127 71 496 406 671 325 770 664 7 142 288 753 561 783 82 975 241 651 306 39 769 43 906 406 947 588 529 879 909 742 618 931 52 372 
13 993 746 281 0 692 491 817 860 308 127 675 281 548 723 906 883 625 823 793 515 907 603 926 589 321 820 569 452 654 550 790 633 83 300 672 595 183 40 627 209 837 788 551 420 371 540 555 326 459 826 176 660 587 513 308 256 332 625 817 218 80 869 207 253 114 580 887 565 395 376 575 438 151 622 
243 664 297 160 936 0 388 58 819 677 230 915 210 821 809 618 41 265 972 818 767 723 462 224 347 230 729 381 244 443 744 307 31 841 742 212 917 192 217 298 300 992 29 491 605 103 119 777 903 661 543 835 355 284 549 751 602 480 534 693 482 607 581 943 350 914 272 948 899 598 468 372 617 529 45 
736 934 861 112 884 554 0 478 514 184 305 765 342 411 98 906 712 380 503 729 943 746 866 60 819 343 968 273 39 314 874 871 735 63 465 670 725 291 497 185 693 792 16 782 873 886 221 111 84 594 681 813 920 45 833 597 240 310 369 907 998 450 851 613 265 360 256 651 162 314 500 18 596 37 139 
819 703 287 760 592 510 983 0 912 64 223 518 221 636 515 601 999 1 710 641 363 338 522 813 342 615 116 681 311 341 391 724 94 569 351 699 565 766 336 323 907 462 339 687 780 316 472 398 791 502 242 133 523 789 694 881 788 184 645 651 448 306 663 986 23 612 994 311 615 617 139 100 820 475 842 
460 91 900 536 970 260 507 339 0 879 468 234 500 271 975 862 420 360 502 538 924 520 710 481 741 424 861 810 729 776 176 355 161 323 494 2 139 631 758 234 349 941 690 925 392 569 534 446 833 300 265 817 49 364 150 79 604 757 310 307 670 788 18 50 375 50 866 784 589 162 668 413 623 817 113 
927 102 265 516 596 126 223 408 269 0 974 486 383 100 490 129 770 857 382 964 510 270 322 673 722 977 388 17 193 263 807 534 2 599 498 171 986 64 801 668 806 611 820 323 690 178 849 171 842 308 832 599 3 401 292 80 111 129 147 437 458 44 827 195 155 412 745 459 355 128 852 924 732 350 399 
544 169 134 786 286 769 415 280 498 786 0 396 981 46 224 156 345 338 94 216 96 924 718 119 72 176 731 807 708 675 736 670 779 972 871 704 492 754 954 611 172 684 606 444 786 367 643 338 533 717 757 829 858 818 608 219 394 400 530 393 587 608 15 901 923 162 350 473 338 271 519 636 798 17 732 
887 24 111 599 254 284 806 770 14 630 551 0 530 873 348 537 59 171 155 465 1000 307 294 930 235 860 891 565 377 971 439 1 319 234 88 954 594 301 264 249 669 337 768 449 943 512 348 138 818 151 207 898 480 357 295 102 842 310 402 435 1 123 190 133 872 43 446 829 270 33 796 252 457 195 863 
87 531 295 933 814 133 892 711 744 331 643 15 0 312 953 704 525 77 403 830 741 986 32 802 788 129 937 32 709 707 59 474 808 345 584 719 380 353 784 234 899 792 431 478 650 108 427 82 936 800 6 871 569 951 484 123 759 844 942 733 543 49 614 868 496 410 75 660 141 876 986 381 66 841 605 
739 886 413 97 346 885 529 714 658 621 837 425 417 0 609 860 406 191 965 19 791 366 33 665 742 502 608 460 676 405 212 37 292 898 864 13 976 527 455 245 194 595 31 951 283 274 118 8 329 689 399 605 734 469 963 607 33 726 145 365 125 473 578 472 589 238 186 740 661 448 333 143 17 332 778 
638 493 113 296 493 431 418 54 42 64 385 247 8 85 0 937 313 421 2 758 869 401 129 698 407 100 326 669 438 258 943 739 481 811 684 750 235 383 432 251 158 795 370 59 365 297 693 45 5 933 862 220 569 787 27 720 112 720 487 718 20 382 721 565 458 232 515 294 635 224 183 372 588 405 582 
785 910 987 295 609 149 837 286 159 582 373 433 134 76 144 0 676 761 597 337 65 370 663 751 784 635 739 925 737 452 292 447 154 103 699 847 508 215 705 256 304 420 119 416 43 597 197 317 268 49 93 724 265 345 317 821 544 590 588 302 944 674 183 657 987 658 514 874 76 58 28 33 236 137 71 
750 278 704 34 414 905 303 391 375 785 638 432 537 524 675 738 0 212 17 86 636 618 628 23 468 516 219 55 569 79 408 962 789 120 251 338 147 604 752 402 818 150 958 5 802 251 123 535 57 730 996 515 791 114 236 9 127 889 292 577 644 982 292 351 842 758 624 793 213 863 66 205 255 86 294 
136 511 933 31 170 323 79 237 190 447 222 548 301 222 23 265 686 0 432 777 221 527 912 213 541 484 689 461 455 876 892 952 335 858 989 504 81 287 684 488 1000 296 753 81 353 225 569 689 62 253 108 163 468 215 968 799 953 671 933 933 883 10 133 1000 759 597 102 356 685 658 966 157 396 476 941 
238 743 793 698 739 53 204 729 830 310 480 539 38 829 374 615 119 915 0 78 875 78 2 87 700 191 267 687 392 352 939 875 496 609 112 994 959 432 621 346 812 710 320 903 450 868 611 224 653 494 869 583 46 416 461 737 358 781 668 729 694 889 258 939 193 377 24 372 228 608 339 574 232 725 467 
960 637 67 491 912 701 48 639 900 639 574 589 969 526 336 35 822 218 32 0 18 458 195 540 925 879 976 258 492 281 783 923 748 236 747 462 174 872 875 402 609 836 542 656 547 831 828 454 703 577 288 101 738 25 781 656 795 71 552 883 309 939 858 151 211 591 350 385 21 143 668 530 876 780 214 
882 471 19 170 646 923 709 701 517 567 603 222 667 176 66 791 204 705 616 622 0 620 100 857 473 426 323 290 840 174 742 525 684 190 754 242 461 741 593 803 632 286 70 333 9 652 784 28 613 148 321 47 369 766 311 675 494 656 114 780 672 893 172 290 446 413 958 104 102 506 978 654 584 935 638 
769 478 957 853 37 155 62 789 964 492 689 142 634 791 846 699 162 595 8 250 763 0 518 863 186 324 671 37 101 523 624 701 883 191 455 911 967 464 538 432 800 983 903 944 194 771 657 94 652 985 324 5 869 884 419 892 517 370 797 992 252 231 275 266 710 412 463 205 941 634 511 576 91 285 784 
36 658 718 752 930 974 555 137 193 387 605 301 120 108 973 721 309 335 748 968 636 140 0 222 991 410 589 153 802 256 587 440 944 545 198 319 490 462 208 690 614 272 932 590 676 673 199 415 203 341 262 180 444 895 739 14 572 372 472 13 223 18 545 332 882 631 790 206 358 146 252 328 162 105 145 
350 25 698 319 463 813 658 624 690 358 405 437 926 375 641 713 827 392 145 35 587 994 780 0 977 197 938 314 371 974 219 856 999 283 943 218 312 50 611 35 618 666 630 328 5 445 115 729 640 694 839 444 663 715 624 669 205 984 510 699 505 408 575 540 239 263 349 557 963 465 915 598 445 662 437 
626 30 0 176 788 258 408 580 661 41 762 646 15 280 878 246 361 551 588 108 75 289 723 229 0 372 134 257 114 29 783 289 784 452 773 176 998 153 788 245 740 278 875 229 179 220 472 148 499 51 857 905 672 817 998 473 686 873 323 865 996 228 524 121 883 314 263 246 242 165 851 608 706 855 780 
486 780 330 682 530 992 874 401 594 79 42 995 274 886 523 225 50 517 847 356 703 347 604 327 258 0 801 256 733 888 474 320 455 546 882 576 593 144 483 54 499 127 726 297 973 764 858 617 482 870 302 972 855 349 641 434 654 794 560 780 131 681 111 743 879 56 576 949 85 249 274 724 545 921 673 
678 220 96 860 179 108 405 60 506 823 300 471 694 702 887 856 82 867 542 932 35 694 471 0 100 292 0 378 157 253 209 283 787 614 837 962 226 977 416 321 660 909 130 504 127 538 84 698 181 579 62 732 284 791 544 140 276 170 905 332 87 672 776 102 637 551 394 210 10 725 686 621 269 815 608 
684 907 232 724 966 942 602 502 393 76 658 495 257 150 705 471 130 535 551 160 890 477 951 364 516 82 357 0 228 521 539 542 438 118 675 85 988 964 295 869 887 90 312 949 158 571 750 795 51 151 844 76 359 761 944 322 458 887 818 860 823 440 281 886 81 256 574 931 860 988 825 3 856 785 871 
735 126 606 517 204 378 877 776 709 300 682 314 952 395 910 616 358 192 960 645 674 507 824 418 471 801 223 903 0 202 886 483 108 447 605 244 554 577 361 861 511 185 582 972 141 351 72 789 517 791 206 480 7 73 113 217 89 558 527 37 495 676 284 954 140 498 747 613 724 145 93 942 61 101 315 
878 225 718 227 744 416 290 365 112 832 943 806 786 372 55 12 340 48 386 848 908 898 685 614 609 962 187 440 900 0 854 334 580 711 74 398 10 319 485 827 684 886 506 943 980 251 904 693 81 679 775 972 307 909 823 378 719 870 616 575 570 593 780 621 425 251 821 448 402 118 31 275 714 99 677 
191 26 577 9 398 219 794 964 136 41 332 945 253 609 867 998 128 856 804 181 1000 532 582 394 499 441 497 211 262 21 0 52 760 811 701 975 145 835 979 26 315 801 332 470 439 285 450 588 370 689 786 264 451 775 341 235 107 706 901 338 631 159 744 0 909 739 586 381 320 935 846 65 745 264 526 
151 880 917 758 536 589 578 65 374 602 71 866 778 489 792 826 171 584 427 968 384 734 90 209 299 984 807 87 733 858 938 0 614 295 559 130 838 101 698 489 91 980 250 656 343 406 198 379 67 348 387 921 413 733 42 824 892 694 857 987 535 643 71 474 322 302 40 54 348 693 196 753 84 229 487 
25 3 735 402 180 358 241 32 621 289 179 937 699 27 708 535 870 860 587 830 42 54 662 500 620 720 331 876 86 445 972 778 0 807 459 909 511 469 784 665 637 352 498 882 99 255 845 355 1000 726 818 821 56 549 972 443 579 714 365 684 979 843 561 483 743 809 470 185 217 589 811 765 873 440 72 
80 886 118 303 251 761 489 564 74 124 102 952 987 762 97 976 231 292 736 223 186 763 930 787 145 238 893 250 145 50 222 8 179 0 785 844 598 808 925 545 814 724 817 583 655 403 639 137 250 749 140 619 118 768 82 722 412 974 978 13 784 611 451 946 961 917 762 196 728 422 415 991 947 235 271 
205 250 665 166 532 522 58 811 695 446 522 1 893 810 852 941 813 358 132 573 963 339 961 811 682 904 300 369 569 231 245 685 634 888 0 258 919 52 102 356 130 123 280 354 45 642 44 230 985 330 228 390 929 835 163 713 868 320 237 564 833 529 884 144 169 473 61 269 306 289 480 936 867 383 823 
234 246 251 821 100 556 187 419 583 623 95 523 370 485 577 694 708 335 4 617 670 542 35 859 979 75 814 639 396 64 695 15 798 315 496 0 237 765 773 590 736 554 22 942 801 64 667 506 693 996 749 37 799 935 325 804 41 111 271 794 314 405 724 990 305 462 494 820 618 703 141 939 905 493 911 
689 877 819 767 33 308 556 113 123 601 462 379 921 704 856 868 977 846 812 721 841 350 816 332 95 934 283 736 263 389 579 725 485 545 473 470 0 583 413 476 884 101 107 553 242 209 779 486 495 628 409 29 884 772 724 73 149 80 203 751 350 896 632 898 427 658 627 40 38 867 711 642 197 837 896 
303 421 801 135 856 56 906 383 171 982 207 629 406 392 751 875 588 304 402 17 126 966 566 658 978 299 471 77 518 275 430 993 415 888 791 742 917 0 622 131 137 460 482 473 483 380 282 528 410 537 505 482 591 85 732 316 721 249 46 989 746 713 67 248 61 168 691 542 319 258 315 229 554 816 130 
371 610 92 601 472 375 634 807 944 155 710 964 524 858 540 67 224 903 659 802 785 328 843 364 39 725 917 826 799 524 127 205 892 723 703 893 688 553 0 57 429 997 316 295 115 955 873 153 341 563 165 210 560 1000 852 592 992 75 699 6 741 488 213 938 47 445 420 254 885 923 133 15 984 980 535 
879 963 436 394 139 707 194 307 594 676 665 808 235 332 835 217 611 825 232 975 347 576 515 540 803 62 438 806 371 324 247 476 335 516 979 78 584 965 783 0 191 104 60 644 159 274 237 926 478 757 189 452 880 115 813 695 779 795 179 81 625 41 552 119 848 110 64 459 135 340 121 82 243 730 231 
662 270 87 456 636 160 29 325 959 934 512 778 14 927 153 357 874 934 736 397 961 529 659 946 869 796 407 374 534 77 471 259 264 339 615 819 240 480 62 857 0 818 523 682 842 383 103 456 47 734 956 115 748 88 389 6 998 976 284 757 696 601 984 420 996 341 687 541 690 372 95 543 117 931 900 
796 579 773 58 196 514 905 118 561 717 198 113 687 640 820 108 193 903 374 791 886 978 320 387 571 427 793 567 763 438 135 62 602 401 237 874 833 948 386 691 365 0 391 232 491 551 350 386 103 956 619 335 199 253 447 480 992 544 680 77 663 764 382 239 693 31 176 548 174 424 115 77 843 452 198 
431 189 391 787 421 148 721 530 183 403 133 533 398 543 323 167 631 538 166 742 589 447 154 391 301 742 72 10 669 24 99 306 279 139 394 775 565 688 551 535 249 935 0 567 612 423 438 853 786 382 499 151 849 534 675 521 649 887 553 933 712 463 49 800 37 599 210 324 282 828 150 85 798 681 472 
765 958 65 26 174 227 17 27 10 872 162 718 786 144 235 232 929 702 113 280 864 532 162 381 533 493 123 126 905 300 818 523 657 667 184 953 89 515 749 27 109 852 31 0 412 197 24 94 58 142 55 738 216 977 365 393 841 294 197 401 4 4 321 621 135 360 540 538 149 764 469 512 179 930 910 
535 337 945 306 102 103 736 610 738 203 705 822 905 485 718 675 726 795 403 628 827 540 219 634 222 53 21 872 797 132 983 325 916 675 968 240 96 494 850 58 978 110 159 65 0 232 595 760 889 410 950 826 523 472 684 779 91 66 51 739 218 780 419 154 710 630 113 568 299 315 861 990 66 407 786 
716 719 730 167 459 601 472 529 431 162 208 302 725 61 463 277 713 198 119 555 759 949 686 716 58 798 21 401 193 94 362 781 589 672 822 197 189 324 544 918 403 285 501 235 466 0 62 302 457 388 559 732 945 979 761 302 694 21 248 160 302 1 783 189 875 600 622 110 521 598 408 687 744 199 861 
245 468 532 352 140 111 255 534 303 977 394 100 793 623 788 21 161 195 732 483 500 326 571 223 595 533 37 307 54 308 164 524 844 739 637 229 870 600 599 620 57 389 750 212 356 851 0 30 151 109 791 835 237 435 202 851 734 657 710 782 295 649 964 471 710 509 879 794 623 548 549 331 228 725 747 
825 610 803 332 492 221 941 679 922 276 750 557 342 799 749 934 730 114 636 289 286 695 407 903 231 634 588 278 186 311 325 644 537 161 619 145 568 296 842 182 595 956 698 807 806 74 335 0 320 326 53 225 490 476 783 967 100 893 763 506 936 202 194 173 474 458 649 381 439 303 134 752 775 977 65 
293 448 271 104 806 368 524 563 508 873 871 937 689 967 126 173 457 885 401 77 422 486 124 910 777 773 100 153 818 366 630 86 388 744 572 89 503 828 874 553 734 925 645 350 27 819 862 573 0 959 451 635 317 34 477 908 720 107 886 730 955 378 638 228 760 628 796 316 171 249 132 303 500 814 485 
913 570 745 235 955 375 884 31 475 201 847 701 142 928 863 206 92 279 385 386 980 919 228 928 21 27 122 580 103 252 82 2 24 416 612 470 668 618 990 404 694 983 604 980 355 641 592 592 177 0 629 177 355 473 101 588 718 300 126 511 958 241 998 469 253 380 910 786 954 933 95 339 887 760 99 
715 234 47 42 478 606 383 934 346 349 801 462 780 550 675 642 76 916 154 151 239 748 424 392 971 782 77 805 141 837 474 275 289 653 895 161 652 622 527 300 919 952 825 207 453 506 846 638 985 277 0 760 974 579 697 237 256 799 828 805 228 535 399 574 87 639 541 614 654 808 135 106 698 68 371 
560 132 763 102 310 428 991 152 138 235 39 157 973 134 603 356 700 753 557 32 219 384 55 242 949 41 27 118 735 164 280 938 415 256 142 92 630 455 70 169 733 274 584 720 599 191 608 42 818 49 210 0 708 533 145 21 884 740 328 435 175 951 410 232 498 856 480 31 220 883 739 436 626 528 360 
701 543 916 912 213 184 183 962 191 518 583 461 1 32 476 905 112 678 843 718 524 962 785 521 815 310 820 652 536 724 338 172 28 261 320 867 430 620 411 616 541 227 354 136 910 726 453 502 274 510 458 519 0 614 854 452 813 788 332 556 235 420 433 764 975 309 80 711 74 533 900 80 437 485 295 
130 853 399 470 215 647 920 60 472 441 214 499 472 443 518 250 409 590 620 785 405 772 86 555 654 253 614 568 153 702 301 569 275 762 202 43 529 920 507 48 80 212 625 438 667 923 381 488 574 171 115 764 417 0 97 267 31 6 126 258 556 817 661 288 446 21 167 303 711 391 734 850 812 433 453 
342 373 514 937 659 183 629 498 899 819 898 788 748 147 450 324 139 731 451 231 518 915 943 749 658 664 593 189 556 598 515 429 86 482 697 633 446 924 418 163 668 903 440 702 295 334 522 428 518 500 156 961 117 867 0 149 113 313 751 478 944 551 81 193 971 51 934 546 913 566 814 674 398 929 361 
54 351 700 572 287 371 30 883 41 92 895 847 59 324 983 652 826 767 46 645 139 71 23 951 226 736 422 769 413 125 477 139 146 318 340 87 658 361 535 301 226 177 849 449 873 87 922 989 487 424 704 367 924 928 289 0 263 287 196 486 469 404 535 1 661 179 237 492 386 178 8 252 604 33 3 
875 225 809 378 984 692 196 373 186 256 210 577 213 462 515 217 847 302 223 426 376 766 659 239 769 266 441 693 867 626 32 49 174 333 34 299 910 263 82 375 215 267 482 392 229 502 356 1000 567 192 892 412 946 80 317 393 0 308 811 66 477 341 52 597 928 353 659 447 227 853 139 338 103 945 738 
165 233 346 907 702 162 498 979 355 340 728 76 91 477 886 279 115 204 824 873 942 313 460 180 483 686 600 172 62 574 997 577 702 415 663 762 245 568 482 185 922 107 730 224 536 703 296 548 885 488 753 374 126 242 700 831 134 0 252 441 540 330 853 734 652 827 316 516 266 576 715 670 607 979 559 
679 562 357 206 685 789 563 75 31 335 893 298 607 650 49 120 315 740 628 130 355 878 391 579 29 41 522 887 141 578 215 797 862 227 317 890 65 175 340 242 861 252 564 482 321 208 32 870 912 992 341 34 700 753 888 309 207 206 0 368 42 296 966 900 9 903 375 723 885 416 577 261 554 226 217 
614 817 120 788 494 7 282 473 153 263 735 226 521 518 640 464 71 181 901 606 605 100 14 72 366 178 964 186 176 161 836 650 129 315 942 864 193 9 107 356 702 236 634 334 587 412 726 851 596 1 197 586 20 988 97 684 782 202 768 0 414 537 774 239 508 121 775 31 494 629 788 544 718 992 675 
124 45 673 23 947 635 822 429 148 437 488 553 868 235 133 448 189 133 992 143 568 234 73 939 154 56 803 728 85 422 513 99 674 576 784 116 903 815 402 248 245 259 641 566 558 424 224 987 538 48 489 66 187 290 942 408 928 728 656 930 0 812 786 894 173 779 825 268 681 90 270 564 892 500 781 
268 127 831 211 797 706 286 123 188 171 342 813 636 632 500 644 217 112 769 350 227 387 251 147 128 87 214 435 562 408 912 738 627 373 488 883 152 454 462 432 719 992 302 253 375 613 706 363 548 643 177 117 522 992 902 486 482 141 61 640 202 0 401 370 276 651 74 779 738 693 785 864 194 151 163 
343 555 459 235 802 544 868 631 637 993 254 769 685 808 95 871 723 448 208 553 175 461 448 71 997 892 890 432 875 246 357 270 637 619 391 297 991 277 658 534 347 119 636 950 800 126 302 407 185 200 260 779 835 917 579 402 630 741 294 195 653 43 0 184 849 968 887 881 239 853 369 947 95 586 8 
994 499 943 230 508 457 452 630 85 942 464 667 113 677 70 988 395 911 605 231 875 857 728 910 765 929 929 976 124 128 460 445 744 2 517 541 232 432 939 836 211 66 545 425 813 241 549 689 683 368 691 845 211 527 699 322 140 704 43 353 12 794 710 0 288 337 90 787 619 493 239 357 62 995 28 
215 754 113 985 214 608 386 731 198 934 250 153 336 176 429 111 390 487 54 316 829 55 378 659 358 444 386 329 240 123 507 580 507 318 847 757 669 355 714 687 234 408 643 10 67 918 782 402 376 617 492 937 355 287 208 871 505 948 304 898 236 150 936 998 0 451 295 351 167 711 306 744 223 413 818 
383 785 331 147 470 787 677 429 950 325 304 661 305 171 134 64 637 406 794 2 199 21 474 493 377 78 852 149 835 901 173 794 213 934 405 418 521 320 425 532 450 899 9 824 719 825 13 876 417 741 103 685 420 999 972 499 944 587 336 204 746 65 757 950 394 0 69 851 380 864 1 332 522 998 34 
638 590 527 953 413 397 187 186 508 916 935 940 730 679 665 639 16 684 849 935 734 236 348 799 17 77 597 842 673 355 171 987 675 686 535 508 239 383 263 182 969 512 831 221 678 315 93 121 648 811 11 565 778 100 903 614 704 270 464 493 304 874 645 816 723 519 0 421 991 15 245 559 335 186 326 
495 490 379 564 797 785 734 962 701 482 655 105 683 24 505 494 282 274 145 524 991 995 372 861 649 377 366 449 101 464 779 87 263 825 768 130 357 713 941 33 286 549 609 898 492 854 384 861 934 605 170 863 483 93 883 492 27 553 743 580 659 808 522 132 353 499 263 0 694 501 83 821 102 461 284 
247 842 531 473 295 974 603 561 977 24 90 459 266 187 319 344 900 848 208 421 619 373 986 439 300 927 978 841 853 829 32 819 142 508 275 357 23 699 541 929 671 375 829 884 271 803 198 333 242 627 26 74 950 73 700 496 106 997 286 117 351 904 717 430 697 236 453 67 0 736 857 722 446 181 564 
386 531 903 950 230 797 301 754 935 444 251 837 238 469 304 975 165 841 311 42 206 322 538 483 827 504 121 112 263 632 864 185 138 530 447 152 947 477 661 788 382 58 225 727 329 306 409 633 338 432 437 730 280 692 41 781 213 234 617 694 506 800 902 427 503 841 221 793 28 0 951 409 257 705 194 
515 982 513 449 981 902 421 885 1 720 11 672 713 883 519 122 127 283 610 301 639 940 167 451 849 418 788 144 820 921 846 739 30 561 674 617 491 528 687 221 756 352 7 137 636 508 355 180 629 693 344 748 801 866 58 713 439 38 971 358 971 230 835 198 145 272 550 876 975 504 0 522 97 976 986 
434 982 601 139 621 803 148 216 625 58 982 25 592 520 979 657 307 195 388 716 335 541 197 596 18 783 421 423 80 598 460 617 665 976 328 205 394 48 469 281 366 620 305 480 542 810 596 601 832 449 821 765 426 298 749 327 339 540 731 64 245 707 3 928 676 249 894 758 397 873 262 0 675 141 962 
940 683 197 688 46 249 55 477 612 206 209 983 83 216 602 312 887 555 15 492 274 970 542 751 249 495 386 909 36 918 617 356 487 620 836 691 944 509 525 122 571 569 457 64 733 676 107 364 557 889 793 286 84 689 212 823 609 689 960 419 610 209 268 252 827 61 412 45 432 175 75 598 0 168 787 
711 322 776 761 621 94 784 37 482 612 870 60 65 500 829 670 74 923 68 696 433 576 906 818 897 131 342 457 826 417 388 849 349 414 443 628 213 608 638 146 939 782 353 244 534 954 267 280 52 718 891 162 621 492 857 214 194 866 792 228 724 354 286 646 50 274 424 228 796 798 944 59 615 0 319 
161 560 228 798 62 797 587 483 433 224 277 734 349 968 339 475 459 494 448 972 987 50 563 376 753 741 99 196 749 614 211 266 708 162 452 208 16 301 665 473 923 761 356 985 517 123 650 143 813 762 992 414 471 805 991 860 797 605 202 279 517 773 551 624 102 354 641 284 643 657 293 472 736 748 0 

Depot information
2060
2204
606
517
1508
1431
563
2321
1509
1594

Customer information
15
21
24
16
21
20
16
16
20
15
20
18
25
24
20
22
19
18
19
22
21
18
24
24
22
19
23
24
19
23
16
25
18
16
18
16
15
17
15
18
21
20
17
17
23
20
15
21
20
22
17
19
16
20
19
21
22
18
15
19
16
16
25
23
16
