Seed 123 - Instance: n70m10_0
n 70
m 10
Q 243
L 0
U 1000

0 453 999 944 356 335 551 11 591 214 728 749 395 663 687 175 367 79 194 289 999 63 796 136 662 526 624 674 313 639 750 11 199 821 836 114 440 166 826 173 689 248 675 35 404 771 278 845 530 222 909 564 6 543 36 673 9 696 82 149 38 71 983 239 426 219 726 879 293 175 59 599 567 114 913 14 554 295 920 102 
886 0 424 486 243 142 563 648 870 201 96 376 764 512 472 380 203 853 249 262 845 422 77 251 999 489 94 206 341 885 987 469 964 119 181 890 447 878 335 994 644 726 748 526 98 287 420 254 909 660 301 708 929 260 415 718 912 500 47 898 982 724 400 743 889 284 982 605 930 974 103 405 275 353 77 7 884 782 688 969 
889 859 0 489 485 674 266 195 535 718 659 243 762 768 305 149 304 42 854 488 849 402 124 853 59 428 976 744 569 726 31 916 421 483 595 107 301 380 126 746 638 414 151 582 404 974 993 479 432 713 203 64 314 655 146 400 500 326 233 390 622 485 670 558 636 245 383 77 848 565 478 895 779 873 525 80 273 416 892 256 
490 724 469 0 597 683 787 693 102 931 373 442 26 814 270 776 137 0 749 713 1 628 830 850 564 655 761 360 121 685 214 635 313 871 203 857 635 302 672 631 573 736 813 72 650 252 648 575 372 814 95 7 670 15 313 451 332 828 354 964 651 596 1000 869 915 315 560 726 69 423 966 317 276 194 74 378 996 738 22 383 
588 27 696 453 0 771 663 185 859 411 297 979 879 543 970 645 192 532 154 755 644 938 611 295 709 441 892 774 491 962 828 271 463 304 675 171 470 389 423 381 61 592 181 83 474 175 296 820 541 353 332 658 31 544 38 429 881 501 954 772 215 417 402 517 178 219 280 708 17 731 749 625 488 907 401 771 318 678 512 81 
662 269 693 425 750 0 550 624 494 132 906 658 449 646 233 244 951 461 707 330 120 510 510 598 557 302 204 389 364 647 159 724 984 190 163 90 347 288 823 71 951 135 425 64 643 5 165 750 758 810 168 7 228 138 984 294 989 867 874 960 710 938 470 555 160 3 827 272 460 903 742 881 198 754 63 390 130 764 247 707 
878 999 981 463 634 977 0 10 822 931 761 432 21 107 470 717 11 328 428 558 398 481 206 821 830 156 481 120 242 769 488 100 687 190 464 281 310 788 416 219 952 813 0 715 996 45 584 394 72 830 886 928 176 749 73 567 617 326 862 308 249 687 561 36 520 929 196 704 411 995 12 525 593 883 379 960 769 478 389 85 
61 82 439 778 607 618 995 0 62 668 385 650 575 375 657 16 38 933 757 941 314 990 595 861 739 510 986 701 449 664 661 863 124 115 942 315 89 178 294 805 386 690 484 355 241 846 418 81 444 623 395 130 436 908 397 758 267 840 182 64 38 862 877 239 243 0 563 399 147 568 767 987 965 451 125 23 328 225 966 506 
79 683 420 34 941 958 906 805 0 794 546 451 951 439 101 209 415 133 695 833 764 2 225 653 557 805 79 423 835 291 699 678 797 409 371 638 413 689 141 257 413 123 531 147 718 414 943 849 343 699 886 365 914 982 187 610 637 736 488 412 655 200 451 372 913 53 481 658 889 854 752 209 183 155 470 944 712 381 321 539 
55 628 403 677 862 701 646 681 358 0 525 873 593 183 737 306 723 411 368 868 829 60 512 252 306 921 196 964 275 616 765 558 851 112 187 760 134 232 669 562 189 161 587 484 522 593 214 764 730 390 643 212 889 574 785 366 443 494 334 506 834 247 240 289 61 280 15 754 497 265 772 742 703 748 565 119 846 89 783 114 
134 594 988 288 190 627 514 692 227 546 0 886 243 999 593 671 550 972 423 466 770 950 527 23 361 272 29 137 752 183 774 840 934 365 57 670 896 877 191 224 938 98 168 890 766 150 475 627 853 255 132 691 963 500 373 227 955 218 645 730 0 319 545 105 348 930 211 681 950 19 563 561 95 784 340 10 258 30 647 910 
456 452 572 214 509 455 956 471 954 7 908 0 858 945 65 751 606 571 364 559 134 824 250 926 823 142 998 629 651 599 843 349 105 487 382 493 92 373 292 78 972 120 283 69 96 490 187 633 563 6 863 508 865 2 850 701 274 185 779 616 969 344 761 949 174 124 243 773 92 721 97 705 284 963 546 111 448 860 213 832 
68 549 870 398 22 212 568 372 220 436 489 449 0 391 948 919 952 87 159 211 663 203 593 182 342 70 487 698 293 487 374 337 166 0 47 92 302 299 561 177 796 103 726 259 775 454 114 25 780 929 232 767 250 66 227 144 33 402 464 92 687 558 196 733 199 353 402 347 698 22 279 193 552 432 761 993 162 637 976 567 
181 596 713 199 456 220 480 59 535 531 593 262 439 0 929 768 977 474 125 851 909 828 202 668 25 796 664 272 441 215 508 453 260 199 993 991 595 396 366 601 476 564 878 707 76 659 906 418 137 15 338 391 177 102 522 121 598 815 341 849 803 615 802 783 266 817 878 96 230 960 391 588 465 863 345 767 123 222 832 273 
154 726 458 943 52 468 256 285 178 825 431 927 263 158 0 873 910 108 588 20 579 257 555 760 668 726 986 653 637 525 442 810 777 366 427 669 639 323 83 746 379 667 972 778 983 652 971 314 955 356 711 435 323 790 656 992 359 724 338 922 750 634 524 701 513 724 919 682 392 686 750 138 557 888 932 36 559 906 909 70 
463 596 862 190 361 223 554 136 235 217 777 527 376 203 925 0 987 639 298 686 52 40 330 150 448 295 551 237 864 486 610 861 377 357 592 74 556 137 333 255 398 335 978 634 147 216 328 615 340 113 560 3 672 152 414 966 251 693 401 384 556 329 649 152 297 444 101 370 336 360 480 927 513 460 982 443 97 352 746 330 
157 630 836 964 723 136 548 255 217 717 299 115 447 920 909 244 0 226 675 113 338 86 877 166 71 576 494 429 617 199 11 32 724 661 1000 253 350 871 589 778 404 745 143 931 739 824 358 400 470 124 582 711 69 74 705 449 182 578 88 139 163 296 665 373 737 491 478 137 658 735 135 261 3 643 848 692 890 56 625 825 
824 96 780 925 676 276 904 150 193 691 891 158 550 721 44 579 208 0 639 563 251 33 716 912 843 323 495 718 555 677 75 286 526 582 757 112 938 618 142 549 183 749 118 367 755 788 351 67 276 786 569 833 473 662 819 106 664 865 409 411 661 258 930 424 142 100 619 998 990 74 888 162 314 38 68 370 334 619 634 250 
174 944 821 195 229 135 776 261 813 239 41 638 723 319 467 583 511 30 0 841 266 829 862 750 253 997 493 934 169 91 580 873 933 43 107 843 227 43 8 955 97 78 34 145 536 332 235 693 922 368 228 704 814 119 379 934 724 629 808 678 909 655 667 676 45 9 433 528 404 611 40 129 396 853 702 12 790 370 736 193 
918 988 561 39 952 370 529 15 23 389 448 129 57 832 471 867 286 381 502 0 505 71 998 575 15 134 908 796 914 697 343 332 231 541 593 35 658 491 565 280 676 746 90 708 331 688 546 263 192 83 630 783 754 753 641 108 58 667 767 910 615 674 985 35 961 114 288 823 221 768 458 607 11 743 173 957 606 142 313 663 
962 445 629 389 920 18 767 585 632 720 631 623 752 883 304 796 575 916 91 284 0 203 714 723 454 26 914 205 531 899 63 191 875 409 6 755 998 977 974 149 1 472 411 104 554 382 444 596 823 800 238 395 602 139 529 451 368 470 548 110 13 522 216 738 337 146 507 301 270 170 714 817 789 563 196 45 425 13 593 239 
699 745 91 431 914 960 766 880 359 949 306 971 714 623 902 238 0 421 741 324 903 0 573 231 890 887 364 495 978 643 319 35 313 572 536 902 987 239 121 534 364 799 497 653 84 377 588 526 249 792 611 681 985 257 630 645 630 970 724 894 71 978 668 739 533 58 652 34 889 882 591 389 951 255 811 770 3 491 17 932 
920 88 514 684 513 512 684 686 302 665 548 446 357 808 86 112 78 433 163 503 933 924 0 843 388 447 667 702 716 195 506 611 406 615 89 365 580 265 914 899 32 587 585 778 852 454 352 979 176 186 219 264 447 719 732 665 56 764 865 508 491 436 909 680 940 289 230 858 252 37 804 759 866 259 15 863 873 383 359 309 
904 218 414 35 568 692 560 668 672 968 122 476 758 283 295 581 720 238 405 579 180 527 214 0 418 109 24 239 138 362 957 793 678 343 198 355 335 600 568 149 251 629 974 730 832 575 806 47 884 445 58 754 645 365 628 797 565 368 655 277 458 755 136 487 856 215 914 551 252 16 152 268 796 666 665 949 39 376 929 567 
611 824 412 674 313 837 629 160 928 823 787 48 901 555 576 528 714 136 868 417 764 918 158 11 0 641 880 560 508 6 257 239 765 969 719 722 921 81 69 546 151 676 464 257 990 842 966 319 747 771 307 956 847 915 948 674 919 665 684 753 35 272 751 817 473 387 389 373 695 831 317 400 652 756 902 219 245 981 403 540 
554 935 2 82 75 613 181 93 654 365 858 781 971 682 611 199 973 263 699 49 138 310 244 96 676 0 374 151 36 710 626 837 159 813 256 645 922 939 752 690 762 949 517 497 409 812 740 524 605 210 186 451 90 754 123 67 482 57 725 221 765 573 533 139 333 347 406 843 936 608 762 518 233 210 263 67 595 334 247 323 
913 233 925 462 57 391 825 30 292 972 878 425 166 161 388 373 713 451 340 958 460 948 550 626 726 235 0 307 268 293 86 484 820 513 207 591 319 288 491 943 525 205 424 114 945 628 212 692 446 140 461 538 972 313 349 806 686 621 305 730 175 245 198 178 337 876 912 766 905 870 285 159 424 597 44 787 730 214 650 673 
615 376 306 72 313 768 981 239 590 524 770 199 611 905 310 128 383 646 877 324 56 738 628 251 714 240 300 0 978 996 758 816 638 115 438 22 901 705 656 922 973 58 487 818 73 427 971 536 94 562 665 94 993 228 104 379 390 158 754 496 418 396 888 749 809 791 169 403 476 930 656 560 470 327 8 455 506 246 527 774 
519 707 831 279 668 152 952 277 77 125 973 871 196 324 622 736 297 878 93 688 753 415 708 132 488 657 566 677 0 74 760 976 729 601 739 371 325 445 711 293 50 393 619 49 22 238 271 490 17 365 84 875 390 329 125 828 398 406 318 930 634 101 470 673 853 571 528 160 440 187 892 362 791 496 101 18 540 606 907 668 
1000 485 321 930 252 928 461 659 34 823 917 86 282 721 33 586 274 29 88 991 275 634 269 159 402 192 290 341 307 0 253 989 911 41 375 757 96 341 601 531 955 839 698 814 215 143 861 258 14 887 286 883 130 425 356 149 970 376 200 615 50 318 966 716 53 486 303 630 966 529 533 26 711 28 455 849 11 27 426 817 
900 856 148 19 30 549 246 754 585 164 32 161 569 5 555 22 258 795 681 452 118 414 889 631 442 467 532 855 684 19 0 197 60 272 169 762 297 705 685 827 7 886 909 109 732 181 537 278 133 773 856 653 889 681 244 884 323 378 955 494 493 587 833 462 400 816 594 898 111 607 900 521 797 687 254 91 101 755 25 942 
488 502 460 913 508 304 489 9 685 273 779 66 404 442 593 243 681 506 586 476 428 962 957 335 70 750 50 24 464 258 748 0 494 73 437 895 533 423 62 964 358 38 924 752 150 975 566 818 264 872 80 891 111 128 784 137 757 810 844 847 385 451 807 583 872 375 469 878 290 756 563 986 770 93 483 837 628 284 161 246 
612 291 369 480 47 396 354 804 115 591 494 924 917 898 674 569 835 32 554 97 314 970 954 911 646 506 458 507 780 727 370 570 0 456 264 81 995 178 371 520 509 656 191 567 748 122 455 742 733 973 21 205 141 177 404 431 838 796 248 649 139 318 620 653 713 691 891 804 945 265 737 659 227 670 191 412 927 675 212 96 
361 5 672 349 953 652 824 89 629 388 35 321 455 496 561 509 543 495 570 932 340 189 918 808 969 709 842 38 686 918 686 586 49 0 605 38 695 782 351 701 568 426 657 767 844 404 483 334 401 779 538 713 593 921 152 558 523 850 692 617 242 369 806 885 839 898 672 902 74 923 209 260 499 571 780 656 532 205 826 10 
460 255 970 194 274 494 280 793 118 304 389 396 603 244 178 950 802 53 439 132 176 36 607 969 699 519 352 297 11 113 796 462 400 199 0 324 255 401 8 176 558 548 18 61 193 230 445 915 785 600 808 346 392 279 45 681 746 199 143 48 119 969 775 379 699 502 509 66 837 90 994 681 438 812 715 384 443 756 833 868 
941 495 233 642 9 1000 238 743 931 9 183 812 479 726 580 128 324 478 386 623 124 56 739 993 41 337 333 631 88 598 601 727 865 751 750 0 76 172 319 959 27 139 592 497 375 58 664 563 504 473 957 438 650 108 663 164 222 845 980 982 320 508 324 465 779 770 724 395 725 244 362 260 382 741 750 51 183 208 507 210 
258 243 882 669 55 485 522 596 498 525 852 573 245 680 458 672 298 952 152 534 735 687 410 176 639 14 528 678 830 781 832 603 760 617 518 389 0 908 886 587 622 801 847 6 690 537 657 154 421 397 16 842 283 897 23 143 704 510 871 760 741 595 678 725 342 800 417 980 411 214 152 318 888 54 143 443 795 690 770 567 
529 208 408 255 768 98 725 825 279 273 932 741 694 535 852 535 244 403 132 145 839 612 654 308 478 474 169 423 400 859 421 852 4 159 47 637 186 0 240 321 505 693 244 676 665 422 186 263 905 553 361 3 981 702 215 912 299 955 449 474 256 738 359 309 942 184 62 365 287 540 166 756 173 737 597 577 457 999 919 630 
704 877 374 565 198 889 87 804 352 385 265 252 258 792 979 96 152 147 21 841 214 884 248 903 543 998 388 704 618 501 254 158 211 334 59 908 779 468 0 835 706 440 943 704 652 38 917 980 310 768 418 646 461 618 707 398 948 875 382 288 590 320 999 928 956 760 57 687 828 863 253 969 114 653 546 928 331 330 101 870 
696 617 605 712 183 22 712 262 889 176 759 168 336 134 456 528 368 572 325 175 565 171 892 486 457 712 109 97 465 659 181 956 504 325 521 764 605 799 954 0 610 894 248 938 781 556 393 97 152 647 970 855 130 707 41 542 57 775 827 794 137 186 756 619 541 355 988 830 42 814 191 479 286 210 205 937 989 60 994 350 
209 7 849 69 356 148 730 870 81 114 391 577 281 521 541 504 408 189 576 201 618 193 580 450 321 15 883 830 449 198 551 701 22 31 59 764 73 343 895 697 0 812 851 998 428 360 271 186 153 440 151 869 690 907 80 372 366 521 688 382 529 608 200 713 197 216 305 661 353 537 689 650 675 945 98 92 266 113 283 332 
653 572 267 186 523 963 633 389 591 122 108 188 318 49 925 376 639 393 115 752 884 62 802 492 839 651 636 850 419 907 227 148 93 873 748 408 668 231 636 433 367 0 469 510 585 206 284 417 751 571 765 447 278 875 3 194 111 644 511 392 460 880 95 928 173 503 924 284 958 32 653 815 640 607 414 771 649 393 1000 532 
739 324 156 124 83 790 926 629 995 39 387 509 819 171 245 876 649 339 732 518 601 658 163 142 362 955 313 293 504 158 848 368 718 882 270 443 527 666 918 930 614 438 0 155 13 196 286 537 123 959 804 379 351 608 395 499 146 286 249 706 743 238 929 700 374 654 522 898 594 56 160 401 803 680 329 871 967 934 855 868 
525 964 434 984 571 18 678 103 234 775 721 463 156 431 701 269 764 500 552 276 728 501 571 396 991 602 333 659 501 15 299 840 377 264 159 92 99 932 569 855 816 832 766 0 326 121 675 4 646 329 482 619 670 973 283 229 557 258 668 882 139 40 999 68 561 129 354 412 493 461 128 904 182 86 194 657 554 154 371 963 
642 146 440 487 256 908 110 216 226 551 112 508 438 454 821 105 759 920 39 855 496 920 59 723 601 522 477 477 82 94 155 225 231 320 257 765 146 883 70 480 74 65 252 304 0 443 913 285 770 966 600 660 518 297 589 802 75 403 196 990 242 449 829 656 554 182 173 195 702 800 908 606 352 793 379 546 388 870 804 517 
286 352 910 333 369 576 953 123 443 171 319 348 314 483 107 955 601 165 553 804 867 404 47 845 927 40 181 425 187 512 962 36 821 724 452 987 315 566 10 326 424 287 836 361 760 0 839 533 38 768 800 184 764 376 478 561 53 554 717 24 218 411 89 49 244 631 772 54 74 479 727 466 349 698 309 388 357 626 381 352 
193 458 166 872 462 259 456 288 706 111 657 994 402 197 38 358 166 775 637 917 677 636 642 586 399 778 676 110 68 964 936 827 582 776 910 972 639 165 903 605 719 181 558 647 850 522 0 265 665 716 773 702 414 287 435 604 167 896 209 319 977 347 654 444 26 828 4 524 283 930 944 872 751 824 270 843 635 763 154 27 
395 407 592 562 291 533 84 131 252 608 268 57 981 667 768 583 318 719 245 923 75 696 512 513 118 228 649 862 949 398 349 600 329 78 822 123 581 633 527 538 371 501 446 213 442 46 768 0 353 773 663 100 28 666 259 878 509 329 675 336 154 743 228 815 73 344 979 796 334 411 1 114 796 56 188 105 212 6 295 714 
459 299 205 225 934 705 283 506 576 919 828 538 944 309 104 294 887 711 671 134 162 66 10 216 80 104 784 272 651 399 369 885 453 573 181 286 349 722 700 710 119 958 969 141 28 253 408 985 0 219 219 294 496 65 977 810 669 475 708 904 712 908 867 26 228 227 778 707 517 479 446 362 124 275 839 246 546 670 18 843 
102 348 517 586 333 929 647 902 968 758 289 291 862 223 956 942 216 466 201 628 457 105 24 830 700 207 755 786 91 43 323 297 912 646 784 403 254 585 608 582 283 760 177 478 745 318 851 71 402 0 109 542 531 349 408 602 58 34 871 741 252 441 940 986 962 621 846 984 541 94 616 362 681 834 379 537 408 610 472 50 
288 877 557 429 348 212 720 153 564 771 104 94 91 962 236 448 630 650 359 251 199 320 319 368 498 789 488 893 133 529 384 677 895 57 436 325 978 759 822 158 723 505 910 296 217 195 734 661 356 519 0 450 144 720 459 100 284 722 825 84 75 708 322 903 31 779 35 649 543 800 643 598 920 786 201 484 633 812 726 363 
535 835 362 347 481 964 539 298 454 812 918 574 342 395 948 967 465 290 815 494 630 674 969 442 926 345 409 175 694 128 71 941 786 954 236 911 558 803 25 155 874 43 431 610 326 416 329 940 595 948 598 0 855 53 408 872 40 874 737 842 442 800 747 75 409 541 168 757 547 486 285 835 187 940 379 771 740 680 265 681 
648 928 15 95 983 924 866 804 825 309 367 511 238 5 746 538 116 63 170 589 468 111 984 160 7 367 192 865 28 395 42 684 768 28 111 941 638 987 864 726 73 1 56 720 833 236 635 99 793 696 436 557 0 698 452 826 227 105 230 595 587 87 893 68 373 576 348 43 736 349 376 545 950 305 748 333 796 469 542 78 
818 451 938 911 754 247 923 918 67 773 236 17 727 789 59 159 930 54 385 182 2 245 389 347 790 54 879 129 24 403 933 308 194 577 323 286 200 280 144 9 663 363 638 793 8 693 221 662 875 651 358 931 642 0 950 393 635 362 926 66 527 891 258 999 707 190 594 174 672 64 187 203 526 984 361 960 607 444 142 227 
530 516 550 148 347 72 720 453 612 677 618 834 16 361 446 66 824 98 614 273 591 64 240 297 311 964 59 317 400 372 83 742 569 765 697 647 343 718 365 911 585 729 83 939 145 417 918 372 291 570 451 990 893 842 0 822 103 288 257 776 993 136 470 825 323 897 468 440 174 471 206 329 61 246 947 326 300 940 514 591 
531 211 64 748 637 656 210 92 899 649 408 424 521 732 420 35 929 489 125 548 270 58 779 74 553 660 522 559 868 187 434 157 835 300 374 37 880 674 595 786 296 676 404 637 749 281 117 264 423 865 445 694 421 376 605 0 975 503 973 424 3 447 121 785 315 692 307 622 465 137 558 595 30 397 272 650 57 588 18 207 
587 277 520 451 837 363 386 208 311 247 269 381 472 378 742 375 4 535 826 860 46 158 82 362 159 51 956 103 378 335 216 273 803 478 767 101 657 759 438 759 642 202 330 331 981 792 326 726 145 558 971 698 823 349 114 516 0 704 651 105 426 619 196 545 673 13 153 598 302 565 738 771 751 234 646 771 959 6 145 675 
370 341 134 434 495 197 225 208 853 275 294 311 255 512 389 211 898 429 255 925 808 666 813 508 590 225 624 611 434 812 265 132 910 561 345 81 671 51 634 768 397 625 286 71 871 96 524 248 657 43 442 305 357 603 920 401 837 0 472 167 129 292 722 382 858 357 619 740 472 796 946 881 665 517 261 390 432 862 675 828 
137 744 233 690 490 216 278 780 377 548 882 132 124 19 654 908 723 287 116 673 522 557 492 96 283 745 500 636 983 916 447 926 694 909 23 887 220 218 543 725 612 5 547 684 378 23 306 255 377 848 533 366 371 589 81 676 373 92 0 908 35 114 531 455 733 703 158 943 335 740 87 454 975 312 715 11 588 656 715 341 
737 699 711 619 928 734 573 195 797 194 980 453 277 833 689 679 764 781 53 309 529 195 147 12 807 62 152 856 393 339 852 569 165 506 930 146 497 424 490 938 95 813 25 921 690 890 339 98 228 603 950 790 863 421 23 871 104 346 323 0 901 957 756 750 425 27 977 957 531 876 726 33 100 157 331 620 914 203 326 612 
240 292 488 301 474 892 992 884 438 493 163 163 950 691 485 98 760 42 202 271 166 187 362 355 61 569 762 877 258 130 45 901 13 973 215 774 572 134 179 818 943 502 758 756 128 995 330 548 977 951 534 253 760 161 959 797 115 966 103 219 0 319 850 827 981 386 377 907 459 386 51 186 253 440 692 667 426 24 32 841 
163 887 171 296 995 672 798 349 407 448 734 659 582 95 859 766 19 466 434 869 549 721 949 301 286 210 213 900 865 859 889 791 803 921 357 559 287 666 771 204 85 24 693 980 82 731 55 841 176 523 333 197 224 493 641 580 79 928 629 499 18 0 515 276 269 782 807 715 520 170 521 62 475 257 974 678 235 623 479 729 
756 21 615 523 457 363 797 216 843 665 26 100 823 763 145 584 898 279 668 363 418 526 881 812 690 798 120 716 321 619 311 670 773 510 726 369 407 732 984 536 31 93 998 598 424 805 105 531 910 752 871 426 877 81 597 80 102 831 757 376 154 497 0 456 649 84 81 693 507 228 532 980 669 774 635 182 83 217 490 142 
501 62 526 267 928 765 246 810 659 14 235 943 424 489 213 839 20 360 631 961 709 564 904 613 139 669 931 724 702 186 436 923 8 444 199 161 220 544 910 969 483 618 237 331 558 96 843 168 767 364 851 273 186 205 787 739 537 928 360 314 611 997 401 0 125 624 503 986 271 244 647 463 298 527 736 993 968 831 530 413 
763 898 629 640 633 574 860 639 943 918 227 260 671 618 984 80 388 112 301 731 759 895 249 946 863 751 10 153 870 560 471 481 128 479 692 222 370 820 743 735 435 141 831 429 287 769 195 716 261 131 877 649 224 102 351 135 401 936 545 589 144 920 851 129 0 545 152 456 157 263 839 918 696 855 114 371 539 658 160 366 
480 582 962 827 509 241 864 681 162 894 602 560 686 678 653 800 524 620 833 410 401 721 46 468 939 875 134 447 671 460 983 502 581 836 64 46 450 240 988 518 31 772 491 691 257 910 296 154 614 46 90 350 278 18 423 770 47 489 271 31 125 100 804 930 992 0 647 209 966 749 150 749 874 901 458 909 405 974 555 567 
293 109 113 238 546 184 431 505 121 924 429 580 586 89 289 764 391 262 189 426 442 642 235 249 59 27 104 726 809 40 726 447 0 876 957 289 97 584 970 36 240 983 749 670 287 198 131 596 317 354 249 609 417 541 244 558 648 845 101 392 491 597 997 933 560 283 0 901 898 831 17 315 184 485 405 415 488 688 471 443 
271 309 434 316 562 982 705 643 166 438 447 696 793 398 882 386 634 840 842 251 560 752 334 73 274 367 199 264 880 613 312 378 709 875 718 63 262 483 637 284 880 696 904 614 819 843 930 926 136 979 780 177 234 481 439 312 845 590 394 346 158 136 841 80 278 517 703 0 939 823 683 720 584 932 597 614 489 160 698 869 
827 347 566 376 331 873 31 7 611 945 951 212 126 754 778 974 934 138 679 903 786 668 867 287 648 556 425 762 213 332 197 553 281 518 176 541 575 879 158 301 969 968 636 198 95 233 51 798 406 260 937 50 891 586 798 324 156 467 746 337 353 453 620 486 697 277 648 654 0 24 883 392 169 372 660 736 747 143 60 713 
980 645 93 932 32 575 808 762 504 841 480 475 372 637 391 475 34 307 398 366 65 505 200 600 741 313 950 892 842 499 25 666 222 610 943 594 470 411 745 851 574 234 316 650 582 130 877 199 629 296 368 545 282 0 503 209 412 620 0 709 557 145 497 143 648 378 860 743 562 0 853 729 405 658 92 975 126 226 811 198 
454 125 521 849 746 443 214 878 82 846 40 18 988 661 320 265 489 449 472 63 598 795 395 320 982 682 259 843 650 80 154 59 903 97 780 15 483 244 392 953 868 99 717 646 463 461 659 570 94 198 771 734 561 546 403 2 480 359 256 141 150 263 250 443 559 819 358 471 565 121 0 475 883 244 130 251 562 780 374 944 
972 340 222 22 150 733 596 390 135 472 365 156 122 660 515 820 218 946 636 174 514 353 636 975 621 157 27 924 219 456 324 503 951 700 918 733 391 103 819 841 489 202 217 228 8 370 419 461 525 548 259 76 940 643 296 736 767 636 807 534 110 231 839 320 265 482 487 596 265 702 355 0 801 406 473 192 328 325 608 746 
150 149 601 694 979 805 969 907 624 620 111 103 110 346 401 332 901 657 348 528 201 417 836 979 645 227 824 604 159 964 983 484 805 320 879 12 94 263 22 519 894 419 590 363 796 846 936 898 799 633 623 930 869 205 862 895 328 774 770 300 168 931 497 499 968 196 322 581 668 487 14 516 0 37 162 975 143 154 869 308 
884 531 61 290 812 978 210 949 548 483 734 529 224 209 214 782 155 281 405 21 524 485 711 142 305 527 822 537 246 234 767 995 432 154 593 983 475 390 540 952 865 40 586 825 302 85 710 61 375 426 599 637 84 861 893 121 49 917 943 360 572 861 547 903 270 384 705 295 735 765 26 566 859 0 602 190 687 850 175 623 
494 906 955 498 139 87 497 970 905 494 774 664 4 816 172 249 762 924 752 612 516 91 315 448 957 274 612 945 51 319 622 562 584 201 130 242 688 337 793 847 76 691 776 880 7 679 14 72 677 906 977 134 910 756 597 197 490 769 649 568 690 135 665 154 712 475 999 501 395 907 873 107 626 47 0 288 22 736 181 602 
566 629 323 188 461 646 981 945 41 320 539 667 90 223 523 347 298 727 163 496 956 733 533 571 725 233 753 852 780 453 223 19 508 621 665 171 167 810 373 932 774 87 650 764 923 106 399 571 988 560 228 408 862 485 356 534 479 426 495 866 403 85 251 416 461 821 134 634 305 904 552 375 759 332 714 0 418 612 175 16 
816 341 205 17 311 786 211 288 938 720 25 195 995 780 645 631 569 105 882 351 934 127 261 52 837 871 537 568 47 299 12 741 839 761 55 374 468 859 113 383 729 594 48 20 400 180 33 135 80 333 38 979 548 1 539 143 865 25 89 800 825 763 579 815 112 573 547 743 325 34 803 818 47 678 278 24 0 843 762 540 
426 208 78 299 693 456 143 168 657 743 78 283 98 626 725 392 678 767 67 593 924 324 826 590 618 975 30 516 980 415 98 226 190 298 881 694 206 0 395 671 11 741 627 534 107 191 530 62 133 86 670 630 30 519 449 823 79 868 523 540 924 387 172 719 963 679 228 359 363 2 102 746 635 285 679 738 344 0 867 303 
839 156 592 141 639 728 578 291 144 179 586 332 491 175 603 454 588 323 362 98 949 807 642 748 842 402 71 58 906 283 7 785 366 398 56 732 236 567 722 873 170 25 372 761 693 428 440 318 490 686 315 929 893 569 927 237 858 984 365 576 544 176 210 828 660 524 848 490 22 881 799 940 479 32 996 746 170 906 0 245 
382 867 822 157 766 127 922 786 307 129 320 613 812 645 822 380 493 823 36 611 265 575 760 634 81 624 253 337 79 290 58 755 171 560 673 146 528 345 418 376 229 314 804 280 770 189 460 872 791 33 17 373 247 476 67 617 328 724 609 856 237 292 690 658 198 827 537 733 605 218 855 880 437 104 33 536 353 444 938 0 

Depot information
524
1673
2694
1218
1545
2777
1659
2154
2951
1219

Customer information
20
21
17
24
17
19
16
23
18
17
19
17
23
18
23
19
16
20
16
19
20
20
22
22
22
20
22
25
17
19
24
22
25
23
21
20
16
20
24
15
23
21
19
18
24
22
21
21
23
17
18
24
22
25
25
15
17
25
17
16
18
25
24
24
17
16
15
18
17
16
