Seed 125 - Instance: n70m10_2
n 70
m 10
Q 208
L 0
U 1000

0 522 105 2 698 351 318 144 426 588 906 610 87 716 871 483 199 482 14 814 524 158 267 794 927 38 606 404 807 604 195 519 503 966 98 884 986 39 358 128 164 798 394 368 377 567 96 966 339 231 941 202 980 531 569 855 906 843 83 918 593 900 41 167 308 319 249 419 950 426 90 976 304 373 385 465 553 72 386 716 
588 0 451 669 935 967 246 186 701 276 31 951 120 819 615 985 269 922 246 172 341 532 859 501 683 809 520 636 603 67 535 475 792 173 601 766 927 239 971 768 949 26 110 297 874 286 715 429 600 840 212 821 225 226 232 1 41 4 24 826 904 976 800 381 147 538 284 848 535 469 56 184 682 409 881 861 167 677 508 230 
660 43 0 814 628 405 773 465 101 629 357 147 379 632 608 580 664 861 353 209 792 414 325 488 571 352 879 9 447 375 409 320 395 392 297 686 376 409 333 574 792 166 31 41 142 405 594 892 916 751 976 114 241 785 573 378 836 691 633 223 353 265 758 836 537 224 814 970 479 594 241 774 714 486 255 503 271 724 152 489 
491 725 15 0 51 321 622 57 464 341 46 860 684 2 433 304 397 428 176 876 779 532 725 629 102 39 329 915 689 529 779 23 336 254 169 345 274 575 469 834 927 393 128 48 164 720 851 13 642 206 685 400 176 354 580 564 529 281 992 363 886 120 51 977 90 975 967 12 392 393 686 945 389 672 706 649 52 359 198 419 
449 545 437 239 0 665 614 961 417 567 37 486 222 896 998 102 634 421 75 635 287 859 645 618 512 653 865 75 832 650 911 316 122 334 223 458 563 224 956 321 555 279 570 996 108 219 618 233 957 226 497 160 14 936 597 937 222 509 946 932 542 223 969 10 51 232 449 745 151 819 528 56 260 160 719 189 395 238 144 826 
33 890 712 633 792 0 101 65 605 274 226 105 43 747 188 158 991 354 7 903 788 901 665 961 219 417 178 474 367 359 218 479 963 343 641 449 420 360 68 18 327 838 654 279 895 111 73 463 434 758 687 510 77 765 780 784 509 256 778 487 40 171 889 783 254 15 178 471 324 67 117 631 871 0 10 449 291 752 786 575 
378 718 519 463 132 320 0 374 335 3 222 876 146 413 704 459 461 796 735 891 886 800 302 144 79 54 449 363 70 805 675 544 680 298 347 319 854 919 302 173 887 471 893 201 406 388 329 273 2 340 26 175 228 68 108 778 300 63 710 963 676 840 304 553 193 327 975 574 622 719 91 435 396 363 546 803 714 57 600 519 
666 137 777 505 94 40 522 0 828 830 304 115 166 358 664 548 368 783 130 868 582 581 487 203 952 638 681 286 468 315 329 315 784 720 204 406 172 485 829 929 425 549 926 765 419 245 831 70 968 46 152 532 902 780 336 480 221 729 250 111 102 368 60 885 903 464 636 260 955 543 701 688 699 74 422 18 607 161 830 888 
711 766 565 353 832 600 216 887 0 481 766 644 988 484 224 923 449 483 169 230 810 386 568 344 690 86 922 867 595 463 33 730 179 934 799 793 593 540 0 118 425 786 370 351 165 453 924 171 295 848 432 427 310 315 382 708 859 71 478 556 833 83 754 377 375 116 584 703 530 925 242 424 949 259 664 166 583 925 347 512 
355 21 218 651 821 121 714 233 569 0 85 280 654 59 207 132 918 977 208 230 471 115 973 539 105 423 499 973 147 166 482 116 756 126 433 592 539 105 885 94 389 43 275 78 37 270 876 875 876 361 47 441 837 303 769 100 52 818 653 622 132 183 1 56 911 104 318 370 618 894 567 581 505 288 907 264 909 696 827 838 
689 332 161 66 814 678 394 531 386 44 0 647 920 377 79 108 308 117 844 224 488 128 849 857 554 622 154 764 508 722 44 632 691 338 283 425 661 252 435 378 224 53 585 366 548 101 733 990 670 981 851 279 821 647 370 195 857 217 126 596 601 612 765 265 293 747 689 607 616 416 823 954 774 936 221 181 123 767 411 109 
315 750 913 205 905 260 655 110 540 756 927 0 818 223 358 40 203 325 79 338 803 210 540 508 156 852 627 918 856 610 685 112 138 175 911 74 760 622 561 175 888 874 595 581 428 513 777 755 140 838 504 537 303 686 313 631 21 285 927 20 100 7 606 628 761 487 959 641 271 458 23 960 173 774 647 1 640 356 942 94 
278 880 537 560 340 176 606 215 610 371 535 6 0 831 128 593 621 407 620 497 361 273 922 829 80 956 323 250 196 721 206 9 91 666 100 164 939 159 887 664 679 296 978 754 549 847 440 698 985 175 910 109 33 809 562 375 33 754 722 1 836 622 899 443 941 676 555 467 186 582 164 547 736 227 746 181 228 18 950 706 
973 465 90 606 419 766 374 548 441 485 848 184 153 0 363 782 542 575 45 133 55 102 460 317 29 107 674 325 678 21 847 8 33 983 655 476 842 853 662 3 173 609 89 82 798 218 343 751 299 718 652 975 515 550 865 932 371 974 24 724 202 283 385 481 831 346 217 164 376 957 891 832 795 713 892 193 991 289 690 486 
687 690 43 458 480 33 17 702 35 352 665 78 976 975 0 268 138 691 985 57 74 487 345 68 360 491 415 315 673 354 12 597 236 29 182 928 325 207 808 450 541 811 525 466 969 286 256 184 660 54 274 273 576 278 971 545 863 948 47 551 967 886 271 968 36 976 324 183 534 604 676 608 953 255 94 745 865 145 527 959 
554 717 521 473 964 678 352 335 545 324 750 151 203 266 140 0 936 373 641 354 529 474 509 595 904 298 446 56 730 531 637 614 96 945 812 738 805 445 622 774 450 309 393 919 268 971 570 513 615 285 645 972 445 315 139 167 850 376 227 39 497 957 244 832 194 729 489 1 272 748 282 788 447 216 16 899 896 324 20 247 
536 187 655 444 786 745 934 882 767 152 116 685 892 73 174 842 0 227 931 806 281 71 937 803 788 852 292 203 310 311 926 564 308 585 1000 251 834 571 182 175 606 831 647 334 890 852 854 616 449 722 692 3 283 122 198 592 852 936 227 829 916 960 956 862 60 296 648 248 646 964 985 489 517 722 89 379 938 400 847 673 
961 558 528 656 428 450 70 987 415 341 261 286 293 785 994 699 159 0 859 548 350 431 971 862 962 213 331 597 271 671 174 535 218 963 85 425 885 534 461 828 750 695 314 71 881 639 250 0 841 707 430 565 871 432 337 736 9 308 776 38 999 635 772 756 150 453 976 393 326 423 923 809 248 680 256 111 225 915 939 134 
939 265 228 536 261 466 994 984 935 167 533 685 783 91 240 409 606 375 0 815 896 702 27 848 196 503 157 278 195 852 236 807 942 647 16 624 915 544 476 634 943 495 846 197 587 515 42 257 451 984 599 217 54 410 33 241 93 539 874 3 760 472 730 10 175 981 714 195 22 319 366 774 155 135 907 88 460 527 824 175 
494 493 439 356 603 373 474 217 661 300 147 460 28 64 555 789 857 822 706 0 14 947 484 139 113 900 611 136 28 212 147 38 751 8 589 558 408 89 55 263 208 603 374 636 536 51 272 270 54 880 212 41 705 841 302 218 438 618 297 649 680 711 736 976 346 571 482 616 320 938 11 149 429 847 941 100 596 682 313 37 
459 334 8 213 262 649 333 549 454 126 429 960 557 303 401 541 101 529 563 603 0 875 758 629 668 361 957 844 285 982 2 684 461 927 914 569 486 381 401 471 816 24 97 707 931 290 0 401 867 748 345 215 930 732 552 655 211 690 638 256 126 289 179 520 154 264 389 700 450 193 279 591 280 695 305 583 660 337 302 856 
230 128 921 728 974 105 705 638 557 936 572 402 590 329 890 23 701 299 344 289 505 0 726 335 176 900 364 955 143 76 665 806 62 100 865 615 477 26 704 462 866 367 596 90 114 350 292 243 73 833 442 600 121 252 431 820 243 786 811 985 332 126 607 101 948 186 313 620 501 838 561 557 617 298 976 385 366 681 426 332 
247 650 909 270 257 90 865 6 797 187 583 229 93 473 279 673 51 342 809 56 305 608 0 98 925 240 838 542 319 151 888 238 508 204 263 314 377 124 433 827 32 904 769 903 210 790 843 284 140 746 785 275 621 838 585 94 619 270 438 984 82 382 728 526 724 790 735 225 188 986 221 772 661 930 933 809 710 681 885 102 
447 760 966 945 405 965 855 151 331 512 683 837 998 859 279 736 569 921 673 469 41 419 811 0 172 603 682 323 596 550 679 881 587 992 937 379 836 597 403 572 58 847 697 924 239 349 453 846 816 78 893 388 94 282 458 983 772 703 630 755 467 5 396 279 211 872 387 454 614 534 444 676 994 47 813 708 445 810 394 138 
527 254 894 64 744 878 307 682 365 664 328 402 572 656 822 796 629 355 318 452 590 995 362 292 0 512 936 44 167 270 9 328 302 126 244 819 290 22 746 223 889 383 37 815 620 248 761 60 572 134 416 17 549 365 892 144 200 140 287 398 838 8 956 895 984 362 346 83 154 160 74 20 6 56 477 33 289 164 292 198 
690 357 62 246 358 924 317 708 803 102 278 851 484 813 162 740 721 869 408 984 383 706 938 405 708 0 505 544 414 325 544 308 483 468 281 527 532 805 879 825 914 924 974 719 431 701 690 614 775 507 638 502 781 929 189 886 997 73 543 148 89 960 603 525 677 849 300 329 576 185 427 829 904 58 146 931 713 100 536 359 
330 709 302 489 792 396 71 862 919 29 959 657 632 426 488 395 126 475 783 909 871 841 315 887 94 213 0 916 642 694 786 464 421 872 106 59 366 343 235 620 442 554 800 308 659 270 58 796 136 417 309 250 612 357 299 356 158 819 964 294 200 841 409 213 432 129 970 390 58 511 588 788 895 70 418 46 238 847 656 881 
754 144 730 304 795 524 157 994 778 131 550 495 206 30 272 312 306 308 604 826 1 55 370 681 794 384 881 0 349 77 233 181 23 418 127 569 535 750 616 378 296 501 344 942 646 4 272 305 456 43 179 161 41 793 71 248 325 333 525 187 157 409 271 372 260 812 806 844 564 313 22 849 257 317 567 733 209 614 913 939 
606 428 319 873 810 921 654 10 656 964 614 365 521 912 490 768 887 496 709 844 398 616 826 513 879 524 598 322 0 160 728 200 742 564 793 658 580 828 281 637 938 250 908 844 768 631 784 93 755 14 741 16 596 497 738 45 232 894 966 249 642 115 267 24 759 106 346 69 348 104 857 711 160 528 915 212 341 91 868 359 
761 411 979 128 518 136 32 247 594 583 618 366 770 915 82 828 682 456 266 150 137 809 449 150 555 321 836 93 821 0 730 609 877 591 644 847 379 498 913 601 657 678 456 969 559 847 828 171 206 81 533 750 371 218 625 472 813 723 716 562 190 880 340 182 362 754 505 601 160 591 219 597 544 855 318 380 503 842 26 100 
73 41 772 381 63 195 564 856 352 674 421 417 689 150 959 237 787 335 916 219 220 661 983 960 29 158 92 539 130 279 0 213 585 871 738 983 318 998 646 472 821 261 526 562 60 507 935 676 354 938 931 908 260 148 939 599 905 115 913 897 823 966 920 990 856 843 360 369 540 976 25 274 77 795 395 965 969 526 745 586 
569 853 390 238 949 276 811 297 6 149 924 622 787 327 586 506 676 187 351 208 686 413 828 882 73 482 61 866 250 569 824 0 742 835 383 773 72 955 590 518 534 363 55 569 756 93 850 766 704 891 585 137 240 350 166 124 749 345 7 392 435 64 740 507 700 685 896 611 961 944 934 144 405 201 417 379 417 152 814 840 
434 895 390 711 349 898 238 772 121 393 474 928 468 897 481 619 929 149 358 406 384 849 565 494 378 690 379 397 98 621 538 467 0 490 273 826 370 255 210 609 117 857 109 727 117 405 673 374 854 240 69 541 890 665 710 771 68 275 447 512 568 440 779 378 649 42 519 333 753 393 833 620 211 68 428 39 904 679 610 237 
196 5 882 294 803 845 656 719 694 995 260 777 262 29 500 914 303 787 543 104 822 47 299 234 508 615 885 746 645 184 60 27 604 0 879 173 59 217 791 270 86 224 652 76 237 641 796 2 524 332 776 883 296 828 870 543 816 388 733 773 969 978 713 909 559 347 486 414 976 403 12 492 233 601 814 481 187 767 992 664 
320 127 715 413 107 525 990 59 391 578 677 807 859 985 912 471 23 102 495 50 911 903 707 894 291 979 507 209 386 457 338 577 498 869 0 376 216 929 954 146 221 116 293 119 926 946 170 374 79 264 500 826 663 903 739 885 563 588 189 512 149 376 141 511 702 464 514 121 544 820 647 234 664 715 705 377 184 622 480 760 
17 35 648 942 928 732 461 616 564 847 81 882 243 70 125 698 901 566 849 627 404 119 957 222 435 639 650 853 187 362 791 633 245 210 362 0 361 969 534 219 965 340 856 755 631 913 449 622 718 843 34 640 115 722 998 762 359 165 950 607 687 494 607 523 593 639 185 337 222 866 801 839 688 158 201 686 366 946 522 961 
982 640 264 660 571 524 416 812 60 659 249 800 48 380 679 686 955 401 191 241 516 972 695 184 370 486 717 175 552 679 869 793 732 125 529 910 0 240 626 694 273 752 860 387 929 916 710 697 784 239 4 310 558 740 408 348 386 372 231 683 362 860 457 240 291 645 704 112 551 79 83 524 119 4 87 906 98 719 632 525 
511 59 42 595 839 492 331 389 155 662 993 31 298 998 517 510 220 933 22 201 158 926 989 528 976 30 224 311 456 166 725 39 291 830 872 841 602 0 640 448 480 453 645 364 483 927 988 736 254 85 209 632 98 800 187 995 364 519 636 304 573 813 796 331 756 302 84 502 405 760 120 523 655 775 320 414 98 880 548 718 
371 670 666 626 938 340 394 630 446 829 481 705 394 158 813 463 419 708 414 919 706 963 911 828 835 928 848 521 288 642 184 86 395 616 113 901 887 967 0 415 481 435 827 308 507 53 553 486 277 625 606 657 197 524 654 276 638 220 422 392 216 135 563 919 34 350 168 413 575 531 557 702 89 873 94 957 491 70 340 56 
304 436 562 227 600 721 56 253 217 870 304 631 448 233 84 707 479 970 122 35 832 160 90 211 607 223 856 459 685 545 30 60 352 767 855 162 655 368 471 0 327 158 828 177 704 57 403 111 175 864 3 416 999 80 916 398 615 639 816 939 298 438 646 696 957 216 5 634 200 350 927 974 30 951 553 902 180 209 904 872 
988 396 70 45 751 298 638 209 816 117 916 266 476 450 926 430 849 483 930 10 240 890 72 471 457 932 412 855 341 998 656 444 851 86 320 831 24 473 602 780 0 507 750 920 341 76 308 922 848 454 361 575 707 160 395 861 646 34 885 353 613 895 707 697 3 808 51 597 575 681 966 87 575 495 843 556 679 935 928 959 
339 621 69 360 407 435 111 932 510 605 481 39 145 739 998 603 419 763 940 327 616 560 206 816 682 689 862 815 68 156 258 958 945 838 329 74 378 331 640 233 481 0 688 153 442 929 138 11 950 540 717 396 417 902 166 849 873 126 783 279 848 747 215 149 357 236 695 882 588 137 244 987 927 420 845 927 270 943 217 995 
680 433 929 250 605 60 368 77 828 38 595 998 698 23 809 113 198 995 826 434 232 11 286 386 514 33 849 585 662 114 127 527 549 170 794 181 546 494 830 201 173 35 0 63 315 304 812 358 662 783 991 288 202 74 691 82 476 529 841 806 713 607 402 198 392 849 261 547 965 474 490 202 31 292 769 524 512 865 114 149 
942 604 144 537 147 761 44 681 724 243 278 601 700 272 666 226 588 129 946 4 566 322 636 656 982 263 869 790 508 576 302 892 955 524 779 219 716 756 654 188 819 548 663 0 345 768 929 854 545 285 346 678 767 228 710 775 826 778 244 575 43 409 422 749 474 271 961 250 820 606 113 78 961 387 878 534 971 971 998 243 
513 246 7 940 984 515 136 591 905 45 787 100 508 366 590 76 926 252 261 218 31 696 175 223 401 89 278 804 562 587 779 847 895 556 120 623 627 413 508 154 250 227 989 694 0 808 84 180 757 325 987 799 121 175 134 733 963 254 784 660 554 280 157 925 110 475 828 100 788 567 177 451 110 252 696 653 360 602 736 902 
627 83 682 784 986 412 122 217 965 734 126 941 863 67 200 394 373 30 97 875 323 471 726 42 292 967 132 542 609 58 178 932 643 859 978 575 847 684 597 396 760 965 420 465 351 0 375 286 805 370 456 88 967 153 243 298 66 371 273 583 759 939 442 977 950 150 168 593 64 145 932 548 617 704 83 186 791 303 360 324 
474 343 805 3 183 148 272 833 357 104 668 185 753 41 114 84 506 223 33 973 659 527 248 778 123 960 845 888 1 561 892 10 577 433 255 430 442 521 791 856 866 120 866 701 407 915 0 335 538 191 425 835 600 289 578 693 205 792 97 675 144 573 844 491 783 163 751 600 410 341 982 638 548 634 284 530 856 594 266 120 
972 396 6 81 264 132 290 835 732 31 805 936 155 567 599 893 213 20 745 824 760 146 526 49 597 174 997 526 949 297 188 773 280 255 163 338 844 2 133 35 775 220 79 689 9 598 81 0 53 38 708 351 2 963 912 470 246 629 824 905 783 7 47 301 586 270 298 811 474 129 955 734 494 135 906 562 28 992 487 963 
205 519 330 635 220 516 881 108 933 577 40 304 137 450 216 337 668 195 89 162 333 729 522 130 976 120 541 526 486 206 225 795 546 108 83 542 571 716 239 58 690 574 11 631 312 659 556 672 0 227 719 520 528 884 408 530 932 423 965 362 745 937 228 228 281 688 455 879 394 582 422 733 92 991 11 930 539 9 604 803 
168 287 234 34 403 570 351 425 667 288 665 373 987 6 595 922 74 963 242 764 888 614 579 95 82 163 640 132 907 686 134 707 123 807 386 689 380 383 74 491 4 361 473 176 273 309 474 279 400 0 678 927 881 37 909 565 552 592 785 936 535 566 970 47 857 795 67 847 630 532 240 803 108 629 350 494 147 625 8 863 
1 134 902 89 810 230 700 950 983 431 88 471 634 743 762 240 420 14 567 616 934 118 994 393 961 943 414 679 556 295 598 140 773 574 984 862 184 533 969 886 320 620 162 316 41 935 41 881 225 126 0 24 518 56 207 150 678 923 451 473 447 802 280 309 294 125 569 196 360 293 54 345 222 502 201 689 217 32 780 124 
287 257 351 926 338 445 12 324 477 953 134 669 259 265 552 778 338 4 183 93 245 321 379 656 767 89 553 619 344 625 743 603 154 387 875 925 964 975 844 957 62 251 310 648 900 338 912 937 875 818 744 0 436 62 548 603 627 758 525 719 792 848 439 76 508 399 499 299 94 141 989 197 508 890 639 80 298 997 249 611 
570 579 47 92 613 26 574 125 529 698 487 806 135 908 822 730 276 54 790 564 259 305 591 311 841 897 610 349 717 604 287 170 914 547 907 229 544 143 700 240 660 639 467 526 360 402 611 162 776 330 516 780 0 191 709 851 970 594 41 217 351 851 251 470 318 438 795 2 181 315 419 650 60 614 894 636 981 229 220 61 
126 502 664 475 160 443 495 336 761 265 117 338 741 683 152 38 282 459 23 248 213 699 670 218 855 230 826 37 271 5 107 273 151 336 966 101 786 271 235 120 426 807 953 614 573 685 135 768 153 102 962 680 947 0 554 902 934 182 897 312 421 321 60 808 457 765 383 650 649 669 384 746 885 437 971 949 151 684 928 422 
265 810 834 431 231 774 971 271 465 236 792 930 545 424 684 501 73 756 743 606 258 245 681 743 784 272 659 598 736 671 600 323 987 209 808 34 821 27 355 46 149 838 949 530 959 429 733 935 287 778 386 237 491 298 0 893 292 874 235 272 274 629 786 231 413 879 936 464 171 342 319 955 222 421 700 551 604 590 617 3 
188 558 846 479 155 876 884 250 479 54 300 154 819 899 651 895 485 665 816 144 231 201 902 30 419 42 460 946 342 647 441 8 402 458 34 262 397 366 612 572 742 95 41 79 819 486 448 735 391 769 624 438 369 428 659 0 809 113 755 817 82 993 263 57 385 581 755 923 580 357 473 453 565 139 700 761 556 793 445 958 
204 21 895 146 28 315 355 17 615 946 379 323 385 280 23 654 875 597 749 185 718 805 843 651 868 369 100 460 149 89 303 57 912 367 507 766 410 572 78 418 746 834 435 65 768 223 902 460 39 807 770 931 445 997 686 360 0 390 792 166 796 788 645 141 534 992 116 812 103 748 632 389 14 955 226 859 376 347 870 499 
378 991 814 608 111 160 223 568 142 16 315 479 135 207 63 687 364 143 261 39 376 138 187 128 964 339 40 877 280 981 179 629 348 74 770 330 28 2 851 276 564 196 559 215 558 455 843 710 1000 943 234 830 540 31 948 819 846 0 170 451 195 361 286 60 329 539 23 0 513 990 65 391 893 104 6 520 47 854 87 915 
447 868 791 335 129 594 817 914 166 185 176 740 343 995 613 863 367 851 51 667 456 669 608 832 286 169 638 685 380 76 674 594 560 428 738 747 89 675 581 562 287 994 570 618 700 795 596 94 741 301 981 877 999 304 35 988 503 22 0 243 40 261 202 865 983 636 240 663 13 680 806 224 395 163 610 101 264 686 198 915 
267 186 887 939 665 702 745 643 929 866 647 494 678 863 398 204 212 130 518 547 375 834 493 775 678 491 537 311 619 390 7 490 570 663 551 131 996 182 492 354 147 838 232 645 743 768 677 746 959 307 682 961 739 805 44 2 763 730 265 0 853 440 787 748 788 16 294 451 354 594 235 900 89 453 220 353 67 222 960 596 
324 196 701 617 986 348 105 163 67 381 69 957 932 325 962 756 883 834 403 88 575 635 152 189 805 712 313 973 540 81 95 31 486 540 986 861 669 790 911 560 104 235 90 396 368 302 782 449 378 144 965 895 311 170 486 84 736 708 318 62 0 480 540 180 598 790 713 663 302 343 645 53 481 611 673 759 870 915 683 753 
281 453 26 712 279 111 36 129 949 683 389 470 313 246 40 240 309 617 320 954 701 410 38 388 510 76 413 749 470 711 696 221 925 42 296 636 265 402 642 154 725 271 277 253 127 680 370 295 367 906 88 633 231 774 753 129 913 389 889 985 227 0 773 265 739 521 647 595 561 304 859 132 70 844 702 168 414 193 260 982 
385 454 598 308 775 673 716 90 822 76 276 17 248 509 748 636 53 82 751 892 246 735 449 246 958 323 418 933 175 719 754 852 551 484 270 476 173 989 409 429 412 364 426 320 881 234 388 58 170 707 543 714 771 377 371 616 918 518 489 670 140 748 0 209 277 138 93 232 572 876 158 826 693 695 994 86 817 882 582 768 
41 732 381 137 723 562 240 745 542 10 559 700 771 958 104 592 849 736 210 420 487 951 585 197 149 718 683 279 529 155 95 246 14 901 454 423 459 190 8 436 521 992 505 782 76 85 983 248 61 275 508 292 690 361 140 134 316 694 439 23 262 513 436 0 298 607 645 424 897 38 953 302 732 805 383 933 982 558 177 370 
449 438 72 799 165 689 519 840 184 476 809 89 864 615 544 795 585 852 237 683 321 273 501 387 96 506 92 240 74 497 3 981 629 416 918 60 955 316 828 748 257 929 805 653 977 557 381 185 807 697 314 404 154 817 439 816 30 318 738 53 848 924 834 532 0 389 619 176 379 428 497 865 795 993 223 978 666 97 830 829 
640 403 327 147 758 23 226 169 23 445 678 859 837 530 483 27 616 629 674 747 525 691 518 976 866 76 24 582 314 495 578 377 238 249 132 278 476 74 37 288 76 662 209 524 885 968 851 514 704 883 56 222 878 227 702 593 521 855 746 553 292 975 75 359 353 0 939 387 81 803 872 929 419 56 776 658 804 400 452 985 
652 463 264 142 957 558 417 52 459 81 128 541 346 127 24 641 559 409 497 825 708 597 435 8 355 930 485 955 308 533 542 580 811 126 748 989 330 104 845 372 106 400 672 859 565 48 965 778 471 450 593 91 243 876 881 53 36 789 381 504 873 641 113 279 374 220 0 545 709 279 701 393 625 644 6 252 541 742 697 693 
396 390 886 66 607 124 700 311 898 46 155 357 169 647 155 830 897 361 187 940 456 939 527 326 956 688 71 113 968 455 122 925 461 989 249 193 953 662 927 211 781 639 88 781 219 578 594 669 133 286 591 815 429 500 395 647 548 383 379 975 269 959 839 749 460 721 217 0 583 790 51 929 68 574 850 259 26 477 874 69 
38 42 501 711 238 914 166 79 800 831 64 812 648 798 312 413 488 94 737 429 784 485 52 338 73 155 565 185 631 63 176 20 761 132 241 101 608 331 61 37 764 839 618 435 398 132 175 918 879 450 332 904 932 451 502 624 106 551 492 250 768 646 339 989 666 346 582 906 0 582 414 870 477 957 260 536 822 931 718 282 
991 593 883 403 847 396 874 77 405 843 824 965 247 401 171 118 66 677 113 556 785 779 289 557 49 236 758 211 301 809 494 44 127 784 723 941 458 372 610 38 829 391 267 283 357 469 828 309 723 26 853 396 661 636 40 709 251 366 786 94 738 275 546 289 697 272 197 217 919 0 324 713 853 346 187 650 507 343 533 340 
474 11 9 192 894 491 744 48 522 438 497 796 585 593 265 958 247 115 461 118 180 758 368 750 881 945 769 98 785 983 283 36 322 596 620 786 413 498 472 366 299 382 997 471 712 369 43 288 121 343 28 167 213 449 559 25 594 171 168 824 861 653 914 457 279 847 661 64 546 30 0 804 107 454 627 603 688 142 447 502 
607 679 341 18 802 871 761 629 712 864 988 532 787 274 963 597 700 825 260 424 57 401 511 98 603 764 443 226 96 818 155 122 94 444 115 106 339 938 278 218 123 830 49 908 619 386 612 200 296 901 480 994 384 498 947 391 648 206 118 997 736 473 178 787 832 388 268 171 617 388 408 0 431 103 656 354 254 995 781 37 
374 883 961 608 969 556 969 633 954 943 140 760 5 588 30 711 587 831 645 213 143 391 604 154 888 465 319 441 889 438 330 361 577 505 30 773 544 113 487 493 804 870 721 559 91 367 913 271 461 215 14 706 404 761 933 711 354 12 568 315 478 304 114 580 769 124 447 765 639 230 508 299 0 235 402 648 676 673 800 319 
253 363 149 163 380 610 949 481 527 274 519 444 896 91 454 586 377 370 670 44 408 402 433 178 753 134 745 710 622 168 549 14 966 480 899 13 315 727 862 295 216 767 362 350 694 180 97 111 154 599 462 37 398 79 113 477 134 437 404 241 947 666 377 808 413 749 477 386 0 265 140 270 687 0 363 292 465 311 248 79 
637 409 667 722 653 711 370 979 624 213 120 11 264 208 237 619 110 611 870 777 413 308 95 990 875 237 724 297 76 857 6 774 483 232 900 457 193 398 628 443 853 216 726 438 33 848 915 91 372 285 79 999 155 237 13 757 479 552 138 162 645 884 907 389 372 52 654 106 412 519 572 746 366 980 0 612 938 154 839 101 
15 329 439 429 622 729 599 769 643 728 848 367 773 856 891 20 48 55 285 335 122 690 866 439 679 382 737 277 693 500 737 59 203 132 99 429 147 485 25 170 22 289 216 371 496 949 917 50 412 203 125 874 601 591 432 228 622 911 717 416 927 860 311 332 930 964 562 526 253 834 174 370 987 750 899 0 231 738 175 159 
834 157 60 809 523 856 933 961 850 813 57 213 880 906 507 478 795 326 905 536 349 610 858 726 554 374 211 93 962 704 224 619 100 840 702 944 62 738 608 623 434 467 23 144 228 655 834 342 274 671 448 647 582 755 12 150 835 974 4 928 337 516 298 646 343 260 754 337 404 316 11 682 396 614 178 392 0 585 971 345 
594 393 658 215 397 447 383 100 927 751 527 72 296 968 340 937 172 228 162 242 861 292 666 242 702 866 53 778 284 399 131 631 428 290 97 888 171 204 847 242 154 942 8 108 928 775 724 344 483 952 382 650 100 810 2 987 750 831 466 667 419 284 128 168 494 806 399 728 384 587 9 871 79 109 185 443 580 0 308 325 
800 83 680 244 235 408 583 153 982 560 877 625 253 171 82 785 409 919 740 583 181 249 635 16 129 863 872 821 657 398 198 302 590 918 950 934 684 377 671 816 161 605 520 976 553 805 199 376 307 627 256 153 990 929 524 678 170 941 921 153 929 225 267 816 415 892 574 386 773 952 392 878 506 466 847 711 579 513 0 195 
99 824 614 791 854 322 595 179 181 813 567 862 837 804 951 200 214 968 988 227 563 301 949 594 618 895 331 263 727 255 683 844 946 128 37 674 479 608 183 651 455 697 28 265 752 480 973 149 111 800 24 214 852 111 592 103 747 165 815 566 976 918 348 526 685 558 269 467 766 173 167 713 752 737 558 634 965 928 467 0 

Depot information
1257
1721
1408
2846
2325
2785
680
1514
2039
2959

Customer information
19
19
17
15
15
17
25
16
15
15
15
15
22
19
19
20
15
17
21
20
20
19
21
17
23
15
20
20
25
16
21
21
24
16
17
19
15
25
16
21
19
23
16
23
21
21
23
16
21
23
22
24
23
16
17
20
23
23
17
24
15
23
18
17
16
18
18
21
18
15
