Seed 125 - Instance: n75m20_2
n 75
m 20
Q 178
L 0
U 1000

0 179 876 763 618 510 50 619 415 5 87 960 21 259 443 618 999 435 271 572 486 129 133 380 37 167 436 676 438 644 323 203 718 114 406 649 153 168 554 314 383 724 806 574 591 692 463 417 61 850 975 428 293 712 485 441 117 843 649 231 258 954 840 725 92 386 461 582 203 719 785 740 902 8 365 795 119 930 942 773 400 69 560 720 631 455 641 16 119 366 720 783 795 940 910 
713 0 481 30 461 976 198 448 380 314 622 721 404 945 860 205 875 226 674 457 83 855 956 1 360 595 294 187 949 53 79 741 178 60 927 539 738 747 871 246 457 961 706 836 49 780 800 606 781 562 908 287 155 994 743 201 636 282 109 219 58 784 666 759 181 178 782 573 478 676 218 553 624 875 977 988 535 971 925 779 337 999 454 898 802 178 640 537 245 148 973 200 912 133 594 
85 111 0 925 313 138 317 957 80 797 164 419 62 840 554 919 170 120 288 25 801 104 900 940 311 533 979 330 276 530 59 280 916 192 815 714 239 788 65 321 444 554 739 806 382 719 565 607 543 569 967 428 697 920 664 801 53 914 551 182 996 651 642 824 508 54 510 13 724 838 259 761 512 474 775 557 407 781 497 503 197 389 714 758 588 54 740 984 642 431 76 313 398 899 599 
160 542 416 0 11 501 394 528 972 323 716 102 888 14 231 835 177 951 106 482 708 358 448 743 654 867 557 859 870 512 915 891 951 694 886 127 620 618 654 157 331 225 852 177 831 624 649 885 146 989 247 223 633 765 535 205 361 703 979 164 66 390 910 704 279 563 513 294 591 841 472 503 246 391 942 460 789 596 790 886 217 794 217 538 434 529 241 479 206 26 165 913 498 865 6 
865 362 353 191 0 305 279 527 631 36 313 717 876 650 962 645 324 469 890 353 916 24 189 671 560 806 613 828 782 445 116 661 229 432 888 982 546 256 657 734 411 886 893 159 397 685 389 693 313 703 519 684 281 808 915 433 830 73 703 949 893 954 369 641 401 296 3 916 160 898 733 546 203 110 453 3 141 258 383 443 428 539 723 834 879 959 959 851 73 48 879 836 911 688 157 
574 147 336 800 502 0 444 811 427 534 843 707 752 97 679 209 228 511 992 632 302 749 143 632 169 606 413 740 35 380 794 199 290 160 512 41 946 253 653 659 409 204 534 918 79 716 636 820 680 491 344 53 884 306 295 254 299 135 274 926 561 914 822 745 513 261 812 149 471 160 223 768 104 386 695 493 750 716 14 65 618 871 575 628 280 88 833 419 94 292 452 85 634 114 409 
448 432 247 444 119 936 0 590 648 814 265 322 127 752 681 674 260 194 985 800 470 331 387 615 679 308 137 481 313 868 869 338 415 613 998 1000 776 390 303 845 47 988 657 935 430 12 344 645 129 413 908 331 198 566 127 859 755 820 403 228 112 711 358 134 97 225 622 361 506 36 994 811 726 31 667 548 747 372 782 875 6 408 411 424 976 102 910 999 49 974 360 41 722 655 816 
191 686 275 884 802 80 809 0 755 652 440 943 759 475 200 791 759 661 234 922 578 306 187 335 33 569 157 956 328 697 449 444 579 822 944 134 728 196 466 442 878 353 43 972 356 168 324 723 399 54 784 549 867 857 458 618 249 130 647 481 72 551 1000 168 976 45 663 529 929 899 379 410 423 413 46 188 487 722 561 711 826 896 449 495 259 700 583 794 773 516 298 75 34 281 56 
937 730 134 78 482 360 422 590 0 33 21 315 991 241 16 983 581 317 800 534 665 488 20 217 903 354 32 732 427 693 174 479 325 544 218 31 310 599 135 447 928 651 404 330 214 291 562 276 361 274 388 16 580 244 638 412 935 472 992 11 673 294 697 376 244 201 61 210 208 852 421 515 740 412 757 314 827 836 866 166 455 782 321 807 746 949 622 901 221 702 920 455 274 293 444 
944 733 871 698 568 780 523 274 288 0 417 135 395 880 407 1000 68 479 436 721 425 329 265 215 894 780 69 526 358 452 77 732 246 155 613 640 469 555 960 431 216 216 939 248 81 458 729 642 343 386 231 655 80 348 677 364 740 217 875 678 135 256 133 324 327 293 265 206 737 681 486 63 285 994 209 627 321 830 637 709 320 6 981 46 226 648 266 195 443 980 929 807 691 470 224 
735 403 32 882 382 5 279 913 942 125 0 239 588 214 803 739 393 353 550 993 43 667 495 258 374 317 979 919 985 173 239 572 430 852 697 585 599 511 12 110 120 8 45 929 424 71 201 246 822 675 805 332 929 789 807 495 909 770 853 428 277 837 440 861 65 606 724 639 312 438 12 509 611 817 699 435 761 176 263 683 176 22 682 509 631 764 719 177 552 67 966 132 796 720 69 
988 51 46 517 334 879 291 388 521 889 89 0 233 776 777 695 18 512 818 721 488 395 467 970 77 399 177 532 878 597 498 122 978 130 654 539 466 572 945 707 842 75 656 376 648 803 507 947 743 579 464 503 516 914 710 972 735 607 75 186 990 924 946 27 609 474 799 454 47 133 751 147 320 716 329 268 477 613 4 520 200 858 603 915 761 43 252 588 423 603 514 658 450 110 316 
772 72 421 455 349 901 849 389 358 223 270 420 0 615 65 863 561 98 64 323 639 828 605 139 443 485 511 380 510 568 498 943 2 679 427 594 730 237 722 624 200 602 527 801 578 603 294 735 271 348 967 412 155 134 915 287 827 313 971 927 298 416 898 669 724 691 711 306 841 996 66 738 579 509 68 504 850 103 25 275 627 113 557 698 870 133 500 436 815 705 42 386 181 8 544 
133 69 250 943 593 779 528 517 122 799 788 926 726 0 852 725 592 213 815 218 711 629 381 736 580 543 668 170 405 630 609 840 655 526 309 214 973 92 104 309 2 615 31 843 400 77 389 790 891 50 433 662 361 18 744 726 721 525 718 447 166 951 767 837 632 643 127 253 607 734 459 219 428 990 304 121 1000 525 127 397 450 376 193 89 0 628 389 859 13 32 157 482 514 341 892 
149 238 894 344 903 721 541 926 618 275 121 573 523 670 0 611 940 565 849 630 624 453 661 170 271 514 425 749 711 856 706 171 450 735 562 519 60 551 393 473 790 273 624 892 434 965 290 962 395 761 850 439 299 713 205 80 412 616 962 278 169 562 443 439 627 939 175 416 65 679 839 189 137 766 335 626 908 89 476 775 244 694 115 200 576 468 228 785 68 520 367 205 498 497 836 
945 985 909 533 822 339 171 461 321 134 575 720 820 6 359 0 814 121 798 260 938 842 238 929 774 816 28 321 989 527 436 453 430 990 478 974 599 172 7 245 566 193 768 436 764 758 670 987 741 829 605 279 312 278 545 237 35 742 993 962 282 271 573 518 593 687 884 628 577 699 418 946 375 719 680 839 224 325 921 51 317 781 661 494 822 235 755 234 543 97 46 73 791 668 896 
248 65 705 631 914 362 713 562 786 420 218 63 553 81 134 874 0 665 955 893 214 496 741 931 511 117 479 744 743 508 168 221 584 440 692 474 732 259 491 706 677 511 556 962 957 835 308 145 354 24 79 838 66 135 853 465 551 551 461 85 709 865 428 39 820 903 756 599 21 147 395 793 409 324 616 131 892 206 52 775 631 244 915 595 50 135 673 876 709 552 354 93 763 623 891 
230 732 359 463 936 164 44 369 208 137 419 763 712 89 886 496 969 0 867 204 456 413 455 139 617 878 652 724 546 244 191 140 347 181 770 562 816 260 385 632 650 688 340 994 323 266 92 552 252 923 158 107 489 497 916 246 752 451 390 633 746 504 818 465 480 251 705 389 662 802 643 539 824 399 222 831 935 743 652 620 648 23 480 36 873 772 135 232 667 221 727 6 981 760 591 
613 818 819 719 629 820 462 632 447 209 347 538 787 24 842 155 993 212 0 27 558 850 948 327 366 537 332 411 887 983 170 715 276 861 918 350 224 498 521 912 557 892 577 691 492 749 654 397 280 881 714 718 451 461 12 417 339 238 664 486 629 642 841 435 825 47 688 450 166 497 640 565 43 583 599 358 505 136 243 38 853 771 289 517 369 53 63 355 240 748 444 888 54 256 731 
499 0 420 70 195 0 822 704 199 711 514 768 935 707 975 152 314 660 353 0 674 123 223 884 878 983 898 290 458 644 196 293 607 254 538 527 343 21 531 754 925 220 860 163 995 23 762 539 515 814 506 317 324 189 658 916 36 645 606 476 751 823 673 308 377 147 959 919 236 369 854 24 971 343 424 380 21 316 210 485 731 364 341 65 101 538 146 460 718 574 32 829 375 539 155 
478 536 854 622 208 598 238 756 17 821 782 424 817 201 473 637 99 623 275 247 0 101 244 635 344 264 822 890 883 248 49 72 749 816 973 506 466 859 534 168 576 130 175 26 87 744 624 40 383 279 421 430 966 286 531 986 568 422 408 666 859 915 74 361 825 719 971 763 323 599 484 406 879 338 535 238 650 319 852 822 88 532 227 285 62 195 177 282 73 353 758 399 24 536 969 
663 177 431 366 941 676 971 929 729 248 990 304 828 44 995 440 215 87 165 955 787 0 208 966 210 950 515 874 679 604 459 616 213 921 741 250 37 928 283 671 472 435 153 737 659 91 289 510 603 921 301 135 867 932 163 555 47 54 447 857 716 116 588 338 731 59 429 925 73 650 152 538 269 931 510 258 75 950 623 966 768 439 972 382 144 407 234 50 333 506 332 403 415 942 50 
234 20 581 148 541 427 109 19 74 18 580 207 228 113 882 335 673 830 261 969 268 145 0 495 675 768 417 243 909 698 388 16 539 295 146 367 518 99 721 158 225 824 918 159 200 34 91 747 684 996 184 589 213 980 691 6 886 217 399 715 671 849 621 789 231 158 273 193 164 206 566 92 98 563 713 167 355 794 467 485 21 828 573 334 614 383 185 139 971 492 593 970 6 50 123 
520 296 228 551 645 302 144 933 729 47 38 471 466 339 636 797 264 996 383 571 928 985 475 0 531 50 125 460 989 913 733 582 654 746 946 876 871 162 177 534 830 468 582 173 260 147 989 625 633 495 818 132 844 538 324 352 238 531 355 79 959 209 52 481 977 632 634 899 765 729 238 724 728 172 769 882 213 298 574 741 858 92 310 595 409 235 475 873 432 982 787 281 211 753 725 
363 665 153 791 421 278 760 113 889 331 362 33 185 842 5 689 561 70 654 192 513 469 773 838 0 236 656 65 194 161 164 508 671 605 224 72 12 748 231 769 717 663 427 639 686 664 460 235 455 407 556 631 767 79 311 811 998 927 157 417 699 27 858 790 222 499 958 181 315 935 577 717 527 434 821 536 366 929 999 828 395 569 429 12 222 989 659 731 521 898 414 84 606 986 288 
133 247 3 540 865 666 995 63 891 406 857 569 163 380 353 113 869 506 52 653 477 263 248 750 216 0 810 656 929 117 479 982 639 386 993 372 285 974 417 895 856 161 241 785 800 210 676 182 30 682 308 723 607 261 363 208 870 329 787 383 980 332 338 471 514 939 902 877 941 817 925 636 876 444 697 756 540 15 858 766 15 691 751 889 18 356 648 849 215 346 475 632 152 232 535 
506 604 915 497 123 635 317 648 409 898 908 598 495 498 841 32 800 792 585 760 724 908 854 145 259 654 0 692 267 433 114 312 484 220 674 757 197 886 158 938 68 900 760 587 597 869 169 958 423 944 700 158 690 417 543 363 695 867 418 54 913 596 498 469 469 251 461 821 968 45 501 461 52 44 39 232 800 373 62 155 474 973 452 481 260 97 247 11 36 930 526 923 944 663 259 
692 798 42 798 371 613 678 840 160 952 394 216 477 700 594 85 747 661 710 70 484 223 55 933 353 548 48 0 930 108 139 202 246 948 110 768 628 343 197 626 45 884 420 734 95 791 255 57 911 735 785 352 79 684 96 689 689 49 907 684 459 221 628 651 904 744 598 306 261 710 962 10 131 275 976 785 413 568 578 899 210 863 426 392 258 769 111 427 432 540 620 365 317 128 272 
394 228 651 301 29 937 538 279 336 159 56 488 589 926 686 472 374 272 558 323 688 155 517 746 73 133 796 813 0 774 767 971 37 444 97 362 350 586 517 617 77 291 421 194 795 479 89 278 335 208 645 186 511 408 671 388 857 619 87 303 156 616 783 376 230 758 983 23 212 158 413 773 596 794 128 642 475 664 730 179 715 574 18 93 627 393 226 283 377 104 426 768 605 167 648 
624 154 508 701 439 274 495 975 217 348 657 943 506 819 227 412 310 311 221 416 651 702 370 867 399 467 58 253 523 0 122 552 5 135 540 348 605 922 369 374 65 312 610 128 887 806 635 819 716 729 434 889 934 836 429 283 593 538 915 204 311 447 188 74 949 501 340 437 641 167 710 944 240 172 76 166 484 386 674 718 670 413 789 61 646 582 498 262 569 97 260 410 270 813 46 
10 325 779 893 292 670 680 819 502 409 607 907 225 463 122 440 51 99 761 441 448 680 847 42 418 321 248 936 700 62 0 153 932 89 146 522 758 551 507 94 199 212 184 893 142 774 883 338 271 92 78 77 133 572 125 772 713 320 398 921 307 321 505 549 902 117 57 520 373 592 762 615 29 956 160 763 675 942 15 139 245 976 455 830 955 906 172 534 724 726 326 69 358 338 529 
972 842 131 870 26 405 568 487 579 248 480 659 445 289 59 77 220 853 456 227 426 41 722 715 824 737 747 924 700 827 428 0 795 313 739 606 260 521 716 479 154 229 998 785 930 627 518 290 308 765 407 785 626 740 552 461 570 137 17 321 911 223 878 218 959 414 477 434 722 188 692 628 895 337 140 894 291 343 770 813 454 289 71 601 361 680 248 231 838 398 926 190 991 635 34 
958 423 727 117 765 752 595 736 206 337 6 910 422 870 268 441 36 85 522 736 457 329 203 21 242 78 991 213 557 381 929 207 0 575 280 434 599 60 818 924 149 138 970 534 861 172 691 729 469 575 650 616 346 986 607 84 564 446 583 326 453 238 800 713 309 746 480 993 337 551 482 381 186 778 508 132 653 508 1000 208 809 620 822 76 295 485 2 732 317 179 65 970 272 827 334 
953 694 356 833 560 383 904 622 12 940 301 602 511 46 836 684 118 473 190 9 904 350 872 355 187 38 558 518 583 820 148 491 409 0 602 757 471 273 61 587 227 666 431 217 669 283 217 425 993 673 766 758 145 756 745 962 563 931 232 248 932 867 392 569 223 924 170 455 200 773 918 513 280 550 786 187 800 438 414 201 571 991 685 718 410 205 896 521 509 990 602 857 989 874 819 
655 325 367 20 818 265 812 277 696 153 149 518 742 104 315 210 650 354 119 301 644 804 574 177 215 575 99 430 226 282 994 374 68 477 0 202 891 612 873 822 702 599 311 585 607 131 106 42 771 463 736 77 35 676 797 441 952 363 86 369 584 411 578 463 578 892 861 91 828 902 395 574 13 187 629 796 254 619 892 814 381 410 229 460 39 143 757 173 828 605 84 416 973 533 932 
609 472 298 519 233 219 664 974 852 653 939 21 916 800 247 797 796 968 602 822 279 676 300 915 776 523 216 202 97 4 708 432 190 240 210 0 546 236 592 596 390 405 895 77 253 27 292 474 916 64 598 533 730 133 580 4 517 849 772 251 67 203 731 534 630 348 640 756 2 856 100 276 863 752 53 949 91 269 648 205 762 813 179 373 332 526 292 860 798 104 883 663 561 763 272 
471 293 722 359 884 698 939 544 881 705 96 983 779 674 705 920 149 592 741 998 644 821 631 93 972 105 536 766 992 370 891 469 403 660 878 465 0 565 571 761 44 435 425 649 565 635 698 305 321 856 228 215 743 704 96 141 609 953 452 192 591 346 623 895 122 328 267 580 738 293 562 784 981 783 715 558 991 539 262 832 523 555 892 406 973 195 520 213 111 730 731 662 479 132 243 
924 215 877 438 451 497 327 908 641 289 637 328 556 513 763 344 757 885 366 187 406 683 305 85 33 523 136 520 261 426 3 156 449 15 750 692 547 0 880 797 932 279 519 561 529 174 672 155 639 361 208 375 446 837 835 865 726 937 212 674 705 489 763 299 478 380 5 540 987 829 734 254 431 468 72 550 327 989 993 527 707 938 760 872 120 762 415 445 673 974 880 829 243 292 98 
756 890 874 939 596 975 113 516 359 381 127 957 783 140 683 509 539 380 799 547 893 358 416 315 962 39 128 813 41 656 525 214 201 871 904 89 419 890 0 465 33 599 693 253 788 477 863 82 812 877 955 249 467 804 565 882 840 497 397 162 141 982 2 448 616 129 857 847 687 840 853 582 296 194 972 119 21 285 591 270 348 612 248 540 917 914 167 698 648 573 566 336 651 332 718 
713 642 685 635 841 602 983 79 888 996 888 229 347 922 297 666 437 200 7 879 53 866 274 434 378 100 906 193 826 813 906 116 626 176 757 232 35 994 195 0 625 642 894 468 958 291 131 571 733 932 831 161 855 775 511 372 471 760 402 389 123 389 301 910 237 768 254 380 466 166 370 400 206 525 145 249 899 858 886 886 674 805 564 999 904 884 687 343 9 949 247 933 929 299 737 
348 257 850 571 824 715 674 531 273 511 288 205 207 197 851 18 761 957 102 931 205 771 0 719 760 783 845 410 845 165 79 319 586 295 105 645 859 895 796 183 0 413 925 928 538 847 643 31 635 73 839 449 471 535 679 148 833 255 541 612 885 532 830 748 717 925 517 892 886 367 15 229 753 752 949 993 151 584 238 762 748 357 689 722 161 43 925 559 76 986 719 501 73 512 935 
934 402 627 441 609 322 874 649 837 91 42 356 315 667 777 887 96 513 838 5 461 431 122 389 807 587 447 128 219 913 224 202 88 419 714 476 323 899 876 230 370 0 375 382 715 928 119 837 628 787 92 103 244 811 687 785 327 118 494 196 750 620 447 731 661 459 819 759 37 887 982 62 83 936 711 637 934 538 570 61 820 21 414 861 396 148 593 170 97 366 328 568 519 48 563 
319 577 580 51 503 419 352 727 650 446 238 606 385 230 490 220 955 79 464 482 541 668 687 263 48 471 649 463 755 34 337 5 25 489 67 191 119 515 788 384 604 683 0 175 798 168 380 779 628 234 7 595 157 866 869 899 560 175 427 333 70 84 244 428 583 33 306 914 970 53 498 912 957 347 165 49 397 812 125 306 384 730 172 234 843 612 969 876 601 821 667 148 53 651 55 
158 542 925 758 585 756 698 301 56 625 140 25 874 301 703 558 535 98 430 699 855 269 670 352 799 965 398 274 404 641 822 135 150 552 419 754 248 161 101 516 351 66 931 0 463 700 963 711 94 228 149 274 573 862 317 852 96 189 359 1 905 532 280 617 539 703 597 122 18 185 727 844 264 797 731 254 40 474 922 55 544 195 559 58 714 829 444 632 692 589 735 262 676 504 141 
321 98 19 759 497 622 876 846 254 828 954 49 482 805 799 976 133 731 20 533 770 226 532 778 711 214 889 667 79 444 156 147 160 10 926 324 591 505 520 297 560 796 492 239 0 876 972 494 658 452 464 334 886 869 246 391 740 447 338 449 348 370 717 666 307 679 634 591 161 360 562 671 785 225 834 551 896 271 809 225 959 981 29 993 843 177 902 504 759 656 341 358 810 73 968 
967 97 470 843 209 332 566 379 491 76 60 443 141 116 646 555 163 268 88 500 536 354 906 856 95 287 817 712 288 710 822 535 995 377 39 407 340 958 126 333 911 282 305 322 765 0 981 408 164 982 562 893 77 23 793 372 42 175 726 856 919 665 687 327 178 782 110 241 880 761 352 226 219 677 690 336 394 748 316 80 165 252 208 778 841 626 956 93 377 998 891 909 727 419 250 
839 24 602 124 880 207 488 25 127 884 795 720 92 438 648 985 783 402 555 944 855 158 280 423 822 336 999 346 524 702 532 955 182 917 710 919 551 15 128 0 830 456 609 261 607 522 0 811 694 559 250 546 294 380 216 447 311 213 327 84 509 309 916 946 112 126 765 412 761 84 680 241 16 74 880 206 145 685 101 729 729 678 166 246 204 394 539 425 89 232 461 508 680 446 2 
559 135 882 530 58 37 190 740 611 106 662 227 94 914 938 164 383 878 850 279 531 319 874 418 960 790 49 525 175 191 376 271 894 967 658 751 21 811 462 118 757 721 900 976 153 96 195 0 279 554 462 695 46 108 240 897 499 547 955 118 903 230 164 708 317 569 476 461 179 825 295 256 199 962 689 715 92 554 726 396 203 116 529 927 196 195 654 374 633 46 7 285 470 634 159 
274 864 853 267 226 700 928 899 858 453 653 650 878 187 9 261 759 382 424 977 355 443 56 716 237 729 559 87 611 493 695 49 751 708 637 523 927 205 641 726 645 66 604 305 699 48 917 575 0 608 858 567 864 17 149 255 304 987 244 11 556 129 407 941 358 195 417 397 317 20 741 518 193 618 600 770 472 397 648 478 396 165 883 950 808 238 791 178 159 920 404 231 439 773 971 
534 30 44 257 293 150 509 837 285 358 544 743 813 147 690 653 627 139 851 64 379 959 567 702 429 927 871 878 149 660 646 582 384 924 783 19 181 5 612 844 101 959 821 542 612 133 320 536 686 0 534 78 581 502 846 165 404 275 78 879 613 807 346 691 709 341 942 973 850 851 935 341 813 893 231 623 678 188 668 525 972 119 269 431 916 648 74 966 578 365 328 955 264 389 454 
1000 139 863 882 239 826 58 636 894 282 303 707 286 30 313 330 853 805 164 250 801 837 186 18 36 669 610 221 424 201 99 470 813 711 828 544 709 711 497 386 94 598 745 791 578 990 784 322 770 659 0 318 491 593 731 469 793 738 277 794 962 41 674 421 950 827 130 224 249 63 281 66 426 564 487 335 634 621 888 187 344 690 311 26 295 240 261 418 642 744 861 50 277 219 729 
381 74 721 637 445 92 947 457 445 481 39 222 366 566 221 876 771 614 81 83 373 198 710 739 603 585 831 870 221 3 734 586 12 626 922 585 805 981 607 808 49 2 851 55 848 501 202 954 188 732 818 0 328 383 866 278 309 557 335 568 856 313 310 609 900 940 457 959 758 590 189 5 304 915 845 26 235 823 880 39 605 891 404 8 23 909 842 825 159 607 298 790 688 104 933 
995 897 199 358 807 209 88 260 755 811 910 501 906 304 586 476 441 754 406 514 423 65 672 185 959 130 165 617 964 180 638 356 793 61 68 576 612 655 678 689 971 435 873 287 230 119 767 766 502 695 570 353 0 991 115 553 98 735 24 578 969 676 830 367 560 64 546 655 445 326 168 458 867 504 698 606 33 215 338 663 979 566 91 883 503 381 973 463 510 724 325 593 569 392 514 
167 49 801 37 567 70 439 701 67 569 772 339 782 172 100 748 569 151 600 172 322 952 612 224 700 946 454 453 593 227 75 935 800 288 526 571 316 662 933 180 805 723 3 939 663 304 849 85 773 853 325 895 306 0 896 683 881 70 434 435 923 513 866 978 652 88 625 46 131 178 109 783 524 259 274 824 621 598 118 175 447 294 169 848 969 351 814 308 271 587 657 212 465 771 466 
117 812 350 248 766 573 152 898 86 282 856 718 997 122 18 148 607 926 599 837 234 11 433 12 833 763 933 0 801 828 163 372 183 700 774 122 697 354 574 803 397 303 370 533 736 916 347 989 297 767 399 353 257 77 0 379 250 707 300 875 776 37 583 290 401 259 416 728 775 998 910 479 284 408 589 206 577 147 327 288 3 755 142 103 645 636 927 480 589 551 714 318 258 826 412 
669 635 722 952 447 90 697 443 638 925 209 767 528 780 313 535 43 759 843 413 896 117 138 560 89 1000 526 755 344 181 728 551 707 430 232 102 522 658 74 447 128 969 193 757 315 2 642 978 278 949 4 255 692 191 11 0 65 196 281 351 809 11 987 646 169 90 753 372 532 518 74 713 548 880 900 885 506 992 127 108 735 256 204 755 551 877 90 809 357 658 975 20 776 19 704 
381 149 662 573 310 409 709 281 265 113 477 231 769 217 70 222 529 274 459 351 319 746 298 498 42 915 309 70 273 234 768 137 252 651 458 955 765 648 486 458 947 636 183 883 119 7 711 551 274 716 31 644 490 397 869 232 0 617 330 382 119 518 28 554 854 259 270 91 733 840 296 987 872 476 432 471 382 45 808 230 41 666 421 257 839 608 807 846 445 587 651 131 712 141 149 
389 4 117 494 495 739 74 616 37 450 325 1000 540 136 925 901 806 248 135 315 145 763 241 90 703 629 276 541 948 329 538 245 240 270 89 257 284 30 326 821 385 577 31 489 619 192 529 79 172 199 804 15 333 863 80 288 460 0 403 512 533 801 838 853 523 715 143 350 586 201 501 331 54 151 584 847 392 184 190 220 833 480 663 693 694 774 606 612 512 571 709 529 717 950 344 
835 405 916 516 22 418 213 40 660 349 808 549 244 581 202 737 728 285 732 576 140 965 643 735 435 916 931 351 745 639 360 433 392 696 549 54 732 899 227 480 316 648 648 522 197 267 245 272 417 650 144 88 829 868 670 10 904 759 0 368 210 422 470 266 281 870 175 3 871 245 130 104 591 188 856 756 222 535 913 206 447 412 591 942 877 374 459 57 469 797 872 699 531 219 765 
518 409 59 52 82 978 573 628 523 103 667 11 879 692 952 860 907 962 737 942 693 315 444 569 710 723 994 626 311 394 782 598 907 372 329 420 269 612 676 262 261 700 938 108 847 437 41 234 64 849 29 704 833 696 492 908 288 52 309 0 294 250 973 19 771 125 703 583 459 18 954 270 220 336 702 867 762 873 835 479 379 169 209 228 325 700 583 649 430 958 690 173 221 611 913 
999 397 86 258 543 821 452 306 218 818 817 189 332 613 579 812 667 462 895 704 18 211 800 258 589 277 285 840 720 661 417 109 246 92 946 771 155 337 704 653 486 992 534 182 926 625 902 923 950 102 923 289 59 216 939 186 788 342 914 314 0 315 157 697 187 96 999 87 360 9 104 99 607 234 461 447 414 659 439 317 257 500 693 666 38 465 101 170 305 734 107 299 676 483 208 
616 868 150 151 634 208 614 74 988 218 880 539 150 439 578 447 13 657 515 640 336 233 138 666 850 316 494 306 882 695 871 454 994 378 322 203 412 658 808 171 797 311 661 720 450 399 664 409 124 986 124 531 300 259 338 337 898 907 174 953 761 0 558 150 324 786 265 886 468 147 135 250 697 795 32 450 531 629 488 174 343 97 576 543 637 73 875 429 466 515 204 862 38 961 713 
766 379 804 541 444 302 639 182 279 853 744 19 715 818 703 855 581 459 983 532 434 149 892 128 820 351 259 935 905 173 277 502 163 613 855 141 259 986 602 910 431 707 268 436 547 191 847 991 709 403 739 579 682 720 563 27 813 934 498 366 581 894 0 247 579 74 939 551 320 368 693 244 953 815 520 94 814 666 896 360 408 300 341 490 377 107 148 114 386 399 13 480 808 175 939 
576 956 958 910 405 926 845 740 920 969 240 267 858 337 481 7 807 178 617 217 504 47 175 665 419 69 531 428 905 178 728 970 409 56 116 218 867 771 147 47 531 899 851 438 55 851 641 825 868 866 99 23 856 34 933 456 861 913 783 466 764 169 456 0 310 541 371 714 498 140 774 400 164 550 70 305 125 780 983 790 907 345 40 946 613 937 230 394 838 352 12 796 965 720 207 
187 238 240 366 262 886 24 754 505 687 751 35 637 950 993 122 986 355 805 765 439 199 322 768 699 484 532 743 551 11 864 739 602 380 157 97 631 624 277 942 237 93 600 720 553 99 69 252 269 622 103 394 798 936 424 240 827 107 903 69 932 26 108 682 0 395 336 620 594 471 82 484 994 1 270 47 978 903 948 779 128 663 489 572 672 177 138 871 513 484 828 326 351 98 318 
288 257 998 350 211 388 177 494 354 277 371 547 841 516 369 745 32 614 253 31 162 589 86 359 553 834 989 581 427 113 121 645 252 644 348 313 725 337 527 666 857 513 368 171 170 96 913 546 569 718 92 368 90 74 763 694 9 318 603 29 994 861 121 594 983 0 397 677 940 48 900 760 603 963 461 857 669 163 972 233 616 415 359 513 626 375 352 234 840 772 622 988 849 438 464 
691 770 848 402 908 529 908 993 748 1000 768 859 578 850 427 914 389 90 556 838 829 788 393 181 69 64 673 25 863 31 178 9 60 369 48 434 507 741 683 330 163 105 210 778 444 933 85 55 607 860 614 783 152 907 633 582 751 411 18 535 685 34 399 197 458 857 0 443 557 85 711 161 12 752 64 439 300 372 593 614 752 220 237 825 36 325 218 29 472 422 647 279 134 627 259 
812 59 751 224 19 473 702 287 977 379 253 23 403 421 9 571 573 67 37 779 312 315 445 235 655 242 559 285 536 11 788 270 237 791 137 620 128 566 152 166 760 510 69 408 45 309 221 497 142 795 886 860 655 486 990 548 529 577 431 767 523 567 773 307 309 229 227 0 920 149 453 23 663 312 706 144 821 379 662 663 314 642 294 503 936 823 350 91 597 937 370 835 346 255 141 
561 304 919 936 265 801 681 434 810 846 755 615 582 485 931 814 713 741 517 382 484 793 933 150 7 997 848 745 822 233 833 162 882 474 919 914 840 59 230 680 847 728 302 575 11 665 90 114 66 26 0 31 146 592 26 689 380 302 431 940 786 626 179 256 439 438 61 684 0 725 67 64 937 30 512 588 462 476 987 227 274 465 374 675 69 230 87 74 275 186 446 407 218 574 180 
525 155 611 958 785 693 17 803 521 630 938 978 989 294 60 63 354 908 11 675 93 976 454 133 6 614 76 50 90 95 146 404 748 376 138 112 602 557 254 441 671 591 579 776 25 501 427 695 845 695 406 228 324 239 224 723 521 99 405 462 716 812 293 905 375 339 455 977 693 0 345 355 993 270 433 822 300 252 501 68 272 524 235 557 714 982 669 68 738 362 841 644 281 519 24 
559 811 394 189 877 652 194 799 808 848 162 696 158 777 283 21 517 418 272 24 909 82 854 339 850 889 54 787 497 877 226 244 863 629 856 172 203 716 637 154 111 532 100 149 998 365 366 105 917 196 71 487 720 689 192 912 677 724 950 906 644 421 943 557 629 575 940 748 896 376 0 724 777 312 255 136 772 188 109 666 457 384 873 418 902 479 777 425 545 688 814 502 372 684 613 
278 361 531 697 758 226 37 371 229 753 500 533 252 303 481 147 565 971 518 519 59 931 207 78 767 640 507 162 665 652 106 36 450 172 848 375 65 366 297 177 710 649 813 984 936 756 258 336 936 632 557 611 250 564 181 101 885 140 307 31 385 385 70 606 877 598 663 424 210 818 474 0 658 982 485 377 325 129 671 512 250 666 31 557 730 823 644 812 892 66 170 985 797 105 367 
554 305 261 407 487 255 370 616 643 556 584 581 956 61 161 740 171 399 787 548 739 59 280 653 885 247 752 470 244 336 659 66 711 590 279 298 869 808 476 90 982 507 428 676 658 255 724 872 352 312 828 182 971 338 571 69 473 167 389 176 605 539 9 515 843 932 463 191 711 358 224 905 0 192 109 164 179 444 820 298 639 773 281 539 633 931 989 358 534 238 903 584 132 968 448 
584 524 160 325 959 699 717 61 725 633 254 809 502 576 822 639 458 432 965 635 169 755 445 949 338 305 699 861 778 795 291 779 30 558 540 724 772 294 460 756 347 222 882 540 503 586 400 431 237 881 662 608 945 80 820 937 216 752 592 446 533 420 794 840 416 699 433 952 566 517 588 785 156 0 444 75 411 669 522 283 789 433 698 155 875 944 935 355 194 118 142 895 963 28 21 
841 564 509 672 128 263 63 428 928 895 819 668 456 260 413 894 458 223 7 725 898 872 630 496 317 596 340 460 337 268 592 25 945 401 324 674 984 61 812 644 517 361 925 804 101 4 477 69 885 142 343 679 321 74 528 481 698 184 224 868 123 831 278 909 859 463 599 838 563 122 980 531 124 239 0 132 944 692 713 587 5 224 224 637 872 526 313 598 963 839 546 376 586 437 438 
867 841 310 455 685 20 489 611 60 932 173 415 821 315 817 58 937 997 776 487 334 740 470 779 442 29 276 798 101 632 448 213 736 271 75 561 858 343 532 757 663 966 521 617 725 627 454 219 954 768 923 879 814 757 502 721 335 529 414 873 225 241 750 931 303 7 145 867 283 805 431 43 396 803 154 0 705 199 22 87 512 546 199 921 276 341 60 486 564 317 225 968 828 279 434 
907 859 879 555 111 720 794 109 191 441 844 655 759 32 246 629 684 595 148 883 270 916 572 69 838 786 802 50 850 861 565 977 722 132 509 32 990 870 412 570 791 793 99 755 297 350 854 948 559 681 868 783 665 277 563 659 387 312 810 318 139 107 907 258 585 627 447 523 691 48 626 734 117 185 706 163 0 380 195 282 589 759 781 211 723 382 351 271 709 174 169 163 929 454 965 
649 975 168 283 698 93 32 528 898 177 111 423 262 440 805 534 553 649 883 383 984 356 335 28 358 549 490 542 435 457 623 420 571 925 468 443 755 321 160 617 285 640 292 330 639 425 330 723 31 817 63 151 147 244 898 372 395 115 997 197 3 167 265 706 217 598 892 164 840 599 459 544 16 440 792 949 300 0 304 863 376 342 255 812 120 511 743 74 562 953 236 315 127 517 577 
313 179 605 364 319 912 917 101 908 842 796 647 756 626 314 42 925 642 975 969 808 333 820 53 641 828 343 184 876 696 656 815 577 886 804 516 208 369 532 909 501 979 748 772 909 29 297 522 423 837 166 146 543 332 905 931 928 441 881 176 27 78 53 336 396 888 766 784 624 534 624 257 109 660 108 54 262 668 0 28 390 948 56 468 882 20 154 209 582 107 517 204 308 415 433 
992 408 664 863 807 929 511 445 116 161 637 227 778 570 341 147 740 24 302 828 304 307 628 444 851 930 154 683 354 636 712 905 891 859 818 575 469 269 142 260 772 121 678 26 742 265 263 543 395 548 503 915 57 111 535 719 170 951 84 979 898 498 985 403 666 901 56 379 491 601 387 6 311 975 521 809 302 543 348 0 536 166 836 637 499 862 485 562 171 153 850 725 708 302 764 
657 733 858 229 77 905 388 963 438 480 53 820 533 489 871 893 616 391 970 987 514 940 95 895 375 280 889 951 201 344 640 225 108 771 687 53 782 562 776 478 806 60 598 643 229 809 260 318 790 615 494 923 266 878 906 601 967 687 124 919 658 619 398 139 528 316 511 850 481 34 163 859 184 740 745 482 428 284 788 252 0 622 629 293 75 975 553 356 245 951 886 127 938 953 733 
97 549 671 675 40 632 236 257 176 851 717 590 138 688 638 798 486 386 747 22 934 161 944 821 725 590 623 428 245 114 150 122 390 288 732 839 899 909 715 732 94 349 299 458 806 211 277 62 667 204 423 590 90 45 17 335 192 308 343 163 357 656 316 715 463 331 110 767 177 285 800 37 191 152 498 506 819 694 428 600 382 0 450 789 341 71 122 843 390 625 879 705 401 528 219 
68 67 659 87 912 431 651 510 702 90 646 262 116 1000 673 883 101 847 587 137 401 615 666 697 946 428 131 746 6 463 975 649 75 326 181 795 602 921 300 698 837 474 741 304 943 966 389 24 312 897 52 895 943 983 27 905 384 251 305 47 208 880 713 887 207 519 392 435 605 841 362 765 593 612 151 24 659 767 903 275 916 343 0 112 422 260 776 673 458 118 96 2 118 978 981 
593 1000 911 563 889 199 657 364 891 14 613 935 691 698 725 212 875 324 519 264 807 96 91 460 894 80 158 296 331 953 910 232 417 519 880 142 453 791 47 63 849 405 352 996 369 838 467 411 301 16 104 580 450 29 347 924 898 947 47 543 649 200 666 660 8 851 813 607 714 642 226 733 886 33 393 186 692 442 219 148 429 78 366 0 23 479 285 337 809 152 220 994 336 52 358 
347 418 371 315 709 139 316 622 853 105 512 993 499 410 177 559 476 949 626 449 900 631 740 335 327 744 676 926 20 722 956 363 14 72 47 48 234 348 628 266 641 484 819 627 223 708 475 538 67 652 210 541 45 888 915 284 135 698 373 70 356 41 299 68 403 5 915 784 431 168 460 182 351 813 971 470 754 494 426 476 935 717 795 264 0 655 739 817 735 937 745 67 437 146 144 
787 629 924 353 736 13 178 686 860 190 921 522 385 902 809 160 108 988 919 57 788 146 111 881 334 708 780 779 47 639 462 426 517 579 393 622 764 762 954 511 372 22 957 436 671 366 109 1 555 984 198 389 682 414 353 370 310 852 698 276 687 89 844 555 116 28 665 150 754 246 322 45 157 635 932 796 373 386 308 591 274 818 547 248 205 0 748 535 788 370 714 647 753 747 479 
444 100 609 400 491 240 597 148 877 304 229 140 676 788 456 271 158 446 252 333 290 819 439 679 952 554 334 532 552 649 409 254 359 785 468 177 172 364 652 670 372 985 913 159 773 28 805 386 794 728 963 101 589 819 580 832 538 851 258 242 955 295 840 506 435 940 97 651 299 978 160 499 890 417 855 418 378 520 578 20 288 502 95 372 315 298 0 657 807 38 226 262 349 323 813 
940 818 893 959 583 468 200 786 211 743 857 832 879 88 362 310 433 353 948 719 609 939 124 739 761 182 689 504 243 340 74 432 833 602 357 775 215 683 348 654 68 582 14 435 848 274 435 390 656 865 383 928 819 316 266 170 226 986 556 731 983 762 663 394 18 825 943 866 484 273 324 364 434 141 547 777 95 35 515 516 576 788 478 292 505 202 306 0 722 503 493 546 957 125 159 
445 633 348 435 266 978 502 116 864 129 358 840 124 160 943 907 842 906 415 209 827 532 632 913 855 340 80 464 438 373 844 939 900 840 325 20 119 760 762 204 424 653 995 402 509 171 261 688 348 722 200 999 596 29 397 659 600 748 582 368 320 499 804 749 783 433 407 615 302 678 559 733 360 969 322 993 16 157 919 958 651 616 391 659 700 341 82 282 0 161 454 440 969 244 573 
574 324 110 29 971 858 868 842 463 319 278 337 367 2 485 282 178 490 720 719 616 922 431 193 713 41 210 684 541 224 937 569 248 243 203 85 34 556 478 945 313 358 525 364 987 21 60 570 177 716 360 118 626 999 783 868 987 982 38 808 157 84 486 93 704 23 932 14 886 50 273 824 356 886 661 639 838 260 918 410 992 573 561 225 863 791 986 579 665 0 858 393 117 591 60 
551 970 285 863 796 154 5 960 243 484 35 666 974 788 609 659 845 645 947 830 890 949 189 463 201 481 680 327 592 2 245 167 140 173 840 268 998 469 496 578 342 966 62 131 77 330 194 911 868 669 552 87 836 83 129 801 584 821 987 205 306 163 286 883 433 394 844 402 475 80 997 944 394 205 632 37 494 535 160 729 235 543 770 818 356 103 286 387 157 701 0 981 431 142 60 
115 262 788 891 411 125 933 553 990 662 79 829 757 649 614 944 669 176 754 433 347 214 100 482 990 769 234 736 769 721 638 427 798 402 453 964 727 75 718 878 656 724 128 302 264 635 482 917 710 862 882 122 590 461 127 626 625 288 80 770 692 553 980 576 474 728 896 50 935 108 23 178 726 927 322 305 371 796 75 770 844 410 847 506 542 474 192 18 35 626 255 0 840 807 945 
236 676 184 665 422 662 937 342 383 503 127 727 563 941 653 263 323 968 743 613 972 161 564 482 319 922 461 114 232 780 138 848 218 325 626 887 521 238 497 546 589 535 440 874 1000 757 79 38 440 71 110 362 872 810 577 790 924 759 968 48 25 132 35 651 72 687 148 275 402 466 690 544 485 733 759 135 461 725 693 666 74 736 478 539 7 269 252 808 713 978 642 24 0 911 383 
299 765 359 464 236 169 630 789 864 458 962 188 182 982 20 660 347 182 534 276 177 112 743 971 269 433 9 728 414 205 324 632 768 517 848 537 930 332 889 939 257 504 997 181 485 625 953 394 89 906 624 247 735 165 541 875 190 813 221 762 581 441 977 82 247 89 280 890 916 541 208 949 31 613 779 648 107 146 121 57 746 776 128 180 401 882 935 913 458 826 31 522 379 0 7 
74 994 290 178 370 811 923 183 253 971 447 508 634 541 570 409 18 951 200 468 465 949 727 676 54 721 862 447 568 366 783 264 814 44 565 569 936 659 396 436 208 858 110 339 645 653 937 94 218 915 346 881 310 617 444 661 252 860 853 723 285 735 465 225 9 20 342 661 190 599 78 332 10 638 760 899 79 42 304 951 817 705 530 743 285 216 185 551 982 684 332 169 663 344 0 

Depot information
2130
1925
818
1963
1400
2502
2021
2837
1024
2878
1744
2074
1038
1418
1513
2409
1102
1981
2459
2862

Customer information
21
23
18
20
22
20
23
23
20
16
22
23
22
15
16
25
20
18
25
21
20
24
23
22
18
25
21
20
22
25
16
22
18
17
25
21
24
18
16
18
21
16
15
19
25
17
22
23
18
17
18
15
21
19
19
22
24
21
19
22
23
17
23
20
15
18
20
23
21
15
17
21
24
17
25
