Seed 125 - Instance: n80m20_2
n 80
m 20
Q 231
L 0
U 1000

0 637 221 733 733 279 392 303 163 683 985 2 638 953 640 10 599 554 303 792 732 877 741 204 301 808 540 209 142 900 589 539 870 383 570 119 425 810 203 87 161 214 732 225 242 457 384 473 527 302 604 332 958 109 99 514 894 217 720 645 967 335 815 169 190 395 612 603 985 255 372 585 727 963 988 336 64 787 261 405 501 397 671 318 840 606 572 556 850 157 441 615 167 104 150 17 926 879 998 805 
657 0 522 865 518 599 997 875 988 959 665 174 656 361 439 873 846 45 756 58 802 328 322 530 827 53 494 897 618 938 80 352 562 201 122 639 450 918 688 453 890 403 581 706 489 579 413 319 301 527 845 567 607 948 387 708 987 415 790 300 744 1000 793 585 210 524 63 940 405 930 218 429 138 89 303 297 891 467 984 928 774 679 293 830 372 108 474 845 603 492 306 826 366 440 70 59 400 423 199 837 
75 66 0 815 480 483 242 774 460 935 404 603 231 459 654 427 747 535 232 193 648 282 311 111 850 650 793 390 639 788 595 527 492 471 898 871 476 968 592 204 26 516 32 653 581 573 302 970 76 825 888 521 96 998 909 11 895 368 830 720 475 515 497 395 992 961 93 167 743 719 594 521 897 81 994 27 385 798 743 118 912 86 191 616 959 324 483 888 613 978 18 823 924 667 360 924 588 892 214 579 
434 563 497 0 281 675 657 753 912 186 890 884 542 769 112 448 746 24 505 694 212 504 640 956 844 921 8 781 4 805 15 828 509 540 850 324 699 703 782 691 249 75 839 161 729 717 429 920 85 450 844 437 790 11 138 85 287 908 399 615 858 191 171 500 94 292 489 0 201 677 700 394 46 157 413 283 338 67 857 315 194 661 21 835 940 758 375 316 439 286 299 452 336 867 577 190 498 483 544 525 
41 124 50 656 0 393 682 356 845 472 492 363 289 212 604 981 194 287 250 101 975 664 8 277 144 373 628 859 933 638 274 649 899 704 848 60 389 324 38 776 24 366 129 234 687 699 696 726 585 800 885 980 508 902 912 64 627 443 745 994 85 495 90 532 487 556 895 41 324 790 410 456 274 22 120 609 572 279 202 518 410 722 423 459 33 874 428 734 737 376 489 773 653 779 782 117 445 225 580 582 
176 939 530 296 211 0 304 693 955 867 228 604 623 817 577 604 740 814 636 854 622 229 147 213 629 597 26 368 802 328 639 933 143 44 444 719 770 211 468 868 939 0 974 131 139 129 292 665 594 646 1000 919 760 323 223 856 847 71 266 482 833 715 784 469 449 819 367 735 90 696 984 567 570 55 588 455 272 996 217 851 927 243 352 61 423 507 160 568 234 114 274 596 792 212 450 469 187 487 798 784 
389 871 512 967 646 238 0 568 460 682 111 248 266 885 548 736 796 69 506 577 224 490 487 524 335 511 817 177 135 920 165 462 519 974 858 177 429 553 583 577 147 91 648 557 801 89 854 733 784 529 884 649 559 111 667 555 627 844 329 172 459 629 351 726 928 357 698 878 615 436 193 43 124 384 421 493 729 519 798 917 683 825 618 856 659 448 800 772 358 712 12 660 71 570 522 240 91 980 832 265 
849 424 603 608 38 560 108 0 478 871 887 621 906 115 165 309 753 181 525 470 317 2 816 626 526 493 216 553 179 312 94 488 69 277 647 679 435 572 531 788 215 856 674 703 863 307 489 985 371 151 944 264 88 420 763 948 850 652 268 182 394 436 897 929 558 921 741 118 281 469 750 451 425 756 474 802 275 572 459 475 549 390 630 127 483 865 746 869 458 123 601 330 624 462 171 637 821 297 166 878 
337 321 520 781 278 566 263 275 0 352 196 972 893 136 554 699 946 378 930 997 776 974 339 845 505 506 881 146 729 504 262 162 46 160 18 71 0 518 196 931 314 583 417 394 623 68 491 140 142 129 807 807 137 681 518 909 809 155 710 187 782 556 522 106 258 451 743 688 356 630 981 46 462 288 713 149 497 229 841 658 89 66 164 727 4 685 584 580 574 618 375 204 449 335 953 984 889 679 440 949 
882 327 780 856 646 881 640 431 873 0 16 185 630 975 43 574 719 3 129 8 881 851 804 891 169 577 929 842 54 668 543 526 19 137 44 324 392 225 665 379 903 221 500 563 732 340 748 595 777 7 179 982 80 366 975 837 696 14 399 657 577 717 73 5 630 541 821 322 300 923 646 541 967 843 306 23 221 938 662 654 915 349 88 494 251 775 235 613 748 373 301 664 525 235 60 490 569 965 347 408 
29 602 407 102 95 149 93 721 593 433 0 965 175 421 69 212 599 93 747 665 152 17 694 959 342 431 208 125 526 324 356 747 924 925 932 857 440 111 124 517 825 448 968 964 782 418 377 742 226 477 594 31 88 769 929 94 370 115 486 599 481 698 406 226 133 235 773 861 836 70 326 642 177 942 329 930 98 1000 910 95 263 669 911 628 478 172 773 91 857 714 877 81 219 230 400 688 239 878 138 169 
642 829 542 182 343 242 819 44 831 935 309 0 774 404 526 58 79 925 345 534 546 229 4 251 583 12 710 9 571 346 677 37 378 834 718 330 483 246 563 813 234 661 663 960 478 679 285 936 703 221 425 199 576 408 69 781 304 130 512 278 247 935 872 717 22 743 296 664 480 113 401 757 320 623 800 190 698 567 215 567 932 713 403 860 656 389 626 595 816 719 807 288 558 170 305 739 733 523 953 271 
534 14 418 645 610 231 679 477 226 425 922 384 0 956 781 612 286 925 720 246 882 890 715 479 846 434 747 786 465 656 429 332 361 409 931 572 982 851 647 367 11 560 210 191 709 559 505 986 212 384 751 473 896 139 878 929 174 766 909 330 648 42 614 22 185 661 18 682 374 936 817 853 880 236 587 314 880 757 301 5 382 915 283 315 752 148 137 881 251 956 427 819 578 475 946 594 953 57 594 498 
920 53 521 425 102 833 116 542 554 313 1000 434 288 0 375 108 276 267 372 170 789 952 234 784 835 120 327 992 8 593 528 869 56 781 774 658 5 552 826 816 529 762 802 172 156 351 14 331 22 262 419 732 519 688 654 497 133 555 893 103 736 77 395 874 336 141 77 910 872 978 459 78 917 969 979 508 914 265 484 348 373 810 510 156 932 129 547 390 912 195 997 70 758 388 873 94 749 362 475 59 
478 700 705 1 849 933 172 89 638 721 614 537 474 735 0 805 627 633 873 614 944 587 128 312 641 772 430 657 874 519 422 535 505 834 912 780 918 54 99 751 848 729 339 168 56 955 623 478 160 820 646 957 310 267 694 157 873 650 785 864 774 506 238 491 863 235 584 140 242 897 126 31 93 865 997 234 608 126 132 868 592 896 361 175 761 56 69 180 660 221 616 50 12 218 736 188 953 624 799 567 
731 869 947 408 229 213 948 709 780 373 987 2 52 920 450 0 185 578 940 828 109 623 871 901 0 199 264 489 326 969 863 251 649 610 173 20 121 706 193 474 419 972 95 558 878 262 944 80 478 564 50 713 945 643 25 915 891 351 873 56 758 744 297 292 932 112 261 268 565 484 905 547 97 382 986 539 785 304 629 676 179 285 735 470 851 233 297 130 988 589 149 573 791 607 108 623 50 517 745 809 
367 447 878 238 221 991 806 552 802 361 930 40 939 561 814 623 0 920 676 223 851 755 546 128 870 599 733 340 418 756 819 644 289 432 839 531 160 779 932 23 492 153 364 474 357 564 722 177 125 165 974 461 532 624 151 992 993 332 466 359 961 463 360 826 122 222 765 235 495 816 182 310 106 796 176 335 391 633 925 66 672 675 657 698 529 865 105 23 51 143 315 958 646 535 811 240 602 700 64 96 
790 215 632 481 433 299 503 222 27 81 468 362 55 745 239 536 39 0 429 98 876 186 974 872 63 195 561 163 891 346 902 714 963 188 878 876 421 356 905 304 436 662 929 205 957 23 991 892 198 714 130 351 857 969 164 694 791 358 627 19 901 371 536 13 119 483 946 844 285 898 312 862 107 260 328 391 93 361 297 479 230 569 589 759 133 583 499 335 518 551 202 152 441 361 457 67 161 425 979 348 
650 581 502 930 469 277 939 752 115 678 287 840 566 370 330 354 253 704 0 281 331 379 900 744 485 516 98 523 655 489 768 600 301 514 486 942 753 316 109 976 211 654 240 954 874 434 882 204 995 795 947 265 8 925 861 798 359 786 514 634 716 516 766 336 150 966 22 774 801 48 155 930 66 114 14 395 861 549 112 773 731 675 131 68 438 47 85 562 955 48 417 796 470 317 943 248 921 557 765 261 
369 537 768 283 481 838 140 895 918 153 388 113 875 733 199 921 169 322 770 0 647 290 551 426 127 842 960 568 833 99 354 118 589 925 29 217 142 351 394 611 708 956 275 77 929 201 504 268 173 694 256 424 319 378 831 403 802 79 522 388 247 864 399 106 918 415 856 420 127 683 940 964 112 692 468 752 107 88 688 601 303 87 811 50 699 65 315 832 390 542 69 241 708 428 596 989 566 404 152 841 
476 755 481 679 851 308 325 740 517 975 275 508 453 398 512 437 749 870 393 115 0 419 320 503 225 500 827 100 525 496 100 477 593 19 178 0 932 582 776 174 738 988 101 438 150 698 412 451 943 851 943 812 244 772 36 369 916 805 6 232 502 628 416 659 23 802 825 434 942 397 218 854 939 394 569 327 755 267 477 109 464 422 892 830 244 458 9 230 254 202 98 263 358 636 992 639 667 294 34 15 
81 642 797 906 279 699 881 185 951 669 493 264 855 661 288 704 672 371 104 109 849 0 482 648 236 920 706 734 383 716 382 512 76 105 251 327 485 218 718 904 271 118 178 395 68 48 647 963 420 328 824 43 407 553 569 212 574 344 819 663 914 967 259 80 547 331 581 250 792 114 17 732 462 990 453 458 24 45 968 568 167 22 639 253 305 560 504 692 84 644 846 205 743 882 256 593 356 514 259 645 
388 456 499 637 647 338 905 749 422 611 226 696 462 300 510 309 930 142 453 878 958 219 0 906 19 774 48 538 754 94 896 802 10 819 52 448 896 940 5 419 653 640 22 6 833 283 763 726 360 24 242 400 673 481 37 14 742 90 801 382 550 886 855 63 248 328 6 724 111 558 211 3 951 149 142 159 625 491 969 955 275 285 670 848 95 853 428 312 906 277 759 597 201 975 69 241 922 232 497 313 
360 235 274 128 881 485 699 740 821 170 713 920 268 661 44 40 137 724 992 103 977 62 697 0 674 566 219 791 93 991 731 152 407 192 769 105 692 120 951 342 490 110 377 898 345 0 469 781 346 42 884 406 999 348 646 326 863 752 987 589 912 85 613 990 295 22 776 184 306 532 244 967 770 629 125 293 711 835 302 30 55 621 608 508 186 65 866 696 483 705 414 213 55 847 152 541 433 796 861 136 
543 62 463 956 427 416 348 223 549 41 371 427 643 185 279 564 510 280 608 240 193 217 0 311 0 537 860 184 816 236 939 996 804 623 625 91 190 84 946 242 773 777 13 51 674 352 453 857 417 525 619 878 726 875 539 656 105 251 789 671 935 408 675 767 782 301 161 663 553 199 934 463 466 315 643 875 180 680 892 487 696 896 559 677 295 572 917 867 407 877 686 938 370 891 524 226 822 753 244 916 
37 265 977 280 995 278 199 256 980 878 360 962 356 661 395 570 280 217 650 322 54 381 499 586 14 0 320 551 165 261 202 267 652 729 728 135 455 150 464 978 782 733 555 427 770 757 118 420 873 611 417 865 64 939 180 416 89 578 2 604 133 340 981 367 720 31 614 785 733 111 396 676 385 395 895 137 91 851 246 260 793 194 661 752 852 67 752 390 544 320 898 895 546 517 245 138 975 609 939 497 
965 240 48 418 677 861 117 394 794 779 29 844 889 187 466 992 973 903 269 85 514 301 95 287 296 806 0 599 713 81 435 510 92 769 682 10 663 523 497 402 7 49 814 262 454 624 822 61 228 0 88 7 43 219 719 280 445 490 243 741 396 13 258 385 672 602 989 17 908 306 272 563 382 636 378 89 797 223 158 299 550 641 423 986 665 984 186 637 44 615 994 533 888 661 772 946 718 624 543 17 
47 221 844 663 665 34 802 883 916 937 604 711 296 396 448 858 46 953 735 69 123 999 937 143 504 795 240 0 815 531 867 32 581 13 359 797 659 960 791 682 332 620 808 773 525 933 131 816 696 452 122 811 670 827 61 887 432 298 251 538 510 712 462 955 636 477 707 453 395 269 776 577 435 950 59 22 978 12 516 711 800 592 986 807 216 298 313 18 970 658 208 731 952 947 347 355 151 757 440 782 
469 360 589 352 389 144 56 717 732 429 910 48 401 300 614 91 556 638 609 176 510 573 393 199 232 239 167 665 0 392 298 117 731 562 712 608 669 865 363 848 483 956 34 981 337 697 964 540 958 843 345 257 178 618 942 815 731 240 881 660 978 100 538 37 390 347 967 330 161 584 522 638 553 597 156 371 470 466 5 871 697 217 832 431 127 738 523 146 888 996 658 855 505 806 122 543 658 683 653 498 
3 700 56 635 202 894 807 469 356 957 490 906 480 664 707 536 304 552 393 730 185 45 555 194 440 91 216 363 353 0 50 483 973 29 161 137 321 153 986 654 690 333 621 84 277 432 647 92 166 569 49 594 461 340 32 361 426 845 756 420 449 689 931 256 976 259 813 990 613 551 223 411 512 786 116 521 286 584 428 14 923 498 894 333 628 335 279 187 850 257 247 665 550 401 802 33 647 755 520 174 
623 634 710 320 114 763 847 78 671 722 784 273 15 426 482 965 34 995 995 139 210 772 525 821 369 984 761 230 752 294 0 692 228 777 583 756 36 597 621 278 773 386 278 551 382 370 58 880 697 330 935 48 739 839 376 177 367 108 212 408 180 693 68 749 453 189 288 237 65 308 112 595 4 183 821 280 606 657 974 470 306 398 268 737 503 4 821 488 151 916 337 184 907 828 815 11 527 823 989 592 
203 110 529 376 279 7 742 0 481 420 166 118 909 94 539 293 800 143 27 165 272 728 544 592 572 669 721 113 639 845 166 0 801 647 427 644 624 360 102 699 960 614 321 428 582 8 604 696 795 187 588 348 48 240 914 372 17 392 660 780 731 350 280 870 542 167 96 377 650 700 706 326 623 826 168 273 1000 725 193 416 328 823 391 490 974 169 156 976 559 983 434 277 155 374 966 185 297 714 334 165 
160 336 5 374 268 760 754 80 229 464 126 840 321 406 605 712 501 220 679 150 168 448 281 747 232 726 943 192 234 807 712 175 0 606 204 923 895 523 8 928 226 403 573 658 22 336 99 526 258 345 669 102 373 506 933 275 734 779 561 794 474 241 291 92 930 126 126 980 329 682 484 913 890 571 236 753 942 91 688 220 976 810 461 992 303 817 722 715 605 868 783 230 197 808 67 251 972 804 712 794 
507 691 175 275 793 842 962 156 882 419 428 488 734 75 958 14 941 288 844 349 402 135 374 508 794 439 228 278 356 273 310 226 15 0 904 130 110 495 816 662 321 196 147 426 573 332 858 664 839 971 90 353 149 451 305 705 264 763 315 980 913 536 971 814 368 504 236 146 506 79 180 726 668 296 689 898 711 524 774 133 747 604 267 10 785 175 752 562 323 32 371 603 817 984 678 931 182 333 22 20 
455 980 695 332 155 991 535 814 651 849 867 308 541 567 596 457 501 274 962 835 628 843 970 156 519 516 550 979 625 966 858 515 717 392 0 851 398 864 366 514 332 54 946 894 281 569 28 837 593 361 159 828 547 947 693 554 144 824 817 15 790 658 723 227 540 278 264 184 41 398 4 393 256 965 478 904 788 850 57 322 415 87 53 148 21 940 984 727 535 601 657 1000 128 700 21 172 386 191 432 897 
176 693 710 99 537 380 935 575 576 995 509 710 243 288 875 238 803 740 235 255 640 373 938 153 949 52 68 117 982 819 93 157 1000 185 741 0 293 460 128 863 83 136 446 498 142 982 616 940 766 227 426 595 615 19 65 998 780 84 924 36 134 971 307 344 275 736 349 193 441 93 471 795 222 147 935 594 902 184 666 283 913 462 125 686 255 273 820 662 168 902 249 37 82 335 457 607 679 620 455 471 
534 991 603 257 49 874 279 689 972 113 373 766 986 881 997 794 658 913 951 1000 122 10 401 618 249 681 202 134 794 704 919 135 836 242 337 371 0 875 326 865 319 44 93 20 957 691 714 139 867 389 582 315 143 106 223 349 769 716 876 772 758 37 692 290 107 173 298 835 997 935 587 445 900 45 463 930 128 661 105 109 946 761 570 665 269 57 904 240 739 434 32 651 465 247 717 895 734 39 400 3 
537 136 932 480 542 989 535 15 362 381 607 265 980 265 920 215 548 792 307 217 797 654 163 149 26 722 338 201 476 685 574 107 309 207 909 433 479 0 526 585 622 870 516 509 142 595 836 971 879 739 252 578 373 559 171 554 731 788 564 439 976 227 320 870 367 889 412 991 862 193 450 679 670 100 193 157 819 539 464 893 803 848 525 223 624 614 707 36 369 6 257 164 915 893 713 293 887 443 384 534 
117 98 551 559 269 164 152 496 722 618 636 471 827 358 408 293 78 696 172 726 632 717 669 739 712 266 697 437 654 739 884 267 327 146 188 442 660 317 0 222 844 539 818 560 667 634 797 123 43 369 885 59 797 727 546 40 343 495 555 288 158 563 207 597 318 993 679 467 678 228 214 260 745 114 591 743 560 163 132 749 685 997 741 938 489 563 220 431 563 393 740 960 23 21 42 620 314 200 187 35 
427 349 466 799 24 488 308 748 171 133 806 782 853 890 935 192 644 980 577 968 936 325 153 376 153 109 337 558 506 142 400 283 938 654 536 159 975 276 897 0 981 189 296 713 140 352 75 976 710 609 572 555 301 535 551 844 283 809 856 746 144 301 387 350 81 272 608 601 369 683 664 821 573 917 792 116 961 589 589 475 412 133 773 41 95 397 36 305 108 166 277 917 703 460 420 664 644 257 144 628 
548 75 598 279 229 685 970 666 913 925 406 156 806 731 735 153 46 328 435 345 704 658 979 18 511 347 112 115 934 32 32 570 795 388 997 590 633 23 15 537 0 596 537 755 980 679 145 384 397 536 845 131 496 374 432 262 645 410 390 614 569 723 283 868 421 76 364 341 84 805 783 356 279 573 798 930 300 132 816 172 918 399 905 645 791 443 435 282 201 649 57 398 155 826 57 97 520 839 84 398 
643 533 142 538 193 388 651 402 855 454 675 799 557 719 790 252 632 230 739 802 464 184 949 327 625 219 676 96 868 200 500 828 159 245 470 407 445 196 841 339 504 0 62 406 519 806 532 356 884 94 191 574 828 556 372 419 199 807 470 458 472 686 921 624 992 162 31 296 834 179 178 366 964 287 940 148 366 366 772 536 236 82 820 507 622 297 593 663 735 776 836 701 340 282 480 21 822 704 894 964 
534 903 400 27 143 754 516 995 273 371 324 981 983 575 735 844 460 561 841 968 723 762 283 231 602 868 480 369 493 356 414 569 631 62 198 944 338 46 8 791 707 3 0 429 319 535 772 597 504 974 356 916 855 92 150 25 181 624 295 102 770 207 680 157 18 304 5 204 855 888 983 232 719 10 288 67 556 514 229 123 556 968 343 249 886 42 108 239 835 882 762 217 962 45 53 346 632 902 489 620 
833 213 368 302 983 225 338 303 155 99 601 287 446 120 346 847 203 427 949 109 944 411 704 794 775 518 672 826 723 540 786 878 190 274 114 286 251 538 39 71 949 608 620 0 779 617 534 147 835 187 948 751 346 745 914 806 533 954 418 353 807 770 936 715 411 156 737 127 660 118 223 917 211 681 564 411 335 722 351 395 359 465 426 645 61 627 50 109 461 29 621 496 364 233 13 29 433 730 842 536 
686 804 61 452 508 832 937 524 665 484 785 431 428 785 907 598 886 990 534 651 927 568 321 345 457 193 674 371 651 187 927 997 257 257 653 300 628 91 425 941 279 318 804 832 0 419 600 851 343 627 438 369 848 896 33 759 110 939 474 262 583 180 110 917 682 798 748 385 548 64 955 325 852 241 842 562 401 103 67 884 948 533 404 594 277 373 521 111 115 591 865 217 634 815 134 118 780 221 459 362 
29 906 587 788 965 586 651 163 56 377 835 819 136 60 649 885 963 629 961 519 582 202 265 798 390 998 383 620 937 920 622 660 390 164 334 605 762 836 776 450 940 451 200 523 423 0 1000 363 407 63 798 611 726 870 426 376 642 662 306 932 275 284 980 405 708 215 572 727 354 58 470 938 996 923 436 174 743 314 777 101 860 637 883 974 963 970 187 323 122 360 320 351 814 895 861 125 758 817 608 671 
826 401 157 436 804 41 538 33 864 301 234 35 871 400 231 274 73 251 137 909 321 765 469 905 191 875 638 94 26 359 471 884 725 332 344 365 893 297 914 275 900 534 191 532 404 323 0 653 121 954 34 543 738 691 263 971 704 158 159 864 242 626 350 269 743 278 957 579 539 419 532 10 746 464 479 63 653 640 630 231 378 543 455 347 156 870 411 600 267 546 606 80 326 785 47 841 483 603 49 832 
553 251 274 576 370 979 51 822 922 662 853 872 481 194 922 71 306 901 353 32 871 349 377 609 263 362 446 507 966 107 940 619 508 573 486 196 202 179 833 24 829 203 425 183 172 290 574 0 831 764 115 213 439 461 970 506 287 823 552 335 828 817 502 365 459 685 343 373 419 10 737 928 192 125 525 943 558 151 582 791 278 493 278 193 414 646 189 610 315 774 375 563 152 820 493 342 232 68 599 182 
675 406 282 672 845 833 843 821 474 53 956 669 955 307 838 33 128 806 563 975 198 856 880 981 490 650 722 442 763 946 643 282 224 632 998 666 790 575 561 325 834 173 743 449 720 753 211 221 0 4 947 103 341 196 36 204 724 81 530 111 5 641 134 950 364 184 246 209 498 128 601 34 219 687 530 998 710 701 359 346 564 151 904 775 464 380 398 84 101 677 443 538 884 160 318 838 165 850 636 99 
387 634 801 147 191 385 432 413 423 294 943 257 448 421 46 617 404 167 3 596 210 72 211 361 90 86 40 149 293 706 646 90 270 808 699 172 637 887 367 966 673 194 715 47 769 817 415 350 131 0 68 553 438 952 406 462 354 68 942 947 975 519 109 693 930 809 115 592 61 809 211 789 457 858 511 495 366 686 122 508 788 12 475 450 90 613 764 352 589 852 436 215 387 581 903 395 629 752 317 219 
66 333 776 287 372 811 931 856 748 382 165 125 289 651 213 559 11 331 909 266 907 442 543 617 661 126 969 360 75 342 925 237 993 776 558 224 386 259 281 66 456 127 419 775 538 168 60 656 896 222 0 775 675 774 611 403 561 143 927 605 758 429 949 157 870 125 198 912 452 983 56 452 67 270 691 974 673 211 153 794 260 574 567 98 842 633 828 140 457 890 183 77 87 621 797 238 353 355 540 711 
47 528 131 508 895 645 137 120 643 789 32 801 167 266 210 931 905 418 279 989 103 592 389 41 416 587 64 217 754 957 355 475 331 285 229 338 130 462 686 42 961 281 34 814 752 821 473 356 396 136 182 0 315 164 252 478 49 93 20 118 687 435 190 160 155 484 178 21 591 476 562 658 904 202 368 65 530 676 717 297 165 559 680 573 658 735 4 793 116 865 308 857 413 564 172 868 567 689 431 840 
17 101 604 197 587 409 106 188 262 721 495 992 706 415 216 749 308 480 60 135 522 822 217 905 428 441 967 342 201 347 277 304 114 507 529 289 117 845 646 744 294 377 58 818 424 287 156 337 220 339 842 284 0 326 446 535 133 277 123 786 482 987 921 43 290 36 603 273 696 188 207 818 622 327 655 597 79 997 131 177 176 142 705 442 309 39 87 389 522 364 472 288 217 741 997 826 570 678 121 514 
627 654 703 872 217 493 323 223 927 951 795 544 465 652 900 713 486 604 282 964 285 113 203 167 468 251 690 553 430 601 584 783 98 777 846 857 557 184 761 255 559 892 586 5 367 721 464 816 669 775 907 625 737 0 197 241 916 871 20 444 626 598 280 146 755 847 692 498 418 283 136 452 892 878 54 751 498 619 843 600 249 429 768 810 19 209 168 361 154 94 814 458 207 605 217 642 599 598 522 169 
227 645 353 965 529 703 38 199 278 571 566 235 598 728 309 833 926 215 325 747 686 724 238 815 373 144 535 633 594 940 497 365 893 348 672 373 407 606 355 760 652 319 294 14 177 625 2 104 563 617 608 779 362 751 0 957 42 550 589 500 823 414 211 453 601 492 716 871 845 566 274 652 458 3 828 474 32 513 799 402 853 414 486 859 242 484 251 606 986 164 340 664 269 217 257 581 229 637 998 819 
544 576 444 854 592 408 889 240 846 480 225 101 736 980 120 763 540 288 336 475 632 337 320 234 56 254 550 811 423 529 195 585 311 896 357 236 32 274 722 93 693 875 504 778 185 626 187 182 195 319 292 163 823 738 966 0 966 874 738 17 603 721 665 980 220 5 652 269 941 961 513 729 569 48 728 740 861 308 510 997 938 632 787 82 661 984 172 752 838 766 322 300 828 10 1000 98 584 756 588 148 
464 366 427 696 509 794 195 130 223 112 478 248 153 750 641 781 410 713 855 882 751 461 227 42 441 219 261 891 994 895 761 772 1000 511 254 626 242 76 901 757 441 417 970 266 533 268 345 910 182 956 37 224 200 408 869 154 0 954 133 767 856 898 621 389 663 959 541 56 623 403 40 912 227 225 34 896 792 658 9 572 194 339 463 87 453 704 484 112 341 843 533 232 471 291 111 710 507 984 560 292 
151 222 255 141 309 93 530 190 832 260 112 352 462 600 983 519 731 897 440 588 798 363 355 796 429 811 902 535 100 554 374 265 834 903 927 993 308 993 853 644 286 259 78 542 534 147 755 918 1000 571 799 935 506 266 517 385 133 0 103 229 155 122 409 645 893 628 117 819 536 413 402 335 213 285 130 188 690 119 116 966 245 71 956 600 381 31 225 637 872 440 282 313 454 567 236 268 211 20 390 864 
494 31 194 480 97 204 90 89 876 667 608 78 572 417 700 846 517 443 401 294 535 322 770 36 577 894 942 585 68 67 458 74 461 284 209 995 201 963 736 404 316 61 593 763 457 490 205 450 738 301 555 103 392 299 899 421 757 928 0 186 789 664 112 65 802 982 634 786 302 914 87 924 749 596 504 161 784 77 559 348 510 269 463 915 118 50 434 27 880 52 682 657 906 170 455 281 567 928 436 759 
883 608 923 247 256 150 673 30 328 546 305 501 773 213 900 252 569 279 163 404 112 322 458 182 261 501 735 473 797 192 586 149 804 68 883 922 982 645 122 154 502 860 105 585 745 328 635 62 825 524 45 94 920 323 324 530 906 506 42 0 665 490 546 972 107 612 75 849 349 85 504 292 914 404 952 995 377 923 494 411 370 688 504 845 940 397 415 736 897 755 68 890 425 345 249 773 495 162 425 590 
316 738 935 142 155 983 260 720 918 146 345 358 34 630 773 722 124 971 459 480 988 35 286 508 811 866 150 180 49 491 983 734 106 224 62 898 190 438 144 723 477 572 996 225 961 483 251 378 512 944 287 175 9 529 14 182 47 518 659 243 0 484 178 366 150 835 420 671 783 3 335 405 645 413 609 302 81 476 530 332 727 571 956 164 30 275 822 612 699 522 146 716 376 739 562 377 658 482 118 650 
245 403 453 272 758 816 705 594 938 23 96 198 442 300 494 756 353 944 761 299 40 17 490 828 668 886 259 78 988 354 270 758 978 754 206 388 243 373 828 99 93 496 757 905 970 731 10 267 193 571 256 666 484 297 375 242 983 751 257 777 360 0 296 886 324 345 883 848 962 558 628 476 352 503 197 2 409 258 789 294 38 541 517 134 416 687 423 837 773 575 438 695 265 101 353 982 541 300 511 278 
607 659 282 793 576 421 231 86 169 943 868 198 248 529 591 566 458 349 138 841 835 485 190 499 126 448 148 875 856 307 855 139 871 899 652 215 74 175 626 459 128 647 637 856 560 613 510 125 543 986 278 716 10 104 51 542 598 281 895 953 157 152 0 402 978 973 447 87 494 884 227 871 423 733 38 810 230 615 850 460 872 84 785 198 958 760 289 649 159 140 593 381 900 160 534 547 926 513 703 588 
576 483 800 45 571 540 920 835 512 947 426 102 652 245 366 74 113 590 261 146 994 841 156 566 267 358 984 696 837 963 55 732 247 717 791 490 432 540 260 136 638 543 565 87 861 729 968 464 298 368 669 222 232 308 778 448 872 50 328 943 198 892 340 0 273 130 282 364 99 613 529 17 977 56 181 77 672 299 177 256 963 381 485 796 87 203 942 780 162 456 969 211 560 56 468 594 130 688 890 108 
932 546 222 941 828 448 217 544 327 620 28 736 926 774 680 993 912 967 624 397 41 799 340 495 544 773 744 120 225 238 35 19 378 550 177 71 645 71 602 41 26 457 651 359 980 316 827 248 697 865 579 824 533 29 779 935 596 939 391 762 882 450 476 106 0 567 374 971 653 741 792 141 648 18 124 796 467 991 795 605 236 115 673 316 328 518 879 391 3 859 349 560 447 830 787 721 152 545 249 459 
472 597 907 496 768 193 197 523 695 817 429 59 501 665 228 596 28 541 33 297 241 66 942 573 957 200 979 130 917 556 651 146 537 428 632 934 168 879 859 193 258 260 939 294 430 628 781 109 324 809 884 326 642 726 801 710 690 233 606 415 377 996 68 711 882 0 248 175 206 795 704 901 838 481 605 357 6 174 204 993 496 871 632 906 39 554 193 905 346 807 54 329 343 119 969 115 873 994 993 815 
759 399 801 397 590 500 299 676 137 444 907 907 468 723 204 545 783 37 360 191 889 366 931 377 256 198 503 872 791 809 473 104 510 758 822 866 57 356 611 291 677 924 299 222 905 796 408 568 757 863 37 893 129 294 211 253 634 939 953 671 362 592 765 428 150 564 0 996 349 445 422 194 405 397 96 867 546 533 167 993 760 971 630 432 436 600 457 996 457 830 790 228 526 173 219 512 562 245 687 964 
254 235 306 441 29 177 947 37 694 739 438 159 40 89 655 813 922 800 825 531 563 591 435 307 624 229 23 130 665 475 526 939 778 759 347 699 617 595 118 464 681 33 276 425 478 989 394 455 717 259 907 546 119 961 291 665 449 661 61 750 766 709 818 928 360 984 926 0 308 373 475 723 898 670 416 506 700 984 885 65 130 250 723 11 586 983 516 417 336 896 979 40 37 402 219 414 870 539 46 26 
248 480 408 316 120 967 654 342 858 866 870 684 642 914 565 946 816 807 152 574 451 143 291 33 899 221 458 961 323 716 933 165 907 369 897 282 665 339 46 556 363 517 7 884 714 837 867 848 476 511 186 0 890 655 358 166 939 124 560 586 278 170 321 145 629 511 515 840 0 524 349 327 886 353 10 89 34 611 431 962 24 606 410 15 78 358 886 324 394 353 374 714 951 579 501 413 17 411 633 210 
162 279 789 414 187 724 750 485 375 897 994 851 837 163 624 208 1 820 6 587 287 342 850 749 197 530 481 327 956 935 368 898 48 925 514 156 188 977 696 431 441 316 828 702 889 564 586 117 828 516 674 734 802 211 761 483 93 711 483 349 937 124 473 170 854 604 553 96 143 0 843 956 476 867 121 650 965 745 640 273 83 396 548 14 773 840 24 871 106 752 213 473 797 246 273 199 626 911 59 86 
200 672 947 603 504 656 233 914 403 354 901 960 398 217 164 51 356 207 54 699 140 936 997 145 461 192 369 599 109 174 551 957 544 762 15 103 423 401 53 845 176 40 964 853 485 862 784 726 176 3 398 910 346 796 558 177 305 257 510 826 283 885 105 326 800 915 872 106 89 961 0 416 559 106 750 308 582 318 89 33 371 484 2 434 26 807 490 177 405 156 349 19 784 36 320 120 268 870 856 116 
931 140 555 981 495 746 144 392 807 368 879 81 933 897 283 645 348 230 591 864 450 582 801 761 652 327 407 349 680 264 481 600 379 702 504 851 677 641 766 963 40 585 493 853 888 669 662 786 31 292 732 167 103 211 904 342 488 987 733 627 665 350 656 168 316 908 203 466 17 120 199 0 810 456 79 681 995 473 263 793 177 187 377 364 504 988 907 423 31 135 455 900 981 0 883 899 87 902 581 332 
46 990 133 627 808 725 331 911 285 137 706 778 935 894 928 846 932 188 240 343 287 348 473 8 572 484 957 341 252 527 954 498 988 632 604 860 364 202 607 705 982 588 51 114 933 575 861 837 704 895 786 172 589 662 22 636 824 118 660 62 176 141 830 113 763 322 752 108 552 925 398 761 0 288 208 706 999 363 514 409 567 5 327 74 910 117 620 326 579 986 304 611 451 64 484 84 25 143 598 639 
229 990 712 257 44 169 549 973 16 990 855 597 942 456 8 849 746 989 144 306 527 210 634 586 297 362 536 510 966 13 806 536 517 971 953 457 13 966 360 293 624 399 770 329 504 913 778 93 956 632 516 87 233 18 997 879 713 966 768 850 960 159 237 187 705 645 502 836 538 935 810 142 624 0 527 642 646 927 670 266 846 544 949 608 803 852 333 483 519 184 254 169 240 625 77 35 249 34 371 966 
534 775 488 489 641 798 210 944 457 93 709 968 927 400 71 16 368 302 802 203 703 121 212 651 527 243 489 446 85 349 250 140 226 273 852 1000 696 142 751 371 37 517 806 345 272 996 178 38 548 250 873 862 454 939 619 118 576 524 68 923 776 664 939 452 181 433 229 98 549 203 728 989 613 740 0 262 813 893 550 516 917 37 966 109 956 276 630 297 444 4 598 683 441 283 202 776 102 602 127 749 
506 68 541 905 593 272 0 357 765 370 957 968 333 318 128 377 279 216 72 135 232 169 711 744 548 580 217 56 187 98 213 32 330 668 404 960 194 590 440 304 923 526 975 443 197 742 897 140 330 34 843 488 694 353 826 830 39 812 409 28 392 615 375 737 135 938 109 768 49 921 885 426 6 731 743 0 985 812 860 992 154 662 362 209 507 730 314 392 582 151 194 872 708 443 629 995 944 23 557 105 
313 622 396 684 942 263 949 23 951 889 494 748 516 708 275 801 684 382 24 565 645 529 512 840 152 27 280 716 807 311 298 149 630 181 623 138 409 603 511 344 890 566 707 14 747 468 879 333 960 485 901 283 919 375 562 98 283 903 222 132 930 336 866 225 988 975 466 897 180 431 745 142 377 286 359 206 0 59 298 803 64 943 110 978 645 24 525 582 257 842 255 781 490 928 594 951 733 497 935 2 
41 330 472 239 345 832 724 701 826 423 793 529 141 62 595 446 87 461 747 152 922 159 761 460 968 715 228 862 965 20 777 901 63 40 717 624 670 201 173 878 201 896 673 958 156 326 587 635 912 394 774 995 820 413 928 768 121 225 383 665 148 741 132 203 947 976 491 361 351 269 82 159 200 760 839 460 207 0 634 676 602 872 147 656 622 725 750 764 607 215 553 412 260 79 114 604 825 832 570 753 
807 105 801 806 592 592 903 376 892 879 111 593 601 376 468 91 126 796 773 362 362 798 84 701 257 803 888 426 972 554 123 286 429 241 285 136 903 843 493 843 753 206 84 482 46 312 760 549 64 741 435 920 631 539 458 970 708 288 737 681 468 87 453 629 989 846 141 826 88 124 384 346 407 162 525 118 572 833 0 130 656 999 893 736 905 297 503 113 572 761 169 666 38 841 310 493 888 159 806 582 
219 749 271 867 411 980 717 953 406 798 611 89 847 458 690 796 182 127 609 604 729 732 892 466 25 669 104 988 544 42 279 649 46 478 816 861 719 168 343 774 253 705 228 846 870 547 72 247 244 958 604 841 254 186 143 863 798 119 700 633 358 702 129 203 533 909 302 249 58 747 649 116 264 964 611 492 952 917 503 0 614 440 150 475 151 943 328 315 298 527 543 501 552 392 64 476 16 978 786 526 
686 220 640 844 822 474 969 924 384 446 34 528 926 755 390 514 973 852 577 619 776 566 366 201 472 708 438 836 541 481 232 640 574 310 242 475 285 629 25 735 42 267 371 355 704 441 566 347 681 386 245 853 862 940 961 89 746 992 675 927 403 14 283 195 994 98 980 711 509 322 327 175 796 930 874 661 127 574 266 910 0 963 354 886 3 119 786 99 418 237 954 667 294 750 905 108 936 351 704 343 
786 968 375 379 877 987 121 657 85 73 157 595 39 92 540 327 635 300 571 944 166 503 582 955 146 375 623 267 997 895 139 329 510 634 96 693 585 984 467 323 369 465 341 428 690 420 229 149 718 342 904 553 483 951 833 772 778 167 21 239 835 687 661 562 847 70 76 447 240 968 517 680 789 684 369 967 826 56 498 731 149 0 599 104 83 753 231 777 127 105 703 265 632 226 463 88 249 85 750 571 
959 142 44 417 138 681 487 260 846 431 297 368 300 980 596 157 746 800 918 38 955 283 556 580 197 611 506 914 261 999 46 782 457 968 795 283 924 22 591 782 815 906 278 891 676 329 429 117 116 549 196 39 128 610 333 933 417 755 373 909 197 715 286 48 834 297 997 572 979 573 1 391 964 93 831 853 43 514 729 25 200 519 0 948 507 377 517 177 227 920 915 895 798 361 269 118 807 459 971 570 
94 612 741 354 369 22 399 262 415 635 164 977 661 807 274 83 596 424 353 868 344 366 69 950 757 50 152 108 488 899 890 67 278 907 520 642 825 793 930 993 732 919 728 985 664 475 461 156 551 718 169 518 292 795 61 41 857 601 246 36 884 426 831 979 522 272 245 147 785 62 131 817 515 549 807 447 888 656 307 430 592 132 832 0 172 196 403 782 123 184 961 852 666 668 532 787 142 647 979 258 
525 74 585 84 909 874 659 706 910 400 175 423 991 825 479 745 108 822 854 56 846 74 709 514 74 736 578 239 613 505 219 546 387 306 51 524 814 7 184 222 574 285 472 761 818 529 143 783 367 85 810 467 178 401 215 433 43 617 584 277 480 696 159 403 330 130 805 89 26 363 238 840 319 51 64 536 962 464 220 345 425 527 972 305 0 862 398 975 452 338 711 378 903 943 63 894 69 110 775 49 
590 121 433 79 383 215 198 771 534 395 826 921 320 316 222 609 270 974 646 802 869 398 566 501 617 255 494 228 322 975 543 406 870 72 131 793 593 293 414 953 957 140 155 181 634 600 136 996 670 861 995 374 788 905 421 176 445 726 975 230 808 543 561 282 142 837 22 694 830 322 110 907 317 197 818 953 639 271 414 199 408 212 513 773 521 0 609 794 806 509 621 767 483 13 721 849 709 600 887 150 
121 819 420 594 232 418 94 373 504 337 59 187 804 627 658 100 704 494 881 171 24 362 694 845 462 189 465 176 802 360 316 140 88 257 906 775 733 103 27 588 492 386 205 438 883 625 498 987 481 25 838 803 3 428 483 818 64 403 477 952 461 967 214 3 666 662 757 781 493 195 785 129 123 719 111 915 910 895 408 116 281 984 967 490 727 474 0 481 295 215 145 736 114 580 628 119 542 679 845 531 
32 519 310 101 935 904 911 443 916 176 346 933 835 616 507 404 139 502 13 927 32 988 974 6 29 175 380 234 620 499 665 533 938 117 834 728 487 550 690 140 303 933 948 453 426 905 356 552 876 754 325 235 134 450 4 724 771 321 158 15 240 520 937 939 628 23 546 940 438 572 356 538 453 19 764 9 353 97 219 261 172 207 56 36 29 948 92 0 510 967 767 392 581 266 411 528 335 864 145 599 
707 468 188 92 704 618 9 301 160 978 990 467 443 492 659 784 849 104 508 33 69 193 252 150 264 114 235 87 227 438 887 535 273 77 66 718 299 129 117 240 636 939 655 241 67 331 538 778 443 678 773 504 327 569 270 229 718 496 178 664 406 579 1000 656 37 940 910 614 66 997 981 689 674 978 238 386 549 79 203 746 370 863 549 698 512 729 478 478 0 250 239 309 945 313 180 400 541 235 267 865 
851 791 330 973 112 241 42 668 232 360 507 561 547 475 515 904 844 577 60 594 584 249 446 803 685 880 8 677 728 501 922 226 764 931 723 274 169 935 66 82 681 697 194 428 235 694 576 572 379 858 549 931 367 957 434 693 881 987 709 985 573 38 669 66 848 344 33 318 406 669 77 301 669 709 586 106 474 452 763 610 147 283 220 644 121 26 611 925 470 0 903 946 995 132 957 636 467 198 765 339 
98 61 423 845 553 701 190 563 162 173 149 553 150 385 427 465 122 395 119 765 1000 328 551 745 228 650 245 238 915 548 82 746 275 867 14 641 656 722 47 249 865 561 339 276 102 470 743 670 722 51 463 47 168 634 897 519 698 274 884 595 242 595 862 251 659 149 2 962 874 180 930 378 274 228 227 636 938 101 380 903 974 860 506 864 768 22 697 451 239 875 0 57 117 242 755 398 543 736 851 680 
592 964 525 646 195 949 872 875 829 930 65 438 565 998 872 216 783 737 751 989 355 494 930 644 451 737 150 482 350 341 254 346 631 92 48 274 323 411 682 377 314 654 356 20 17 466 160 756 185 929 20 576 337 770 670 799 277 38 905 216 341 300 854 222 724 56 189 87 559 843 853 323 506 68 486 285 781 500 891 557 928 562 515 46 654 824 479 12 298 855 596 0 208 778 559 411 794 818 119 48 
309 653 386 895 935 159 515 631 13 515 609 876 695 765 325 789 584 426 44 840 91 490 579 519 610 179 521 520 260 362 895 450 855 511 130 683 845 830 29 700 866 219 369 900 474 128 572 883 6 394 846 397 938 35 653 735 586 545 355 200 645 479 157 294 566 273 498 898 139 551 578 328 627 869 934 502 472 389 402 897 514 136 837 644 480 591 987 371 173 641 889 32 0 245 397 700 512 356 199 107 
984 584 625 599 742 946 521 846 470 644 969 494 376 818 65 834 983 565 543 744 129 604 899 44 503 472 730 132 682 993 693 839 418 201 945 719 622 461 796 395 210 181 88 173 43 298 511 627 235 893 141 10 251 196 71 746 401 32 879 894 895 53 61 789 28 974 999 777 327 895 367 695 67 205 551 90 95 958 624 587 499 969 775 563 295 279 201 369 710 571 411 602 966 0 597 59 710 667 221 662 
374 212 422 156 470 394 921 238 613 135 826 450 533 531 365 669 900 57 118 439 465 295 334 219 868 732 453 988 356 580 930 789 74 427 699 8 410 298 404 49 313 162 812 604 671 641 507 272 971 514 701 990 429 174 875 843 812 494 794 624 203 957 832 486 129 107 442 329 4 319 454 665 727 266 129 851 937 792 430 450 729 557 548 269 189 361 323 868 793 780 190 165 89 793 0 87 195 559 667 139 
915 173 495 254 278 658 539 887 311 628 229 854 215 745 528 227 749 728 296 708 94 76 984 763 851 497 849 624 942 32 472 819 908 35 467 289 180 377 863 788 548 225 538 514 312 184 553 719 109 134 334 61 729 130 584 340 21 722 810 120 835 401 459 372 472 931 735 736 661 837 236 347 475 294 265 368 87 212 343 769 640 426 671 572 136 113 781 431 240 553 369 611 488 535 791 0 683 223 110 596 
75 903 404 500 93 737 782 104 179 238 76 451 656 366 926 224 519 165 727 322 442 711 378 935 28 57 76 904 180 361 714 574 904 349 951 743 307 388 195 361 882 780 997 375 42 518 891 862 221 146 330 470 371 810 761 219 672 805 735 502 313 992 151 823 66 402 521 776 13 927 475 879 145 693 319 917 78 853 898 183 671 337 440 812 525 618 629 529 469 394 501 851 930 787 728 289 0 239 359 469 
140 33 926 342 88 380 686 566 17 248 282 357 636 653 605 153 777 495 326 770 500 908 448 69 104 382 160 248 651 634 578 130 523 584 637 970 140 309 448 629 378 631 26 465 890 333 795 353 388 703 961 195 942 470 618 721 87 531 5 195 617 149 658 183 409 868 235 747 143 690 333 230 442 124 110 778 278 528 81 740 903 499 318 793 352 274 535 237 687 880 610 578 968 890 311 598 965 0 29 549 
828 448 122 468 946 662 850 324 650 996 765 951 606 813 603 90 264 681 609 319 987 205 171 274 526 931 775 784 599 55 18 589 32 200 168 225 838 370 252 343 597 108 95 11 229 844 311 889 474 394 692 571 578 999 977 896 80 593 762 35 234 39 922 536 37 752 971 0 470 400 125 548 334 198 626 554 641 40 112 574 376 853 967 236 344 989 879 311 478 953 428 539 758 667 225 869 239 135 0 113 
469 858 497 941 876 666 363 507 389 549 333 917 593 992 953 107 964 477 336 547 746 361 126 537 880 993 268 103 100 514 57 701 553 922 110 253 814 298 658 317 340 660 900 101 181 970 525 31 371 62 5 510 1 200 288 732 763 170 962 160 962 950 766 820 947 191 151 210 648 492 259 536 184 992 782 880 652 386 13 188 550 257 675 567 511 933 180 547 805 170 265 430 775 308 964 940 646 583 38 0 

Depot information
2728
1608
964
2165
1762
1472
2642
2655
998
2260
626
1042
2275
621
782
2230
2292
2359
909
826

Customer information
16
18
25
19
17
23
25
17
21
17
18
21
24
20
24
24
16
20
16
16
23
23
19
21
17
20
15
17
21
22
24
23
16
15
25
16
17
18
18
21
21
17
25
22
24
23
16
20
21
15
23
25
20
20
17
22
19
24
20
15
21
22
22
16
16
22
18
15
17
17
22
15
17
22
22
22
20
22
19
25
