Seed 123 - Instance: n85m10_0
n 85
m 10
Q 172
L 0
U 1000

0 639 18 398 28 490 63 37 214 230 74 315 320 702 482 263 768 258 742 619 367 183 207 372 557 988 279 475 369 21 148 15 928 724 581 820 347 628 800 833 354 484 565 11 381 419 660 930 227 901 352 419 2 639 959 283 174 758 188 771 601 144 444 906 574 732 954 409 466 981 439 867 805 546 346 826 472 581 899 51 538 415 153 140 955 790 45 179 797 283 458 513 570 220 741 
161 0 19 21 566 88 610 688 979 304 454 7 413 906 534 174 919 107 150 655 574 433 11 966 41 453 276 950 398 257 248 550 332 745 175 613 130 151 756 730 991 647 319 324 502 145 628 364 630 279 291 670 850 390 150 568 803 763 609 328 982 186 905 234 647 736 685 820 144 475 225 461 8 14 87 88 103 519 51 437 243 381 372 617 538 295 183 487 436 765 681 655 468 430 378 
247 493 0 646 285 505 916 545 641 850 145 899 157 44 794 320 100 459 690 577 108 813 813 434 160 742 652 634 166 885 504 989 261 437 188 650 713 981 207 764 704 853 909 871 299 808 140 457 465 709 579 856 471 697 560 445 66 186 720 837 780 333 996 531 377 573 78 781 873 325 451 962 327 946 480 366 891 701 53 538 731 10 645 689 465 594 771 394 783 104 990 472 262 225 292 
894 487 580 0 215 311 444 611 444 327 917 64 879 171 939 266 982 918 956 113 766 8 183 322 221 1000 307 802 43 475 678 277 349 240 95 215 854 230 406 801 47 360 752 150 759 66 646 979 60 936 307 244 258 779 878 2 182 499 984 287 867 333 5 535 84 692 850 547 806 619 391 65 415 895 71 188 285 446 39 487 409 863 715 850 696 414 762 896 965 508 557 139 307 759 678 
912 852 519 642 0 170 998 479 44 334 208 999 354 937 259 168 117 721 902 868 577 795 95 995 895 932 727 787 728 947 222 2 236 904 819 949 434 253 222 172 856 176 773 233 924 237 749 613 75 563 356 431 616 6 991 788 627 199 75 192 833 544 206 533 935 269 288 473 948 20 737 879 95 671 983 80 95 651 503 535 424 905 607 206 916 223 176 247 279 855 176 629 299 65 835 
183 900 663 812 401 0 948 348 456 21 762 261 337 386 346 682 412 1 962 436 732 382 380 447 13 444 352 119 571 530 107 277 346 460 520 381 174 244 709 157 101 592 835 797 112 171 890 205 797 752 462 353 801 73 436 505 126 761 729 345 854 611 445 392 281 203 343 773 9 897 556 991 251 307 938 786 847 949 843 196 626 943 135 544 364 198 762 324 169 352 544 485 819 349 580 
878 76 141 934 742 711 0 781 462 420 367 501 534 639 81 109 571 898 539 812 829 540 428 706 116 302 175 354 64 282 62 562 39 590 800 387 276 711 359 150 227 327 321 822 936 853 517 318 630 785 838 615 673 680 812 42 992 685 667 803 566 91 192 384 664 256 437 753 121 391 914 341 918 729 157 217 966 336 48 932 767 800 323 741 952 312 271 602 184 800 875 533 500 912 247 
672 852 193 796 629 466 761 0 425 236 885 514 596 824 308 812 417 393 293 314 565 61 761 853 874 78 697 38 802 921 247 931 757 150 989 398 134 714 617 802 223 968 985 113 524 286 628 930 45 611 1000 185 293 541 574 177 534 705 829 268 776 177 188 541 378 166 922 46 330 344 862 405 90 5 173 52 805 234 634 924 686 666 919 579 397 716 135 630 230 505 706 830 488 169 351 
273 43 165 370 828 104 707 183 0 14 384 40 265 561 475 179 825 271 164 221 463 332 845 682 117 710 2 519 427 420 666 885 255 184 986 556 580 114 358 714 17 16 664 975 477 495 697 206 919 2 957 431 61 509 424 902 941 325 676 427 682 543 825 476 421 94 481 587 54 318 696 336 17 292 289 13 453 748 433 745 456 593 410 532 790 807 156 615 14 833 294 526 167 809 565 
166 759 657 18 248 48 153 219 156 0 974 155 971 732 986 7 963 135 381 862 189 261 995 929 877 770 101 525 218 866 348 400 961 144 348 825 804 39 486 461 175 14 984 280 862 986 654 852 297 202 250 989 437 968 642 585 155 1 142 139 32 485 383 679 643 664 447 992 219 419 770 861 340 955 697 738 309 634 452 278 692 857 984 896 72 143 881 131 303 873 890 505 76 556 879 
952 830 118 840 837 106 839 485 756 345 0 877 590 812 518 405 593 422 595 950 268 360 516 481 154 70 726 665 91 434 215 696 720 426 182 197 55 72 775 794 547 940 975 485 18 783 995 661 10 612 631 305 784 882 558 425 140 415 34 514 984 759 329 485 39 812 777 274 839 398 905 996 825 567 867 341 368 947 673 657 322 19 624 116 112 276 57 968 540 771 2 673 714 86 548 
704 524 74 656 477 12 540 819 348 32 133 0 56 919 392 559 362 303 178 422 240 200 674 844 91 266 924 657 440 111 642 577 784 781 948 712 904 221 608 786 372 283 691 912 204 544 657 225 837 575 720 618 435 749 757 599 143 600 516 372 126 207 770 917 921 155 629 326 802 212 184 230 180 97 33 375 571 140 838 351 504 457 434 916 304 713 336 557 25 780 312 759 774 437 800 
954 552 87 243 347 305 680 262 828 274 99 96 0 109 152 634 412 555 477 450 431 408 977 249 380 620 802 730 943 302 246 476 286 454 152 532 529 113 16 522 573 695 793 628 341 260 34 523 236 339 185 479 130 172 443 932 277 700 291 635 320 367 536 346 436 15 516 276 732 373 413 979 131 156 707 961 841 786 581 786 531 613 531 723 702 815 856 635 336 304 438 12 845 157 218 
992 123 298 391 140 983 196 757 432 981 998 984 951 0 544 662 392 803 87 132 943 351 573 100 321 330 121 605 759 190 734 568 405 713 524 594 226 621 607 988 229 295 102 528 482 227 954 411 726 445 233 447 381 594 876 791 479 850 33 268 845 77 116 918 320 949 761 276 365 466 583 619 543 863 598 949 1000 116 593 338 76 628 515 168 898 173 82 888 513 603 915 893 799 712 121 
642 650 193 337 384 494 836 603 106 475 985 20 909 231 0 455 776 910 860 350 461 592 955 215 514 766 233 401 89 653 876 772 117 267 371 876 815 480 665 756 330 500 225 615 510 158 390 678 840 802 159 745 89 191 644 331 253 471 929 475 121 408 553 917 261 44 427 683 694 812 198 188 632 761 67 611 824 192 754 267 377 698 240 575 102 914 509 934 465 70 289 716 546 342 705 
230 242 510 673 359 162 115 936 102 785 441 548 527 82 408 0 748 641 948 138 440 983 816 866 216 229 245 420 567 622 917 898 429 320 321 86 15 997 340 803 113 155 805 928 649 252 292 411 757 597 95 889 541 350 916 90 370 62 789 12 640 547 974 197 915 922 476 68 377 909 785 42 774 13 345 769 805 825 472 564 773 760 471 452 334 58 48 666 55 102 340 862 98 895 459 
832 788 620 433 146 781 717 839 941 881 298 754 10 78 440 722 0 690 698 449 964 399 480 655 365 555 372 643 339 185 634 336 228 914 416 393 55 623 37 340 278 702 970 50 767 839 789 304 154 64 359 241 330 502 961 549 391 466 439 300 486 933 400 830 299 643 484 5 270 271 533 709 703 806 630 279 760 227 142 85 155 604 318 191 867 260 197 527 889 126 392 559 712 47 921 
466 121 544 33 655 485 92 178 86 128 167 518 134 868 214 992 768 0 632 318 46 325 58 931 884 323 814 526 171 942 71 936 301 889 134 545 266 752 588 960 300 66 491 29 431 378 639 12 669 155 716 843 127 924 658 416 342 334 1000 256 739 486 559 496 259 654 364 888 257 724 188 937 228 407 457 592 973 61 491 293 986 650 85 68 19 377 869 339 941 367 202 258 818 507 226 
238 377 801 244 795 163 976 411 969 488 377 350 368 297 80 853 964 608 0 279 939 709 794 583 203 235 709 586 182 51 940 615 638 255 965 798 579 329 946 881 491 170 931 251 706 641 992 510 206 133 642 287 892 295 688 356 881 109 214 556 712 592 144 87 586 583 58 898 216 42 647 946 455 710 956 860 121 655 44 834 137 514 376 652 902 504 38 297 361 123 709 598 142 849 475 
140 635 41 469 599 747 864 259 813 854 232 869 414 404 138 708 887 90 444 0 468 126 116 718 531 519 821 828 638 689 793 783 622 812 772 207 369 140 625 969 95 788 155 537 757 439 73 169 459 406 437 300 734 422 998 996 128 330 480 429 462 170 317 876 978 550 151 852 345 186 890 808 965 282 261 420 639 343 928 759 4 585 370 389 144 893 703 69 496 770 141 88 574 663 901 
531 465 438 270 363 841 51 846 613 310 722 896 484 887 819 411 343 142 484 958 0 630 906 503 284 722 853 392 576 277 129 998 582 374 564 653 44 690 644 496 64 6 49 932 993 783 623 935 92 810 127 962 610 631 842 314 404 746 471 42 284 342 649 876 669 67 473 596 492 709 746 974 45 327 918 98 188 455 106 616 743 544 179 661 177 587 148 949 289 311 78 225 570 738 92 
940 771 636 559 400 322 872 420 222 800 657 363 26 513 466 914 788 103 694 864 137 0 481 984 233 261 76 193 614 384 860 452 256 429 989 125 741 746 904 275 750 109 116 785 173 33 485 957 271 382 484 30 269 869 923 67 410 117 252 96 703 144 566 734 52 92 957 461 357 950 914 657 851 489 858 472 783 452 808 891 24 245 908 251 460 110 736 383 368 277 341 961 817 99 967 
841 991 735 265 483 305 255 919 881 150 379 547 929 294 328 502 23 897 398 681 693 841 0 441 261 783 333 396 570 625 519 768 677 473 198 944 62 948 993 651 585 143 78 497 662 56 29 853 1000 763 416 900 269 564 460 963 28 302 768 154 29 249 865 641 132 287 24 949 75 491 458 499 281 784 641 93 233 380 285 365 451 913 621 338 441 929 966 566 241 465 677 37 824 859 191 
436 212 552 828 97 34 453 113 677 172 299 240 822 80 8 701 656 228 268 661 242 123 637 0 555 663 606 540 219 577 348 811 379 664 544 674 302 862 465 33 714 114 259 517 566 930 315 271 813 511 125 993 785 434 801 269 775 616 279 469 938 84 938 564 398 711 148 549 240 222 387 188 437 585 681 739 661 947 98 558 346 831 773 795 792 855 430 141 489 45 585 711 238 657 890 
626 687 689 337 4 310 514 862 965 988 199 986 22 858 884 205 122 245 40 810 772 864 354 594 0 24 229 491 547 865 85 512 602 76 974 551 47 923 681 862 164 589 285 795 51 838 574 61 786 250 685 737 853 20 409 928 937 781 715 460 867 887 169 722 820 22 553 343 239 492 457 347 158 949 822 619 780 599 444 954 934 374 744 415 538 747 928 197 920 470 326 207 416 876 626 
540 387 27 658 210 533 395 467 540 182 27 772 264 1 149 736 831 89 431 107 913 773 926 89 497 0 39 76 454 103 378 200 328 513 851 820 156 856 310 302 947 795 899 977 350 538 314 549 134 162 525 417 439 158 849 304 901 704 712 185 975 24 186 30 380 637 344 128 743 125 480 727 754 799 324 538 943 672 757 658 278 35 364 6 556 788 23 238 300 239 359 25 811 831 781 
630 95 578 980 230 501 839 258 320 499 173 637 609 778 27 674 725 92 865 63 972 349 631 923 423 735 0 765 289 314 266 655 880 91 418 544 443 83 134 416 763 0 324 625 603 546 377 843 36 561 901 812 867 211 306 914 370 791 828 450 160 165 964 118 736 101 463 760 857 999 591 450 898 556 837 369 921 389 130 559 542 795 403 36 763 236 545 986 792 656 13 670 398 592 753 
34 274 274 879 215 317 913 787 892 262 566 852 874 637 624 268 527 306 707 749 923 837 1000 951 869 153 952 0 319 176 76 720 29 608 496 377 759 173 798 107 580 394 303 753 351 935 122 755 147 378 243 489 489 84 922 61 986 500 536 882 979 772 994 592 906 419 182 980 960 685 943 6 468 220 735 78 216 311 482 933 902 462 47 502 15 857 508 365 487 951 490 561 608 850 424 
730 93 83 622 951 788 682 614 127 160 69 457 313 386 492 285 230 53 342 157 901 425 588 294 406 509 374 981 0 947 475 489 283 825 302 691 1 845 686 850 597 761 340 616 996 484 622 632 772 291 562 657 344 279 950 973 642 827 633 749 862 460 803 553 864 968 178 759 787 162 125 442 709 620 960 251 18 98 313 115 970 990 699 82 833 493 21 673 357 211 295 934 819 931 325 
205 618 446 88 948 840 437 891 466 717 315 695 79 999 933 30 397 542 869 419 582 255 290 918 677 876 180 845 785 0 19 178 377 578 935 817 21 687 374 733 762 46 351 176 815 951 958 218 397 800 562 63 796 557 512 801 579 35 86 919 107 805 94 215 575 999 87 241 486 937 836 660 364 243 634 415 895 417 543 294 201 384 816 581 133 564 39 544 171 781 555 580 148 754 29 
470 875 698 910 809 416 525 833 887 977 303 2 37 857 235 685 325 42 605 631 887 471 693 476 527 996 566 971 705 399 0 598 744 691 554 715 627 527 204 35 706 472 661 96 578 283 45 719 756 524 376 658 983 20 176 626 838 621 731 341 463 860 363 622 489 119 822 532 586 977 604 827 655 532 108 989 930 122 825 479 865 123 913 975 351 478 124 405 486 190 909 910 875 137 987 
777 273 328 978 153 540 912 430 390 167 36 962 728 102 642 239 167 34 484 476 565 20 171 764 718 466 118 865 363 777 143 0 743 769 747 207 301 24 574 980 189 950 511 401 933 972 296 175 858 683 685 270 287 25 227 275 670 132 478 945 118 817 29 158 92 183 321 473 802 997 340 140 916 989 967 714 638 88 42 734 305 292 605 838 379 566 67 109 215 771 362 222 133 642 769 
68 827 343 627 443 198 421 275 490 635 137 185 461 645 69 786 960 325 421 712 816 981 853 71 14 720 10 446 80 435 850 826 0 364 794 65 275 32 835 139 653 977 815 63 528 492 679 532 735 267 700 824 368 87 538 435 373 276 871 5 361 216 932 960 81 915 312 175 654 101 329 888 72 880 297 60 434 389 383 426 541 581 564 153 632 829 690 540 562 929 728 384 165 637 534 
382 818 889 749 25 83 181 954 121 914 876 113 465 495 702 360 502 767 397 741 762 970 0 112 102 208 912 895 516 931 221 721 572 0 706 897 618 976 692 191 84 510 382 715 940 352 126 897 58 269 565 110 747 306 282 385 189 248 418 571 170 498 259 948 384 846 362 139 318 739 261 913 238 346 946 471 186 109 840 298 446 502 991 495 730 594 712 420 106 488 418 86 138 663 824 
441 65 913 930 995 260 164 854 101 54 354 216 432 854 883 910 936 698 984 302 72 485 174 823 43 237 476 652 545 224 861 2 297 410 0 484 233 216 979 830 208 738 543 324 78 230 461 251 779 405 562 103 502 323 104 13 344 729 379 395 170 77 923 903 814 437 112 732 54 503 611 180 158 662 547 868 902 207 353 421 919 746 934 475 910 868 811 848 374 309 55 651 215 167 610 
627 857 216 257 179 849 926 898 523 925 43 591 966 546 777 81 246 876 971 721 81 592 749 394 244 565 312 258 317 494 52 534 193 73 83 0 279 508 956 950 145 764 84 483 714 867 520 791 233 6 205 397 395 729 870 467 217 351 907 871 281 90 549 596 840 990 756 341 329 554 262 258 616 342 706 147 517 738 802 613 205 621 612 241 870 473 584 215 509 894 456 99 719 262 23 
633 405 415 886 529 990 552 287 875 878 727 330 986 787 983 643 535 780 702 231 409 1 911 499 845 920 481 94 37 598 705 87 914 558 105 414 0 880 351 195 491 529 47 29 536 729 642 724 574 587 320 706 961 889 54 568 68 753 624 662 705 108 17 272 14 901 105 321 97 708 217 894 895 966 661 712 113 11 815 892 275 6 389 58 8 539 612 444 391 822 421 370 6 7 646 
987 476 799 455 44 323 117 650 710 981 712 885 564 937 291 874 633 166 684 136 728 308 583 83 618 987 2 19 933 834 940 57 6 150 169 685 891 0 53 301 197 432 522 772 747 409 816 934 597 78 722 147 522 572 614 267 248 291 616 773 494 825 301 87 232 122 118 357 122 51 281 293 142 574 271 798 665 408 855 185 852 112 639 287 702 163 528 305 797 792 380 313 53 936 487 
990 389 54 106 489 907 670 344 489 478 160 753 523 266 115 483 789 902 91 196 417 28 580 653 99 640 173 96 88 39 548 927 64 18 940 676 887 798 0 65 804 403 858 811 946 534 590 144 568 529 434 359 415 77 656 461 98 324 240 865 408 810 229 189 884 39 782 586 923 688 166 498 585 505 391 721 568 696 828 623 361 370 93 342 459 141 910 695 407 375 363 68 793 643 647 
232 126 865 323 901 806 501 397 785 658 625 684 651 961 508 126 386 668 672 341 430 176 276 22 130 773 988 548 270 898 898 714 39 960 178 813 810 759 351 0 577 575 322 394 154 143 567 49 663 570 684 577 339 466 501 920 203 431 505 955 99 133 149 836 447 359 654 527 395 450 607 704 44 169 739 685 940 816 292 559 654 306 397 185 279 361 5 908 603 450 916 884 990 428 327 
908 689 64 892 119 932 152 326 827 807 825 956 296 653 691 324 544 848 942 944 784 343 448 612 158 991 990 389 490 914 656 343 406 758 539 978 429 526 80 707 0 291 296 745 958 514 846 507 538 463 19 51 254 951 745 377 786 257 308 609 277 284 892 592 120 461 774 833 475 999 215 197 903 881 153 152 802 267 737 509 561 807 713 207 866 408 323 816 383 643 975 242 210 78 1000 
158 188 717 587 593 316 221 614 131 687 911 841 506 7 126 946 898 41 764 286 228 588 32 529 160 452 538 501 449 223 952 883 473 593 732 245 858 710 217 584 756 0 442 874 143 810 256 259 165 61 843 702 945 801 687 472 531 762 375 916 354 874 340 647 574 667 293 688 437 782 902 938 886 67 869 468 365 440 817 206 630 117 674 495 774 200 918 478 417 792 403 170 354 890 723 
656 935 834 173 357 991 950 618 210 871 925 303 848 361 752 551 648 856 888 926 918 636 278 160 955 257 127 324 927 835 780 36 401 430 762 799 524 572 466 856 816 683 0 508 163 849 808 43 638 833 184 488 87 545 147 2 588 856 862 799 816 261 975 763 191 413 721 801 48 685 881 853 561 661 597 513 237 882 490 363 777 476 951 518 517 788 725 44 86 266 177 348 214 696 116 
625 320 745 981 837 484 420 766 186 765 470 975 180 236 379 484 423 388 596 450 479 122 988 5 708 361 238 977 635 306 455 308 568 950 656 573 277 551 479 701 872 709 973 0 193 832 699 677 409 645 89 865 886 986 448 564 603 10 52 279 192 860 57 612 407 37 428 752 760 478 840 275 656 970 918 648 436 364 658 536 625 441 944 75 436 677 692 789 622 546 490 524 76 485 200 
704 50 367 169 752 856 731 618 646 740 536 315 102 845 869 179 353 673 837 857 479 301 439 244 733 672 708 859 759 55 271 924 333 847 154 249 292 857 954 133 771 634 391 233 0 417 638 995 611 511 400 817 22 270 421 270 237 874 831 252 114 730 348 78 771 913 86 75 345 411 298 136 860 281 420 660 672 187 938 227 529 586 43 631 950 547 499 486 70 603 915 304 923 601 265 
359 294 89 792 619 721 488 624 145 541 232 557 987 850 816 487 604 131 451 691 972 238 755 838 881 368 894 885 414 973 83 131 452 387 38 850 669 482 793 318 662 668 532 776 606 0 629 671 3 661 74 297 613 564 418 294 292 638 654 273 706 727 103 998 425 534 768 829 346 840 166 24 744 129 905 612 100 885 881 983 307 138 313 51 542 980 165 522 579 800 77 75 247 265 573 
6 132 68 158 321 34 511 547 252 934 806 719 230 102 413 437 244 137 683 262 501 838 221 673 562 484 178 735 956 440 113 281 179 852 259 721 471 653 701 910 301 313 822 33 808 448 0 304 878 549 476 668 970 978 362 111 926 903 679 559 889 799 704 147 230 834 989 643 926 580 39 641 832 501 579 271 634 576 251 655 845 928 354 806 249 567 433 809 153 25 657 189 950 132 59 
308 971 431 914 8 472 897 99 592 569 205 784 87 939 59 601 520 986 997 65 837 312 254 188 53 347 359 668 144 25 317 846 792 824 223 897 727 101 969 181 313 968 186 772 452 198 414 0 536 227 343 29 195 490 810 243 250 929 140 449 894 967 855 138 249 681 116 307 859 298 315 376 357 564 411 246 762 114 571 316 142 381 299 615 395 493 985 977 100 454 788 408 84 220 606 
824 897 944 280 641 947 881 873 0 667 477 422 54 938 987 583 742 814 588 940 444 753 338 791 29 212 688 495 415 880 909 864 479 752 839 427 998 405 923 293 488 848 638 1 791 1 732 536 0 867 431 74 449 46 211 281 0 987 286 565 339 958 134 737 627 171 120 623 199 600 357 400 993 13 114 423 506 699 855 499 399 4 722 551 109 584 520 62 533 217 248 605 952 148 247 
518 594 889 305 779 930 478 33 705 896 612 386 418 432 376 554 300 95 287 705 506 805 50 182 693 902 75 617 462 280 634 37 100 825 133 407 161 931 157 457 728 293 973 246 227 962 221 501 160 0 826 758 272 872 23 326 512 277 872 608 230 316 436 767 694 533 96 542 309 80 853 79 439 986 875 136 961 74 55 153 112 242 978 3 323 137 490 658 542 262 575 989 860 275 670 
183 31 693 522 219 643 757 644 688 38 477 892 601 542 204 577 780 425 115 7 328 218 81 613 659 212 848 38 232 802 950 15 298 331 7 594 471 608 865 447 572 55 434 959 836 137 556 913 633 107 0 85 701 574 204 205 418 921 375 275 560 816 757 662 936 754 334 182 53 356 418 790 725 466 525 30 293 875 277 982 465 52 454 684 737 104 49 199 84 45 522 800 325 179 829 
501 357 613 640 252 413 406 584 314 271 621 597 663 697 176 533 196 340 278 269 532 676 737 794 250 32 333 267 516 318 602 713 828 33 117 896 472 457 413 502 355 712 760 947 224 949 432 683 826 15 224 0 197 581 313 716 379 103 881 19 775 311 609 830 69 414 34 528 471 480 469 855 668 895 515 233 986 858 721 543 50 785 609 544 154 861 696 837 506 494 239 834 733 622 225 
859 268 124 228 556 436 674 386 71 635 917 468 360 397 234 576 745 778 265 497 804 922 777 764 372 427 544 567 896 981 554 204 507 402 774 220 469 976 353 113 539 279 145 598 593 365 894 2 876 524 561 341 0 165 748 675 29 357 87 486 425 333 10 927 240 665 192 178 379 664 407 89 270 950 790 110 7 189 338 751 560 493 431 810 543 926 50 14 414 9 54 286 686 565 514 
504 835 946 939 744 519 707 473 573 50 310 174 494 123 401 70 555 9 376 894 344 418 411 708 852 908 149 466 699 282 784 122 33 275 47 305 617 329 109 390 293 294 122 869 687 125 691 948 908 357 399 958 417 0 258 501 477 726 25 88 370 165 881 161 797 548 336 795 400 260 525 55 387 107 207 208 432 915 513 573 153 317 701 67 823 829 459 191 366 992 680 131 540 526 127 
909 308 158 106 425 388 209 652 247 833 381 932 697 737 586 51 180 59 75 690 118 219 886 184 10 870 173 931 135 531 661 268 980 705 976 192 589 630 952 417 935 178 638 317 798 83 488 772 614 202 894 112 216 336 0 822 23 585 311 61 505 200 384 854 191 973 86 347 803 247 270 989 19 593 923 896 454 279 955 637 679 483 414 554 460 980 867 553 911 95 633 116 898 882 179 
370 355 800 722 297 409 528 348 150 327 267 906 156 378 752 555 754 255 697 369 514 597 918 862 132 633 642 181 176 146 545 553 708 804 218 281 768 638 326 118 278 955 820 837 230 648 434 82 356 195 416 605 477 757 907 0 678 558 932 475 607 38 245 279 303 388 296 223 160 215 742 647 900 229 46 916 371 785 626 274 741 521 603 578 195 259 237 963 826 116 935 579 282 858 527 
84 807 371 610 950 750 836 625 79 757 104 895 745 983 628 596 272 754 427 326 114 207 420 497 188 495 732 416 114 616 380 232 601 946 732 377 791 56 83 567 306 5 61 455 629 342 906 785 877 734 831 794 41 357 401 667 0 922 510 787 61 364 65 418 581 826 71 877 350 778 476 448 739 119 859 948 765 684 888 31 614 963 858 936 147 430 581 114 281 523 480 856 630 216 908 
830 288 226 330 328 434 960 127 569 24 857 884 948 882 743 446 748 415 374 948 152 386 757 368 507 177 244 80 835 958 567 792 85 435 655 938 785 166 570 493 892 523 600 162 593 648 238 633 38 559 49 758 897 581 653 302 294 0 4 805 621 356 783 839 524 633 32 969 486 617 801 448 749 745 838 493 844 591 211 363 431 753 546 858 686 187 256 183 707 743 350 130 373 400 796 
753 254 278 95 192 785 412 123 995 266 195 53 983 968 679 410 66 55 649 26 10 890 428 932 538 542 839 350 737 115 37 154 662 438 583 644 478 674 949 634 32 638 155 738 579 209 437 670 119 705 435 675 662 784 702 367 596 871 0 635 145 923 232 14 320 427 168 328 365 275 495 14 266 218 638 673 16 999 806 905 582 158 611 817 77 896 704 996 289 222 345 822 587 187 167 
353 379 647 176 267 23 371 547 415 399 490 952 792 714 842 339 325 478 802 795 285 334 387 929 195 350 716 550 137 529 485 440 116 78 139 219 509 264 50 735 42 209 650 382 398 473 962 526 519 882 114 27 118 308 166 721 964 335 634 0 50 988 910 853 627 737 103 753 23 73 6 323 356 811 1000 344 993 710 53 110 345 823 501 888 252 972 274 265 276 569 198 602 54 604 716 
980 695 508 757 752 544 638 323 153 56 262 681 121 758 532 895 862 306 985 802 894 282 824 104 898 885 401 192 170 972 408 325 281 690 461 81 718 650 136 338 61 698 138 347 829 506 569 662 946 128 594 259 245 178 964 386 343 882 318 332 0 293 453 589 734 371 627 557 931 864 489 491 188 898 38 973 411 866 588 42 277 728 230 248 62 830 10 838 608 130 214 448 10 994 2 
193 947 428 308 989 148 32 890 122 114 301 685 691 448 437 896 791 514 106 855 677 356 512 256 16 207 898 144 456 84 4 741 184 657 961 634 774 426 452 565 945 7 806 646 155 568 317 205 70 770 985 253 757 871 285 880 902 897 97 48 484 0 359 355 412 452 426 606 574 258 442 614 696 733 267 543 743 251 701 209 818 809 767 353 319 644 611 239 459 754 437 996 562 495 653 
254 798 777 982 703 610 92 644 268 597 342 984 668 789 43 451 675 820 246 617 348 266 622 854 18 602 837 441 796 757 507 308 33 999 964 399 637 25 864 329 878 82 843 499 16 363 884 657 441 430 945 516 840 416 632 955 452 564 322 94 999 778 0 923 378 545 543 835 412 718 952 301 890 872 152 668 505 311 143 262 296 739 770 233 848 208 884 652 820 340 971 147 953 581 648 
127 516 74 296 143 39 266 484 869 362 721 158 907 694 188 321 652 139 897 580 374 306 466 432 495 508 651 302 394 523 811 269 999 721 29 636 8 228 431 649 443 287 872 414 231 144 376 922 278 201 580 790 870 523 294 334 411 71 576 137 774 80 123 0 663 150 763 112 630 541 236 548 351 601 220 989 848 650 604 460 18 206 682 149 552 307 347 224 32 290 735 365 686 400 507 
427 217 282 172 531 710 592 266 87 329 53 548 665 666 121 949 677 609 872 581 403 641 547 91 25 812 224 405 626 133 143 319 533 754 93 652 585 637 757 96 108 502 86 625 562 111 727 423 249 220 542 204 447 74 47 349 217 182 532 578 210 880 765 641 0 495 393 967 990 97 471 975 492 810 122 96 917 334 720 478 880 256 878 199 710 444 188 273 171 923 856 543 927 769 768 
112 850 214 577 523 996 715 80 219 601 220 276 533 767 821 265 645 549 969 25 215 403 987 103 112 231 303 995 92 397 109 244 25 90 711 833 386 871 189 28 947 888 837 195 176 13 123 622 636 996 13 999 894 717 169 913 409 712 957 956 959 736 382 264 628 0 843 527 233 207 945 678 477 345 33 121 933 411 923 139 207 297 901 317 658 200 292 47 902 816 362 844 567 472 499 
467 848 247 665 385 660 728 254 908 775 164 555 749 269 343 791 77 877 349 854 441 886 281 140 315 742 254 144 324 281 480 572 786 57 821 453 553 127 653 206 665 375 732 394 273 886 368 787 314 691 609 540 872 623 636 398 834 550 84 933 651 285 969 41 749 666 0 700 910 363 252 129 42 723 888 1 815 949 130 987 627 147 361 4 910 718 811 452 477 412 584 132 357 90 737 
846 29 139 597 186 26 754 686 655 495 818 654 887 339 373 28 511 317 924 255 704 659 975 922 307 94 824 167 113 463 638 467 818 318 743 931 842 749 276 372 467 897 46 744 524 661 891 616 7 938 711 818 52 741 55 821 796 269 566 480 958 802 549 835 76 620 116 0 485 932 841 907 880 550 596 156 187 723 229 610 826 785 836 512 934 193 812 382 973 189 613 247 654 643 649 
937 770 402 344 447 808 933 167 551 36 28 128 146 285 33 291 602 236 625 828 100 896 25 308 382 304 880 335 199 787 669 681 910 567 618 598 304 962 228 438 334 406 478 847 555 374 927 896 958 713 269 145 855 819 415 718 442 943 756 202 977 688 885 314 631 352 767 264 0 946 82 357 582 248 124 301 15 987 699 663 327 491 855 414 919 598 535 921 782 222 60 791 289 319 474 
539 744 665 577 72 956 966 846 174 763 642 544 358 224 232 336 796 567 52 681 601 555 990 556 3 837 884 952 727 682 418 893 2 142 222 672 226 970 917 326 850 664 480 719 338 731 826 635 208 783 356 254 990 898 573 595 500 573 853 929 655 68 398 10 957 950 635 462 652 0 847 962 8 363 205 19 528 100 975 353 927 455 391 228 445 567 788 210 492 911 263 373 991 283 800 
58 31 509 760 262 847 218 609 977 160 848 432 619 428 128 782 986 310 306 103 544 104 721 682 563 923 106 326 331 152 229 308 415 375 271 434 358 895 203 106 349 941 986 337 894 596 984 200 558 490 700 148 887 722 875 740 370 448 625 242 719 367 349 817 727 976 360 190 399 54 0 313 705 2 407 773 370 530 515 908 123 595 788 330 308 358 726 929 871 692 772 580 709 755 927 
672 679 260 963 129 572 514 116 757 869 279 268 878 622 45 342 257 260 246 146 382 660 670 201 876 178 128 113 543 990 227 950 671 877 812 613 363 366 181 225 906 402 612 510 149 280 153 971 661 291 985 891 491 662 935 652 227 687 245 550 190 593 621 456 90 23 114 666 874 854 141 0 470 537 882 998 625 697 505 468 312 307 779 7 849 361 820 757 559 703 683 493 747 908 722 
30 162 741 682 175 347 809 63 785 288 425 283 563 728 957 759 849 334 941 596 159 674 343 533 603 630 119 268 219 398 318 504 851 959 446 227 31 961 433 816 716 246 346 198 196 570 749 238 111 576 466 886 34 342 160 964 61 314 914 409 507 962 662 96 597 342 98 735 987 968 129 153 0 522 108 485 575 112 216 0 156 302 474 462 246 971 736 967 327 617 89 976 2 541 10 
264 984 541 891 671 149 585 124 240 363 692 285 517 19 858 945 202 131 288 380 370 932 212 53 680 768 939 444 896 835 618 974 355 149 803 77 777 560 729 810 185 420 4 782 693 748 756 221 205 718 439 277 110 453 168 443 492 71 263 547 54 636 266 497 245 555 708 948 66 107 886 695 767 0 222 922 537 887 56 778 269 180 188 12 962 979 235 639 907 971 369 355 94 168 750 
954 57 473 192 448 544 48 971 114 332 279 86 442 845 32 373 245 401 895 872 401 466 747 267 268 672 224 349 17 503 581 711 575 192 756 900 67 972 687 881 323 61 251 259 94 152 934 508 322 276 266 239 719 58 458 999 424 694 863 928 333 447 69 837 332 51 190 934 486 130 329 532 775 49 0 839 554 329 212 789 781 731 783 427 863 184 35 813 711 668 631 208 311 214 283 
766 225 858 809 698 64 596 846 11 348 155 249 394 605 829 502 668 663 322 121 976 829 294 144 240 505 35 634 818 537 434 210 552 590 460 398 131 558 37 996 64 225 139 816 731 745 572 216 989 872 936 396 43 736 371 858 282 772 153 577 592 763 395 77 770 816 250 995 6 981 808 807 708 700 114 0 218 32 7 954 317 116 251 775 557 285 479 836 627 222 544 461 876 134 512 
303 228 320 938 724 259 963 528 467 924 624 700 946 449 473 560 144 877 19 870 140 964 783 689 259 235 296 148 228 242 753 129 33 845 820 196 442 266 155 141 934 509 849 827 120 394 92 625 752 696 263 583 561 653 81 153 835 950 127 837 960 136 234 729 602 22 756 887 306 557 421 944 413 609 686 252 0 674 912 654 865 447 412 938 584 457 884 483 599 845 254 201 315 642 401 
470 145 896 195 956 403 600 825 550 139 705 409 871 46 732 640 473 983 827 621 18 471 908 278 313 960 825 209 404 531 198 25 508 943 732 579 706 940 927 192 295 332 81 705 599 750 385 153 303 848 236 349 728 237 23 240 689 681 118 526 579 952 954 205 582 452 219 296 484 361 706 565 895 676 825 18 876 0 645 990 370 768 966 202 314 732 680 418 609 200 491 786 249 988 382 
670 352 85 804 784 826 450 916 802 942 987 535 332 904 621 283 649 585 454 95 892 998 967 446 553 350 989 209 546 111 393 122 82 242 798 470 713 1 464 784 47 746 933 93 466 81 275 125 310 476 491 800 835 327 906 623 937 244 643 581 392 907 262 685 351 951 923 71 782 875 709 268 498 551 927 274 140 916 0 692 469 181 326 130 14 699 6 484 857 952 18 495 128 82 318 
533 142 653 583 255 496 910 160 105 821 275 214 296 651 23 5 274 594 24 989 225 877 634 244 936 292 675 79 497 510 461 214 58 24 688 212 38 959 402 543 488 716 892 232 545 426 180 370 825 302 122 593 488 52 135 785 670 681 372 158 224 862 916 948 414 336 700 935 85 956 852 364 979 890 904 505 510 256 733 0 760 56 514 445 435 948 92 277 223 131 870 716 270 855 333 
508 554 461 720 101 989 573 103 753 212 294 7 291 445 10 879 312 408 696 436 925 535 198 403 420 263 661 833 361 813 431 826 191 292 59 911 492 124 328 293 311 285 721 512 845 390 387 897 795 292 869 245 226 234 864 547 961 679 225 107 743 766 502 904 749 29 39 122 58 822 472 935 851 590 267 936 77 511 541 792 0 925 584 686 145 305 641 581 559 549 959 527 777 794 369 
965 611 437 6 626 177 176 201 629 767 718 676 241 840 379 360 527 2 94 358 47 497 564 897 340 63 877 110 49 893 90 361 172 980 840 856 940 584 723 238 321 695 545 89 187 538 167 935 15 583 825 693 717 325 364 937 987 373 124 106 81 510 688 925 512 823 925 188 877 854 261 140 354 215 189 924 80 603 660 570 794 0 635 173 54 895 332 130 448 736 407 694 375 35 161 
307 847 637 129 735 679 118 74 933 63 204 185 561 525 0 385 147 989 232 653 691 974 154 915 704 473 29 515 234 285 662 766 492 535 165 257 892 517 741 617 581 545 120 958 362 713 132 891 47 813 795 678 635 372 582 777 256 346 588 803 94 74 301 314 480 543 470 239 566 41 150 548 933 166 84 53 880 943 500 674 925 236 0 307 159 934 334 489 941 22 478 770 937 23 615 
107 942 930 731 465 573 846 415 937 45 26 739 231 867 79 294 619 224 550 559 905 514 599 737 895 536 499 696 489 258 62 787 590 688 109 485 979 338 658 765 211 273 369 797 175 698 550 264 826 545 992 979 550 62 278 58 53 840 834 31 849 340 416 412 814 486 58 932 243 726 704 329 966 37 486 239 667 480 363 185 652 626 943 0 344 519 691 143 100 279 263 394 963 834 550 
806 701 332 725 407 618 833 176 305 86 351 689 964 524 960 937 945 420 887 709 938 692 203 618 309 356 266 857 516 538 593 507 201 436 609 479 847 661 902 295 878 883 716 236 103 868 788 129 232 530 241 18 17 501 843 644 392 466 266 715 855 173 925 688 669 698 219 659 814 356 94 466 244 677 737 935 610 748 225 473 805 324 980 705 0 458 778 821 491 561 80 282 777 340 943 
621 346 557 160 279 635 908 213 848 780 291 216 761 439 18 644 405 304 645 417 335 105 835 48 165 580 897 189 323 841 888 917 573 962 884 923 380 10 850 654 519 193 391 359 229 775 662 89 265 546 333 609 343 554 211 917 266 949 55 488 259 785 810 702 999 646 513 684 721 285 470 161 469 680 749 408 668 145 604 148 860 197 200 477 832 0 868 368 748 224 486 187 73 952 720 
674 140 589 3 585 719 136 696 570 81 22 591 198 919 829 505 806 234 155 31 916 132 830 619 776 78 514 365 773 220 649 356 608 735 391 928 486 858 1 282 861 145 309 110 193 890 293 960 320 448 182 827 607 67 581 210 502 216 857 758 362 545 776 574 809 967 231 504 470 780 341 9 960 923 874 922 989 384 385 446 610 849 76 420 571 865 0 665 248 798 342 895 221 633 145 
659 133 608 93 825 785 964 15 772 489 431 588 766 613 909 15 888 429 853 85 994 71 478 127 224 282 103 788 712 873 8 892 68 488 119 484 224 484 304 664 210 386 282 142 705 62 885 194 434 513 598 942 771 511 544 674 251 103 367 526 642 951 31 269 571 288 422 47 222 51 760 120 431 798 727 65 183 523 479 545 699 854 857 428 143 837 87 0 476 57 362 288 87 642 998 
875 375 464 705 444 588 3 776 75 249 717 596 454 203 844 520 926 331 947 834 103 11 479 940 661 619 588 271 688 367 595 166 315 277 823 515 841 838 942 11 380 692 97 625 926 84 270 625 177 890 211 785 511 930 363 360 131 968 971 473 56 873 762 583 848 767 278 151 265 666 755 790 431 510 435 184 202 432 929 583 867 702 539 584 763 786 902 199 0 204 171 850 545 164 33 
480 872 945 610 658 943 36 229 795 833 723 515 124 674 935 873 855 863 206 78 437 855 441 199 701 615 591 995 551 632 833 722 294 645 469 565 862 796 349 191 647 644 967 284 874 472 95 998 649 892 521 224 426 251 40 314 557 178 36 684 339 25 635 213 244 329 378 856 833 754 622 259 130 436 184 547 855 175 389 944 406 38 266 197 879 518 465 370 593 0 813 481 910 262 85 
950 358 777 842 817 636 876 319 853 91 38 264 349 689 72 733 253 228 81 872 715 628 744 550 939 656 43 156 42 926 193 731 161 999 657 678 914 580 132 27 240 242 463 832 336 490 351 925 223 578 208 222 901 169 898 720 213 857 427 139 448 354 187 520 347 100 547 96 361 468 704 796 307 183 671 115 232 194 310 8 497 974 561 39 534 621 415 595 519 419 0 153 125 327 146 
221 375 384 163 817 265 488 963 584 130 733 157 989 94 952 809 414 662 718 690 646 394 758 118 420 23 70 120 607 102 840 82 993 495 719 799 452 609 257 562 61 309 260 878 730 604 529 602 496 251 111 133 14 213 977 818 674 382 219 496 579 537 625 879 156 132 447 253 596 360 896 414 197 184 71 987 961 573 608 136 143 455 365 813 12 887 74 419 692 254 168 0 41 778 68 
192 830 844 18 819 605 923 433 128 964 101 703 158 365 910 617 255 918 211 900 348 344 743 716 97 447 796 432 946 491 525 294 797 153 136 542 492 799 167 924 605 84 511 17 775 5 205 122 992 984 690 362 670 462 663 462 841 565 591 279 729 966 719 351 531 797 849 269 75 557 167 692 838 735 571 975 176 920 276 938 189 854 606 673 844 603 91 418 36 123 493 213 0 360 429 
508 504 357 827 745 70 144 686 493 239 363 178 139 163 351 843 344 417 682 417 134 760 734 310 862 564 111 201 193 254 353 500 857 367 44 434 978 574 9 762 540 98 64 393 897 820 219 363 912 306 960 356 985 849 605 988 68 794 112 968 34 835 619 47 205 224 809 506 811 198 413 822 220 999 918 481 413 426 568 45 231 871 110 762 131 9 708 825 332 40 775 575 459 0 191 
349 576 6 676 400 884 107 198 318 828 91 832 635 314 472 721 958 966 195 305 455 376 419 51 697 956 255 850 152 78 411 886 525 914 951 902 859 435 624 73 763 110 963 782 126 203 514 785 822 816 593 537 303 828 523 887 210 749 176 125 576 423 830 230 668 234 572 347 559 38 419 962 771 229 108 796 281 489 157 575 663 586 125 337 814 824 932 954 160 74 183 257 209 398 0 

Depot information
1561
1767
2220
569
746
2259
1931
586
2030
546

Customer information
17
24
22
15
20
19
18
21
25
20
21
18
16
18
20
21
16
15
19
22
23
25
18
16
19
23
18
23
21
18
22
20
20
16
19
19
22
24
17
23
19
21
23
21
22
20
23
17
23
22
20
23
17
18
25
23
22
24
15
15
24
22
15
20
24
25
18
24
22
16
20
25
15
22
23
20
20
25
18
18
24
16
25
23
17
