Seed 123 - Instance: n40m5_1
n 40
m 5
Q 188
L 0
U 1000

0 201 327 634 468 512 229 676 280 526 847 467 162 734 797 870 799 190 945 962 51 378 494 354 991 85 100 381 48 349 157 101 103 560 664 663 375 406 348 801 40 86 403 954 650 
204 0 858 595 626 117 480 287 372 682 54 232 413 91 903 246 465 787 86 651 491 885 239 746 565 219 636 146 74 332 993 557 37 845 904 559 267 749 312 521 116 518 666 278 601 
337 851 0 96 608 60 792 821 229 994 716 173 510 546 462 686 617 465 833 766 944 572 273 491 971 984 246 710 989 884 734 628 892 391 277 715 765 20 634 933 813 257 969 197 573 
629 588 105 0 198 3 611 442 951 45 703 285 362 400 844 732 447 892 62 26 414 199 308 365 139 859 204 152 202 31 991 943 508 953 869 568 42 375 991 787 755 526 264 564 100 
468 624 608 208 0 880 147 744 208 505 41 919 709 942 535 906 903 787 246 26 358 213 247 530 847 244 819 741 132 685 525 148 877 13 573 453 661 877 440 921 322 187 76 112 126 
495 123 62 6 870 0 142 158 422 337 994 659 1007 562 386 247 115 919 556 844 514 299 760 620 487 496 368 316 541 724 781 297 712 209 290 573 667 423 343 136 502 522 6 704 516 
228 476 785 603 147 138 0 641 491 546 993 293 197 275 994 502 13 320 234 264 38 713 980 877 438 847 682 152 576 78 609 220 1011 732 329 401 111 98 327 689 931 89 665 519 525 
671 283 812 441 750 161 652 0 594 959 935 240 292 843 564 298 762 59 86 478 483 512 819 787 356 400 264 725 500 416 444 396 859 269 681 553 872 614 866 971 340 791 207 668 509 
271 370 229 953 197 437 484 602 0 367 815 279 678 115 525 75 544 110 266 627 194 180 562 283 212 231 631 736 119 400 515 410 679 848 857 330 962 389 388 321 944 464 869 679 743 
521 690 992 31 500 330 550 966 364 0 168 102 67 356 487 713 569 268 419 570 265 466 380 619 896 849 680 703 940 408 73 478 987 663 281 278 932 1008 105 534 824 530 826 369 499 
845 53 721 704 55 986 985 943 804 174 0 313 513 37 649 808 402 503 925 904 933 504 241 401 820 133 481 673 707 647 129 386 199 708 310 632 755 749 553 414 527 341 666 683 425 
462 232 181 293 929 671 301 250 282 84 301 0 104 756 539 693 370 17 844 984 886 819 130 109 656 552 663 923 500 503 434 933 256 451 136 414 416 635 772 911 837 235 981 22 201 
166 415 518 361 704 1001 208 305 677 55 508 114 0 944 742 725 617 940 71 374 602 45 142 303 644 68 534 197 1005 773 698 873 213 790 722 821 288 451 797 364 856 735 593 771 109 
738 78 549 396 938 555 263 832 115 353 38 768 944 0 766 440 495 501 541 885 220 153 822 319 890 906 399 91 229 117 187 472 607 562 630 486 828 539 537 712 474 627 619 791 128 
805 900 458 837 544 366 996 568 531 473 641 535 736 780 0 544 870 751 79 674 416 347 21 202 884 507 692 76 748 56 29 227 327 813 449 152 923 933 600 54 904 20 109 866 903 
880 242 690 734 890 259 507 300 87 707 793 697 723 447 545 0 703 837 976 564 427 35 246 972 469 695 202 51 237 363 774 548 183 437 860 537 462 359 679 587 777 136 584 332 377 
794 471 606 445 899 99 6 766 549 567 385 370 612 498 881 716 0 741 882 707 699 425 679 530 15 257 48 447 293 836 714 896 278 820 567 593 10 382 315 131 38 642 38 97 721 
187 795 471 903 777 927 320 66 100 270 513 20 935 498 743 837 751 0 255 40 690 625 800 202 855 530 774 896 294 588 91 973 88 232 208 670 944 812 195 464 589 590 276 115 354 
950 85 829 57 256 566 239 74 269 405 922 831 61 544 82 994 882 268 0 309 350 650 294 94 272 932 641 479 564 856 314 392 214 404 65 487 609 456 823 162 882 212 547 933 1015 
956 654 774 24 11 840 263 478 623 567 888 986 374 890 675 567 701 38 309 0 246 55 99 869 223 475 953 327 842 936 534 281 29 306 269 93 541 199 340 143 583 792 896 439 432 
44 480 942 414 362 521 34 480 188 258 941 873 617 224 425 445 697 675 331 255 0 210 800 1001 999 744 973 265 740 167 893 375 439 745 91 810 486 1014 27 154 267 701 648 833 52 
398 892 581 202 204 306 708 508 191 480 514 818 43 146 352 36 433 633 654 67 205 0 746 463 204 85 637 212 773 892 894 1015 283 973 596 713 180 808 74 882 622 562 464 465 93 
502 240 258 302 232 760 982 827 566 389 250 132 151 817 36 247 688 785 287 115 812 757 0 565 245 227 241 382 589 215 841 940 605 437 913 242 373 978 656 251 475 677 168 20 724 
352 745 494 374 523 611 877 785 299 610 406 120 308 309 189 964 539 193 99 875 998 452 562 0 237 621 98 703 143 365 47 803 555 717 715 361 674 330 324 436 586 33 910 502 879 
986 556 967 153 837 473 433 364 208 894 812 650 645 902 877 462 10 844 261 233 1004 202 245 242 0 841 935 1007 497 348 484 191 262 212 172 824 727 161 95 71 324 519 107 893 735 
97 222 989 866 242 496 853 402 247 840 136 561 69 900 497 709 258 538 927 473 739 92 222 604 848 0 376 551 420 774 938 850 630 94 818 456 119 189 51 243 608 295 427 549 282 
103 632 244 194 823 369 669 252 636 675 495 668 538 414 688 206 51 779 632 938 971 636 252 107 922 374 0 811 482 607 620 644 306 981 788 458 898 441 776 594 132 693 185 736 718 
370 153 722 162 745 329 169 721 743 708 674 925 211 89 70 48 450 895 481 332 256 202 376 692 1001 557 818 0 423 429 386 366 966 830 570 795 54 890 8 259 248 382 662 39 96 
59 60 995 189 138 536 580 501 124 929 714 504 989 225 736 230 281 291 546 849 732 759 607 148 503 419 494 424 0 262 259 82 59 193 966 614 895 533 657 760 258 317 879 449 150 
353 315 880 31 692 718 77 417 417 418 662 495 764 114 69 364 843 592 847 946 154 907 225 369 339 777 626 430 254 0 207 160 520 180 503 169 542 61 274 121 466 58 465 949 904 
158 987 739 986 523 784 610 441 530 57 118 439 706 195 27 771 718 85 310 532 903 899 855 37 483 930 630 404 247 220 0 284 896 198 325 732 951 466 66 826 971 715 146 823 358 
87 543 622 948 155 279 215 392 392 489 401 928 871 482 219 551 896 962 387 274 365 1010 947 805 179 860 635 354 69 151 273 0 771 367 614 580 287 114 321 623 786 412 108 518 914 
98 35 896 506 877 701 1014 857 684 999 208 260 209 626 320 171 277 86 212 42 440 273 605 557 276 620 323 959 54 511 889 765 0 785 738 549 753 529 642 885 738 20 832 135 670 
562 840 396 959 25 203 734 269 862 675 712 445 791 551 813 429 817 233 421 320 736 990 435 709 206 93 983 832 178 175 208 364 788 0 985 218 935 600 449 417 912 19 952 716 842 
659 917 277 877 581 292 310 685 862 272 303 135 720 633 462 859 568 223 77 276 91 588 908 710 167 829 780 559 953 505 327 612 737 985 0 669 979 576 50 433 15 486 359 133 95 
655 563 726 557 443 582 387 570 342 288 628 420 837 483 154 537 597 656 485 98 796 702 255 372 816 445 458 791 606 172 733 589 551 231 661 0 473 999 459 895 574 14 355 403 182 
367 260 766 38 650 663 105 870 950 935 764 416 300 828 919 467 20 954 610 548 498 179 372 678 732 119 904 43 886 531 960 289 755 931 972 455 0 129 573 79 558 495 340 220 317 
412 747 11 373 879 413 96 605 385 991 736 643 453 539 939 344 377 818 447 196 1010 819 976 335 145 185 434 893 521 61 455 108 539 601 581 996 145 0 228 452 817 665 340 251 313 
353 307 639 996 445 353 342 883 396 119 556 769 800 546 596 683 296 206 825 348 23 61 661 334 98 46 769 15 666 259 79 306 644 451 43 461 564 234 0 199 804 636 346 421 654 
805 528 920 792 937 136 688 969 321 544 425 909 369 704 59 599 125 476 160 134 139 892 258 431 54 253 594 256 773 115 829 634 879 418 436 891 77 447 187 0 388 988 794 994 871 
56 114 819 752 318 520 944 350 949 826 527 832 841 488 894 772 36 593 883 580 274 610 477 579 330 612 125 255 268 456 966 787 730 926 15 566 547 810 795 384 0 888 489 668 86 
86 529 263 531 196 507 90 805 464 532 342 231 731 627 20 137 629 600 222 808 697 567 686 28 522 305 675 386 298 61 709 420 22 22 495 31 489 675 629 1000 869 0 300 789 818 
404 666 979 253 85 11 653 195 884 824 657 976 594 624 111 584 34 278 538 888 658 449 169 916 99 439 194 648 871 469 139 95 833 959 357 348 330 355 335 793 499 292 0 41 355 
956 270 196 547 108 703 515 668 681 379 687 15 780 801 865 329 96 122 936 429 837 475 35 491 887 548 740 32 452 959 815 520 142 719 150 384 233 249 437 999 652 779 41 0 850 
632 598 570 104 125 501 507 508 743 518 440 209 90 130 907 369 704 368 1017 425 53 100 714 890 741 272 728 85 158 897 359 912 664 843 93 190 309 302 657 872 77 819 354 845 0 

Depot information
1
1
1
1
1

Customer information
24
21
18
21
20
18
21
18
16
23
20
24
25
21
17
15
22
21
18
15
17
16
22
25
22
25
17
16
20
17
24
23
16
22
25
16
23
25
18
25
