Seed 123 - Instance: n40m5_2
n 40
m 5
Q 246
L 0
U 1000

0 241 378 167 143 516 626 735 694 206 422 395 22 264 889 539 206 902 868 725 301 444 236 696 615 844 106 752 304 336 882 853 755 625 296 541 638 834 112 267 292 345 772 125 135 
244 0 756 493 690 21 982 808 691 665 549 497 497 30 980 749 847 53 994 171 947 829 287 500 320 54 748 159 768 182 616 286 767 841 792 795 556 86 822 127 955 944 493 529 22 
395 753 0 627 84 346 963 961 790 790 745 704 25 507 195 243 498 92 675 941 159 291 392 578 249 975 660 735 701 828 984 804 214 282 935 873 450 406 16 424 952 852 813 792 509 
154 511 643 0 749 153 592 865 99 597 960 781 826 359 965 940 761 517 186 660 43 1002 563 849 531 74 228 50 618 169 952 362 646 845 967 729 105 755 247 918 543 994 610 1003 922 
142 693 79 750 0 814 804 975 869 403 292 785 164 441 137 721 661 230 214 658 799 38 932 235 830 204 678 42 683 200 627 579 441 891 14 182 528 586 237 632 57 218 967 621 590 
513 15 348 155 812 0 195 870 907 997 683 872 916 420 260 792 254 373 558 49 968 617 284 504 919 955 164 680 754 730 938 914 325 208 286 346 390 739 779 828 196 721 839 402 349 
620 979 974 594 789 188 0 734 573 311 611 522 417 345 377 455 969 715 501 961 316 497 759 314 712 53 689 344 552 329 418 368 399 339 503 232 277 94 581 925 42 324 284 215 320 
738 795 973 868 970 868 737 0 295 717 595 885 343 432 791 613 452 181 852 995 22 112 155 484 501 559 747 592 316 989 176 721 985 788 1003 152 388 36 130 341 746 244 683 59 781 
698 701 795 102 885 913 568 289 0 453 166 539 344 783 36 815 264 56 737 569 516 653 73 948 603 839 626 885 799 741 56 923 511 860 135 988 500 306 664 294 192 293 562 126 578 
210 676 793 606 415 1008 301 716 446 0 178 258 772 56 918 288 306 263 107 848 23 638 388 117 980 4 577 475 673 855 66 64 523 739 808 682 146 391 746 197 536 68 108 187 879 
424 547 759 957 307 666 612 610 185 178 0 990 819 45 744 320 167 740 966 958 103 236 535 452 297 597 1012 117 855 939 957 99 786 383 651 680 753 293 543 266 542 705 138 274 176 
407 504 698 786 799 861 518 883 544 245 991 0 796 291 578 823 349 192 197 605 481 938 695 64 19 391 648 191 758 912 256 823 508 211 831 868 686 299 896 122 950 784 988 197 796 
17 508 21 814 180 923 413 358 346 777 809 789 0 373 822 428 976 776 201 355 639 120 637 68 566 311 904 969 487 519 380 552 969 833 945 41 863 122 415 740 80 964 242 937 844 
252 25 508 361 436 419 357 431 787 55 41 304 373 0 927 488 163 615 483 364 840 61 838 916 628 408 463 531 743 898 256 913 589 19 947 939 567 749 701 69 425 580 866 875 252 
894 982 196 963 139 273 379 784 33 915 739 576 833 928 0 76 37 275 200 515 802 770 349 916 461 366 433 909 448 458 964 836 679 354 917 562 152 3 30 538 191 118 338 669 436 
542 738 256 925 714 784 463 606 812 294 318 829 423 485 73 0 381 687 221 264 694 422 336 439 702 509 702 64 500 27 205 726 136 574 666 473 628 968 747 939 56 654 416 170 101 
215 854 492 763 659 244 967 459 258 308 168 340 996 161 39 383 0 82 684 326 756 463 842 298 67 779 990 688 492 930 404 620 758 87 277 971 223 601 742 603 896 614 475 136 228 
892 56 79 527 236 373 713 167 49 257 724 195 769 609 274 695 80 0 285 790 277 441 126 427 387 970 168 891 255 427 953 279 228 235 861 127 874 511 16 1016 162 763 223 949 524 
875 995 664 184 212 551 509 840 732 99 982 197 191 478 203 222 694 297 0 369 692 766 386 606 283 482 502 1008 236 590 1012 415 405 78 417 562 746 372 40 551 456 393 566 619 774 
724 180 938 678 640 54 957 993 560 860 958 609 346 370 524 262 329 792 355 0 962 150 690 794 169 904 448 174 761 546 263 789 524 475 247 672 823 727 36 809 677 348 504 100 916 
316 958 145 50 802 962 318 26 513 9 95 488 652 855 788 693 745 281 687 962 0 785 407 447 154 240 699 296 787 684 217 394 684 849 470 345 90 631 977 923 782 179 310 540 462 
440 833 284 1018 30 615 494 96 657 637 230 931 114 76 778 435 476 460 775 140 785 0 240 940 911 626 931 812 50 613 412 936 510 397 180 491 100 495 899 414 848 703 350 713 758 
237 285 399 549 928 268 769 154 89 386 550 691 644 836 355 347 839 126 389 706 392 237 0 573 182 509 112 668 545 724 959 358 313 869 27 15 460 418 993 562 240 18 510 88 291 
695 502 574 846 229 500 300 476 957 104 448 65 68 903 918 425 296 434 607 791 430 935 582 0 734 810 204 677 1007 853 404 617 727 881 766 512 136 715 214 860 993 682 223 548 687 
616 334 250 531 826 922 709 497 614 989 304 17 565 613 456 683 68 381 295 165 148 905 192 718 0 754 844 902 266 513 55 210 78 739 44 106 590 742 482 873 846 463 516 456 485 
844 47 978 57 190 968 58 550 849 11 596 396 301 395 366 501 778 968 493 898 243 624 494 807 742 0 270 890 620 531 658 736 694 791 711 812 203 345 461 342 277 864 240 429 43 
92 761 650 228 671 178 688 750 617 587 1008 638 899 467 437 697 988 179 495 453 706 931 105 223 843 271 0 450 378 490 121 761 697 370 481 565 976 584 237 295 374 82 162 360 405 
748 177 753 57 39 685 361 587 882 489 119 195 979 538 905 51 675 889 1003 174 305 813 666 670 906 888 451 0 341 797 248 146 399 897 70 258 492 395 756 183 557 516 770 104 66 
292 765 698 632 675 759 559 331 801 688 871 758 489 739 439 506 496 264 231 768 776 38 559 1004 265 621 373 338 0 674 486 44 896 379 92 814 228 104 94 362 698 677 253 50 597 
338 192 834 159 199 728 331 972 743 844 934 928 522 885 458 38 935 435 595 545 689 597 727 862 517 528 503 789 665 0 359 833 510 874 902 26 347 859 632 132 947 700 126 609 704 
872 614 991 947 626 929 411 186 58 70 957 248 377 246 966 197 410 945 1001 267 210 427 975 407 59 667 105 262 487 361 0 663 262 591 668 428 109 746 748 685 295 851 744 832 283 
844 292 795 369 571 910 359 705 913 60 96 830 557 913 821 720 614 284 427 788 411 944 356 600 219 734 752 151 45 834 644 0 144 889 953 847 586 949 428 258 838 865 472 659 665 
755 764 203 642 438 323 414 1003 516 516 782 503 960 589 687 147 775 239 398 536 687 509 309 723 63 690 698 394 895 517 250 139 0 443 751 339 297 818 76 209 247 744 674 385 127 
636 830 282 842 900 211 341 789 860 741 396 220 828 21 345 577 98 231 87 464 853 393 875 880 736 791 352 897 391 873 594 881 450 0 348 277 16 815 26 261 342 870 243 892 215 
296 801 931 961 32 290 494 998 118 827 650 831 945 955 919 667 272 853 423 247 466 180 16 774 38 707 475 60 87 895 658 948 753 349 0 600 569 956 508 48 948 899 415 576 678 
530 789 879 725 171 355 226 155 976 678 692 872 55 930 557 484 973 127 562 672 354 491 8 524 92 814 572 262 814 20 416 864 354 274 586 0 209 864 587 1002 238 860 931 53 166 
636 568 439 99 523 398 277 381 509 152 745 693 861 575 161 630 228 886 733 818 79 98 463 147 591 208 974 496 220 361 104 584 316 13 561 205 0 148 483 285 524 1005 619 937 899 
854 85 404 748 599 741 97 35 314 381 287 301 110 749 20 951 617 519 371 722 625 486 420 707 747 340 592 409 102 864 747 945 832 805 954 856 165 0 70 279 467 403 1004 608 838 
122 826 16 260 243 778 599 142 659 730 557 891 415 701 15 748 741 12 47 33 966 889 998 215 486 462 244 759 105 644 744 434 62 9 509 587 479 68 0 861 132 497 790 350 930 
269 118 431 926 628 814 935 327 295 207 276 107 732 82 532 936 590 1018 550 797 929 422 556 863 884 356 297 182 344 131 688 271 216 256 44 994 275 293 857 0 330 108 213 831 844 
294 950 957 542 67 186 51 735 205 535 546 964 63 425 192 64 904 181 472 678 785 853 234 988 854 285 363 543 705 942 286 842 256 332 960 234 516 472 131 340 0 203 18 195 896 
349 934 839 980 209 718 312 249 310 83 719 769 968 584 127 645 605 759 382 349 184 703 29 676 465 853 68 515 677 697 848 867 745 874 899 853 1018 416 503 112 205 0 215 444 66 
768 492 826 610 972 845 284 675 571 113 151 993 245 882 333 401 483 225 562 496 299 349 496 206 519 248 168 772 267 116 739 477 676 256 425 918 620 991 789 203 25 227 0 966 949 
133 535 786 1010 627 404 204 56 121 178 272 191 930 874 676 168 133 951 636 89 544 732 84 559 461 415 356 105 43 606 830 665 386 892 584 62 938 602 345 824 187 441 971 0 972 
132 4 508 919 585 350 306 788 563 875 172 795 845 254 429 106 228 517 772 923 463 757 303 695 478 53 392 71 579 698 276 665 142 214 695 173 910 845 928 830 904 68 949 975 0 

Depot information
1
1
1
1
1

Customer information
19
15
19
15
18
24
20
19
16
20
25
17
15
21
17
15
23
21
22
17
17
20
15
23
22
17
23
20
19
24
19
16
19
23
24
16
15
21
21
20
