Seed 123 - Instance: n45m5_2
n 45
m 5
Q 184
L 0
U 1000

0 109 726 412 905 714 200 398 124 370 160 658 164 436 206 877 615 429 623 786 871 626 634 901 424 759 881 879 482 909 943 690 41 449 75 663 463 744 292 215 225 230 748 297 300 186 231 209 633 587 
100 0 718 678 345 903 160 759 733 817 250 455 986 846 416 562 357 537 535 585 755 897 561 974 907 354 690 903 827 13 623 232 857 657 899 110 242 545 268 397 59 778 533 421 806 80 842 580 62 481 
726 706 0 394 911 117 778 712 722 938 464 162 668 862 123 54 6 416 457 279 976 333 151 465 240 631 477 36 711 926 654 531 960 541 396 652 854 163 79 642 721 255 992 416 399 126 921 755 254 349 
400 672 380 0 951 582 89 757 754 276 152 935 597 279 713 620 630 922 984 277 771 889 872 580 302 118 377 342 316 133 104 96 354 864 122 551 315 949 90 155 147 547 790 988 465 782 657 159 788 505 
917 342 909 946 0 58 958 278 102 60 210 917 870 805 23 415 246 488 264 295 610 683 128 747 165 820 712 136 695 728 848 840 67 521 392 720 635 281 449 126 523 130 546 905 640 346 806 37 706 776 
710 907 121 576 63 0 682 743 219 313 685 584 712 206 892 207 858 765 123 62 96 608 402 365 866 752 387 91 262 648 457 243 274 421 919 363 881 767 898 967 147 141 424 923 778 365 366 916 942 208 
205 152 760 76 964 675 0 794 10 773 576 799 165 617 187 703 537 341 706 771 395 455 576 942 115 906 161 882 799 386 63 71 610 868 87 651 908 652 610 373 1009 768 848 338 805 603 591 576 422 580 
401 771 716 763 279 726 783 0 742 755 401 429 884 143 696 886 14 288 671 264 70 562 154 15 494 660 984 295 647 536 343 610 996 242 247 984 50 157 258 329 531 369 399 913 526 997 743 269 442 755 
137 726 723 766 101 218 28 741 0 831 864 110 56 505 839 857 925 490 506 981 87 170 58 354 752 229 693 467 411 415 419 546 37 421 681 262 551 101 576 168 146 559 290 329 337 559 257 355 732 105 
383 824 932 270 66 315 772 770 829 0 327 972 722 246 14 1013 274 611 85 808 480 240 427 923 133 411 849 593 684 292 156 396 670 651 775 703 468 885 680 900 971 949 666 86 519 910 929 338 1003 659 
159 251 481 148 205 677 582 402 855 332 0 44 520 573 285 611 226 210 165 281 939 803 356 789 448 132 593 787 170 882 610 358 681 283 691 374 139 995 320 912 561 881 210 1005 243 180 599 889 746 717 
653 461 152 948 926 584 797 419 98 968 38 0 604 919 418 820 16 697 805 568 91 443 930 692 718 748 213 478 373 911 289 757 661 811 804 583 721 181 877 992 20 717 186 93 147 874 987 387 915 710 
167 979 650 602 851 727 161 874 47 725 528 598 0 241 622 348 220 49 211 818 552 1012 370 545 756 885 160 396 810 934 171 345 961 747 837 279 594 164 83 557 344 426 741 736 713 606 102 294 319 57 
430 851 847 294 816 205 618 134 493 240 570 924 247 0 296 997 371 928 516 378 990 148 141 646 829 391 223 926 567 131 923 100 349 630 384 387 50 21 261 310 733 131 876 507 661 488 624 767 216 200 
203 415 111 725 15 883 176 699 831 16 285 436 626 285 0 607 160 894 274 139 641 61 440 234 422 653 341 423 43 589 989 325 86 621 69 12 369 244 802 721 260 570 422 697 646 68 952 176 844 832 
886 566 56 629 428 208 697 881 865 1011 612 829 349 1000 602 0 187 791 405 552 494 731 856 480 395 376 274 512 808 588 849 533 927 918 84 22 477 985 200 848 67 220 263 394 594 52 118 573 234 902 
604 362 14 614 251 852 544 32 932 287 227 16 233 369 167 190 0 840 811 78 444 928 397 672 93 942 751 586 345 777 788 512 650 30 638 1001 503 476 106 67 768 788 307 55 120 466 928 801 980 92 
426 545 413 925 488 751 336 281 499 613 207 697 37 921 898 781 838 0 70 738 236 282 801 522 47 141 14 901 341 225 611 356 549 963 640 410 935 660 984 845 939 42 180 675 404 402 731 129 50 104 
616 539 449 991 255 137 707 665 510 79 158 800 200 507 281 396 795 65 0 531 432 601 603 309 846 1000 39 692 585 375 581 632 358 387 51 783 871 780 724 166 954 449 605 984 186 484 781 471 626 866 
773 591 268 272 288 56 759 263 980 809 278 568 835 393 121 556 79 730 524 0 881 69 41 632 156 596 724 772 868 213 253 842 217 310 456 306 974 920 55 48 183 823 437 521 782 361 995 144 788 584 
863 753 983 772 607 105 393 59 81 481 945 89 561 989 630 487 444 230 422 887 0 36 341 415 215 166 998 961 13 953 214 286 334 356 105 642 709 511 546 680 792 458 362 891 770 159 915 571 368 285 
614 885 324 886 692 609 463 564 172 223 810 436 1001 130 58 731 944 277 603 76 30 0 333 800 446 267 575 132 933 672 625 899 161 191 8 309 842 559 70 420 44 857 734 1009 124 749 521 355 775 899 
632 572 148 876 118 415 573 169 65 421 354 923 377 154 436 849 412 809 608 21 325 341 0 278 507 54 178 513 130 385 878 446 107 719 332 334 720 695 489 109 990 524 890 819 57 330 80 583 399 326 
892 971 447 586 750 369 942 17 341 927 807 686 550 642 244 477 656 527 296 622 405 787 280 0 962 259 855 688 991 364 938 688 279 726 675 85 196 327 10 775 716 44 414 45 164 450 801 958 300 701 
441 902 232 300 178 855 104 491 754 129 461 701 752 818 424 408 104 56 835 154 210 463 505 963 0 802 559 458 857 794 544 121 49 330 898 556 559 92 44 209 337 29 446 225 125 718 735 181 767 676 
753 358 636 123 818 749 908 646 227 417 131 750 892 405 634 380 946 156 1002 589 181 274 54 256 788 0 534 851 869 170 39 901 844 577 432 142 941 303 167 86 757 561 45 689 715 587 925 478 865 608 
865 691 491 375 713 384 157 987 684 852 598 209 172 236 327 277 740 14 47 738 1002 577 183 845 579 516 0 877 682 468 524 724 637 524 152 719 90 587 931 668 991 159 971 677 64 350 216 460 216 217 
874 910 38 333 135 90 872 294 484 588 782 483 405 926 419 521 582 907 697 778 958 132 508 699 459 848 872 0 833 308 840 129 33 610 743 898 531 181 601 337 480 20 144 500 870 122 459 367 669 44 
482 816 706 322 694 270 815 652 405 682 168 366 828 557 50 802 355 341 584 858 20 930 120 995 858 875 701 830 0 601 849 142 542 95 60 958 587 474 30 640 78 102 25 314 1006 291 811 504 770 998 
910 14 910 137 734 649 396 552 417 292 892 927 930 131 592 580 773 217 379 208 952 661 382 367 777 177 461 302 611 0 567 836 929 760 132 53 356 969 557 827 528 280 514 83 14 121 613 356 506 519 
952 625 654 100 857 455 54 353 417 157 607 290 184 915 1002 855 794 605 580 248 200 629 882 943 537 34 509 839 846 579 0 644 945 482 507 5 100 472 877 650 26 483 709 990 169 623 661 581 773 278 
680 219 524 78 824 235 73 616 551 392 371 749 351 111 322 522 511 352 635 841 274 900 457 682 128 905 716 113 151 838 652 0 443 74 131 160 357 33 903 56 225 922 847 427 46 898 966 811 346 896 
36 872 956 347 68 269 592 999 26 672 686 675 964 334 74 924 651 554 360 221 342 167 111 283 52 853 635 52 539 933 944 441 0 731 236 343 923 7 245 203 295 989 682 284 788 647 54 874 1019 213 
456 652 551 866 526 419 867 249 411 650 282 812 743 638 624 929 40 957 402 309 360 190 728 731 331 572 517 613 96 747 490 74 732 0 177 777 651 505 739 618 567 575 778 618 793 632 764 882 581 280 
83 896 411 122 385 914 83 248 676 783 673 803 842 372 62 88 638 657 35 450 102 15 347 663 897 424 142 752 45 133 521 128 244 192 0 135 209 726 492 137 887 872 222 856 1004 438 814 557 733 764 
662 107 668 561 737 364 651 994 269 707 380 586 294 382 29 14 1004 405 783 299 639 312 333 97 557 142 706 892 954 47 8 158 346 796 127 0 267 942 908 365 405 804 94 245 121 71 860 276 963 242 
468 239 863 321 627 866 907 53 542 461 126 713 599 59 368 481 508 931 866 967 722 845 719 200 554 953 77 543 577 360 94 361 922 652 216 285 0 48 916 721 500 62 233 376 214 731 771 226 237 180 
761 532 167 953 279 771 665 162 112 886 999 183 154 37 247 997 476 673 786 930 515 578 696 336 102 315 589 179 467 963 457 41 22 491 721 954 39 0 757 471 674 73 976 395 318 212 553 697 169 608 
278 269 80 89 443 907 613 251 595 680 313 886 93 263 797 197 118 989 716 57 552 72 497 8 49 174 937 591 19 568 882 897 242 746 479 911 916 748 0 152 759 196 222 130 131 959 90 789 671 666 
219 394 637 146 110 962 381 323 183 911 914 991 566 321 727 858 62 839 179 61 683 440 98 759 211 70 678 353 623 830 657 60 197 623 150 369 710 484 143 0 110 990 690 852 630 154 155 134 393 479 
228 69 723 151 522 148 992 547 147 977 570 24 347 744 264 70 764 947 966 188 793 56 997 720 333 755 996 469 65 532 36 225 305 575 885 388 509 656 747 119 0 993 413 78 195 474 945 104 409 421 
218 775 260 557 143 152 770 365 569 956 895 727 418 133 573 207 807 51 455 838 463 852 519 37 43 561 146 27 102 279 494 920 990 575 879 797 56 78 200 1002 997 0 414 632 739 720 341 810 241 326 
751 532 984 802 536 431 842 394 284 674 200 172 749 883 421 265 310 197 620 429 369 745 882 407 452 33 963 130 27 512 692 842 669 779 219 99 230 958 240 689 403 416 0 763 161 833 69 502 896 31 
288 428 414 994 913 912 341 928 340 88 995 91 749 500 699 399 54 688 984 527 894 1003 819 45 227 681 675 512 313 91 983 446 293 615 847 250 367 401 125 850 62 635 762 0 385 939 414 900 735 556 
283 803 393 474 654 762 811 519 338 502 256 153 716 677 639 585 129 389 170 799 767 124 52 144 122 718 69 857 990 9 184 52 782 791 1004 130 210 325 118 629 203 740 157 376 0 740 418 563 863 744 
187 85 113 783 329 369 603 997 566 910 172 873 610 486 69 45 463 396 496 368 157 736 315 469 723 582 340 120 299 107 634 914 652 635 426 71 735 217 959 146 479 725 837 949 748 0 778 839 866 319 
229 847 920 654 818 368 590 731 256 930 597 998 106 611 941 120 941 739 783 996 928 541 81 794 719 926 209 444 808 622 657 948 38 750 815 857 767 559 78 151 936 338 82 411 434 795 0 144 408 865 
210 579 754 148 31 925 563 273 355 346 871 390 277 765 169 580 802 119 462 160 576 364 584 957 166 460 460 367 518 359 578 813 880 890 556 271 227 694 796 148 96 809 512 890 557 834 136 0 554 710 
643 69 264 773 698 933 416 446 722 999 747 914 313 221 834 232 992 55 632 786 371 761 399 309 770 861 207 681 756 500 771 357 1017 584 736 958 241 168 658 395 408 236 895 726 866 862 412 553 0 109 
602 487 356 514 779 216 571 739 115 675 714 700 53 191 844 903 96 104 870 580 284 898 327 686 684 610 223 50 1004 524 262 889 208 278 760 244 169 615 658 469 416 310 40 554 737 317 864 709 117 0 

Depot information
1
1
1
1
1

Customer information
17
23
17
15
17
20
18
15
21
22
24
18
17
18
20
17
15
17
24
21
17
17
15
21
16
21
23
19
18
20
21
21
19
25
15
21
15
19
24
25
16
24
17
24
23
