Seed 123 - Instance: n45m10_0
n 45
m 10
Q 262
L 0
U 1000

0 826 647 525 571 413 697 306 231 531 494 142 866 931 713 711 375 801 630 755 393 208 795 85 518 432 875 341 569 15 99 673 333 669 932 940 281 77 206 760 258 533 879 412 785 362 994 724 372 92 836 821 364 60 504 
816 0 992 80 272 921 127 772 632 553 136 193 715 358 345 354 855 100 498 523 738 866 672 691 154 634 536 151 106 722 765 134 189 336 40 891 121 574 200 94 565 796 957 244 633 431 774 780 393 40 508 566 923 539 737 
641 994 0 149 355 724 392 411 733 418 479 669 956 254 638 146 420 84 179 362 551 472 516 151 457 682 908 439 230 275 702 477 935 908 708 223 466 946 590 621 170 209 179 13 1016 83 479 277 673 401 378 913 116 175 487 
536 76 137 0 836 947 722 351 19 420 759 891 280 173 542 860 401 347 421 818 324 285 46 915 44 465 105 876 137 569 750 559 802 376 643 885 779 783 953 772 273 245 460 287 155 155 95 79 826 863 9 950 710 834 484 
588 263 354 829 0 375 795 178 594 830 362 247 160 996 683 778 67 916 511 577 922 908 116 964 916 227 242 208 501 24 285 186 345 521 142 779 909 373 88 980 618 276 222 854 196 850 786 751 542 372 455 809 607 945 394 
428 915 724 946 365 0 277 619 757 151 168 75 690 160 488 929 413 850 719 207 156 398 370 647 381 100 361 854 249 723 711 826 408 959 455 650 975 340 798 90 667 9 311 964 471 399 937 919 826 967 665 95 921 13 69 
705 123 397 732 796 264 0 458 75 545 870 63 1001 880 888 333 142 205 73 690 234 49 852 869 502 943 504 486 500 1012 343 992 716 262 846 341 977 268 43 285 175 972 26 407 586 153 571 127 433 945 936 780 877 394 617 
305 776 403 356 172 621 460 0 693 158 214 664 125 92 593 202 740 739 156 626 174 978 86 443 44 799 447 611 659 847 77 638 99 91 306 745 322 686 54 206 655 460 658 622 531 121 155 746 374 478 515 595 464 675 485 
226 630 746 15 599 771 72 676 0 843 718 204 1000 782 967 970 849 137 864 701 604 81 319 767 934 494 807 961 603 835 340 572 159 442 274 295 396 202 736 898 311 897 164 173 799 673 529 236 257 427 142 149 880 524 159 
535 546 420 422 825 146 553 156 850 0 851 154 915 55 337 803 79 151 423 499 845 441 494 277 893 63 163 857 738 996 42 202 904 215 358 100 717 491 323 10 606 642 857 136 32 371 961 332 864 825 906 180 82 373 557 
485 143 485 765 362 155 860 208 725 836 0 302 340 613 875 448 873 757 301 110 645 555 776 57 506 328 466 730 928 32 563 534 910 663 206 471 481 862 110 316 981 601 747 649 291 237 186 898 503 863 495 596 475 371 994 
141 186 665 895 246 88 67 668 208 153 306 0 939 905 14 491 147 767 188 786 616 574 689 40 156 999 567 241 249 881 688 741 95 357 419 445 451 755 558 861 489 880 651 63 86 812 37 93 78 246 567 115 587 51 217 
859 706 958 277 151 679 1010 129 999 923 328 936 0 79 254 767 597 20 998 753 863 546 372 580 414 371 219 1008 933 817 429 1003 740 809 977 298 897 22 473 975 718 636 126 137 579 987 520 857 997 439 752 266 756 53 357 
945 357 253 176 982 145 877 101 797 61 599 908 82 0 96 570 45 632 448 219 990 827 239 305 222 234 644 636 69 537 911 43 319 269 853 739 1007 189 515 419 219 79 17 490 188 988 627 808 28 817 802 877 104 35 828 
712 345 650 530 703 495 886 597 962 340 870 14 264 99 0 967 312 966 316 734 652 921 311 735 744 773 591 239 500 322 108 587 516 291 234 841 437 959 754 724 526 439 890 658 815 80 157 585 159 744 93 486 429 442 198 
697 356 143 852 759 931 320 196 963 806 454 481 772 564 966 0 179 176 915 391 40 875 523 381 526 967 929 94 99 526 991 511 44 984 634 900 936 373 678 313 500 538 207 947 331 435 74 327 760 296 795 89 837 763 423 
372 846 415 397 59 403 140 731 843 93 876 150 610 36 322 190 0 457 654 521 117 741 22 236 848 460 236 132 977 544 878 443 76 26 607 320 423 827 522 220 949 452 81 533 223 97 382 29 228 199 690 472 664 365 878 
782 96 84 337 918 847 207 750 144 148 750 765 18 635 970 169 460 0 416 245 870 18 1004 285 233 714 839 223 275 1015 227 218 557 700 281 269 700 725 618 828 943 774 772 911 710 927 495 278 837 255 603 387 894 209 844 
625 499 179 419 512 718 63 155 849 422 282 187 986 460 314 900 656 403 0 987 727 334 757 795 308 261 985 759 19 131 690 31 392 32 187 295 336 682 658 337 128 755 121 717 279 277 303 471 534 988 778 54 28 245 890 
742 512 365 816 574 198 695 628 701 491 115 787 754 207 732 387 517 255 991 0 623 904 588 514 210 501 321 871 292 599 58 1000 83 882 87 264 42 374 1004 773 645 589 608 456 512 917 198 442 536 856 233 948 185 559 437 
394 737 547 333 924 146 237 174 605 848 646 616 851 992 657 38 112 886 708 627 0 34 60 121 551 339 613 102 217 643 874 993 377 361 752 686 292 651 905 477 919 328 114 604 607 474 408 412 128 728 869 87 501 895 457 
206 874 460 291 912 379 34 968 66 451 544 573 539 820 929 882 751 20 347 899 42 0 943 678 317 9 431 474 136 74 921 846 877 262 746 477 333 759 186 524 939 910 476 790 189 85 933 223 536 82 382 723 856 18 569 
792 671 531 48 107 364 863 97 317 496 787 675 381 247 314 541 34 998 759 594 53 936 0 505 729 751 456 347 659 291 116 567 463 288 492 571 327 52 492 998 551 360 181 377 263 537 773 514 120 779 837 858 389 451 932 
92 705 146 927 979 654 882 447 770 284 66 41 570 304 735 389 233 272 796 519 128 693 512 0 221 534 97 420 394 31 188 122 581 855 367 262 401 261 31 389 294 462 101 497 356 970 502 1014 301 375 581 168 637 95 602 
506 163 460 27 899 382 507 37 951 900 502 166 418 218 757 529 852 234 303 203 564 326 727 236 0 121 669 459 918 909 182 233 266 977 570 415 34 116 717 992 222 309 838 919 160 582 35 361 895 112 508 573 566 953 523 
441 624 684 469 225 94 935 804 493 68 337 991 372 244 772 980 456 712 258 485 325 19 752 533 140 0 569 840 404 661 845 452 300 60 586 327 238 250 744 328 350 315 308 926 490 717 841 753 108 830 915 226 58 386 902 
866 529 891 101 246 362 502 455 792 158 458 574 230 637 581 925 222 840 999 318 606 432 462 93 673 573 0 197 690 932 983 993 899 539 912 60 823 519 728 669 406 732 940 289 860 39 322 589 61 387 652 958 505 782 584 
358 139 451 885 207 872 491 600 959 851 728 229 996 632 256 88 124 227 765 876 102 467 346 418 461 824 183 0 218 263 570 584 858 109 267 58 812 297 965 191 210 405 398 336 51 469 592 630 828 102 213 139 243 850 195 
572 110 241 138 507 243 508 675 617 744 933 250 932 66 513 101 980 278 38 289 206 139 649 395 914 415 685 222 0 937 75 463 280 491 996 284 803 810 540 734 222 708 880 732 663 340 288 478 880 81 329 662 799 654 282 
19 712 271 568 21 735 1014 860 829 988 22 877 810 536 316 519 529 1012 118 599 639 69 280 28 904 665 938 278 936 0 898 384 713 706 275 642 167 121 385 62 226 227 58 663 974 958 473 186 919 612 492 423 872 628 39 
97 765 704 757 290 711 363 86 346 43 567 687 430 904 113 994 880 231 706 46 881 918 120 182 183 857 986 575 74 905 0 95 536 445 901 82 351 764 348 433 798 200 465 989 248 927 377 874 534 106 512 813 923 525 512 
677 141 476 554 169 812 988 638 578 208 534 744 1009 59 579 510 450 215 31 988 975 843 549 118 249 458 985 588 461 387 90 0 908 615 808 615 879 241 738 502 900 231 140 565 684 243 492 912 580 48 68 86 993 168 342 
335 192 928 791 341 404 714 101 163 904 905 85 733 329 520 42 71 565 386 70 393 867 468 571 267 282 898 862 299 717 532 920 0 926 675 925 119 30 771 785 783 465 276 151 407 984 26 188 219 121 922 630 448 291 959 
652 332 897 383 519 954 255 89 442 213 663 364 806 259 274 981 41 694 23 895 358 260 297 855 982 69 547 119 485 698 442 598 920 0 93 266 714 865 592 517 283 911 514 716 893 896 526 989 930 169 403 971 502 291 156 
936 39 728 648 141 451 832 314 266 358 213 433 973 857 226 640 614 273 187 103 758 745 486 369 580 598 906 270 988 286 912 811 666 91 0 850 892 674 688 611 170 734 517 386 51 488 549 600 88 728 706 15 177 811 670 
945 879 224 883 778 642 326 731 281 98 459 460 303 733 832 890 309 264 299 267 689 474 564 264 425 341 55 50 281 658 89 616 911 266 851 0 607 180 1013 494 964 431 447 27 238 48 239 528 852 392 437 407 81 530 895 
268 133 477 783 890 976 976 318 400 708 475 452 889 991 443 937 438 699 333 35 277 350 327 410 31 231 810 811 783 156 371 881 109 720 887 613 0 47 336 129 149 553 607 903 756 980 98 295 328 368 274 812 227 294 146 
70 581 945 794 364 353 258 680 211 492 866 745 29 198 971 366 826 736 692 369 650 751 55 246 120 248 531 297 815 110 761 242 25 849 672 186 54 0 127 939 788 915 727 674 826 851 219 952 874 718 524 302 517 613 637 
216 181 591 959 77 798 31 63 737 339 99 546 476 506 763 666 524 618 669 1013 911 171 483 24 714 742 718 983 547 382 356 745 765 602 676 1002 327 110 0 141 628 497 377 604 168 589 774 422 521 388 110 519 891 372 917 
758 98 619 782 969 87 283 198 900 15 309 853 968 415 709 313 219 828 339 777 469 521 1002 396 994 319 654 180 746 50 448 505 771 506 599 497 128 940 138 0 169 25 66 18 844 942 389 757 220 948 25 673 52 660 219 
264 569 180 279 627 675 191 639 325 613 971 502 725 236 518 504 943 949 126 645 932 929 541 288 234 351 404 215 220 220 801 891 783 283 166 958 141 785 614 167 0 309 754 360 518 637 332 38 400 2 403 738 738 874 313 
537 781 204 247 273 6 967 451 904 648 594 883 623 70 438 551 455 771 756 602 323 903 361 466 297 301 716 401 710 231 195 245 466 896 738 434 556 919 497 25 308 0 833 491 19 560 479 477 568 919 548 263 704 999 193 
879 952 166 475 222 292 17 668 173 859 744 639 132 22 889 213 93 755 127 620 116 482 197 120 832 302 953 402 884 69 464 134 279 508 525 444 608 734 388 50 771 829 0 43 83 491 934 464 518 324 578 850 671 776 56 
427 244 17 279 862 970 405 607 178 119 648 51 141 483 659 951 524 911 727 454 609 795 383 494 904 942 295 336 728 668 991 574 150 715 389 29 912 686 601 16 366 489 35 0 689 634 762 600 728 856 624 211 786 522 976 
785 630 999 160 179 486 578 534 806 30 289 91 587 194 816 346 232 711 269 514 612 170 248 355 151 495 867 54 660 970 257 681 417 886 50 237 749 828 165 854 527 19 88 686 0 539 295 679 688 221 796 882 287 665 890 
372 431 97 146 848 394 161 120 667 389 225 812 987 996 78 445 105 928 276 914 485 78 553 972 584 722 37 461 333 940 929 254 997 886 484 38 995 859 599 941 647 555 497 629 533 0 82 682 683 101 534 323 680 419 828 
989 780 474 107 779 934 578 151 531 961 200 39 532 629 149 84 368 489 322 190 409 925 769 497 31 838 331 590 289 485 380 489 18 528 548 237 118 220 766 391 327 498 932 757 284 86 0 936 990 545 112 740 699 468 234 
706 794 270 67 765 902 132 727 248 337 898 100 855 801 588 323 43 283 470 456 405 235 507 997 372 757 601 642 483 192 877 905 188 998 598 547 281 948 424 765 41 470 478 593 684 662 936 0 345 467 549 79 360 972 574 
379 393 666 816 557 833 437 373 253 855 502 87 997 14 143 780 224 841 538 530 129 534 112 294 879 123 65 835 879 907 538 584 214 929 85 836 314 871 530 231 398 575 529 713 678 682 996 347 0 572 159 464 325 179 724 
96 55 386 845 368 983 943 486 433 820 869 253 448 812 736 299 199 267 975 861 731 96 786 370 114 847 381 111 82 620 101 54 126 153 726 400 355 729 392 964 7 930 321 847 214 108 558 463 573 0 419 999 558 662 791 
852 492 380 4 450 653 946 528 133 920 499 563 746 806 109 797 679 605 789 238 872 393 839 590 514 906 654 198 334 490 501 54 922 402 713 446 263 509 106 25 418 544 576 629 782 526 123 545 165 411 0 553 380 655 834 
815 557 926 948 814 100 777 595 147 194 607 131 261 891 482 85 473 390 48 960 83 708 845 160 569 242 971 135 674 421 824 83 628 965 13 415 810 304 536 689 729 262 850 222 898 324 750 68 457 990 563 0 518 79 469 
348 917 110 706 589 919 861 470 880 90 476 597 756 93 416 845 681 886 43 183 492 856 382 637 555 49 517 224 797 882 904 998 445 512 185 81 222 518 872 52 736 708 658 785 297 668 712 359 317 561 387 513 0 397 889 
56 537 189 820 944 7 384 693 525 375 376 51 51 28 449 752 374 224 233 560 883 13 447 107 947 373 773 845 656 644 535 167 300 296 796 516 283 616 370 644 877 990 761 519 677 423 474 978 162 660 653 89 408 0 868 
506 738 484 486 391 72 612 485 157 550 982 208 366 826 205 412 882 862 902 442 449 565 932 610 516 915 594 209 276 26 528 346 973 153 664 893 139 637 917 219 313 197 54 968 893 839 234 577 732 801 840 486 872 862 0 

Depot information
1
1
1
1
1
1
1
1
1
1

Customer information
18
16
22
21
23
19
25
18
19
15
21
16
19
22
25
25
25
20
18
20
16
25
25
23
23
25
16
23
15
20
22
16
16
23
22
18
23
22
18
18
17
23
18
24
20
