Seed 123 - Instance: n45m10_2
n 45
m 10
Q 227
L 0
U 1000

0 898 754 591 927 441 479 447 58 900 678 6 560 999 900 20 207 195 440 276 925 296 267 741 767 937 855 86 49 980 550 180 634 806 205 714 816 948 750 706 737 77 591 752 761 167 808 839 192 110 868 448 332 40 47 
885 0 184 974 426 921 901 334 454 614 62 70 807 886 885 1012 98 134 862 258 1008 332 124 690 947 98 136 842 137 901 458 962 885 865 858 968 53 151 557 393 709 387 12 311 638 337 277 903 187 289 187 873 344 976 1015 
757 177 0 326 895 742 230 472 166 295 957 34 597 29 934 463 785 856 945 353 837 644 224 321 377 803 190 401 59 552 824 990 911 827 647 477 864 588 845 860 486 453 770 526 953 864 889 336 471 253 678 825 940 435 267 
578 973 331 0 1015 281 867 85 517 695 332 817 993 88 147 719 711 779 784 634 841 1012 989 932 233 97 611 800 56 829 625 220 179 773 620 796 487 362 27 811 484 83 621 35 30 605 841 504 416 272 506 987 471 875 413 
918 412 904 1006 0 499 218 157 926 193 764 80 889 779 784 52 970 897 947 472 552 946 868 847 844 832 986 631 498 335 539 419 349 514 697 237 535 195 439 332 36 942 635 523 368 1000 303 20 971 795 611 579 494 852 172 
441 909 741 278 488 0 801 1015 321 708 734 934 253 535 524 315 370 341 357 477 950 590 723 304 704 79 878 328 459 172 966 217 1010 340 961 994 222 471 984 534 314 421 535 480 522 503 108 574 221 264 976 65 640 628 183 
468 885 223 873 220 809 0 926 724 828 918 675 174 913 756 836 893 1006 958 653 17 614 20 608 13 283 850 519 955 450 252 904 612 916 760 377 288 54 249 239 495 325 709 491 621 813 597 685 715 41 766 316 805 884 297 
434 329 471 84 142 1015 936 0 77 73 853 715 447 516 8 80 910 238 146 31 722 483 436 463 41 967 778 404 228 356 959 660 257 140 459 821 111 104 836 461 966 868 744 178 174 851 520 347 377 691 556 151 894 787 622 
63 461 150 519 936 328 718 69 0 158 167 789 104 749 883 996 741 431 429 383 1011 228 673 442 56 464 885 960 324 896 96 566 299 920 622 373 477 459 697 270 8 129 380 415 905 580 237 923 213 941 637 1006 512 310 644 
910 609 293 706 191 708 825 72 176 0 358 547 832 586 684 44 500 368 521 502 186 635 350 457 266 821 824 97 690 54 205 199 429 75 857 809 240 484 823 351 961 153 912 580 459 516 275 570 608 272 392 489 418 868 865 
664 66 969 332 757 735 917 839 171 364 0 405 665 851 781 407 112 573 329 289 81 554 878 959 542 869 599 611 888 969 209 415 383 74 543 216 344 810 613 458 230 658 55 690 482 921 932 746 167 309 657 337 1008 50 380 
0 81 34 815 72 933 681 699 801 553 402 0 718 769 239 214 233 685 975 260 775 413 636 634 372 428 164 289 588 607 165 152 606 136 593 365 909 329 541 870 26 210 493 440 1006 86 621 996 430 467 699 822 185 70 873 
554 803 601 982 894 259 188 446 103 818 648 721 0 760 710 425 205 283 80 830 159 79 503 613 281 814 632 177 340 230 429 533 170 572 370 754 761 963 194 918 614 694 170 202 75 181 171 511 448 522 624 75 732 979 57 
996 879 30 75 777 548 914 502 745 599 850 770 760 0 834 180 329 633 743 155 865 214 864 396 376 556 536 273 369 632 580 279 528 301 890 858 712 234 871 885 615 124 393 824 894 124 923 655 452 585 962 208 158 410 355 
895 870 934 148 771 524 753 0 888 680 766 222 723 831 0 388 474 155 179 587 525 947 978 577 951 212 634 238 834 267 263 133 579 684 554 33 525 176 88 712 667 617 758 968 820 539 203 684 192 384 177 971 643 221 307 
9 995 456 727 48 310 852 75 1013 42 424 210 440 175 376 0 377 395 788 918 66 851 827 787 336 952 878 509 167 91 186 73 457 47 516 372 777 565 239 157 871 195 282 405 623 237 584 628 774 164 330 794 392 654 426 
203 99 790 708 969 376 887 900 736 516 118 223 205 330 472 382 0 714 475 922 983 962 559 440 745 136 832 639 660 186 984 600 55 436 839 251 160 816 268 841 278 767 198 837 161 865 141 892 43 495 295 598 292 172 709 
196 132 857 774 896 349 990 240 437 363 584 682 269 638 154 395 707 0 202 794 220 156 60 883 293 437 402 970 457 774 841 279 437 535 430 777 470 404 993 298 383 535 915 328 462 660 668 603 678 447 960 522 519 972 388 
451 873 959 770 951 355 957 144 421 531 334 986 80 727 183 782 488 220 0 257 516 107 736 21 68 21 358 20 185 408 657 440 872 822 141 549 691 501 389 54 726 612 280 720 229 182 311 952 400 578 73 265 190 181 705 
265 245 371 642 482 465 649 27 372 496 305 266 828 159 589 925 934 792 252 0 100 835 261 900 466 893 1000 17 173 770 916 736 845 83 949 564 379 371 401 576 335 240 209 208 530 874 462 754 829 452 990 663 980 235 827 
917 998 835 838 553 946 20 739 1002 191 91 789 158 862 512 74 992 213 506 93 0 328 640 443 263 972 895 306 214 477 627 21 68 893 334 353 529 925 15 393 673 627 629 953 630 67 529 987 964 365 890 526 176 343 397 
297 336 633 1002 937 588 594 479 233 647 545 425 63 199 942 849 965 170 91 835 322 0 696 781 473 423 572 128 972 750 507 192 578 114 932 208 263 4 79 338 32 797 662 286 903 358 143 558 196 258 697 688 888 850 955 
254 120 211 987 876 713 20 441 676 353 886 623 498 875 976 837 551 77 733 254 641 688 0 447 782 317 901 522 327 951 441 7 752 987 556 897 976 789 368 843 85 262 424 216 926 464 441 560 193 415 687 182 875 326 115 
755 705 321 933 853 321 606 449 446 459 956 634 602 391 569 792 434 889 21 903 449 795 448 0 472 27 873 807 714 718 384 373 256 197 150 1000 733 486 29 744 542 380 257 560 53 685 241 328 451 493 71 724 509 460 798 
784 942 360 228 840 700 19 32 52 281 527 360 279 380 943 342 743 288 71 468 269 478 779 486 0 920 659 653 991 287 151 373 61 853 948 825 1008 675 597 493 130 249 90 834 883 16 34 928 992 51 801 718 829 202 160 
945 96 804 113 832 74 293 964 461 815 869 431 814 552 220 952 149 447 25 887 959 420 324 10 936 0 586 139 414 728 97 264 623 616 375 119 884 726 985 784 647 701 1006 982 702 103 569 306 549 176 75 929 381 955 248 
849 154 195 610 976 887 840 779 884 835 582 174 627 525 633 891 812 405 372 1014 900 566 884 886 655 581 0 629 31 740 745 136 563 431 309 729 404 230 278 199 733 790 97 284 368 285 658 451 596 808 520 22 375 991 118 
74 848 403 793 642 328 520 404 963 104 621 288 179 268 234 514 647 975 11 25 302 138 521 807 661 152 641 0 189 860 80 3 424 873 683 918 340 543 120 901 12 802 614 919 443 507 88 862 619 416 904 900 662 513 245 
62 151 56 54 507 460 961 225 311 685 897 573 327 379 824 174 645 455 179 167 224 970 335 708 983 414 29 179 0 764 652 249 750 149 744 525 488 693 268 444 385 852 435 430 663 972 573 346 596 777 892 513 40 142 595 
968 896 549 832 327 171 449 360 889 48 972 600 234 618 269 84 192 785 400 763 487 743 949 706 297 718 750 858 770 0 454 881 934 414 916 868 413 856 652 572 473 623 570 808 894 877 946 584 274 771 198 735 110 250 922 
546 446 828 621 535 979 249 963 98 214 211 161 421 582 273 198 975 846 646 912 633 504 440 388 162 93 750 86 653 454 0 183 669 101 182 688 810 567 545 745 913 171 90 811 316 133 320 597 891 770 976 246 85 974 967 
194 962 989 207 402 213 912 649 565 191 426 156 525 262 124 78 594 275 455 731 24 196 23 375 388 267 141 5 249 890 177 0 913 505 623 483 929 270 489 223 480 452 798 811 990 530 1004 965 569 457 353 190 741 411 245 
623 886 911 180 346 993 596 255 305 441 387 625 170 522 588 452 48 433 881 847 75 590 743 244 51 633 576 427 756 946 671 912 0 190 836 1009 75 812 930 507 978 65 965 995 71 941 644 778 888 28 212 13 80 231 344 
812 876 826 784 517 344 910 140 915 83 73 125 566 301 684 38 440 531 818 78 886 127 996 200 851 629 414 876 157 412 99 501 193 0 900 131 652 616 623 964 94 864 780 636 256 450 355 472 984 767 772 586 50 730 970 
201 860 635 611 698 954 753 452 635 856 553 586 378 893 553 497 842 425 147 965 345 927 557 163 942 376 303 672 747 912 179 620 852 896 0 417 334 813 945 198 169 995 213 319 33 538 183 319 362 523 490 714 280 711 184 
726 956 477 799 220 993 361 823 368 810 211 367 755 873 31 373 267 776 547 564 361 218 902 1001 825 113 715 924 527 866 681 492 1009 130 432 0 187 104 1012 489 438 140 55 442 435 135 727 931 996 430 935 624 51 128 1006 
826 53 869 488 541 238 279 104 471 260 352 919 775 709 537 761 166 458 697 378 532 265 985 730 1007 885 408 356 476 416 820 924 79 646 328 204 0 344 549 180 637 703 269 278 904 687 864 945 616 858 589 607 392 397 136 
952 148 573 366 211 468 59 106 455 474 803 340 976 223 187 564 821 408 500 355 927 16 783 491 658 726 234 528 696 868 549 278 813 610 809 104 356 0 343 791 13 428 814 924 515 912 559 184 720 853 982 41 262 371 807 
736 544 841 39 435 993 244 831 690 834 605 537 183 857 98 227 258 1006 380 402 3 69 381 41 612 991 293 125 266 662 545 488 930 626 958 1020 531 340 0 296 465 734 31 982 294 332 840 379 653 323 328 521 973 759 162 
703 408 864 813 337 534 247 454 267 350 445 877 914 883 697 159 845 308 51 583 382 343 850 740 474 784 181 909 440 583 750 223 510 967 196 480 176 785 300 0 128 137 957 855 729 657 376 859 483 637 402 1013 357 606 134 
724 720 479 488 31 298 481 966 8 976 216 26 618 628 665 872 283 386 727 342 690 29 86 553 128 643 730 28 388 476 906 484 986 93 175 441 632 22 464 120 0 632 32 931 466 834 34 162 237 906 341 285 659 730 32 
81 386 451 84 948 422 323 866 133 154 650 209 695 117 629 193 762 519 612 233 639 806 275 384 262 702 787 795 851 622 165 450 54 866 986 143 700 422 729 143 634 0 222 260 557 184 828 920 939 553 889 624 554 321 210 
585 11 787 616 631 539 712 739 393 912 47 488 185 399 763 263 193 905 287 198 634 670 421 258 84 1007 98 612 431 570 80 791 965 776 206 54 277 818 44 957 32 228 0 384 445 884 261 826 560 963 516 486 862 520 949 
761 308 523 41 520 478 502 178 428 579 684 441 209 822 958 408 821 333 715 199 946 296 215 570 834 978 285 920 427 816 826 804 991 632 321 431 270 924 980 847 918 257 393 0 973 939 645 351 33 264 954 259 121 738 700 
757 635 952 34 372 531 624 173 904 473 500 1018 86 897 821 627 162 479 231 545 643 901 924 52 880 706 364 460 648 890 309 978 64 270 22 437 906 521 310 725 469 547 448 985 0 654 207 172 731 291 567 669 105 766 248 
157 340 868 610 1012 514 829 850 568 503 908 90 181 126 545 228 869 647 178 892 56 344 476 684 27 89 291 506 965 865 144 538 938 434 539 139 689 914 336 646 843 183 889 942 670 0 55 298 568 262 622 262 181 90 176 
815 270 877 839 308 98 612 522 241 274 933 635 166 929 202 578 146 673 317 471 526 147 437 243 45 576 656 93 579 953 321 998 653 354 179 742 859 567 822 393 38 825 267 648 217 67 0 973 761 196 57 758 318 383 30 
827 886 318 503 3 577 676 356 924 562 742 982 524 643 692 629 897 608 950 746 996 562 558 334 924 307 443 864 342 592 608 951 787 466 306 939 960 182 359 852 160 914 814 360 171 308 966 0 36 965 1018 750 203 379 385 
194 193 472 429 985 221 717 383 199 593 176 415 462 471 187 770 45 660 395 832 953 194 192 454 979 546 596 614 590 275 878 557 887 991 361 1000 607 712 658 473 236 945 570 53 724 556 760 38 0 625 202 647 128 727 266 
109 301 251 267 806 263 38 699 941 272 306 462 506 570 380 168 513 451 588 447 366 249 426 489 35 179 822 421 786 772 776 471 19 771 520 419 859 861 329 643 906 554 977 253 283 273 214 967 628 0 19 371 78 907 76 
877 175 671 489 627 989 770 553 648 374 646 701 625 964 159 345 297 952 67 1003 893 711 703 89 802 64 524 894 896 197 984 351 209 787 486 936 601 967 340 406 353 884 526 958 561 621 48 1013 214 28 0 213 698 14 760 
460 868 811 993 587 70 314 144 1006 497 346 822 59 221 961 804 585 520 279 662 530 685 169 710 721 941 20 895 497 733 243 200 9 596 702 628 607 34 523 1008 294 643 479 260 663 270 767 762 644 369 206 0 594 410 333 
327 349 937 468 505 648 811 913 514 411 1000 181 713 158 634 400 301 508 204 980 188 893 873 521 834 377 365 655 52 113 82 741 61 50 283 48 395 248 981 366 656 547 847 129 106 177 310 209 131 67 698 589 0 208 937 
39 961 441 875 853 638 891 791 317 878 55 53 991 408 226 661 162 972 177 231 350 856 326 447 203 966 995 496 144 259 971 413 229 716 721 127 394 363 756 599 730 329 503 741 758 97 382 391 731 895 20 415 227 0 198 
51 1015 264 414 182 189 305 628 644 880 387 862 72 349 306 436 715 388 720 819 384 943 118 786 180 240 120 227 591 914 980 250 353 974 193 1001 126 817 176 131 46 202 952 704 251 178 21 382 267 73 759 332 950 198 0 

Depot information
1
1
1
1
1
1
1
1
1
1

Customer information
25
18
19
18
17
25
22
17
22
24
24
23
15
17
23
22
16
20
22
22
20
21
23
22
23
17
25
25
25
16
25
23
23
24
16
22
19
20
18
25
24
24
25
23
20
