Seed 123 - Instance: n45m5_1
n 45
m 5
Q 277
L 0
U 1000

0 75 668 869 242 698 814 343 704 693 560 739 320 909 106 220 191 731 715 26 609 582 902 555 803 989 875 517 224 922 210 938 381 368 453 773 192 308 524 729 994 950 400 115 814 283 317 153 743 88 
77 0 206 343 346 416 899 668 772 757 761 81 719 926 890 94 408 479 777 814 918 756 539 285 38 725 960 169 811 120 398 916 521 139 316 253 836 691 1000 986 531 306 244 252 668 518 53 554 527 986 
675 204 0 436 168 570 880 75 889 768 259 450 524 766 849 59 606 389 744 328 748 140 840 570 581 473 794 659 335 424 499 931 123 953 451 97 705 191 669 500 165 1010 500 963 436 992 722 426 628 222 
880 349 428 0 295 968 272 510 288 883 947 921 695 862 573 692 199 792 109 178 620 808 508 323 158 340 906 1000 870 331 166 440 123 185 230 300 451 474 581 541 337 802 341 47 846 340 836 461 82 525 
246 357 167 290 0 99 105 987 563 539 115 503 288 928 584 687 380 774 451 585 879 667 243 230 711 766 1004 661 23 35 661 906 203 631 841 592 187 295 227 664 190 628 650 477 182 529 459 838 712 616 
696 409 551 963 94 0 44 123 214 325 901 854 394 801 208 524 641 930 432 227 1016 539 655 730 644 545 294 703 323 699 76 964 576 132 132 586 451 484 704 954 949 158 193 99 642 966 765 738 96 67 
820 902 882 289 106 54 0 809 756 546 483 584 532 924 377 1002 784 666 85 709 781 228 262 254 1005 155 632 325 214 67 362 931 441 389 226 848 354 912 289 238 464 460 259 830 366 344 217 179 964 105 
344 678 75 499 976 108 797 0 353 475 318 48 637 457 20 378 288 563 730 798 120 242 700 491 829 259 374 296 489 882 1004 62 480 406 221 700 416 619 341 66 574 110 555 223 74 184 710 121 730 33 
716 785 873 283 577 211 757 354 0 399 283 358 45 807 551 99 759 485 999 903 923 256 274 595 328 213 99 962 332 873 36 339 652 789 13 558 1001 830 776 815 457 262 264 240 833 796 23 309 660 936 
689 749 762 878 547 327 531 490 394 0 596 666 676 770 552 481 838 479 810 965 791 661 742 587 67 437 300 588 831 258 781 891 94 907 90 175 438 772 717 724 622 348 58 963 967 965 572 513 15 404 
562 750 257 943 109 905 487 320 281 613 0 787 110 760 387 374 458 505 711 21 278 695 142 692 899 141 434 192 741 804 922 1001 840 164 707 358 62 493 539 983 311 522 424 487 500 511 905 115 701 475 
735 80 449 904 516 845 592 58 358 674 799 0 376 367 765 210 643 461 578 901 911 707 770 638 38 622 262 992 754 1014 276 158 934 319 745 132 204 411 814 544 47 255 848 638 420 679 818 18 977 745 
323 720 534 691 278 412 531 631 47 661 110 382 0 991 567 229 712 887 699 713 730 634 949 204 42 299 289 642 986 229 786 409 371 383 300 824 193 927 1003 145 877 136 648 536 923 76 425 428 71 337 
908 940 757 851 932 792 907 453 810 771 766 368 993 0 37 614 277 466 285 589 491 139 887 989 398 221 266 800 757 184 753 511 280 288 74 879 231 192 531 977 930 503 835 462 520 715 548 251 286 967 
98 897 836 567 576 191 392 20 560 551 386 778 549 28 0 395 59 198 566 629 378 346 52 37 182 208 875 565 60 148 960 804 56 859 474 199 29 1006 250 290 852 579 471 851 783 770 807 166 203 369 
221 102 66 688 694 531 995 374 108 485 369 212 233 618 401 0 243 94 589 999 929 568 910 652 248 348 927 401 695 67 822 977 61 415 423 285 766 968 22 194 710 142 109 479 376 662 539 401 200 210 
199 404 601 212 391 655 791 288 758 830 457 656 696 275 75 243 0 66 88 989 854 4 472 230 599 121 829 992 621 264 314 345 674 461 369 483 798 817 11 510 147 131 811 497 539 34 793 304 254 51 
717 485 383 785 776 914 676 557 501 471 522 461 883 472 204 89 61 0 20 208 924 243 566 409 670 597 421 279 410 450 108 866 899 254 235 917 445 957 445 555 346 766 489 143 470 163 319 535 272 184 
707 772 744 103 458 433 73 725 1002 794 716 573 682 288 563 595 87 17 0 856 595 79 369 149 940 749 384 696 651 117 710 348 408 900 921 354 173 335 603 404 853 8 268 688 422 148 445 426 49 383 
16 820 328 184 599 227 698 789 896 963 7 909 723 597 627 1010 989 204 844 0 677 960 61 754 657 225 925 624 698 155 98 384 838 428 40 875 315 613 996 251 300 919 525 755 627 798 980 358 273 724 
611 920 740 623 861 1017 793 118 933 781 272 912 711 490 370 930 857 924 606 670 0 742 472 817 830 358 465 30 607 391 465 413 993 157 351 916 840 439 845 801 432 378 209 481 670 479 370 770 492 513 
579 763 139 819 676 530 238 235 257 654 691 697 629 139 352 585 4 253 85 964 749 0 689 898 580 792 463 755 540 981 488 811 20 701 312 75 450 597 455 740 140 493 872 212 679 658 27 885 316 396 
912 554 832 507 238 657 273 697 283 728 153 763 941 887 51 896 476 559 381 47 470 703 0 537 581 763 39 413 43 413 472 206 161 889 145 206 521 364 931 661 400 82 519 444 448 887 947 903 414 632 
560 277 578 319 232 730 261 501 608 600 673 630 202 993 37 647 229 417 161 767 822 897 529 0 562 417 23 908 621 371 455 37 642 88 863 702 844 956 689 80 569 753 743 175 843 321 202 969 377 309 
804 27 575 163 704 638 987 813 319 78 909 54 44 410 187 258 596 671 934 660 838 580 576 563 0 279 228 183 562 947 426 486 1006 867 521 402 798 433 30 413 779 749 49 914 612 1001 874 943 294 312 
993 729 483 325 753 531 152 250 223 429 129 621 306 207 215 350 127 597 764 229 354 789 760 407 274 0 474 789 658 612 217 486 17 275 252 790 11 708 803 622 114 626 621 631 268 988 166 599 734 509 
882 953 797 907 989 303 636 369 103 308 416 271 301 264 855 929 814 421 383 929 464 468 36 15 219 478 0 202 864 881 868 736 607 610 955 747 568 308 220 80 143 324 305 947 423 1001 681 795 895 364 
518 184 666 999 660 700 319 297 952 598 190 979 636 782 570 397 991 286 691 619 16 755 406 892 202 793 210 0 388 377 573 174 930 198 913 942 196 641 51 521 546 357 889 572 273 993 195 474 475 891 
233 827 318 855 24 322 217 501 334 825 748 745 988 762 64 693 632 421 648 703 608 543 52 614 578 667 860 395 0 766 255 514 715 410 664 80 921 358 22 954 447 655 447 276 651 425 426 849 178 943 
921 116 410 324 48 699 63 865 871 257 796 1000 243 186 140 71 250 440 114 159 375 968 410 357 947 606 882 379 776 0 839 558 484 576 50 155 354 367 518 144 43 712 621 651 324 920 120 86 556 272 
215 389 491 155 660 67 346 997 26 769 921 264 796 752 968 827 308 100 713 94 469 490 462 451 426 202 862 567 244 825 0 695 471 372 545 162 886 457 100 606 59 856 130 850 44 813 157 906 284 741 
922 924 933 443 907 956 931 63 324 895 989 148 410 513 811 961 338 869 358 376 406 822 212 49 491 483 737 170 529 562 701 0 325 170 455 880 965 636 65 823 97 193 195 225 195 884 857 620 983 103 
394 512 119 122 209 582 444 473 643 93 837 954 366 268 50 63 676 906 406 850 1011 23 157 632 1009 9 610 933 718 480 470 329 0 22 567 772 573 862 949 24 87 320 273 392 215 322 613 188 182 414 
382 140 964 181 622 146 397 409 786 908 152 324 377 288 873 415 453 259 900 422 169 716 898 73 859 279 598 191 423 587 365 182 2 0 337 505 370 335 221 542 571 814 659 454 378 866 537 455 547 346 
447 316 456 229 838 128 218 231 9 93 706 740 296 87 484 419 376 240 920 34 358 298 140 872 528 254 949 910 672 52 550 460 578 334 0 11 951 254 695 894 657 590 859 647 72 667 181 975 365 857 
781 252 112 298 584 576 836 713 565 159 363 133 837 880 195 274 476 921 353 893 916 71 194 712 407 789 752 945 84 145 147 886 768 497 10 0 78 839 115 677 371 43 981 346 465 732 466 52 630 224 
193 827 713 440 189 438 350 404 995 429 47 208 207 227 41 770 799 464 179 311 844 452 518 830 814 7 571 201 906 374 882 981 569 382 939 70 0 125 137 328 776 212 369 235 873 790 417 882 155 598 
312 695 178 474 300 478 919 619 832 756 510 412 926 201 1016 977 801 953 340 614 449 601 365 940 429 709 320 643 366 378 453 642 858 318 242 840 123 0 975 627 168 259 320 958 970 865 272 783 539 867 
508 1000 679 598 232 708 305 344 773 704 553 817 1001 539 257 15 18 447 617 1003 834 450 919 686 40 814 218 60 26 521 98 69 946 215 683 123 149 963 0 1000 973 945 620 262 817 365 956 411 539 406 
746 991 505 544 662 959 248 56 797 713 991 540 143 986 289 182 527 565 410 237 802 757 660 80 429 625 74 535 964 148 597 814 21 550 877 664 314 630 992 0 986 803 948 777 173 174 903 953 709 386 
1002 527 167 346 208 956 476 578 450 612 320 46 874 935 850 728 164 342 857 293 432 150 413 575 770 119 158 548 444 50 63 96 89 566 670 388 764 173 973 987 0 140 261 957 395 527 905 34 584 281 
949 313 1000 806 633 152 448 110 267 333 541 243 143 502 591 148 130 762 16 917 371 492 93 759 749 620 327 350 655 701 853 199 307 818 593 59 216 252 939 804 135 0 616 403 340 132 674 764 259 505 
383 257 499 337 645 177 265 559 274 64 424 857 638 844 455 121 806 493 262 537 210 868 518 744 35 632 301 905 465 612 116 186 269 664 855 985 361 318 616 944 258 611 0 345 120 715 93 640 215 198 
127 246 955 46 472 91 827 230 245 960 493 635 527 456 837 479 490 156 689 754 482 211 447 182 908 627 928 575 281 654 855 239 409 455 650 353 248 957 276 766 947 393 356 0 140 231 824 684 502 559 
797 658 424 844 182 643 366 65 825 964 492 403 919 515 769 360 537 455 416 622 654 678 458 835 592 267 430 269 643 323 55 204 204 368 60 478 859 975 803 178 384 344 120 146 0 303 13 630 850 224 
298 518 986 326 536 960 351 169 783 957 511 681 90 720 759 676 33 170 156 793 468 656 904 309 987 989 1002 1002 440 919 800 880 314 864 658 735 793 866 363 191 528 137 724 222 304 0 408 971 70 725 
314 57 735 840 448 761 215 711 39 583 906 819 438 547 790 532 786 319 454 974 370 23 927 194 874 172 680 201 441 123 152 855 603 541 182 469 419 264 962 920 907 668 96 811 24 414 0 820 793 215 
141 541 424 471 832 751 163 109 302 515 131 22 431 240 173 400 313 519 408 349 770 878 902 952 938 596 792 477 839 99 917 608 182 454 991 71 869 777 427 945 51 754 640 681 625 980 804 0 905 439 
730 543 621 82 710 112 966 745 661 15 712 984 84 285 199 204 265 283 54 268 497 320 408 382 307 733 878 468 191 561 268 979 164 561 360 641 165 546 529 708 579 242 218 504 848 68 792 896 0 92 
94 979 242 519 621 51 94 32 953 407 488 744 345 972 378 205 58 184 385 716 511 399 628 306 317 511 360 888 944 270 751 106 419 347 850 207 608 865 397 386 285 512 212 557 215 725 210 437 89 0 

Depot information
1
1
1
1
1

Customer information
22
23
25
17
17
19
24
20
20
16
19
24
15
17
24
22
20
24
16
17
22
16
18
15
17
22
24
25
25
19
22
21
24
22
15
18
18
20
20
19
18
22
15
16
24
