Seed 123 - Instance: n50m5_1
n 50
m 5
Q 214
L 0
U 1000

0 936 1006 116 24 892 407 1018 149 873 295 989 467 77 400 575 598 258 470 68 163 768 307 776 622 899 655 650 410 486 286 768 676 198 239 900 998 231 687 686 936 835 375 288 969 733 50 654 342 702 100 333 9 748 555 
949 0 947 470 602 273 675 629 786 130 706 945 750 813 72 613 901 945 501 740 452 355 305 816 334 228 568 289 970 82 407 132 737 733 376 960 10 433 695 510 818 100 381 891 450 305 862 433 151 698 936 773 576 321 791 
1006 936 0 38 704 135 950 60 483 779 734 675 770 737 878 227 837 308 11 918 192 618 247 708 336 1019 414 760 886 47 287 304 724 547 459 137 716 401 353 393 584 497 352 706 187 621 21 614 234 511 119 377 459 84 241 
118 467 45 0 491 681 589 643 653 548 909 295 728 168 559 446 724 504 172 952 562 982 262 241 565 787 687 894 825 662 314 453 685 638 205 960 387 213 1017 416 702 850 706 837 577 944 116 656 485 246 420 152 392 350 295 
27 597 715 485 0 383 823 878 721 104 648 825 856 883 449 72 434 41 622 832 94 500 693 475 871 698 578 124 677 454 813 516 239 330 252 32 379 247 259 530 785 833 137 940 380 587 746 476 989 878 330 428 110 398 806 
899 279 133 677 400 0 704 879 236 566 167 1016 540 551 238 742 735 287 586 35 917 782 164 805 994 495 187 386 26 74 384 312 256 410 619 410 905 120 738 905 241 741 923 214 790 169 912 306 933 507 487 513 730 162 264 
413 675 957 597 830 698 0 391 192 624 681 218 977 776 157 807 475 993 143 1002 57 474 282 303 985 266 925 231 507 586 353 314 622 269 221 423 357 288 512 957 247 622 588 610 541 142 594 556 494 270 283 718 818 294 647 
1005 633 63 655 880 874 395 0 570 465 609 272 126 407 739 322 840 141 844 200 549 962 32 607 400 894 1012 843 850 278 242 373 731 928 8 476 779 719 290 459 503 296 475 831 163 96 614 21 515 821 843 199 540 685 425 
144 773 483 664 720 243 194 571 0 954 702 97 937 704 980 476 1006 228 955 813 174 92 759 879 496 111 865 628 217 986 215 134 494 381 70 578 329 834 46 435 405 689 255 106 779 827 508 470 385 886 72 710 85 833 477 
859 131 779 534 95 548 621 465 963 0 491 888 993 610 917 609 377 517 577 293 819 180 539 869 108 381 761 253 46 103 62 857 784 328 570 518 659 996 233 308 948 52 617 235 910 422 89 624 930 79 412 243 74 306 758 
287 705 744 906 653 171 697 596 693 487 0 823 606 731 989 99 274 846 726 1007 988 725 87 184 172 714 444 610 485 951 69 797 998 818 100 340 462 864 357 323 322 858 873 630 351 750 850 545 396 885 730 104 603 902 741 
1000 942 673 303 835 1007 224 259 90 887 833 0 516 782 510 430 781 200 236 937 74 676 678 373 276 941 958 277 144 14 163 130 611 176 307 965 96 470 772 220 538 612 35 890 359 144 661 823 25 661 874 963 388 616 882 
486 743 764 731 842 535 960 140 926 1006 602 515 0 50 702 226 987 292 976 491 355 899 95 232 508 491 526 293 695 225 1012 912 128 522 57 1001 111 603 96 495 263 822 899 834 688 272 773 279 813 662 54 951 260 635 117 
84 826 746 163 872 546 773 414 713 603 746 800 51 0 457 556 507 103 185 62 546 349 974 549 234 563 526 195 129 362 520 161 111 23 383 1007 492 331 287 722 230 527 809 963 356 796 642 507 902 166 189 576 870 496 119 
415 56 882 545 439 243 150 738 992 903 1003 502 708 463 0 928 925 605 152 726 992 247 901 807 22 722 249 567 377 67 826 204 765 261 491 449 231 435 819 196 785 251 54 559 870 531 842 319 270 935 119 687 87 231 388 
579 605 241 446 74 745 813 309 476 602 85 424 213 556 926 0 356 559 800 750 923 30 150 696 431 81 442 711 803 481 474 773 80 412 911 44 653 475 861 194 881 133 268 136 757 432 31 670 802 47 986 183 333 228 560 
585 890 842 736 432 745 485 839 1000 383 283 783 992 518 930 347 0 993 778 730 251 295 558 364 46 882 105 368 611 708 805 375 512 744 820 406 373 953 421 37 683 690 590 821 84 360 525 631 195 602 323 506 592 727 909 
253 940 314 520 33 288 989 142 224 527 855 217 285 109 597 571 984 0 66 1008 889 110 761 437 326 246 676 206 505 555 661 604 531 97 871 185 431 456 910 938 882 812 261 584 772 419 613 245 896 64 352 422 93 448 758 
461 501 12 185 620 590 141 837 946 578 731 233 960 186 156 787 772 73 0 568 305 546 941 292 186 104 174 535 750 605 651 28 37 235 995 174 773 856 558 349 62 411 499 489 971 588 881 54 895 247 689 166 45 721 667 
77 743 922 952 816 40 988 190 812 288 987 940 501 70 714 758 745 1011 584 0 165 225 727 97 433 419 834 304 667 60 898 728 1006 457 636 664 663 295 77 630 640 503 726 976 597 448 20 791 198 854 141 784 674 34 410 
176 461 189 558 97 906 51 557 181 820 992 78 358 552 987 922 251 890 302 178 0 194 38 404 551 710 925 242 105 398 871 183 847 787 850 804 534 351 217 322 945 299 698 74 312 293 796 957 439 920 472 967 936 730 915 
753 363 622 976 483 789 472 954 90 170 733 689 901 361 234 23 301 112 527 232 204 0 640 721 625 725 756 999 35 997 617 768 726 362 451 39 202 819 236 783 893 388 879 875 216 19 129 828 698 417 327 290 88 631 816 
311 312 264 258 689 162 280 25 763 544 82 671 87 980 890 152 569 761 959 732 48 656 0 934 645 284 219 842 69 188 808 189 500 736 49 391 977 94 461 338 474 967 867 589 814 996 517 793 462 985 790 933 976 95 181 
767 817 719 246 470 806 285 597 868 872 183 387 230 534 811 693 359 439 303 87 414 730 940 0 156 387 640 373 954 668 308 96 686 197 454 873 606 237 30 859 155 12 809 79 421 815 698 380 596 445 432 549 549 983 341 
624 333 333 562 863 1009 983 407 509 103 175 266 511 249 22 426 34 308 187 430 552 622 646 140 0 581 172 218 361 423 234 937 20 505 544 996 164 910 234 386 531 399 537 577 587 316 639 664 854 72 878 452 273 266 430 
903 219 999 776 700 491 263 909 100 372 710 939 478 554 720 86 877 250 99 428 708 722 289 375 582 0 705 303 899 899 300 748 172 826 646 421 835 883 170 387 400 265 425 436 481 312 5 598 983 237 299 347 778 255 266 
665 572 427 694 584 194 923 1006 872 745 454 957 515 536 236 451 117 681 162 832 922 768 204 653 167 704 0 670 99 394 566 696 862 532 666 33 204 562 560 990 578 551 383 546 581 717 568 991 184 884 298 382 566 668 601 
651 293 767 880 127 367 218 836 628 253 620 265 296 183 572 713 361 203 547 313 243 1008 846 390 220 319 668 0 294 511 325 13 642 360 856 277 763 608 389 277 539 34 691 887 116 844 743 846 736 834 372 32 429 906 657 
404 984 894 825 678 29 506 848 224 36 474 144 698 133 389 798 616 493 743 678 103 51 85 955 352 910 100 305 0 976 777 167 30 16 301 481 460 343 468 684 165 905 373 735 504 694 384 839 766 585 312 751 196 489 926 
477 78 54 650 450 63 567 272 988 92 937 10 229 369 82 472 718 570 613 61 409 1012 184 667 418 902 401 511 990 0 399 245 914 623 672 574 107 758 858 948 147 873 704 552 643 262 777 889 802 420 499 74 947 616 141 
278 408 283 320 805 398 356 238 216 65 72 175 999 520 827 473 807 659 658 908 864 614 814 307 227 287 574 320 783 388 0 44 544 330 819 640 81 308 107 54 108 900 810 686 919 417 457 311 987 63 94 143 569 245 186 
763 128 309 447 525 323 301 389 140 853 788 127 924 157 213 776 372 610 28 711 186 775 192 93 951 750 688 4 164 251 31 0 605 501 267 949 419 60 831 462 913 953 96 379 558 13 931 743 164 715 238 564 977 138 975 
686 730 709 681 240 254 635 720 506 789 1000 621 135 105 764 77 510 530 28 1005 833 727 495 679 6 173 855 644 14 922 542 596 0 518 99 950 872 604 518 623 720 917 793 482 645 894 178 424 86 834 152 540 96 116 426 
195 741 563 633 330 402 278 925 386 342 813 189 515 39 270 407 729 107 227 453 788 357 733 212 523 826 534 361 5 640 333 491 509 0 187 74 744 543 586 195 345 718 245 475 745 353 83 755 693 684 63 144 821 450 834 
240 367 462 206 251 618 218 17 77 566 102 302 51 395 489 919 820 873 984 623 844 450 58 444 547 640 683 846 310 673 801 253 91 194 0 634 149 838 731 691 119 803 571 480 97 91 137 882 615 283 712 575 996 886 316 
892 967 144 972 35 406 419 472 572 522 329 955 1009 1014 457 47 409 183 158 647 796 34 410 876 995 430 36 286 488 578 651 956 936 81 630 0 397 769 1019 664 378 832 927 439 687 17 145 413 296 148 652 406 138 633 501 
1012 11 724 389 377 903 366 768 322 669 473 103 119 479 244 651 379 424 789 654 536 202 981 593 165 847 215 762 459 95 85 415 880 747 152 395 0 860 27 910 126 792 68 856 964 911 725 204 400 298 548 656 821 751 817 
219 435 409 207 246 111 298 739 830 989 859 469 595 327 419 468 964 455 853 300 350 820 77 250 898 902 555 604 345 767 311 65 590 558 825 771 872 0 826 907 615 901 839 153 485 52 104 411 538 614 163 883 759 733 398 
679 701 348 1010 259 740 529 288 43 224 373 763 89 272 834 863 409 892 553 91 222 229 453 22 239 179 559 370 476 869 106 817 522 585 725 1013 38 825 0 92 408 458 668 258 933 95 932 491 535 792 194 89 521 322 607 
681 492 405 400 548 915 956 456 426 299 323 215 499 721 179 191 44 932 361 635 324 783 326 853 380 406 992 287 672 941 61 461 620 186 684 664 916 900 89 0 645 207 471 337 384 96 952 453 501 530 170 484 459 989 150 
946 812 569 686 785 232 262 488 401 957 331 538 264 231 792 891 669 887 75 646 939 883 475 168 533 385 573 536 182 147 108 919 704 330 111 365 120 627 413 662 0 611 62 983 902 638 739 539 193 80 538 565 145 135 954 
825 101 506 867 821 744 620 294 696 43 854 605 827 537 262 139 693 812 401 503 305 386 969 7 386 261 555 18 899 874 907 951 910 718 816 822 804 892 454 213 597 0 292 923 941 539 610 890 599 447 12 330 432 1004 431 
372 372 356 711 137 925 603 459 259 612 888 26 901 821 68 271 588 269 498 736 703 882 847 825 537 427 389 677 380 698 821 105 800 238 575 939 57 850 657 480 55 293 0 953 641 84 949 259 550 956 660 992 28 549 494 
274 886 704 841 943 219 618 841 118 244 623 887 841 954 572 123 822 592 492 984 91 879 602 88 583 449 530 906 740 555 679 392 475 481 484 429 857 166 264 336 970 912 939 0 280 870 309 1012 201 281 730 25 867 798 92 
967 436 204 590 369 786 543 167 782 917 345 351 688 374 853 757 87 787 987 596 319 207 812 430 586 487 574 131 505 644 916 549 658 750 98 689 955 483 940 381 903 954 644 269 0 876 483 825 930 236 448 514 558 734 557 
739 311 614 944 585 166 135 103 818 425 754 135 260 793 539 438 354 421 587 446 296 12 1000 813 328 321 719 827 688 263 411 8 908 355 93 26 898 44 91 88 646 524 89 870 874 0 174 603 298 66 296 438 763 285 516 
48 868 19 109 752 915 607 604 510 99 851 669 775 630 852 40 513 617 889 15 801 125 527 697 637 4 564 753 387 777 463 920 183 70 156 140 737 113 919 960 737 616 939 302 477 174 0 865 285 753 680 788 736 18 49 
652 422 619 655 462 303 567 23 468 618 538 841 275 517 310 672 639 240 53 802 959 837 799 383 666 592 991 854 847 892 306 728 424 751 877 425 204 426 497 441 527 887 264 1002 834 609 852 0 499 638 484 998 195 987 803 
346 153 232 485 993 919 489 507 377 936 387 20 818 908 251 813 189 900 893 197 428 692 466 586 860 994 178 725 769 815 1002 159 98 692 620 302 385 526 532 496 196 588 542 202 936 295 298 498 0 846 580 238 998 520 43 
697 712 510 244 879 516 255 835 892 83 883 658 663 174 927 45 588 80 251 856 924 412 973 435 78 235 889 851 597 423 73 712 836 679 292 153 304 611 783 526 88 438 965 269 240 76 736 644 850 0 152 181 989 140 363 
109 940 133 412 334 483 275 848 91 403 730 866 68 190 124 990 324 342 695 148 466 321 790 449 883 299 292 378 300 500 95 242 157 55 725 640 549 171 197 162 552 26 662 728 447 301 681 493 580 156 0 435 690 967 247 
320 771 363 155 426 527 733 184 710 227 90 968 946 585 702 189 513 431 156 770 980 280 941 547 467 355 380 32 767 78 151 568 530 151 585 410 653 877 92 482 570 338 992 26 516 438 795 1011 251 185 421 0 415 762 238 
17 583 474 388 122 745 818 552 91 60 601 385 267 860 91 336 605 80 44 681 928 78 986 555 280 796 573 430 186 960 567 991 108 802 996 123 816 762 528 456 141 448 26 884 546 765 737 190 999 990 689 410 0 1007 681 
750 315 81 349 402 173 289 694 835 305 902 616 626 494 230 228 726 456 719 47 730 648 110 990 270 247 676 923 480 614 230 147 121 444 888 628 744 730 321 984 133 1012 545 803 745 286 8 992 524 134 957 762 988 0 566 
539 786 239 298 826 269 647 418 483 761 725 870 101 118 393 571 906 759 674 405 917 825 180 342 413 267 610 669 921 133 191 981 430 839 309 504 816 402 591 162 948 440 476 95 563 505 29 808 37 359 257 242 664 569 0 

Depot information
1
1
1
1
1

Customer information
25
16
22
17
19
15
22
16
17
23
21
18
18
21
20
20
17
15
24
25
17
19
19
15
22
25
21
16
25
15
23
24
16
16
21
19
24
19
20
16
24
17
16
20
17
15
20
19
15
22
