Seed 123 - Instance: n55m5_2
n 55
m 5
Q 210
L 0
U 1000

0 848 401 895 469 93 386 749 995 713 606 193 479 773 788 588 416 494 130 881 997 1000 447 311 66 573 428 140 823 25 84 346 623 79 674 894 89 576 608 103 111 963 716 608 614 72 686 237 874 814 523 629 666 602 475 309 121 517 284 660 
849 0 834 542 917 799 401 41 625 83 135 154 365 397 309 831 499 176 795 437 296 543 418 325 445 399 853 617 737 169 939 182 896 348 497 676 970 238 795 412 164 325 834 296 947 816 927 113 898 174 397 845 202 724 766 940 165 976 366 26 
395 841 0 807 842 137 553 326 95 903 16 879 231 46 166 471 266 331 508 733 975 858 410 614 448 413 919 701 708 687 506 672 231 142 575 746 320 365 676 616 820 1007 126 481 276 872 888 432 142 233 57 269 125 816 923 581 672 675 115 844 
888 529 813 0 571 57 346 518 401 165 27 356 907 548 96 741 881 612 883 870 768 508 730 973 788 391 626 704 641 20 910 709 274 301 614 693 637 427 1004 329 97 385 578 73 824 836 657 369 25 598 680 152 761 221 412 304 876 603 902 21 
475 901 844 574 0 664 68 616 664 447 197 548 247 357 357 953 691 90 1006 230 107 569 570 486 832 695 605 842 546 419 430 547 866 32 948 703 875 614 757 547 988 863 602 538 742 306 627 906 586 268 406 763 348 108 193 878 444 661 778 891 
86 782 151 68 666 0 418 925 504 181 811 384 594 287 818 521 947 990 29 465 567 199 881 214 230 683 131 105 318 745 616 404 147 437 302 252 248 339 546 102 215 748 376 152 721 312 911 581 732 514 595 445 325 920 294 78 640 190 863 555 
381 397 556 357 81 417 0 742 262 614 172 50 542 693 131 701 990 700 200 465 157 648 36 697 597 625 313 851 844 304 781 141 662 988 702 629 272 812 555 475 703 278 978 247 327 213 673 571 544 933 401 751 623 903 338 318 762 630 733 482 
745 48 344 515 627 909 750 0 119 378 778 454 82 755 525 384 355 277 121 269 113 523 818 261 137 878 1010 606 130 396 478 259 122 481 475 1004 762 972 677 487 748 37 881 480 595 742 507 248 2 346 313 529 664 46 373 152 619 772 246 712 
1014 622 100 398 653 516 266 116 0 620 619 745 232 185 855 254 952 752 458 215 634 832 475 804 438 403 762 777 11 984 134 498 463 344 858 145 709 792 627 73 881 660 983 707 775 679 711 552 231 674 42 51 657 603 923 493 208 385 642 903 
717 100 904 172 457 184 612 379 616 0 72 807 979 680 674 430 627 177 425 763 641 481 656 688 791 160 130 882 101 625 381 326 151 552 20 907 948 996 142 541 539 42 85 87 644 434 569 900 421 718 774 301 656 920 639 105 246 838 820 36 
597 147 29 29 205 816 160 781 611 71 0 691 178 249 635 964 913 999 566 816 994 544 459 517 645 479 128 414 906 166 147 546 297 466 895 88 735 390 631 347 418 467 400 535 1014 990 869 347 737 597 786 834 714 145 583 330 836 705 728 679 
194 164 881 350 558 373 45 450 744 807 679 0 224 833 606 878 590 856 717 646 360 262 57 438 815 476 912 814 701 527 672 269 639 158 833 852 617 255 444 935 771 213 6 652 358 51 822 232 772 327 173 624 124 691 105 544 173 434 448 11 
468 350 242 901 243 589 546 75 229 978 179 224 0 624 517 963 610 764 773 827 887 402 124 811 407 358 524 292 448 678 45 425 940 547 466 952 497 935 939 201 890 181 405 522 704 673 546 751 340 575 460 750 314 577 426 826 979 512 307 191 
781 384 62 553 370 295 704 757 172 681 250 825 629 0 59 645 567 539 490 912 562 678 656 833 273 40 72 874 195 750 883 454 103 823 261 693 65 809 25 743 928 190 683 675 226 45 348 197 319 176 410 1003 210 114 600 475 972 120 492 821 
799 305 169 109 357 807 130 526 852 678 636 615 509 52 0 589 607 936 381 160 525 580 993 728 192 604 1007 616 113 476 956 521 839 839 58 413 321 250 287 123 1010 798 758 849 754 973 985 902 834 107 718 256 256 500 656 913 525 340 69 777 
582 831 460 747 944 520 698 396 264 425 955 881 976 642 585 0 62 815 505 28 320 981 577 313 886 667 894 799 765 676 762 278 949 22 965 675 325 240 837 257 578 682 158 46 625 754 955 421 726 586 881 55 236 282 764 101 619 383 588 236 
417 502 271 896 679 949 988 354 951 627 907 599 609 574 620 70 0 999 48 32 715 749 329 75 437 223 398 366 515 498 477 978 687 724 554 413 464 558 314 883 310 154 63 491 10 142 1010 281 368 267 399 238 803 525 668 272 117 281 163 293 
488 173 336 592 106 993 687 290 748 187 999 869 771 538 939 816 1009 0 936 60 795 530 96 180 229 116 732 818 371 705 862 916 630 601 976 624 950 86 801 742 451 977 621 749 749 896 676 913 241 333 801 615 788 655 411 472 777 866 483 223 
138 789 520 899 1001 37 196 129 459 425 558 712 779 494 384 489 48 943 0 745 350 352 404 625 963 381 463 228 259 838 680 835 767 4 364 34 551 987 479 624 31 830 232 487 30 650 781 620 227 143 800 322 198 943 383 325 684 426 843 132 
893 436 740 874 226 461 471 272 210 755 810 641 816 910 159 21 46 53 733 0 361 532 439 817 570 596 873 107 240 531 937 191 844 884 959 195 229 816 967 666 390 682 967 189 671 720 903 405 553 19 190 492 387 260 971 175 309 580 695 413 
994 280 973 781 116 572 159 109 647 653 993 355 872 566 507 331 709 806 353 359 0 809 699 482 196 410 974 307 481 659 642 522 944 248 35 434 506 835 747 916 565 42 335 587 581 990 801 811 58 574 724 915 979 674 214 378 888 753 296 806 
994 542 864 510 578 197 651 519 834 484 530 268 393 668 586 988 731 522 360 530 798 0 458 266 688 988 864 726 320 796 845 588 864 982 823 1008 175 24 569 366 844 624 860 755 360 28 584 367 235 562 38 703 613 443 220 378 327 246 507 480 
441 418 418 745 578 871 35 822 486 673 460 62 126 659 990 573 323 82 404 455 693 454 0 34 245 199 392 879 694 561 394 479 874 855 649 497 557 907 606 748 744 901 876 717 813 629 901 872 997 430 273 512 78 898 859 42 282 439 574 249 
313 323 618 987 487 207 707 256 792 681 519 453 795 829 736 307 63 162 616 826 487 275 28 0 747 435 533 822 124 28 574 1000 251 252 424 642 633 344 553 159 173 663 473 276 319 204 812 1005 869 359 969 32 532 128 758 195 389 996 623 123 
73 445 450 789 823 230 600 140 437 788 632 819 404 270 183 901 444 235 959 574 185 705 238 747 0 851 375 843 897 838 279 773 566 683 334 930 102 164 930 667 620 652 469 846 21 578 785 824 842 856 388 375 479 323 747 427 137 227 394 576 
581 405 428 384 708 679 618 882 401 150 466 492 366 24 600 662 224 109 378 601 404 996 211 417 847 0 316 874 25 584 538 695 25 86 652 693 223 121 896 481 482 996 701 693 90 507 557 928 443 753 222 798 857 439 758 296 794 893 31 121 
420 842 905 631 605 138 303 1009 748 136 133 912 526 68 993 896 395 713 468 873 971 863 401 531 380 311 0 647 134 920 213 1004 402 618 810 557 804 735 616 555 772 649 409 829 105 932 146 780 292 661 101 338 52 449 648 655 48 335 690 682 
137 610 715 702 835 110 846 603 769 885 421 818 288 873 597 813 367 826 236 109 297 740 867 833 847 878 647 0 207 188 133 314 151 938 494 845 572 322 300 457 632 271 894 379 52 110 721 353 800 393 662 624 730 988 516 584 63 295 968 110 
821 728 714 635 541 319 841 131 20 112 912 702 462 187 110 758 513 362 260 236 484 323 700 115 893 22 130 201 0 460 49 933 842 180 452 128 131 584 745 894 858 429 182 207 659 768 594 466 753 226 1004 776 1007 643 649 919 654 609 307 138 
29 161 705 29 438 754 311 378 976 643 150 517 674 737 487 672 485 702 840 537 669 788 553 25 834 594 913 181 457 0 690 661 250 506 90 226 859 387 914 688 822 518 540 660 765 490 763 868 517 832 161 639 763 122 12 187 651 817 948 577 
72 939 503 901 434 617 783 490 124 379 149 663 54 874 947 761 480 853 663 926 626 855 404 570 269 536 212 129 47 687 0 573 873 303 414 687 563 300 551 386 151 593 259 517 645 253 276 340 114 82 598 761 751 828 103 137 57 882 823 499 
346 173 668 713 537 410 148 264 492 310 543 283 412 447 517 273 969 922 827 184 531 582 483 987 760 714 995 325 919 661 566 0 909 1002 756 49 210 807 417 879 727 730 535 103 740 521 282 54 742 694 334 190 200 895 160 251 767 671 899 104 
624 892 247 264 878 144 660 127 456 148 295 647 940 100 843 951 695 642 768 849 949 873 882 262 559 33 411 151 832 262 882 907 0 336 466 454 918 681 710 99 637 350 599 394 224 381 316 532 533 260 237 318 782 1000 371 802 337 473 194 48 
90 348 138 304 36 437 975 481 358 571 455 156 536 819 841 20 728 598 21 880 258 967 849 267 701 86 618 930 179 509 289 1011 341 0 129 824 806 953 389 577 140 439 172 650 480 455 537 199 563 23 477 552 299 980 45 832 782 645 243 570 
666 495 591 615 960 312 694 490 867 24 885 840 459 260 54 959 552 978 362 955 22 806 653 422 323 664 814 490 455 82 404 752 460 127 0 715 348 927 993 191 187 268 819 923 570 827 187 418 162 578 827 192 394 357 533 244 631 475 855 926 
898 675 732 699 697 258 633 993 147 903 81 832 950 689 411 669 417 630 24 186 437 1010 489 633 936 690 551 839 120 208 681 56 463 837 703 0 146 991 667 277 152 926 698 742 93 292 973 312 631 495 927 40 173 117 435 650 736 147 873 850 
86 976 302 637 876 235 283 758 698 951 733 620 479 54 317 315 469 951 548 212 516 169 545 637 105 222 799 572 118 863 558 205 921 804 354 163 0 560 925 73 49 286 629 457 164 102 739 466 234 679 95 350 360 225 728 165 202 593 763 398 
568 226 365 432 619 352 806 971 782 991 395 249 938 799 257 244 549 86 992 812 819 28 921 344 153 113 729 318 587 393 295 816 685 947 944 994 558 0 120 157 594 825 22 221 49 693 935 670 206 58 141 813 352 897 584 322 529 24 818 222 
605 790 678 1009 755 548 561 672 622 143 621 434 925 35 275 836 300 809 483 966 756 556 608 550 931 901 604 293 763 919 557 424 691 385 1000 667 941 112 0 741 527 459 668 538 1006 763 346 352 393 222 482 672 174 638 271 932 860 121 95 963 
105 404 611 337 552 95 491 481 66 546 357 948 205 743 131 262 876 743 623 667 908 378 757 142 673 479 569 465 895 674 375 890 97 578 190 284 93 161 738 0 947 381 176 879 271 434 797 616 812 911 803 442 362 783 444 661 865 986 913 942 
119 148 823 95 993 225 718 757 881 541 424 775 899 930 1000 575 305 453 29 383 560 842 747 163 622 481 766 641 848 814 164 726 634 145 185 142 50 602 538 954 0 378 859 895 716 506 133 133 765 360 274 736 374 1007 42 348 123 274 699 336 
969 337 1001 369 871 758 292 31 652 36 478 232 193 196 799 684 153 963 825 691 34 620 897 643 658 1008 655 271 440 532 596 733 355 434 286 930 286 827 458 388 374 0 568 258 861 170 752 854 711 696 946 720 895 530 326 500 298 702 708 932 
716 851 125 593 602 360 971 877 987 92 414 18 407 696 758 164 49 630 217 961 348 860 873 461 464 697 413 902 185 522 272 541 607 181 835 703 629 19 675 179 860 566 0 537 485 837 563 259 600 366 722 281 923 667 708 509 1001 440 418 648 
618 296 481 84 535 132 241 472 713 91 532 657 508 659 859 50 488 748 485 197 573 748 731 271 843 695 824 382 214 652 513 105 406 635 930 762 462 212 530 874 889 245 540 0 804 602 984 8 220 613 352 583 381 471 661 436 616 856 464 107 
621 954 265 821 738 729 326 604 781 639 1000 364 705 217 757 633 14 755 17 668 591 366 803 320 36 85 102 51 672 760 659 753 224 492 575 99 158 46 1004 260 719 865 471 823 0 961 319 293 725 434 878 667 731 333 296 682 798 267 866 152 
80 834 890 828 303 323 216 746 678 425 993 54 665 46 975 772 136 892 650 705 991 26 643 202 576 509 936 107 782 491 264 525 392 455 847 287 101 692 769 443 495 154 834 596 962 0 981 600 562 319 143 508 323 259 527 878 979 665 656 885 
700 923 887 661 635 908 684 513 718 571 876 827 539 368 978 954 997 670 785 909 802 601 903 821 793 558 130 707 577 752 280 278 306 553 183 977 746 923 360 792 139 768 576 984 332 982 0 492 662 783 311 622 949 869 59 837 181 93 855 760 
230 105 437 367 901 584 584 244 554 908 342 248 743 213 893 423 289 915 630 406 813 377 876 995 831 943 776 344 470 857 322 56 540 198 432 311 450 669 351 602 144 850 261 23 285 598 505 0 887 613 191 357 478 698 315 653 945 572 135 612 
880 892 136 8 595 733 551 18 237 419 744 779 334 321 850 739 382 239 234 561 52 234 998 867 849 433 296 814 769 522 114 739 534 547 158 629 250 206 395 812 760 715 603 234 739 550 656 890 0 768 403 886 162 280 826 473 155 228 81 555 
810 182 225 599 266 506 921 352 675 715 590 314 569 181 105 572 280 350 149 25 571 576 414 363 846 753 661 393 215 831 65 678 260 23 572 494 679 56 224 916 351 682 366 623 445 315 779 613 751 0 310 373 177 42 895 690 542 894 560 283 
526 410 47 691 417 592 404 328 51 770 793 167 464 400 717 890 407 797 797 189 739 48 283 967 384 225 103 655 1015 173 596 349 227 483 828 925 86 137 470 803 288 937 719 370 876 139 307 173 395 292 0 169 429 204 978 485 155 638 959 97 
621 842 272 148 771 462 750 534 50 301 852 614 748 1000 256 53 242 633 323 474 908 687 514 32 378 800 325 613 782 639 761 192 320 545 188 30 361 817 657 444 736 722 292 577 666 515 634 365 892 365 151 0 666 913 664 169 593 332 988 229 
676 208 141 765 350 319 616 670 661 643 711 128 303 205 248 234 800 792 194 384 986 615 75 532 479 848 53 732 1017 762 755 183 782 295 393 180 368 367 166 360 394 896 933 392 741 334 936 462 166 191 436 681 0 732 685 309 3 828 576 833 
599 734 820 226 112 910 911 62 603 933 140 688 582 105 489 288 528 655 956 255 677 453 906 128 336 443 442 985 644 128 836 896 999 974 367 123 212 885 628 775 1011 515 683 485 332 257 876 693 285 43 195 917 742 0 733 197 94 701 102 701 
466 766 923 410 187 293 345 382 941 642 576 108 430 611 655 759 661 412 387 965 221 202 859 749 747 766 646 520 647 25 101 169 369 39 531 432 720 595 267 446 42 327 702 649 307 522 55 311 809 887 985 680 692 721 0 749 137 822 587 786 
306 939 589 306 880 66 319 163 495 114 345 538 828 487 914 86 288 461 340 163 388 395 48 193 432 298 651 582 928 181 153 250 800 832 237 656 163 334 934 666 355 483 502 447 682 870 843 651 456 694 497 166 316 211 748 0 199 376 668 119 
110 167 678 880 448 633 762 612 215 247 826 173 981 984 521 617 108 768 686 297 903 333 291 391 144 790 56 70 639 666 72 759 338 788 614 750 209 516 866 875 118 309 1000 626 796 986 184 929 153 540 166 588 8 93 132 218 0 24 646 119 
515 975 660 608 657 174 638 782 383 850 700 435 497 125 335 374 271 860 419 587 742 235 442 994 216 895 331 281 619 820 885 667 458 664 485 163 590 20 118 984 281 701 420 855 273 671 97 572 229 884 629 319 816 689 835 373 37 0 322 465 
285 377 104 898 781 865 748 248 650 814 728 462 298 475 58 594 164 497 845 694 296 495 588 637 383 34 688 962 300 944 818 904 194 230 871 872 757 813 98 916 693 704 419 458 886 667 850 128 66 561 974 1000 579 93 573 662 643 327 0 376 
658 35 838 20 894 553 479 712 923 39 670 23 188 827 778 232 298 222 126 430 816 497 237 124 582 111 676 121 139 591 487 112 65 572 917 850 387 217 965 944 336 928 651 108 144 869 746 607 544 288 102 237 841 698 784 119 121 462 378 0 

Depot information
1
1
1
1
1

Customer information
21
21
17
15
21
23
22
20
25
18
18
23
18
15
16
22
24
18
17
22
24
18
16
25
24
22
18
20
17
19
25
24
17
25
21
23
15
23
17
21
19
22
18
24
24
23
18
22
24
15
20
21
16
22
17
