Seed 123 - Instance: n60m10_2
n 60
m 10
Q 155
L 0
U 1000

0 65 776 37 597 584 981 475 693 915 25 584 476 23 691 97 600 374 996 595 289 413 676 971 674 412 514 872 110 356 934 196 371 713 944 424 721 416 729 375 400 321 485 737 731 814 193 923 874 798 318 317 317 135 967 799 147 473 23 522 903 528 83 742 210 311 104 414 168 908 
65 0 511 134 494 434 765 933 621 225 69 97 494 138 576 343 776 111 259 162 561 243 241 304 449 470 752 966 482 403 641 524 92 794 26 487 835 258 181 574 973 96 189 366 488 626 991 942 152 221 85 743 1000 992 721 109 326 980 730 44 831 676 212 412 917 374 839 571 799 188 
770 510 0 440 797 391 827 469 236 884 172 697 236 690 416 268 373 576 728 222 970 944 492 128 112 840 609 530 876 475 971 797 103 415 925 488 470 461 56 722 978 343 141 672 838 285 743 987 129 754 750 515 915 527 102 690 951 177 755 639 970 991 175 128 523 28 67 234 848 533 
46 136 426 0 257 752 857 374 619 927 276 236 499 75 500 694 566 785 281 366 925 519 297 277 384 908 134 109 812 973 838 743 363 367 376 122 861 433 646 680 323 407 859 822 427 829 415 975 828 559 278 919 456 61 829 786 916 326 973 646 184 832 940 241 302 289 574 637 213 81 
602 490 809 254 0 864 946 306 931 674 738 245 576 368 268 450 363 699 86 183 619 208 791 894 416 242 924 725 594 123 396 144 876 454 599 292 22 678 712 229 863 683 625 713 773 123 132 199 299 388 626 379 663 433 944 990 44 194 505 752 70 98 50 276 611 261 568 953 16 622 
596 421 379 746 849 0 133 815 949 502 330 90 220 55 841 287 743 42 198 857 819 164 950 444 309 322 890 903 168 435 413 21 560 555 179 565 261 997 867 371 662 553 107 100 379 942 239 907 687 359 413 601 984 897 473 419 566 491 683 479 831 268 532 218 557 642 428 882 789 270 
980 765 829 849 956 149 0 714 521 1003 90 230 202 731 356 696 424 458 994 707 992 320 433 337 907 865 108 679 508 242 214 760 286 743 1002 744 755 531 804 817 834 702 506 712 249 533 301 831 674 786 644 351 798 370 651 474 992 329 454 791 612 125 502 527 936 427 575 423 593 540 
463 929 462 376 312 821 708 0 143 827 393 107 257 647 688 502 267 331 853 182 380 768 627 472 218 143 215 669 373 176 714 903 171 45 318 984 446 443 298 495 830 553 954 594 150 38 262 672 14 331 359 25 938 202 416 675 394 36 476 119 578 311 892 887 251 90 310 530 865 1006 
693 626 222 632 939 948 517 137 0 810 606 78 340 264 148 222 335 241 340 167 117 737 553 361 79 65 69 514 153 946 230 330 237 662 476 86 122 880 465 405 915 156 720 890 171 560 743 329 842 648 225 343 939 914 279 449 522 178 1012 894 92 360 275 946 55 514 746 910 675 851 
920 219 877 910 662 498 1011 830 792 0 526 34 887 32 172 137 760 496 642 879 314 527 278 203 617 794 909 323 473 648 170 403 374 499 279 829 742 940 57 920 610 955 266 983 205 611 829 18 649 957 930 599 276 669 370 642 811 181 631 291 446 322 486 676 783 120 774 1005 112 262 
9 80 170 273 747 333 88 391 614 525 0 79 239 762 48 464 393 549 205 471 768 60 34 817 701 583 868 309 108 74 704 442 75 620 998 44 78 845 664 463 190 785 521 852 35 694 415 112 302 474 614 653 846 801 283 983 398 964 973 637 149 255 955 426 498 486 432 744 721 672 
582 85 701 248 243 100 212 100 69 37 89 0 78 967 67 71 723 39 850 351 329 470 975 852 96 299 582 30 92 959 620 239 676 787 172 693 201 85 371 383 959 180 166 288 348 508 562 643 612 233 526 449 154 961 301 466 113 481 413 938 830 379 276 436 815 327 559 836 819 1008 
475 502 231 500 568 223 215 260 354 877 242 81 0 410 848 600 372 582 611 716 862 218 389 952 698 509 893 202 547 611 464 807 647 401 289 837 24 784 384 626 688 986 392 480 149 626 113 427 538 412 130 571 128 443 770 235 401 838 838 318 553 154 748 177 912 171 908 467 702 802 
29 126 689 77 362 52 742 657 265 49 770 959 407 0 537 983 851 695 989 691 407 507 265 711 898 291 740 577 457 516 860 889 802 741 950 868 939 297 519 828 798 263 55 322 590 996 776 237 48 942 853 309 279 613 889 335 875 383 207 629 854 966 199 104 373 887 897 669 113 992 
685 559 418 487 262 833 341 678 154 167 46 72 846 531 0 729 158 204 343 980 857 324 722 565 317 593 329 396 386 863 55 364 478 422 169 508 643 65 607 926 499 738 501 977 399 186 110 308 89 194 18 1013 849 378 300 671 284 294 458 94 395 491 129 138 697 291 545 791 501 864 
98 347 261 693 455 285 704 506 212 137 469 60 597 987 737 0 356 690 463 368 213 244 343 556 720 190 732 214 604 529 52 539 527 1009 837 368 205 433 489 994 729 68 152 610 239 131 852 87 903 159 421 583 209 411 795 519 506 173 735 541 599 41 1012 617 390 852 382 491 570 131 
604 771 367 569 367 747 421 273 340 761 401 726 373 864 165 352 0 190 613 356 546 629 392 57 893 239 148 111 747 854 47 962 884 697 848 818 42 159 857 548 406 397 772 948 868 552 925 487 746 643 920 916 564 518 521 784 935 936 229 789 403 14 245 302 262 532 677 123 119 801 
366 109 575 770 703 40 460 346 241 499 535 48 573 703 211 678 182 0 156 58 444 642 89 302 546 49 1011 729 405 573 867 858 523 173 694 849 733 970 258 367 842 553 181 499 31 863 897 314 354 551 292 704 266 432 126 219 609 939 778 609 196 737 471 731 54 844 1003 249 875 206 
987 274 732 270 73 205 1006 843 337 651 199 863 609 982 346 464 604 148 0 576 619 880 232 817 75 101 882 627 338 208 576 845 603 987 778 897 75 501 772 712 92 807 962 899 199 948 23 495 348 202 480 740 580 185 232 290 42 851 626 776 250 922 189 895 930 482 269 258 875 411 
606 161 218 371 189 856 720 183 175 890 473 355 714 688 972 387 348 45 576 0 982 993 2 602 258 485 638 888 59 644 564 1002 660 428 145 119 376 970 838 221 905 674 759 594 103 130 303 912 653 852 392 61 149 445 713 361 143 206 876 974 324 608 142 618 555 21 701 568 366 849 
280 563 986 917 625 804 989 371 116 316 765 334 852 411 860 209 551 454 621 986 0 938 434 422 37 969 128 940 854 88 353 495 682 548 927 709 786 550 344 143 159 668 83 436 288 293 981 160 562 884 578 421 69 198 882 853 614 619 696 237 279 514 617 856 711 396 619 798 160 895 
416 247 943 520 208 165 324 770 735 528 72 483 217 496 322 244 640 640 885 999 947 0 99 947 212 929 251 486 636 461 870 339 538 104 432 468 386 138 735 731 382 273 128 977 741 329 415 622 305 732 464 665 369 684 568 298 386 260 191 670 382 899 989 217 165 163 99 859 981 958 
679 230 478 308 789 952 432 628 549 290 34 983 385 264 727 333 379 86 226 14 431 101 0 1002 65 380 513 675 717 250 21 72 402 1013 361 689 596 531 279 536 552 479 190 332 477 91 824 505 896 233 355 598 756 568 447 431 77 302 373 307 764 421 471 891 31 163 719 249 520 519 
974 303 124 280 900 442 337 485 350 191 830 846 957 714 568 563 67 303 831 591 430 932 1004 0 116 899 757 18 43 523 279 795 298 125 526 130 97 820 794 778 178 351 822 750 901 112 614 542 685 645 863 349 413 579 254 373 43 718 537 655 435 968 263 110 599 944 671 816 578 790 
671 462 100 371 419 296 906 212 77 615 714 88 686 901 311 720 893 541 67 261 25 220 61 116 0 529 925 424 415 519 860 600 89 322 342 621 683 350 961 7 964 422 314 754 152 440 646 155 841 679 184 786 822 162 594 507 994 191 483 564 602 907 70 721 151 736 942 707 173 854 
409 463 829 922 240 319 864 140 56 805 602 298 497 291 605 197 242 51 93 488 962 945 390 897 529 0 511 656 927 99 870 830 785 990 308 780 493 605 92 874 128 113 467 52 737 962 26 187 940 52 906 814 436 116 482 516 561 592 561 514 85 698 656 648 272 572 32 381 687 44 
515 758 606 137 929 895 120 225 68 891 868 576 897 733 323 743 159 1009 879 634 117 258 520 757 918 510 0 977 208 117 558 1002 883 311 819 661 25 556 774 200 586 618 301 671 456 706 856 120 899 92 579 213 1008 686 339 965 718 435 73 710 235 513 495 58 214 212 146 828 750 223 
873 969 537 106 719 901 676 678 529 318 315 24 191 581 402 206 117 730 626 891 924 486 672 30 436 665 990 0 925 499 428 380 712 335 800 579 575 205 190 895 207 680 455 97 285 440 955 710 784 614 781 448 924 155 515 85 583 758 220 269 293 877 937 940 964 77 104 135 171 439 
119 495 876 819 585 174 499 381 156 480 115 86 539 470 386 617 750 399 339 46 861 632 701 48 409 937 209 933 0 236 746 477 100 777 661 457 883 207 12 40 716 790 985 378 465 332 44 609 666 598 941 148 707 355 306 627 883 41 37 154 117 57 379 369 816 516 134 315 311 576 
366 398 474 965 127 432 237 173 934 657 69 951 612 528 870 527 860 556 220 644 96 460 257 535 525 95 113 498 238 0 272 802 863 989 721 332 558 352 989 671 798 933 572 812 42 70 150 57 600 905 68 155 27 361 123 387 798 567 97 878 188 177 714 326 973 221 589 129 401 461 
933 643 964 823 400 401 201 722 246 179 716 623 456 865 60 52 56 861 592 566 352 871 15 260 857 876 567 440 742 264 0 66 706 143 972 475 961 56 433 307 365 290 800 492 91 7 864 720 136 884 742 952 183 883 43 660 970 476 929 11 833 730 743 675 620 309 790 780 36 522 
195 521 798 751 160 17 745 892 337 405 430 237 816 879 372 546 954 850 838 1001 499 336 73 775 597 828 997 377 495 800 83 0 809 710 399 199 76 398 67 151 859 253 385 1003 886 372 386 290 620 679 397 982 936 692 607 56 795 969 616 207 589 706 113 395 868 806 892 663 272 474 
363 81 116 363 869 545 286 162 249 374 67 679 642 808 479 524 889 527 614 665 674 527 402 308 79 797 877 707 106 873 704 820 0 397 65 616 968 490 445 337 673 687 988 242 806 248 337 901 44 72 195 343 147 756 630 216 217 16 305 855 590 166 979 76 170 797 16 99 61 881 
706 791 422 368 457 540 729 49 655 509 624 802 392 742 432 1008 688 175 982 429 541 115 1012 117 319 1002 313 331 781 985 140 724 392 0 61 301 218 613 665 393 919 542 367 678 427 306 91 580 318 539 159 376 827 885 426 733 568 894 533 216 446 441 41 99 602 688 311 33 320 39 
941 27 927 377 597 188 1001 321 486 288 1000 187 286 939 166 836 828 687 767 138 930 434 350 528 353 303 827 789 670 720 970 398 68 52 0 956 792 520 768 959 926 909 638 498 918 797 184 500 73 751 233 546 726 507 838 391 603 349 135 891 426 67 517 867 813 597 457 320 716 406 
432 494 499 123 302 580 727 1001 95 829 49 688 828 859 518 356 821 841 884 126 722 470 692 137 634 787 671 561 460 329 494 182 619 312 947 0 510 550 349 160 958 400 316 676 799 1011 91 99 27 91 825 336 1004 11 834 969 467 934 823 182 749 156 547 537 135 577 48 185 833 786 
732 841 465 873 12 270 753 444 112 750 75 202 23 946 632 205 47 728 67 378 786 384 602 102 682 484 20 568 882 557 968 85 979 203 780 514 0 659 415 704 964 510 255 851 640 110 929 245 374 227 663 605 431 960 725 454 956 890 864 66 476 383 680 445 48 714 312 546 662 861 
408 255 457 432 686 993 530 453 890 939 833 93 780 315 66 442 167 963 489 968 556 135 535 812 367 613 576 199 201 352 49 393 470 622 513 538 667 0 295 129 953 442 757 150 150 141 587 724 711 847 554 205 834 396 603 516 644 263 723 1003 620 547 436 867 411 802 707 313 186 147 
723 178 69 650 717 873 804 310 470 65 669 354 387 507 621 485 849 266 776 824 349 741 293 800 971 98 776 185 19 996 439 65 456 663 758 348 430 299 0 258 939 161 815 182 93 447 885 436 249 986 1000 831 1002 911 391 56 18 376 971 92 918 983 24 301 947 975 926 466 848 702 
364 573 718 681 223 383 813 479 395 919 459 389 619 816 922 980 550 369 709 228 138 744 533 774 21 873 186 889 45 664 293 143 324 384 958 145 703 134 275 0 630 134 371 150 187 749 239 722 40 489 598 489 577 178 666 187 999 265 22 707 379 85 1000 844 280 895 227 31 45 210 
403 971 975 336 871 647 820 835 899 597 202 959 694 799 500 723 418 844 89 913 161 377 558 188 961 124 577 195 716 798 373 855 661 925 921 970 957 963 937 626 0 433 506 975 380 259 275 367 800 294 630 690 307 586 969 273 156 925 280 982 114 976 912 517 571 676 705 313 691 52 
322 96 347 417 668 551 697 539 143 957 797 182 980 259 744 78 401 558 803 682 672 277 496 338 418 114 623 681 795 943 297 254 690 548 921 389 498 443 173 125 428 0 475 997 514 538 136 348 153 133 605 355 259 223 122 276 677 93 962 274 164 899 998 243 285 643 842 843 649 145 
481 185 141 864 636 117 508 960 730 263 532 164 401 56 511 156 768 191 964 760 95 132 190 825 317 471 289 456 972 573 797 400 983 364 640 316 243 757 799 376 506 480 0 269 510 783 607 997 575 323 176 283 417 637 11 808 811 799 107 559 450 932 431 157 107 184 708 312 602 128 
725 379 676 821 718 92 721 591 901 984 861 294 491 326 991 603 947 497 904 597 434 982 343 753 736 42 690 104 390 806 506 995 236 673 488 665 867 168 182 150 967 988 267 0 906 68 356 234 527 319 456 266 689 351 358 197 113 887 665 353 520 959 672 857 442 381 949 136 675 35 
734 488 827 424 775 382 252 145 161 213 42 358 158 591 397 247 867 25 189 90 302 742 492 902 161 722 444 272 466 38 80 886 817 414 920 808 640 141 91 180 374 506 519 915 0 587 64 732 588 93 46 647 959 191 766 612 649 554 910 655 616 146 823 800 563 907 70 82 974 103 
815 630 294 834 114 958 527 40 554 601 694 505 636 992 193 128 539 865 959 138 301 339 97 126 439 965 695 446 313 62 3 382 260 304 798 1014 100 141 432 754 258 533 783 76 587 0 880 508 729 456 79 206 358 469 430 364 352 382 768 86 817 231 344 483 820 779 568 710 711 715 
189 983 735 420 130 239 310 268 736 821 423 561 129 784 116 852 919 882 23 304 981 414 823 603 644 40 849 962 58 138 871 387 343 97 179 102 937 595 865 238 292 138 612 362 64 885 0 303 299 414 767 585 710 443 729 182 131 166 184 232 763 737 178 302 224 821 198 885 766 964 
915 945 989 971 211 902 837 679 342 20 126 641 414 236 315 93 472 308 501 905 147 637 504 545 161 174 130 712 591 64 704 288 915 593 506 113 251 712 426 735 368 367 991 232 739 506 295 0 450 934 767 276 702 230 841 492 614 555 89 387 468 787 31 175 152 853 355 979 472 814 
890 155 134 817 301 675 676 10 841 642 287 614 546 58 103 893 758 353 343 651 568 306 890 680 842 941 901 785 666 592 126 618 41 317 71 29 373 725 236 43 804 160 583 530 591 733 297 464 0 623 591 704 778 565 626 986 627 234 772 95 194 686 815 16 809 199 139 729 383 911 
787 225 742 554 389 354 781 327 650 963 457 235 409 941 193 152 642 547 201 855 885 733 213 639 682 33 94 632 592 900 877 668 76 555 742 81 219 864 990 485 295 136 315 321 99 451 421 922 624 0 829 629 831 33 247 610 714 304 387 931 196 758 518 549 354 748 91 553 660 295 
321 78 746 261 629 428 625 359 237 931 631 528 134 860 21 426 917 302 484 389 571 450 356 851 189 914 567 779 939 75 730 415 202 177 222 812 661 541 1000 605 636 621 172 461 49 71 754 765 593 836 0 547 109 176 392 594 964 47 111 621 910 492 384 200 16 52 851 350 977 57 
306 751 521 916 369 608 339 32 354 586 646 460 586 295 997 595 924 713 748 42 406 661 584 338 780 818 209 433 144 160 948 977 334 393 565 335 616 199 831 490 701 353 286 278 640 204 585 286 713 633 547 0 450 93 342 854 707 779 472 601 389 501 106 536 50 191 974 887 597 927 
316 1012 913 446 666 990 793 947 943 263 837 147 118 280 843 202 558 262 582 146 63 363 753 418 823 433 1001 915 707 23 184 948 155 811 744 995 439 839 1006 576 312 255 416 694 962 370 727 704 784 838 113 455 0 928 299 74 169 147 514 495 611 289 276 453 422 447 471 325 464 618 
143 980 522 52 434 914 360 203 910 666 786 949 425 623 369 412 520 431 178 447 189 671 580 570 178 114 691 149 337 361 888 690 754 890 506 16 955 409 913 166 586 222 637 355 190 455 428 246 560 37 173 110 942 0 932 220 651 303 657 954 278 564 314 791 836 777 735 134 76 187 
961 723 112 830 945 481 662 411 281 361 282 299 779 886 305 804 522 117 249 717 866 578 443 253 589 472 328 510 305 112 34 595 611 419 843 825 717 606 381 674 971 127 9 361 759 441 741 851 641 237 398 349 289 920 0 262 702 500 830 600 578 527 395 447 229 653 738 316 131 395 
792 112 685 788 980 435 473 673 458 639 968 462 231 339 672 516 780 212 282 362 856 289 429 383 501 523 956 90 618 388 670 47 220 725 379 965 448 522 63 196 271 261 796 205 626 368 182 479 992 598 595 857 93 223 254 0 209 35 53 505 624 932 868 592 510 160 900 572 608 135 
148 331 954 909 41 555 1002 402 527 815 399 120 407 865 287 493 936 616 49 141 616 377 65 39 987 562 712 577 883 798 977 799 214 566 594 457 959 658 10 1003 174 671 819 95 643 334 138 615 623 720 960 700 174 635 716 197 0 246 383 227 632 360 78 547 727 526 219 408 657 491 
479 975 179 335 191 490 339 27 197 180 947 481 847 369 289 165 931 938 852 207 635 268 302 711 187 590 428 747 45 561 487 974 14 892 362 929 900 261 369 254 935 79 797 870 554 377 162 554 243 310 54 769 150 292 500 34 235 0 529 606 320 245 391 326 568 234 370 671 370 933 
31 724 765 982 495 699 459 457 1008 616 955 421 843 211 451 730 228 784 616 876 696 187 368 552 479 567 64 209 36 105 920 632 312 532 134 831 866 719 967 35 296 965 111 668 927 770 181 84 759 387 123 487 510 674 828 59 380 514 0 228 218 842 633 906 929 398 445 48 453 506 
509 58 646 651 750 489 772 124 893 304 640 921 328 614 85 527 786 624 787 975 243 671 291 647 551 519 726 267 148 864 22 219 856 216 897 182 64 994 91 701 976 279 559 354 652 71 234 391 99 924 620 597 502 967 594 488 232 626 239 0 899 119 854 541 190 803 958 139 24 926 
888 832 977 188 74 828 595 574 102 441 165 831 561 839 394 590 410 183 264 332 279 383 770 421 599 104 241 291 117 190 830 602 578 444 427 755 469 607 931 374 124 155 448 509 602 818 770 465 188 206 913 391 626 261 590 626 639 328 207 907 0 398 767 592 354 429 872 682 733 14 
537 691 992 824 104 275 134 313 361 318 255 378 159 967 500 32 16 750 927 621 518 888 427 966 905 688 507 871 56 180 711 718 164 434 73 157 392 555 991 77 966 909 934 965 144 241 743 780 696 762 491 496 289 563 527 927 352 230 854 107 398 0 203 995 647 743 929 796 484 397 
72 210 189 941 54 546 491 880 262 474 951 295 753 194 127 1001 250 469 187 144 614 994 462 261 87 661 511 948 367 712 763 108 975 39 518 556 672 434 25 1010 923 994 417 683 815 352 187 40 813 511 378 125 268 314 389 868 93 405 643 843 768 198 0 324 178 896 105 354 261 489 
728 414 133 240 292 211 525 893 936 676 434 437 190 100 130 605 290 723 900 615 863 207 885 108 726 667 63 944 384 329 679 414 87 104 882 547 448 858 299 848 533 239 167 862 818 483 300 159 23 555 189 541 437 778 440 586 554 331 899 539 593 979 334 0 635 597 93 359 826 280 
224 916 514 320 608 563 950 268 52 796 499 820 916 388 698 374 254 44 932 542 720 155 23 603 147 270 220 975 823 976 613 869 186 590 823 125 45 411 944 272 566 290 102 452 579 816 206 159 820 363 14 39 423 834 240 506 721 568 930 201 345 655 179 648 0 417 352 953 302 968 
311 376 31 291 256 646 422 79 507 136 479 319 166 890 291 844 541 851 470 17 385 166 148 957 744 580 215 92 514 234 307 795 798 680 596 579 717 813 973 880 675 634 181 370 903 768 823 854 193 741 59 173 466 777 650 155 523 220 391 792 426 726 905 602 401 0 249 338 629 233 
117 831 78 582 568 438 567 320 735 778 437 570 910 899 551 380 663 1003 271 707 623 110 719 669 951 50 134 101 129 583 786 879 5 323 473 35 311 711 945 242 704 846 716 949 70 570 191 353 137 96 858 969 467 743 738 895 230 374 456 961 869 921 112 82 346 252 0 190 517 694 
399 568 227 642 965 874 419 523 910 1002 740 840 468 670 781 496 136 249 253 569 789 871 241 813 722 374 833 137 320 128 763 659 94 46 302 197 547 313 466 38 311 852 322 128 85 704 879 982 731 557 350 888 316 133 310 572 401 662 50 133 687 800 357 366 956 340 176 0 969 649 
170 803 841 221 7 797 589 863 676 113 715 815 708 108 491 568 134 870 894 371 161 984 518 570 179 693 754 174 304 400 24 275 48 321 702 835 666 190 855 47 693 642 596 672 964 715 762 477 392 660 977 606 472 91 132 590 655 371 450 28 729 492 268 823 294 630 511 967 0 207 
908 178 522 88 630 268 555 1014 850 261 653 1015 793 991 856 136 805 205 422 864 894 958 503 787 842 49 235 438 567 464 517 474 892 43 410 768 862 154 699 196 40 137 128 30 106 715 949 822 899 284 53 927 625 175 393 139 489 948 507 909 19 408 482 281 967 247 681 633 212 0 

Depot information
1
1
1
1
1
1
1
1
1
1

Customer information
23
22
21
15
25
21
22
20
19
17
16
22
25
21
18
23
22
20
19
22
21
25
20
15
18
23
18
20
24
21
18
22
20
17
19
23
16
16
17
19
18
21
22
23
15
24
18
18
21
24
17
23
16
15
25
25
23
25
16
18
