Seed 123 - Instance: n65m5_1
n 65
m 5
Q 179
L 0
U 1000

0 527 21 851 366 473 154 20 453 369 452 777 939 610 298 624 797 846 752 232 860 319 517 394 68 634 989 45 928 165 488 258 544 646 615 243 464 958 157 507 774 438 313 774 452 59 238 211 206 550 816 256 2 809 508 745 560 114 821 492 427 324 873 545 504 499 923 838 699 302 
536 0 143 124 845 674 572 714 776 988 720 551 620 462 416 861 41 859 934 518 261 98 973 74 38 675 295 849 986 838 967 999 22 962 570 79 740 525 906 577 862 292 366 23 72 729 125 727 228 589 271 775 516 944 243 90 385 258 666 679 963 982 714 522 511 540 691 649 222 354 
8 129 0 370 534 600 692 360 544 905 433 129 596 289 937 820 260 752 863 508 770 437 240 906 672 389 835 910 57 626 681 651 435 939 87 218 331 589 666 150 125 315 543 615 180 591 103 380 549 164 103 264 308 352 305 234 532 225 916 323 996 447 906 957 595 597 661 306 338 541 
853 126 370 0 250 39 577 842 728 50 274 328 551 804 246 620 581 783 627 242 515 215 229 777 269 774 85 811 451 928 187 958 981 613 974 109 758 287 399 235 578 326 558 458 582 172 565 308 97 455 718 45 679 33 903 415 602 520 449 54 884 784 534 829 976 697 692 105 85 139 
358 857 550 237 0 473 592 70 285 782 855 424 938 841 584 479 903 635 534 990 527 865 620 85 615 430 348 601 932 133 238 742 411 238 722 16 23 655 229 604 917 258 173 33 815 896 777 334 534 75 633 470 228 245 469 651 691 141 416 143 25 23 648 645 773 160 629 198 870 146 
472 683 606 46 476 0 388 743 211 958 432 953 951 537 887 383 231 756 339 719 130 713 224 115 728 587 799 949 637 634 887 933 178 424 827 63 509 525 214 375 508 502 865 913 567 900 235 587 569 269 962 864 578 807 23 275 1005 917 216 463 921 499 878 864 373 1004 63 275 209 613 
156 575 698 587 580 388 0 931 373 101 827 723 963 978 374 740 553 266 482 482 504 392 328 348 427 853 706 808 129 550 746 431 194 538 871 707 808 29 789 994 21 53 542 755 757 833 562 237 360 271 316 459 311 947 538 74 183 828 535 992 895 382 826 350 113 45 596 746 17 116 
31 712 351 837 60 745 911 0 946 50 669 529 474 517 38 313 78 932 488 387 331 504 333 483 425 695 87 791 346 542 538 617 32 863 794 945 940 208 515 105 739 391 249 107 186 410 853 416 59 507 131 974 126 300 129 607 358 827 761 33 761 230 743 210 961 261 949 225 496 595 
454 764 562 730 268 215 381 946 0 617 333 888 452 234 878 485 328 942 395 979 491 458 652 221 695 932 931 581 239 339 367 978 315 294 103 109 149 168 124 823 320 784 460 495 404 897 390 445 576 118 615 459 493 451 924 892 607 186 345 790 869 97 659 42 325 840 807 633 189 930 
361 970 907 37 773 967 94 56 622 0 149 668 376 603 850 421 722 178 204 17 861 961 180 204 108 556 506 906 96 452 812 814 680 795 608 395 180 226 187 632 479 991 211 918 354 227 329 150 899 519 919 634 928 166 172 442 174 132 159 204 488 419 790 786 445 291 415 348 944 76 
456 708 424 283 861 442 825 653 344 150 0 111 740 96 868 995 619 245 215 295 300 784 192 588 540 674 134 142 844 333 305 460 734 827 570 447 271 181 240 742 152 8 194 387 487 285 906 690 613 668 507 758 383 227 934 330 655 417 156 909 533 384 232 182 422 981 747 82 140 967 
781 546 133 333 427 933 719 533 888 674 126 0 786 146 391 937 659 419 536 913 968 988 599 424 995 870 217 901 783 824 207 283 702 672 274 588 193 1004 722 818 395 515 888 897 546 180 252 637 593 255 651 576 222 1011 427 999 375 28 844 128 731 392 174 1000 531 971 368 903 918 411 
935 618 581 554 948 958 969 458 463 362 744 791 0 496 216 837 964 425 848 655 919 17 188 900 794 454 101 440 454 23 683 47 866 665 761 706 41 101 679 475 876 465 416 503 750 550 40 2 607 377 377 490 817 114 676 807 764 732 857 705 377 349 316 153 297 948 616 71 311 454 
607 476 290 803 828 546 986 533 244 611 102 132 487 0 222 541 412 437 772 499 813 742 669 511 357 463 159 879 553 172 329 859 6 722 800 651 569 15 899 263 398 350 607 865 772 648 399 64 656 278 59 477 250 957 145 161 282 485 683 974 362 332 670 479 848 826 925 940 439 840 
292 414 920 248 589 893 373 42 887 845 865 403 229 226 0 332 972 240 42 330 428 954 279 579 769 447 598 897 115 431 63 899 424 622 316 739 410 510 470 508 940 673 615 663 308 854 950 880 665 200 1002 388 29 194 921 864 615 591 972 71 917 80 128 791 647 481 177 913 229 359 
618 852 808 602 487 378 721 309 503 428 1010 938 854 553 333 0 730 974 581 371 548 423 665 711 922 899 69 211 675 745 586 997 20 836 959 731 187 1018 722 939 510 759 421 518 874 193 203 122 866 786 289 972 727 949 166 212 219 275 624 173 224 354 644 794 546 183 493 256 662 344 
793 30 278 588 889 243 540 92 344 720 620 659 964 410 975 737 0 541 640 215 709 938 600 909 156 97 174 373 488 844 583 572 820 219 658 920 28 564 323 100 884 489 780 935 518 1000 819 933 277 511 742 228 233 868 607 793 834 238 773 639 198 102 196 226 305 337 262 697 30 152 
848 840 741 800 645 746 269 926 938 179 255 408 416 438 241 961 541 0 63 704 863 624 163 342 644 80 992 457 572 944 270 339 505 784 385 178 492 347 636 636 795 175 110 432 9 992 359 81 144 413 405 84 66 939 204 857 685 573 150 947 444 456 751 57 133 500 331 138 593 604 
752 924 868 619 533 339 478 480 389 197 215 524 836 777 53 594 654 64 0 240 717 845 325 558 864 441 843 896 923 887 187 905 854 852 270 618 580 453 962 631 65 841 922 457 917 75 856 577 1006 636 865 247 228 484 198 841 434 849 939 306 709 560 760 999 561 688 665 782 381 135 
236 516 509 252 994 733 481 382 984 27 281 919 658 503 327 377 215 693 237 0 204 199 991 625 84 224 781 608 66 510 977 593 490 207 772 419 686 145 321 752 615 135 815 729 264 209 540 786 851 596 604 68 987 861 71 501 388 704 94 521 557 501 973 304 958 449 62 565 394 744 
853 256 769 511 523 140 506 323 483 861 296 955 922 813 424 538 719 868 721 201 0 147 259 40 189 141 888 737 702 310 534 543 346 324 649 980 921 787 931 281 707 83 986 925 100 569 64 936 451 663 982 184 592 341 345 688 187 289 414 590 249 197 653 836 36 637 140 83 638 809 
322 102 430 224 856 708 391 502 468 967 779 989 33 739 937 417 941 636 852 207 158 0 272 358 923 949 751 666 162 245 76 478 301 583 280 244 954 315 876 789 925 412 265 772 661 515 869 433 286 769 247 50 466 518 129 419 288 492 508 310 116 206 577 139 895 565 869 9 801 34 
509 969 231 230 622 234 328 348 652 173 185 614 186 662 293 654 594 162 328 994 264 264 0 222 973 220 731 54 209 150 738 348 923 1006 610 999 63 687 369 732 729 23 529 455 685 737 4 348 513 95 869 56 199 609 668 148 749 149 244 460 114 296 90 209 852 686 418 877 932 254 
391 79 919 785 72 126 348 490 208 203 599 441 912 498 566 711 900 342 573 631 55 348 209 0 658 127 822 721 244 868 965 214 312 228 957 922 177 960 891 836 775 767 59 647 230 486 823 578 60 444 452 498 747 721 137 276 647 856 183 342 487 751 654 808 13 439 293 674 978 473 
57 30 659 284 626 723 427 415 694 90 533 999 787 352 777 922 152 627 876 82 187 926 965 659 0 553 499 216 878 502 644 241 622 292 541 732 659 456 904 188 778 895 588 72 1001 845 982 663 950 506 437 723 172 1004 932 67 833 355 220 688 58 65 829 867 354 774 953 182 764 571 
635 677 395 782 411 583 855 695 930 553 676 876 442 465 438 901 84 84 441 233 130 949 217 126 562 0 498 221 284 986 189 950 777 231 730 503 900 988 42 803 493 699 686 554 803 464 832 252 228 453 322 818 861 216 164 340 106 827 754 410 528 969 921 123 238 316 996 115 265 184 
995 290 839 88 356 790 716 83 921 515 127 225 103 170 612 79 173 983 845 789 893 745 736 813 499 503 0 909 233 60 741 693 761 968 269 777 387 400 936 681 670 17 119 731 460 982 775 796 102 143 656 437 985 437 936 475 124 285 515 269 483 262 718 204 765 752 291 953 27 842 
40 853 927 815 601 947 817 808 592 890 141 887 431 876 886 212 378 468 888 601 737 674 68 703 218 236 896 0 277 487 290 812 475 592 959 566 303 443 125 900 617 172 400 55 384 280 1006 186 109 44 240 332 405 484 740 353 90 457 127 254 8 672 651 9 14 226 738 494 967 285 
940 969 53 446 931 627 117 343 251 107 844 777 444 551 121 677 480 575 919 50 711 166 219 231 863 276 229 271 0 973 610 156 924 596 595 522 785 578 393 723 633 32 549 730 83 871 223 77 337 722 175 623 206 409 624 56 159 680 390 890 94 1005 367 978 745 298 630 238 328 218 
165 830 631 941 149 640 540 546 329 442 327 823 3 176 423 754 848 955 887 497 307 256 141 854 488 998 54 501 983 0 381 171 216 903 867 706 447 347 491 550 785 832 418 271 411 95 198 671 509 636 661 336 7 884 785 114 81 374 111 486 408 145 730 439 146 80 438 435 207 321 
479 977 674 187 227 895 752 538 373 812 298 198 677 322 76 574 585 268 185 977 515 88 725 959 654 192 737 298 616 394 0 752 368 719 800 891 156 166 541 505 48 558 878 763 23 979 951 863 1001 895 602 625 581 101 946 330 62 89 35 826 728 10 155 393 471 654 110 808 572 224 
261 991 643 971 734 917 447 611 974 814 453 289 58 866 913 992 585 343 901 598 538 486 348 216 241 959 693 818 142 169 740 0 594 143 192 942 1007 267 915 828 325 442 442 615 93 465 664 971 220 716 957 589 208 135 236 937 595 566 887 805 385 444 1004 464 83 174 162 833 317 53 
537 12 435 976 414 177 187 32 324 691 739 716 867 16 426 15 813 494 836 494 354 319 903 308 623 768 769 489 923 217 364 577 0 843 864 57 295 493 904 425 49 197 936 36 190 987 510 424 129 230 98 466 190 998 684 79 58 669 999 615 90 673 92 470 368 750 859 918 905 181 
642 950 941 616 229 427 534 858 289 785 827 667 658 735 623 835 225 783 868 209 332 575 1013 231 281 229 976 592 595 901 732 124 845 0 917 737 390 934 322 49 505 439 909 208 45 974 22 114 791 612 925 529 163 333 372 375 566 986 497 747 719 359 21 479 238 494 892 776 633 972 
614 567 88 973 721 824 874 801 106 603 559 280 769 788 310 964 651 389 266 787 642 288 594 944 544 732 253 956 587 853 803 188 870 923 0 913 585 466 343 992 583 137 398 840 894 690 443 856 470 581 456 425 553 836 86 191 805 739 374 100 946 466 932 395 779 39 34 383 15 299 
233 90 234 106 7 69 708 948 105 377 450 571 688 643 722 741 910 171 626 414 964 229 990 930 726 497 778 576 533 698 895 943 71 741 921 0 63 1004 716 565 160 458 208 319 17 896 684 354 707 812 680 467 224 237 748 566 355 826 90 687 643 209 795 546 639 95 187 885 809 239 
449 751 337 745 30 525 808 944 147 177 280 196 28 571 410 204 38 474 575 694 915 954 63 186 663 899 387 313 798 446 153 998 298 397 591 61 0 452 18 274 917 576 514 575 804 796 746 679 865 160 31 521 892 397 141 910 733 362 872 896 850 464 359 349 421 354 721 663 219 556 
961 530 602 278 647 518 21 206 163 214 197 1001 109 13 526 1003 572 346 454 156 787 307 667 960 440 973 402 445 572 348 167 257 500 925 473 986 454 0 30 852 245 106 979 130 329 941 757 251 252 484 667 752 187 785 626 164 685 551 920 294 691 659 528 522 186 646 884 375 654 928 
172 914 664 411 242 217 804 508 121 186 248 714 677 901 454 714 326 644 967 326 938 876 351 887 900 48 932 126 389 495 532 920 906 319 335 721 28 32 0 534 676 483 875 130 698 731 555 233 455 469 691 885 187 484 977 400 357 254 95 75 809 170 813 367 716 954 395 604 663 431 
504 572 143 244 615 377 994 110 833 638 747 814 492 277 515 934 106 647 638 751 285 781 730 831 186 801 682 887 740 540 513 825 433 60 995 566 269 872 535 0 671 254 756 907 221 59 687 484 367 63 988 398 526 728 116 621 352 240 525 263 124 972 693 132 376 98 907 645 384 108 
773 861 110 593 929 501 16 748 315 492 143 396 871 399 927 510 890 783 59 623 726 936 748 768 765 488 686 607 642 780 39 335 52 524 595 178 903 261 674 664 0 640 669 79 879 512 325 702 889 295 643 1014 30 990 154 308 423 341 631 358 702 912 710 362 660 23 542 666 210 611 
436 304 315 313 242 494 49 396 784 987 4 515 465 353 668 747 497 171 838 137 85 407 29 752 886 702 21 160 45 834 547 446 182 457 125 462 570 99 483 242 639 0 864 682 981 24 620 480 520 93 938 364 577 194 701 750 684 816 936 1003 919 798 128 167 89 715 992 987 288 578 
311 360 531 574 175 869 556 246 451 205 199 888 407 613 602 426 777 108 912 814 992 268 534 51 606 683 125 408 546 425 867 426 936 908 395 202 505 964 876 763 659 852 0 55 107 582 223 810 232 630 370 353 949 533 190 732 529 35 297 596 792 294 306 500 806 536 568 612 149 84 
774 19 609 449 37 925 744 110 506 909 379 907 504 859 660 518 938 437 467 730 924 772 468 650 60 553 721 48 721 275 750 610 56 223 838 323 580 138 126 915 96 677 52 0 726 62 71 790 824 343 373 943 718 66 687 977 616 962 788 461 572 394 417 399 133 431 494 974 73 545 
465 74 186 588 826 584 751 187 404 357 480 549 750 768 315 866 508 10 921 274 95 653 688 238 1011 810 477 370 79 406 14 105 191 35 895 19 815 331 714 227 865 978 116 714 0 945 452 181 978 902 260 951 371 609 976 292 426 280 882 375 253 1005 750 740 441 539 246 211 551 39 
58 725 589 182 894 896 837 403 901 223 293 170 544 654 854 186 985 1004 64 191 578 522 722 476 844 477 991 287 877 98 976 475 986 992 697 889 806 941 727 65 525 13 587 78 946 0 819 745 702 453 60 87 93 966 584 633 313 954 273 260 650 974 460 750 674 838 109 643 205 331 
241 124 94 559 779 223 558 862 378 312 890 254 43 399 952 197 835 365 848 548 52 858 1 820 986 836 786 1011 226 191 936 662 516 25 453 691 746 759 560 692 324 616 236 83 458 819 0 822 264 559 921 15 908 227 328 459 779 771 749 846 568 273 344 977 936 867 328 787 465 556 
206 720 384 321 330 594 238 416 433 152 693 639 21 70 869 126 942 72 559 784 930 429 366 568 657 266 794 171 76 658 867 965 428 113 856 347 681 239 234 466 714 475 812 786 196 746 827 0 805 527 555 486 638 765 338 206 100 527 318 340 79 725 29 540 420 702 356 576 483 559 
194 237 551 89 539 572 363 62 577 890 626 594 613 657 668 865 271 135 997 856 458 281 508 49 941 208 102 124 323 499 1004 220 118 801 468 690 874 247 457 360 884 534 235 808 976 701 260 803 0 916 708 208 754 497 603 590 220 322 955 156 87 372 42 271 973 138 180 196 460 249 
539 586 171 467 68 265 265 512 123 520 667 239 361 283 200 777 498 399 639 592 655 770 112 437 500 446 142 45 731 644 894 711 235 610 592 806 165 480 469 54 292 88 650 361 907 449 561 519 917 0 230 498 460 962 529 262 985 380 881 575 290 252 494 649 144 888 517 23 464 452 
828 271 111 706 622 960 311 133 614 921 520 658 386 59 996 294 757 403 875 599 987 246 865 453 436 325 646 245 172 671 612 958 93 919 467 673 42 669 677 988 639 922 357 374 252 49 911 554 703 228 0 439 334 737 966 294 93 538 995 966 576 963 571 592 630 954 910 784 971 136 
247 791 273 45 471 861 445 986 455 634 757 579 488 464 385 977 220 91 237 65 190 37 57 499 734 821 435 336 614 331 610 576 464 528 412 474 521 749 899 406 999 370 350 940 950 84 16 504 207 487 450 0 609 639 807 691 913 50 85 175 28 717 430 735 970 495 796 92 95 351 
10 510 304 685 221 583 311 115 497 928 389 206 819 237 26 729 222 71 236 998 602 471 197 744 164 859 991 401 200 23 583 205 198 158 546 223 896 192 186 520 28 591 934 722 383 101 905 639 755 461 338 608 0 347 816 826 798 25 358 123 314 219 210 576 429 934 434 338 616 138 
809 931 364 26 248 810 936 296 446 162 239 1000 119 956 178 939 864 929 492 860 336 502 603 724 1006 213 450 484 404 875 87 137 1002 330 842 246 389 797 491 738 998 193 531 81 614 969 234 778 484 964 737 637 349 0 512 553 549 213 592 596 59 888 795 690 221 309 780 356 262 713 
503 249 296 894 475 31 536 129 917 177 928 424 670 141 910 161 597 214 201 56 346 125 676 132 942 145 932 753 607 776 952 234 688 362 75 738 138 630 967 119 148 711 204 698 981 579 323 344 606 521 978 813 831 516 0 612 880 706 624 291 673 635 806 280 507 943 345 31 271 885 
755 103 234 415 659 271 61 621 891 449 318 997 810 142 864 205 788 869 838 512 691 431 146 279 64 342 480 343 62 107 323 932 81 377 194 558 924 163 394 633 303 752 733 969 308 627 441 215 601 261 286 703 837 561 605 0 246 70 871 751 924 833 24 370 773 290 77 895 325 327 
552 385 533 599 696 992 168 361 613 175 659 393 762 268 610 232 821 691 424 371 184 294 745 654 843 107 122 76 156 81 71 596 55 558 803 371 717 671 373 337 423 679 529 608 423 299 766 96 222 978 81 909 783 540 894 229 0 228 65 121 889 387 340 659 922 844 828 42 519 65 
122 243 233 536 139 919 838 822 199 124 427 18 720 482 587 272 242 572 839 703 288 477 157 854 367 832 272 461 690 364 89 552 674 984 750 829 357 545 236 248 325 808 45 958 291 951 764 535 319 383 519 50 21 232 688 53 227 0 506 121 376 269 707 85 94 216 875 299 458 785 
826 655 904 460 413 220 522 766 351 166 164 843 858 682 955 627 771 149 941 107 413 509 263 190 217 760 533 113 398 101 27 887 986 503 386 97 859 907 94 531 621 941 287 783 898 281 765 321 957 887 988 97 353 593 618 874 73 503 0 578 901 427 1001 598 335 524 688 41 636 935 
484 670 317 56 141 478 994 35 779 207 903 148 709 973 51 182 640 935 307 521 586 318 450 359 669 419 272 256 901 483 823 793 616 735 103 683 888 296 73 262 339 992 602 463 391 268 847 338 142 571 974 176 115 607 276 757 115 115 578 0 159 466 758 510 151 410 214 796 232 741 
418 964 986 887 20 917 883 758 851 493 532 727 368 375 907 225 188 451 723 561 250 118 102 484 57 527 491 15 99 418 726 380 83 713 956 652 833 673 806 111 699 932 806 576 250 659 580 82 90 275 573 39 302 51 671 918 884 367 916 152 0 472 174 532 532 893 662 838 569 178 
314 981 448 798 25 500 384 235 109 425 385 391 354 333 84 341 98 449 564 505 203 206 292 748 53 962 273 671 996 148 17 451 669 370 479 215 463 656 161 970 902 802 292 399 1003 984 260 729 382 248 965 720 209 886 633 838 402 264 431 460 473 0 905 309 383 274 979 105 802 548 
872 724 904 549 636 879 821 730 665 783 218 181 304 677 135 652 195 755 758 973 650 574 108 650 842 912 736 660 371 733 171 993 81 19 941 786 350 531 817 685 702 131 295 424 754 452 336 35 39 501 567 434 228 802 792 28 346 707 1007 754 161 900 0 794 753 101 983 328 225 1011 
547 529 964 832 636 866 357 217 40 797 184 1003 154 461 800 799 220 46 1003 307 842 123 197 808 870 113 200 24 982 437 405 468 452 473 398 546 361 526 372 140 375 154 488 410 752 749 978 543 265 662 598 740 561 687 281 377 652 96 609 508 531 308 794 0 503 214 784 1002 230 388 
506 514 595 960 778 358 110 970 329 461 418 521 302 847 652 552 309 135 566 944 31 889 861 17 357 246 760 27 740 134 490 87 367 254 778 652 425 194 714 390 645 86 800 132 443 671 944 411 976 148 631 987 438 226 505 772 922 101 334 171 539 379 766 505 0 170 888 374 765 531 
505 537 591 702 164 1003 54 267 848 285 980 976 948 826 479 184 332 505 692 458 641 564 688 436 789 321 752 224 304 87 642 171 759 481 47 80 351 644 946 85 35 716 544 429 529 850 857 707 128 892 961 490 934 325 938 301 842 216 523 399 885 280 119 213 169 0 316 871 112 271 
932 681 675 699 634 67 605 939 820 399 753 371 622 923 169 491 270 331 678 66 151 882 418 311 955 984 299 752 646 437 98 162 851 897 33 197 726 876 408 902 534 989 558 495 247 96 321 356 176 530 910 810 427 765 335 73 833 881 680 210 652 984 990 772 881 316 0 1000 729 525 
828 646 312 110 197 268 738 223 629 354 82 899 73 953 905 264 706 154 778 558 89 10 859 680 187 115 963 484 236 437 802 825 915 781 383 888 662 371 591 655 654 993 617 976 198 652 791 558 210 27 797 91 335 367 48 891 45 299 43 788 842 106 346 1013 360 870 1011 0 543 286 
709 220 323 83 873 200 12 484 191 933 127 918 309 441 232 664 23 607 382 407 644 807 929 981 758 272 38 973 330 206 558 325 901 644 13 811 224 659 671 370 201 304 155 83 554 204 476 482 462 455 963 109 602 267 281 327 520 456 637 232 562 812 220 220 756 116 748 548 0 219 
299 343 539 137 146 622 124 597 917 77 967 402 447 844 357 348 170 615 141 744 806 37 252 481 577 176 829 294 219 304 234 67 174 975 301 244 569 923 424 102 602 575 88 545 28 328 560 555 263 453 144 366 143 709 895 336 69 789 944 738 192 541 1006 403 529 254 524 292 208 0 

Depot information
1
1
1
1
1

Customer information
23
25
20
15
19
16
23
19
23
21
17
23
25
23
21
25
21
21
23
23
16
20
18
22
24
23
20
23
25
25
20
24
21
22
19
21
17
21
18
15
21
24
16
17
18
18
15
16
21
22
19
20
17
23
25
18
21
19
19
20
23
21
22
25
23
