Seed 123 - Instance: n65m10_2
n 65
m 10
Q 182
L 0
U 1000

0 807 435 520 149 977 156 813 559 254 468 96 791 380 283 799 400 438 505 719 406 785 483 396 309 219 59 138 458 490 72 857 932 337 521 659 367 221 40 254 276 64 439 50 64 700 655 941 120 25 137 268 659 833 266 336 530 171 64 716 756 215 554 961 278 832 189 920 560 162 315 568 906 915 588 
805 0 195 589 664 732 405 38 807 131 639 369 181 724 935 421 656 607 216 153 33 879 617 213 332 408 946 803 330 266 586 838 902 903 81 538 826 336 95 849 119 879 933 208 97 424 357 524 56 22 491 305 355 73 333 351 446 33 825 73 804 922 813 399 608 640 856 680 817 428 691 212 742 768 393 
453 210 0 81 236 720 532 994 802 540 85 312 1008 674 386 452 706 91 151 135 726 947 865 895 533 943 49 42 820 685 423 850 173 230 116 310 625 783 253 315 373 490 153 964 210 43 692 753 230 521 687 180 875 963 356 48 570 688 643 569 578 849 815 690 874 82 536 904 940 456 593 662 403 76 770 
528 581 94 0 577 887 33 773 45 670 702 861 180 808 339 168 999 936 315 63 649 677 476 695 360 705 370 756 940 449 89 239 420 250 286 348 122 937 752 511 838 339 928 357 155 644 442 142 75 498 420 684 342 772 668 25 149 304 771 581 789 90 986 249 667 317 55 778 45 907 418 955 592 547 896 
159 652 248 567 0 917 746 628 942 59 380 15 1013 759 288 696 496 826 870 328 138 689 282 561 739 914 888 639 823 796 526 910 611 928 590 338 829 573 461 657 558 806 641 86 315 683 598 191 42 638 217 848 794 554 433 382 543 570 338 468 829 184 666 602 514 308 270 332 627 823 223 82 877 223 264 
981 737 730 882 928 0 125 592 895 574 412 392 583 448 154 639 254 678 307 173 954 399 77 833 686 231 931 210 833 813 624 46 282 975 819 783 737 471 240 367 231 729 384 248 443 744 307 49 844 757 228 920 196 221 317 314 994 34 509 616 106 126 788 913 663 545 853 361 301 559 764 616 483 554 694 
157 414 519 21 759 114 0 490 611 581 944 351 916 273 963 903 618 475 380 634 535 49 744 934 861 118 897 556 485 525 195 308 781 351 421 101 925 731 391 510 748 949 748 868 75 831 358 972 287 56 332 884 886 749 78 481 678 738 308 508 189 706 796 17 782 891 902 223 131 90 613 695 833 925 47 
813 53 992 776 620 583 483 0 837 609 255 328 377 926 1015 460 860 627 281 361 257 652 177 318 516 26 599 51 152 821 714 293 766 610 530 984 920 80 238 533 236 639 524 613 1008 12 719 644 367 344 537 814 351 620 130 685 313 352 406 743 108 584 352 715 565 774 340 324 914 478 351 701 797 320 475 
558 798 816 45 936 897 611 842 0 399 797 511 250 144 538 808 714 896 794 198 645 656 451 312 663 1002 26 630 1006 324 617 627 151 108 834 490 846 478 96 909 547 977 262 509 344 890 474 254 508 273 991 875 436 360 505 542 939 530 720 487 752 428 873 821 729 782 177 361 164 333 511 17 152 635 776 
261 125 549 669 60 580 585 604 415 0 234 352 943 706 942 396 578 538 463 848 313 279 833 55 377 170 88 618 767 328 323 683 799 29 56 379 65 881 801 601 178 674 423 627 836 127 946 107 280 527 603 142 238 427 284 976 499 389 106 504 137 788 861 395 976 515 273 328 679 735 988 391 30 196 274 
463 653 69 705 392 409 959 256 792 241 0 813 540 3 603 508 180 1002 84 803 686 822 621 839 327 694 181 858 180 855 315 841 605 5 416 308 100 112 135 156 442 460 60 834 206 166 422 763 477 374 142 872 926 735 359 417 552 170 142 796 288 788 431 296 500 789 413 988 59 225 164 360 350 95 226 
105 380 313 876 32 389 357 310 519 367 819 0 116 933 731 125 72 186 750 822 710 693 751 690 786 985 875 719 505 770 960 614 177 686 612 454 803 377 662 349 548 721 777 836 876 818 617 223 411 414 532 412 605 612 16 906 931 170 370 492 342 290 519 636 800 29 734 892 25 111 599 262 296 815 784 
792 190 1001 179 1013 587 934 376 255 953 546 99 0 27 633 558 539 875 360 552 65 173 165 485 1005 327 303 935 242 879 907 585 396 973 446 19 334 236 103 958 594 301 274 261 677 356 775 456 959 521 364 149 832 164 208 917 483 360 300 117 850 318 422 451 2 139 192 150 881 48 452 842 288 36 809 
383 732 677 807 765 455 276 916 143 707 15 944 19 0 267 477 207 877 91 536 311 950 830 137 903 719 756 332 656 26 324 966 720 527 79 417 831 748 997 34 818 790 135 945 52 712 709 63 474 811 365 586 731 387 367 799 245 899 796 439 479 655 127 427 82 938 815 9 876 588 959 489 125 760 857 
282 932 380 352 286 163 963 1010 527 937 599 735 631 256 0 956 744 546 49 632 883 502 419 78 679 149 880 996 398 76 841 609 757 901 422 110 357 892 543 725 677 640 841 428 420 629 864 416 203 974 19 791 375 52 667 756 519 623 471 696 421 222 54 298 915 877 24 991 534 458 245 199 601 49 960 
800 418 446 164 696 629 901 469 804 401 508 124 561 466 952 0 295 291 127 25 345 695 410 609 742 478 979 627 39 727 159 366 136 491 579 481 599 244 188 757 669 457 337 156 36 333 787 647 497 123 305 502 441 423 62 54 77 401 255 24 86 948 326 426 14 769 872 415 135 709 412 116 330 669 449 
418 646 705 999 495 256 607 865 713 577 181 84 533 197 749 291 0 260 948 739 481 813 689 761 252 396 438 260 158 798 376 73 373 312 710 62 14 942 869 227 579 806 40 723 125 730 505 735 38 398 736 568 467 238 517 309 644 228 193 391 607 420 595 798 922 990 306 621 159 846 287 169 596 386 442 
442 598 77 942 835 673 482 619 888 544 994 186 883 866 563 276 276 0 137 78 150 691 771 616 348 66 374 683 752 803 646 758 936 754 466 300 466 161 104 706 861 520 221 712 256 322 420 120 434 60 598 203 337 281 66 109 724 278 347 318 821 563 594 603 310 960 682 185 667 989 661 520 881 77 71 
506 215 143 319 863 314 381 283 789 465 84 741 356 101 56 137 962 140 0 33 39 240 147 80 758 289 704 47 417 909 313 399 378 785 643 444 537 524 693 742 228 24 106 650 622 635 26 473 520 231 59 578 89 412 979 795 124 259 345 163 617 757 418 823 159 972 23 815 251 124 538 63 730 1002 534 
709 134 126 47 313 170 625 364 194 840 821 818 541 549 622 27 740 82 36 0 797 131 237 19 134 890 304 596 651 995 301 355 859 760 631 795 232 878 69 209 262 105 308 139 521 953 38 177 338 80 238 200 465 227 550 305 239 41 284 692 441 780 231 541 924 216 542 496 709 473 469 884 905 968 340 
412 42 713 648 129 951 533 267 659 306 679 726 69 310 875 331 486 158 50 793 0 863 998 515 87 304 699 501 1017 302 763 86 365 240 583 701 82 264 122 174 475 219 982 815 964 672 933 940 901 16 145 1013 760 599 108 371 698 660 973 175 404 488 941 238 753 811 700 751 57 220 747 834 316 498 540 
788 872 949 690 680 399 55 657 655 265 824 694 191 940 496 703 826 694 242 118 862 0 45 829 380 635 137 915 96 882 93 20 95 712 196 278 691 396 364 956 877 512 619 112 999 968 435 626 361 816 720 330 916 459 869 614 242 665 506 871 583 47 423 464 757 361 784 671 746 707 891 264 958 211 381 
463 619 871 475 285 71 743 174 456 832 628 748 155 818 422 399 704 763 151 252 993 54 0 32 383 244 613 349 576 248 725 477 973 653 78 506 932 715 50 639 914 639 593 602 986 535 339 44 832 229 50 22 460 204 543 927 899 979 269 496 282 802 926 749 252 762 463 182 882 877 416 621 852 544 674 
398 206 887 686 553 832 945 325 314 53 840 681 466 143 76 608 756 616 79 28 519 842 43 0 564 847 846 457 719 594 293 115 739 30 792 674 805 87 557 885 326 943 874 165 217 593 353 388 28 160 681 543 886 793 218 884 487 26 174 654 928 712 703 518 571 612 233 675 195 81 804 211 715 634 625 
304 331 542 363 743 683 866 507 675 378 330 790 1013 895 662 744 255 355 760 137 83 375 385 551 0 628 107 862 486 427 339 305 854 190 760 529 687 193 761 253 470 745 609 814 650 299 83 353 14 668 798 44 614 166 336 56 373 777 314 684 503 657 134 798 690 902 190 295 453 418 971 117 110 512 998 
223 417 943 692 908 243 131 34 988 156 698 975 311 716 157 486 402 77 286 902 302 621 232 844 620 0 657 601 955 656 787 483 974 860 56 157 74 789 984 502 708 146 644 800 855 712 163 614 17 264 765 532 864 206 332 690 49 105 541 641 716 902 207 474 930 987 466 540 441 809 998 903 954 205 775 
63 946 64 366 884 926 892 613 28 90 192 885 301 758 893 967 443 384 710 294 698 119 615 828 116 668 0 663 101 653 1001 336 15 874 891 420 912 517 374 812 994 272 235 287 274 725 416 482 210 944 641 514 585 93 293 794 37 664 735 753 937 987 562 146 201 393 610 303 130 120 983 727 326 350 762 
144 817 39 740 633 223 554 38 631 620 857 711 942 341 1005 614 257 667 52 587 507 921 357 458 860 603 677 0 977 642 147 225 1005 416 604 157 810 273 595 456 950 548 207 335 504 471 227 696 620 285 938 593 678 674 212 423 219 341 266 180 453 905 746 15 589 375 489 31 226 34 549 351 890 639 800 
461 329 829 942 841 821 495 154 1011 757 189 500 250 645 395 41 178 771 424 663 1012 85 578 718 474 950 113 976 0 207 375 153 270 328 168 115 165 350 38 710 330 483 821 666 627 693 368 424 456 945 390 655 726 840 392 159 52 606 1009 784 984 213 938 315 383 991 233 863 1002 303 957 232 323 60 616 
484 263 687 455 803 826 518 833 317 311 844 767 877 15 77 742 797 802 917 996 301 884 242 583 444 651 669 651 216 0 43 638 666 635 339 12 448 121 739 650 701 850 460 679 730 644 683 215 997 512 713 505 418 585 545 244 266 360 577 983 472 933 611 452 669 446 628 39 16 177 793 275 424 582 668 
75 600 414 84 526 630 202 713 632 315 326 973 903 315 859 155 371 653 313 292 764 93 737 301 339 779 987 147 368 40 0 55 772 647 32 282 887 251 366 568 599 117 81 309 735 240 392 134 258 123 34 786 295 791 470 790 180 1006 166 795 265 749 284 894 249 196 237 489 148 516 53 867 910 679 817 
865 831 867 239 914 58 323 292 633 674 839 616 578 953 606 384 60 753 401 353 101 8 469 108 308 493 333 236 150 627 42 0 1013 490 701 882 326 876 1004 239 542 140 887 330 269 261 261 174 856 625 710 864 786 506 783 347 688 530 996 880 412 604 96 52 997 276 891 536 243 53 519 858 365 706 366 
937 896 182 421 604 269 780 766 145 796 612 179 386 713 754 130 379 925 391 846 357 99 974 748 856 975 13 1001 269 670 778 998 0 623 335 263 815 260 743 908 484 329 475 564 890 594 593 159 483 68 513 145 736 299 975 769 870 623 495 889 305 981 872 357 657 437 671 813 577 795 131 692 125 755 889 
342 915 232 263 933 972 344 605 110 25 6 697 985 532 901 489 315 738 799 767 225 720 644 45 178 870 873 413 333 641 664 493 614 0 66 578 969 105 258 294 736 547 934 689 681 224 109 861 199 108 417 70 526 836 306 475 702 717 894 867 86 879 542 948 43 702 472 12 109 304 391 177 259 213 291 
518 90 120 282 602 824 421 521 836 62 413 623 448 94 429 586 699 467 644 631 580 206 68 786 756 37 903 603 167 346 30 694 345 61 0 801 616 857 981 240 981 430 321 665 910 140 516 131 542 104 699 185 591 68 750 295 791 554 145 296 181 920 337 97 680 795 102 656 563 401 220 23 742 700 640 
658 529 307 357 332 776 99 998 489 377 299 455 19 419 103 473 59 296 449 805 703 287 499 668 529 160 424 170 106 13 280 882 261 577 799 0 272 831 622 690 923 247 737 967 958 602 512 405 94 659 496 267 167 719 472 149 536 565 169 902 496 968 382 518 89 366 245 529 547 559 445 126 684 98 992 
362 819 613 122 836 730 911 923 862 55 85 787 334 848 349 602 15 464 541 217 80 703 916 810 691 68 905 803 150 453 882 339 817 968 615 281 0 970 298 880 891 106 313 965 170 581 759 799 56 166 851 96 366 770 953 332 467 907 838 861 834 447 296 901 83 260 589 943 864 993 839 6 865 789 871 
225 338 788 938 584 469 732 74 462 879 114 384 250 761 893 247 949 174 542 879 265 396 706 81 206 800 530 258 357 128 251 878 269 91 846 830 979 0 748 140 606 517 212 385 877 791 717 309 683 326 969 397 922 627 361 194 969 645 684 513 844 435 481 815 232 909 211 901 495 115 465 623 258 563 592 
51 84 255 738 471 231 382 229 94 785 133 643 94 998 539 190 866 119 686 67 120 363 63 556 762 966 380 595 38 742 367 997 742 251 965 627 311 738 0 374 879 524 188 592 976 154 351 73 802 518 805 209 496 14 86 123 234 92 574 540 38 511 692 289 957 144 517 754 633 740 160 93 943 81 102 
247 831 324 499 666 366 509 527 902 597 161 340 968 47 729 756 237 704 739 219 177 941 645 884 247 501 812 456 709 660 566 232 904 294 235 698 886 134 368 0 327 889 231 723 236 754 421 291 377 112 840 958 822 797 391 65 25 351 61 395 853 926 903 700 620 627 980 189 441 912 863 348 594 717 84 
294 129 385 826 556 230 747 224 542 176 437 545 613 817 678 675 581 862 231 261 471 882 913 312 476 694 1000 961 326 709 598 524 494 735 997 914 890 622 871 318 0 398 20 337 496 829 685 895 516 960 982 252 913 699 90 686 780 983 326 923 831 383 735 870 627 588 576 598 785 627 431 267 835 456 414 
72 875 499 354 798 747 957 642 988 668 469 730 313 800 621 456 805 512 29 97 228 499 656 952 744 144 259 561 468 853 128 128 335 545 432 240 104 518 528 896 400 0 135 33 286 730 112 681 200 32 593 16 410 226 801 973 155 54 352 963 265 618 886 1001 147 866 813 189 1008 542 582 403 512 442 508 
448 946 151 933 634 401 755 523 272 421 56 777 280 139 845 333 31 227 102 309 988 628 580 874 596 652 241 216 825 449 95 903 459 922 337 742 326 214 186 239 18 130 0 227 279 32 60 772 824 703 978 157 846 981 44 329 801 346 473 445 302 454 595 390 705 797 279 468 788 344 248 125 712 919 339 
60 201 966 347 96 256 881 604 523 628 828 832 252 955 445 143 737 707 650 141 801 131 600 169 804 807 278 332 675 673 305 323 550 681 678 970 960 390 594 728 325 37 216 0 649 171 747 12 917 754 600 381 324 937 865 68 745 274 531 167 895 932 778 542 591 594 72 392 622 82 885 796 501 808 833 
71 94 222 155 314 455 78 1010 353 821 210 863 681 48 430 30 112 266 634 528 956 1003 973 215 651 861 285 493 644 727 728 265 897 689 923 948 175 888 973 239 494 284 267 647 0 172 598 431 982 387 734 105 213 307 1000 811 93 749 871 946 630 298 570 136 845 108 706 509 98 997 264 672 343 415 199 
697 437 49 654 681 749 832 17 885 124 165 828 351 709 609 334 731 324 639 952 680 974 535 594 304 705 725 468 702 627 236 257 579 238 150 617 589 786 141 761 832 733 25 172 173 0 390 85 368 393 936 433 743 53 841 906 699 872 1003 553 653 84 480 330 311 52 54 348 705 202 757 89 231 498 43 
636 351 681 439 598 323 349 729 475 944 428 626 779 716 867 798 507 433 41 41 935 452 341 358 72 179 424 208 366 673 391 260 595 111 515 513 769 721 365 423 684 99 67 750 604 396 0 5 746 416 188 378 241 36 632 298 196 950 711 39 715 541 878 863 605 847 62 67 671 516 627 726 346 884 99 
942 527 748 141 186 38 972 658 236 104 749 231 453 61 414 640 729 121 469 183 945 640 54 395 347 596 464 706 422 207 142 178 148 864 130 397 797 313 90 294 901 681 770 19 432 69 17 0 461 982 784 825 476 919 516 488 786 680 642 359 516 900 118 264 848 368 1017 730 838 821 60 563 991 460 596 
122 58 232 76 49 855 273 366 509 276 478 400 960 476 202 494 26 422 525 325 899 347 823 40 23 11 215 629 439 988 277 852 497 194 555 78 54 697 804 367 508 201 824 918 969 366 739 465 0 723 366 686 990 848 580 487 748 813 479 202 227 599 830 765 879 458 77 99 894 137 314 267 769 504 571 
22 14 511 500 645 744 43 350 280 519 368 414 517 812 984 125 387 50 224 97 15 824 218 155 663 259 959 291 934 521 127 627 70 117 103 658 153 327 528 132 944 37 719 758 394 402 418 981 733 0 85 127 109 955 1001 770 109 989 235 310 750 240 196 775 941 804 162 244 900 260 160 53 231 13 195 
135 497 694 410 218 220 326 531 981 597 142 544 358 347 25 304 725 600 64 256 138 719 36 675 800 772 646 934 382 712 44 722 502 408 702 495 861 972 802 845 990 587 988 591 752 924 198 783 374 93 0 803 853 600 824 933 551 820 726 820 584 659 404 655 138 250 761 142 624 121 781 85 728 413 985 
259 307 169 676 840 917 877 822 866 134 871 404 147 598 809 506 579 199 575 206 1019 337 35 550 39 521 513 591 647 520 792 872 134 66 201 257 78 400 207 961 269 12 147 400 104 425 372 815 701 140 804 0 981 19 790 624 459 956 964 930 769 199 730 440 420 1001 965 251 276 217 259 666 168 546 530 
652 349 882 325 801 199 883 344 426 226 942 604 829 733 379 441 459 333 81 450 771 905 470 889 613 865 591 677 720 427 291 796 728 520 583 168 361 921 482 825 905 409 840 332 224 745 251 474 990 103 844 995 0 70 830 696 462 538 21 912 820 871 953 824 373 140 592 964 354 965 811 690 915 308 370 
846 77 960 784 569 233 736 633 363 423 749 620 155 392 41 432 243 280 409 237 617 470 197 792 149 187 94 693 835 575 801 492 305 823 64 711 776 619 27 788 693 235 984 935 302 54 52 920 853 952 609 16 62 0 578 251 245 688 641 888 271 920 60 122 365 148 137 294 357 64 660 56 232 995 342 
265 332 338 683 437 298 66 119 519 280 365 24 217 354 680 73 521 49 972 556 117 879 558 233 336 344 302 217 402 556 465 798 989 315 733 476 955 360 86 380 95 796 35 851 986 840 630 513 579 991 819 801 812 570 0 245 393 929 850 178 729 868 333 250 571 848 541 884 144 177 487 63 275 318 306 
328 345 30 14 373 313 466 700 552 974 407 916 918 789 755 47 307 112 790 304 360 627 925 892 50 675 800 419 158 245 792 330 765 478 285 135 328 199 120 74 690 966 327 77 808 911 301 483 501 769 936 631 698 231 229 0 494 937 882 388 840 236 258 255 828 116 557 197 432 586 642 97 524 380 488 
522 448 559 158 548 1007 686 324 932 498 550 937 484 234 519 68 648 739 133 241 694 235 885 486 385 38 43 222 47 271 195 690 876 705 799 542 459 977 222 30 783 136 808 755 99 697 181 798 762 115 561 470 459 258 408 489 0 588 701 720 345 18 630 689 558 47 879 990 86 825 652 412 78 703 34 
161 32 697 288 566 29 745 350 526 396 174 167 365 900 611 401 225 273 251 42 658 669 977 22 785 117 671 361 591 367 1013 547 625 710 549 565 894 646 104 344 973 45 338 280 749 876 943 681 820 987 829 956 537 687 940 952 594 0 804 318 506 242 780 778 593 736 571 27 943 816 70 671 506 709 1016 
57 832 639 767 333 506 308 391 713 119 151 360 311 809 463 261 201 351 352 270 966 509 258 187 323 523 721 276 998 574 172 992 494 894 160 171 826 680 564 67 323 351 484 535 872 994 708 640 490 233 736 978 11 649 854 872 704 802 0 749 57 807 954 344 815 42 118 280 802 321 419 728 990 305 467 
726 66 567 575 460 621 504 726 488 500 795 493 114 449 693 9 389 332 152 698 162 885 504 666 695 629 755 192 789 966 798 877 876 867 289 908 863 510 534 394 911 949 439 151 938 542 40 369 198 303 817 923 908 895 163 396 713 324 765 0 498 824 632 703 145 952 907 495 921 692 889 834 778 47 311 
750 809 579 783 841 104 200 114 759 139 303 339 850 482 411 93 595 835 623 437 399 591 289 924 499 716 932 463 988 484 250 420 306 87 183 487 826 835 47 856 843 258 301 885 624 662 711 498 229 755 584 765 821 258 733 836 355 500 49 501 0 575 116 143 621 474 381 934 706 866 887 984 858 824 726 
227 927 847 82 191 122 693 579 434 776 785 271 325 651 218 953 411 550 753 783 496 63 792 713 674 902 991 906 210 919 752 605 989 871 910 952 442 418 509 925 389 618 464 921 298 89 538 882 598 229 656 196 859 938 869 241 8 237 817 840 567 0 846 363 827 339 106 934 303 750 280 408 590 737 491 
554 809 812 992 670 779 793 356 864 872 424 528 416 112 57 322 592 595 421 235 960 417 940 701 128 198 572 745 958 615 286 96 864 554 343 375 284 485 679 915 735 880 598 762 576 475 874 118 818 195 408 736 947 70 335 258 623 784 946 624 120 853 0 551 490 486 585 426 483 901 118 111 573 261 215 
952 401 691 252 587 917 18 713 828 391 287 639 436 440 312 431 793 598 822 547 244 477 752 529 786 464 154 29 327 452 882 56 350 937 105 532 893 821 295 687 886 998 370 547 150 326 861 266 785 769 650 423 816 119 239 251 684 790 329 714 123 365 554 0 791 491 496 632 429 38 894 775 729 73 149 
264 617 873 668 527 679 802 576 745 968 503 817 17 94 904 19 917 315 156 921 744 747 237 568 685 931 197 579 382 673 243 999 645 36 686 83 89 235 954 628 627 142 692 609 843 314 593 856 880 944 156 421 361 368 571 830 550 593 822 156 620 823 487 799 0 96 221 768 358 904 639 902 435 672 629 
818 644 78 320 319 544 873 781 794 515 793 24 139 955 877 776 996 964 971 218 810 369 754 620 902 983 402 380 990 443 179 284 441 710 792 357 276 916 155 609 587 861 788 598 109 53 833 365 449 794 257 1010 147 142 840 110 39 747 46 940 466 338 470 504 90 0 44 47 879 718 647 213 847 911 320 
189 868 537 46 271 854 894 351 188 278 410 741 193 818 23 888 300 694 13 559 711 794 462 233 181 480 609 473 237 645 222 890 656 487 122 233 585 213 510 967 588 806 273 82 717 73 57 1015 91 150 762 949 593 132 531 576 862 558 115 918 387 111 584 506 213 53 0 424 812 151 869 69 921 396 171 
920 676 911 770 345 369 239 336 366 325 986 907 149 19 993 409 616 199 816 492 754 679 177 667 308 544 318 18 870 37 479 532 800 10 643 521 934 901 760 192 595 188 452 392 494 367 71 744 80 247 150 243 982 283 892 197 984 28 280 507 940 953 422 641 759 51 421 0 996 211 632 414 410 764 894 
560 817 943 63 639 297 122 926 181 687 66 44 876 891 540 145 151 667 258 692 56 748 879 194 463 440 130 234 1010 2 164 240 577 106 570 546 865 491 628 457 791 1000 791 612 96 713 674 822 903 913 622 283 351 361 154 433 84 955 801 930 713 295 490 411 359 877 817 988 0 600 322 412 28 141 980 
176 420 454 921 821 566 86 474 326 724 225 130 62 586 469 700 845 1002 127 461 205 709 893 72 433 801 123 32 291 188 500 57 794 310 398 561 1002 115 728 905 635 541 343 75 986 203 502 839 136 263 127 212 969 58 182 589 821 808 318 689 875 754 892 42 910 716 146 224 595 0 580 663 986 319 481 
310 704 589 408 237 771 599 339 513 979 163 600 462 962 264 420 301 675 539 463 734 900 420 797 971 989 991 552 949 797 66 534 133 389 212 441 835 447 154 865 435 594 248 884 251 754 629 69 314 158 785 264 817 657 482 629 647 68 419 882 884 282 109 884 650 656 863 632 315 583 0 84 532 275 449 
553 222 662 953 81 603 682 697 15 403 353 256 834 502 197 103 174 528 70 876 839 273 609 206 113 918 727 352 227 277 871 849 681 164 24 134 15 610 104 344 270 402 110 780 672 92 740 562 267 60 85 671 682 61 68 107 402 677 739 838 985 397 111 782 903 206 62 415 407 660 93 0 1001 422 902 
907 728 394 589 880 481 823 796 141 23 357 300 284 123 597 332 602 889 749 892 322 947 849 715 109 961 311 883 329 417 917 373 124 259 734 683 876 262 955 585 833 504 717 494 349 234 336 983 781 234 729 169 905 249 275 527 69 510 997 782 854 580 558 732 445 854 916 405 27 978 533 1002 0 799 760 
907 772 73 540 211 543 928 335 633 197 97 819 45 762 31 687 387 80 1006 968 493 205 542 629 520 194 352 631 67 600 681 715 749 226 694 103 785 567 65 731 467 461 905 794 426 494 891 451 492 25 418 549 314 1004 320 376 696 704 322 52 812 729 255 77 664 911 383 751 127 308 286 425 803 0 936 
593 396 772 892 262 713 59 485 774 277 229 786 796 845 954 452 448 74 517 354 549 395 671 636 978 775 764 803 611 679 823 359 897 292 638 1007 881 588 116 90 404 498 338 845 209 45 100 582 571 183 981 534 374 340 297 504 34 1016 462 323 736 502 213 162 629 321 181 885 983 472 449 904 762 936 0 

Depot information
1
1
1
1
1
1
1
1
1
1

Customer information
21
23
25
24
25
17
22
24
19
22
24
17
18
24
19
18
22
17
23
22
24
17
18
17
17
21
18
20
21
22
22
15
16
20
24
24
25
19
23
19
22
21
18
22
21
23
15
24
24
21
23
18
16
24
19
22
24
24
15
23
22
23
19
16
17
