Seed 123 - Instance: n75m20_1
n 75
m 20
Q 271
L 0
U 1000

0 154 832 245 953 519 673 559 1007 326 501 45 191 745 370 980 601 749 372 826 230 91 408 70 410 426 462 326 193 675 616 462 77 60 787 771 886 739 793 850 156 465 466 412 120 803 563 366 164 352 474 126 314 225 221 363 169 778 160 854 983 49 314 261 155 350 705 823 391 603 785 71 43 378 638 77 132 59 728 487 68 568 980 877 224 624 379 612 586 901 450 618 651 378 111 
156 0 684 951 543 523 231 650 568 770 488 474 518 698 825 772 949 883 819 654 748 162 632 789 702 475 951 149 525 568 679 581 595 592 225 348 601 187 613 894 844 322 414 461 363 604 834 676 417 478 943 796 648 535 198 505 742 248 81 87 336 640 656 723 364 53 310 692 414 419 318 971 433 855 422 629 553 732 53 292 569 678 91 204 48 344 681 54 722 498 706 24 570 477 317 
828 684 0 917 383 139 990 464 857 793 442 987 397 603 560 628 119 686 203 382 423 550 13 927 592 448 890 618 43 326 655 86 627 193 398 373 66 370 727 43 342 768 813 563 123 281 1010 36 513 578 461 929 971 983 429 944 193 352 392 388 246 346 359 304 828 567 751 749 431 308 803 653 466 310 822 131 204 99 290 641 1004 75 239 6 379 526 789 352 246 616 598 42 259 263 170 
247 967 909 0 417 654 367 67 338 801 319 714 703 787 318 699 660 515 681 706 540 732 423 440 563 901 395 669 324 593 169 7 750 310 132 215 798 371 653 117 382 701 371 263 267 720 865 842 574 108 469 386 995 211 651 262 543 281 179 826 223 758 849 53 594 579 100 251 246 380 743 58 697 280 327 216 926 603 991 441 697 633 100 145 981 866 67 101 516 118 857 779 265 791 945 
966 545 385 428 0 277 1004 910 9 804 861 967 589 615 761 316 700 28 584 495 931 521 510 36 302 949 800 194 90 989 241 722 198 568 41 49 409 781 724 300 396 377 185 964 438 476 111 124 376 907 723 309 230 848 350 718 854 706 469 678 149 202 713 75 245 915 814 968 736 762 562 346 774 527 849 357 654 96 200 654 491 138 399 229 228 242 452 809 134 785 331 335 618 298 881 
515 512 129 660 277 0 787 364 436 1009 362 509 1019 807 721 141 512 672 580 871 257 86 50 938 794 176 38 1003 73 449 997 672 865 378 273 78 523 497 475 427 448 385 85 912 446 322 598 378 158 930 325 461 200 230 151 637 155 104 949 631 399 208 94 492 338 979 130 922 66 236 137 779 991 769 826 739 563 410 426 817 704 955 407 646 463 845 847 507 29 158 46 354 489 941 651 
684 241 984 367 1005 790 0 162 598 471 417 486 568 173 565 854 594 203 721 567 672 196 660 955 259 190 474 516 423 702 687 481 384 975 155 618 330 982 686 166 970 749 17 591 996 634 273 1004 721 265 363 940 120 214 526 305 303 297 129 601 482 860 774 224 472 571 46 906 628 617 400 162 759 393 243 900 333 324 435 435 265 268 858 62 1005 113 606 154 440 831 238 469 255 570 106 
570 659 471 67 915 362 145 0 847 406 716 48 685 782 490 404 852 572 477 443 192 316 41 789 707 710 676 517 896 971 308 698 718 785 405 65 48 589 862 26 838 49 706 968 847 78 512 410 97 158 217 769 771 48 473 289 234 159 841 786 90 254 372 704 578 714 750 426 836 849 743 943 117 69 953 183 804 463 850 786 366 388 815 932 857 645 175 783 548 279 399 900 285 521 736 
1009 570 855 323 22 429 583 849 0 306 532 317 606 508 761 611 539 968 363 839 314 62 839 962 173 655 982 761 85 680 357 814 866 986 281 190 621 600 451 385 747 156 314 850 106 834 926 354 139 769 664 185 429 170 742 390 198 118 152 807 505 703 727 677 626 813 270 588 572 384 650 1004 520 84 290 178 61 66 30 537 696 364 149 706 631 398 52 829 839 534 760 354 242 600 651 
337 775 785 790 796 998 471 396 310 0 926 527 898 614 716 684 398 195 455 593 955 544 35 644 34 390 635 709 771 734 703 753 555 943 838 123 282 721 557 382 917 509 398 778 814 1008 459 1004 954 413 438 670 449 303 898 194 180 564 683 295 813 741 909 997 152 994 976 889 628 468 634 402 544 677 59 228 927 455 796 619 174 830 921 321 647 840 871 559 921 406 330 450 988 509 77 
503 485 461 332 860 369 421 709 522 931 0 103 71 87 442 300 859 404 963 599 851 23 639 91 884 951 142 523 543 742 893 934 790 886 673 706 928 498 609 191 341 284 947 792 494 413 228 444 921 272 636 997 219 340 8 598 803 1000 994 439 804 260 432 797 848 479 419 11 556 829 733 473 167 582 475 778 959 924 424 549 664 254 282 636 644 595 261 568 424 782 314 660 405 602 278 
32 473 985 721 970 504 480 47 313 511 94 0 160 678 536 402 620 156 557 3 886 82 689 98 60 608 646 669 307 149 28 774 900 975 787 764 83 937 107 202 745 408 663 664 247 155 127 394 29 909 822 517 100 145 690 934 599 81 251 626 673 638 295 937 318 461 128 755 112 584 408 379 41 74 388 743 842 148 593 207 658 582 208 24 180 219 964 292 578 317 810 28 796 706 638 
190 512 389 706 587 1007 566 678 602 881 69 170 0 489 781 493 791 301 652 436 278 213 184 995 178 513 317 236 358 653 294 277 339 695 889 169 90 215 879 192 898 333 824 26 466 867 966 287 490 316 378 694 841 707 718 230 225 450 857 480 239 405 734 154 1009 941 844 299 185 707 363 399 314 829 816 643 722 1003 437 136 736 44 260 24 901 947 621 967 507 442 561 497 731 927 205 
738 706 592 781 613 788 171 797 507 613 89 694 494 0 753 985 770 873 989 119 331 811 49 160 34 228 661 889 202 865 909 189 985 882 925 125 499 840 473 268 693 381 869 241 291 319 120 788 731 88 286 780 186 23 386 931 886 486 282 115 456 333 110 70 256 857 185 656 711 473 547 217 846 23 883 322 697 413 898 566 260 474 220 481 943 445 865 254 777 855 389 907 509 812 239 
367 829 561 313 774 730 562 506 751 719 441 526 780 749 0 963 388 155 984 160 16 366 663 354 184 379 840 527 852 727 937 875 718 557 778 770 765 843 740 778 942 801 379 464 127 395 747 594 593 897 427 36 494 592 166 131 668 665 766 598 876 625 404 657 620 963 11 149 894 931 460 545 613 312 363 103 339 279 118 213 360 621 177 978 227 19 162 1016 526 404 63 674 196 593 564 
980 769 639 696 300 143 853 403 612 689 297 405 486 987 968 0 764 436 816 363 280 437 184 699 961 198 797 631 994 341 28 236 670 697 63 301 133 389 927 127 96 56 446 955 926 33 367 433 57 829 261 346 826 332 157 128 339 809 90 657 983 115 963 239 718 930 924 748 667 852 974 856 317 420 708 652 391 393 855 805 774 238 427 74 850 443 989 909 791 478 173 796 56 133 109 
594 951 112 678 701 493 593 864 531 404 865 615 784 762 396 763 0 82 1000 144 227 832 870 354 456 663 622 581 876 935 302 536 873 802 921 625 389 614 201 208 327 334 647 279 327 399 223 359 23 80 607 896 1000 940 788 950 352 174 662 119 648 155 590 287 275 686 764 803 158 448 95 990 271 966 632 54 910 436 134 433 689 75 58 833 940 489 771 469 230 110 915 582 873 452 891 
737 872 689 509 18 667 200 584 978 199 416 147 283 868 137 439 101 0 581 143 716 510 658 605 190 30 963 401 763 980 49 561 491 392 253 899 799 469 318 650 672 671 360 789 738 14 429 514 175 454 594 169 197 223 33 511 587 519 431 473 590 749 708 659 828 47 777 232 620 442 115 31 592 302 931 789 427 533 652 946 961 867 96 858 569 722 862 902 763 945 235 327 67 400 738 
377 828 205 679 571 568 704 463 345 455 973 540 634 985 971 834 996 582 0 748 512 67 66 214 419 392 104 468 911 421 864 740 55 551 17 17 965 896 705 682 524 948 721 743 672 206 452 938 355 674 841 265 450 363 929 338 335 354 647 207 463 120 89 729 85 115 330 586 241 986 476 560 664 146 561 410 361 94 1008 79 36 959 499 559 377 366 393 780 884 804 967 305 132 62 577 
829 657 377 706 497 881 553 429 835 583 589 6 442 125 145 349 140 149 740 0 643 507 253 769 65 869 283 588 980 778 783 361 177 168 308 787 609 771 818 660 477 542 115 631 804 618 860 876 696 1013 329 231 583 99 222 110 182 681 205 192 292 477 404 704 557 279 85 623 186 317 208 438 552 53 699 198 789 479 961 869 318 199 849 61 182 463 325 629 647 745 943 147 522 839 604 
243 761 433 545 941 266 665 172 325 975 862 891 287 325 15 285 229 729 494 631 0 395 341 452 968 582 836 850 871 212 347 912 491 832 66 446 171 438 139 91 272 476 563 469 376 541 976 508 794 283 330 30 501 521 725 39 627 63 254 523 945 587 49 819 778 13 907 553 457 245 1003 698 937 854 675 385 858 176 584 735 273 630 313 60 60 450 883 237 929 774 327 872 875 179 475 
84 153 550 725 511 103 184 305 66 555 28 96 218 818 369 427 820 527 78 519 387 0 181 803 889 824 340 693 760 280 313 399 108 129 590 66 717 151 200 782 224 314 606 766 237 229 424 1002 138 89 612 928 950 425 780 486 476 799 71 272 79 915 674 222 667 16 388 999 163 952 321 541 495 945 905 853 488 782 85 925 402 901 23 99 955 91 992 880 240 777 462 102 987 888 376 
403 635 11 418 496 51 672 29 831 28 642 689 183 51 658 173 869 666 72 257 346 169 0 907 244 880 555 796 825 580 255 660 973 641 368 568 288 463 174 258 965 656 640 879 995 331 195 653 499 319 521 922 954 540 355 654 143 555 868 52 591 308 845 760 409 272 803 218 617 174 548 355 93 63 422 135 711 547 634 985 746 870 159 919 535 55 898 242 803 598 49 403 638 211 424 
68 783 931 438 37 945 953 785 972 632 90 101 997 172 355 699 349 607 218 765 456 799 914 0 1005 468 117 358 866 796 458 450 998 84 939 714 159 793 777 122 253 502 618 213 666 397 796 836 701 657 216 575 625 396 51 223 193 492 427 553 428 250 991 894 527 190 756 102 751 419 265 452 254 801 352 55 253 942 342 45 307 991 408 211 483 505 16 964 41 843 618 235 345 372 43 
420 698 596 553 314 785 245 696 179 51 878 49 195 48 199 964 456 184 423 57 976 884 262 1012 0 823 864 435 681 632 109 793 293 949 175 464 721 865 603 824 605 286 878 799 1014 310 989 916 659 169 489 770 421 250 599 141 369 123 914 861 174 9 566 593 852 53 72 336 165 422 361 600 576 525 144 307 950 457 252 970 914 313 37 896 178 989 338 846 867 223 632 97 100 830 658 
426 483 442 904 945 181 191 697 649 381 963 597 494 231 369 209 678 35 393 870 588 833 869 450 832 0 899 243 332 259 237 242 696 638 54 747 946 919 693 315 871 306 215 437 688 519 878 641 829 471 405 82 696 393 406 738 924 428 200 488 190 35 92 531 37 122 987 816 440 979 574 729 120 43 202 123 247 317 237 607 251 912 153 257 565 184 60 390 271 91 964 83 980 640 980 
451 964 895 392 802 40 465 659 1000 637 140 653 305 657 842 797 627 963 108 290 839 336 545 118 869 892 0 194 668 120 705 254 419 676 982 1003 721 887 474 237 59 707 316 954 594 327 224 23 203 138 368 977 164 683 429 56 242 627 2 760 134 726 984 101 782 570 913 231 865 100 296 618 46 913 301 38 831 927 768 827 384 253 545 281 858 521 617 619 208 839 689 467 463 267 576 
320 154 600 664 205 996 526 526 757 719 524 662 232 875 510 626 587 395 454 593 858 700 807 368 438 253 192 0 191 507 411 37 401 714 658 557 637 663 373 363 976 993 640 289 938 300 770 871 868 291 460 813 735 100 490 312 46 800 870 183 497 807 53 895 317 825 201 700 132 107 963 438 666 402 634 122 90 706 791 799 264 217 892 490 316 618 884 609 860 683 156 815 355 369 83 
202 511 63 322 73 77 423 895 90 760 556 322 375 201 854 1002 874 782 914 981 871 758 837 871 685 323 674 204 0 367 859 167 912 367 937 615 965 206 515 810 530 267 616 460 520 351 195 64 186 480 745 256 75 329 901 283 175 903 522 664 261 919 279 881 256 733 639 797 417 682 590 563 642 863 918 299 115 97 218 327 538 514 63 372 230 233 71 340 571 426 128 963 596 423 979 
674 564 311 590 987 454 691 971 686 739 742 159 645 850 723 341 940 987 427 778 225 267 572 782 622 261 124 494 357 0 260 156 215 53 818 547 90 955 786 291 190 456 54 930 662 563 96 484 925 644 875 227 621 142 782 757 679 949 743 817 576 478 822 319 723 39 405 596 800 389 528 797 254 973 431 852 627 114 271 513 906 688 442 81 712 991 1010 383 737 744 799 514 840 425 690 
602 667 664 188 234 999 690 308 366 693 887 21 285 913 925 18 321 41 861 785 348 315 253 462 110 245 699 403 872 271 0 685 713 666 782 483 128 136 748 648 425 338 922 200 470 179 228 358 965 88 105 367 188 818 581 88 647 49 249 865 780 721 181 833 744 889 509 698 227 850 913 269 653 386 576 354 8 710 138 791 346 779 624 511 179 430 774 514 187 966 573 681 39 152 812 
469 585 93 19 729 684 480 710 817 751 938 761 279 177 885 240 529 577 745 353 903 401 668 452 808 236 243 38 185 166 682 0 107 145 692 260 194 922 453 852 838 906 969 36 618 148 269 611 424 533 768 895 40 981 346 672 121 463 995 811 287 110 671 271 780 468 142 149 1000 326 834 800 523 407 531 641 642 30 217 716 548 615 86 821 820 366 435 611 742 907 696 245 162 372 17 
71 597 627 754 191 868 384 727 868 548 791 886 341 995 721 655 856 476 65 172 507 91 966 1016 301 694 411 402 918 218 721 102 0 642 351 261 693 218 464 57 224 568 24 698 706 591 19 171 964 187 955 518 423 790 279 994 980 173 370 203 795 783 813 471 606 634 787 259 808 867 280 177 424 244 996 792 217 50 642 907 289 544 440 998 878 527 526 69 346 115 305 369 439 127 535 
59 604 213 315 581 385 957 794 974 931 878 977 705 880 566 710 790 401 540 180 841 122 634 77 946 637 683 728 364 47 650 151 638 0 531 137 1005 539 716 53 1005 452 126 150 318 314 820 591 296 518 339 129 524 879 796 16 126 413 761 642 962 794 933 126 308 69 657 548 24 31 305 552 206 506 273 547 97 611 638 33 130 801 582 744 798 454 973 380 943 638 916 10 453 218 317 
787 231 403 149 52 275 162 403 272 831 689 781 903 939 778 60 919 253 9 295 66 596 367 937 183 46 978 651 941 805 784 683 354 545 0 826 898 260 337 7 210 604 376 773 882 150 427 80 395 126 372 216 540 326 467 487 467 558 449 872 426 294 840 770 927 535 518 59 641 515 760 856 396 169 245 569 591 977 917 829 208 238 859 234 837 854 465 931 765 980 389 654 777 652 252 
768 353 374 205 47 89 637 54 198 119 706 757 172 117 770 289 634 897 28 776 454 75 565 697 447 752 987 557 612 534 480 256 265 155 829 0 595 626 282 415 356 302 170 164 581 282 190 285 556 121 780 899 1001 1010 573 918 465 622 685 754 46 78 949 7 641 689 832 845 24 481 353 595 926 767 340 893 5 427 808 699 480 133 513 124 808 1005 904 452 537 312 380 428 980 533 914 
891 599 60 791 399 516 343 61 616 274 923 76 80 501 757 148 400 802 959 608 177 707 284 152 723 935 721 649 959 92 121 191 698 1000 901 595 0 170 814 275 406 684 558 870 747 1008 549 929 37 53 916 986 939 952 23 890 901 816 491 867 568 670 156 1000 318 1013 698 205 177 432 92 477 772 352 184 845 99 798 125 500 567 451 770 24 602 279 53 757 81 288 164 936 723 706 468 
747 201 364 371 793 504 986 578 605 728 496 938 218 834 829 386 606 452 887 767 431 159 464 803 870 936 869 665 202 949 123 928 229 527 262 619 171 0 676 892 59 666 196 464 664 768 946 172 303 89 615 190 559 297 602 987 395 441 997 654 912 155 401 900 555 135 368 314 859 174 572 133 557 448 446 558 214 834 819 584 340 664 655 665 488 211 401 963 881 307 890 250 708 277 237 
801 606 743 650 718 469 703 858 447 541 616 105 895 474 733 919 214 323 703 806 153 186 188 765 606 702 474 379 525 784 745 443 464 731 320 280 796 663 0 856 999 885 729 681 253 135 855 650 922 46 161 649 1003 77 150 566 842 768 919 736 347 856 546 181 547 553 533 835 40 922 557 780 379 657 281 803 795 268 303 688 519 305 916 66 371 242 669 898 815 274 61 72 609 268 62 
844 907 38 123 305 433 166 32 387 368 179 196 198 284 777 134 214 661 690 660 78 770 245 122 828 316 235 348 820 303 648 858 62 53 16 415 284 890 848 0 856 793 767 880 791 445 916 261 205 294 740 1008 392 352 757 992 493 683 169 777 630 210 498 847 746 80 201 338 518 643 869 964 22 25 826 106 252 296 47 101 790 351 314 570 350 973 267 409 109 675 344 744 934 899 702 
163 857 355 382 398 451 971 831 751 916 350 758 893 680 948 100 321 680 520 484 256 229 960 262 590 877 68 976 537 197 430 853 224 995 217 342 398 62 991 862 0 852 826 42 671 922 390 931 98 887 242 293 662 846 85 64 59 243 943 875 319 931 310 78 40 546 467 274 813 808 518 684 909 157 540 37 562 789 159 373 130 734 844 31 912 220 625 882 791 746 436 875 451 278 132 
453 321 761 706 378 377 747 47 156 498 282 419 332 380 804 64 337 665 946 539 474 320 655 505 287 308 708 991 261 463 341 914 562 449 606 292 704 660 887 775 847 0 415 588 539 897 381 473 295 904 952 156 771 895 916 837 395 996 108 779 183 825 280 1003 137 312 948 341 444 312 694 797 958 52 47 916 390 438 399 172 893 500 902 79 551 914 515 577 704 720 239 686 753 805 368 
450 400 820 379 182 82 3 696 307 393 940 681 817 863 373 460 649 348 730 105 575 621 638 616 878 223 309 655 618 61 905 977 15 127 374 169 548 180 721 758 820 399 0 645 636 159 737 526 257 467 183 6 106 512 784 880 911 213 463 604 1011 269 823 28 240 515 582 16 756 683 792 384 149 677 346 228 332 884 129 250 422 606 702 39 58 929 570 541 728 310 475 678 983 39 783 
418 470 583 255 967 911 602 965 866 788 790 664 28 232 475 965 279 784 745 615 464 749 863 213 809 438 960 288 459 937 206 31 691 152 782 172 866 469 686 877 40 577 653 0 994 526 619 727 400 529 257 791 834 352 730 308 527 403 276 595 282 874 491 985 984 862 750 270 411 377 649 489 18 99 211 22 573 436 825 870 832 971 173 281 529 405 738 765 683 168 961 950 398 81 620 
109 352 129 265 438 441 997 845 123 811 489 246 476 277 130 938 312 722 688 793 380 220 987 662 1008 686 609 957 520 673 461 617 709 326 879 589 753 647 271 790 673 537 625 1007 0 947 231 951 462 261 794 682 274 33 487 977 831 855 823 843 146 300 683 754 1005 966 212 27 714 395 680 393 214 109 141 76 834 626 537 938 417 27 267 516 345 504 451 856 14 104 1003 205 499 775 775 
812 594 284 713 476 326 641 63 843 999 412 174 860 315 393 36 408 10 204 613 529 221 337 391 314 527 341 299 353 554 178 143 587 324 156 278 1003 750 131 457 919 903 172 526 954 0 626 706 456 337 733 1009 815 78 941 110 30 541 526 62 260 708 728 168 179 716 660 167 442 427 901 799 108 690 79 127 396 849 148 118 491 529 376 233 72 495 545 947 760 475 182 288 324 497 73 
572 821 1001 871 110 588 282 530 921 454 245 132 966 121 747 375 217 446 450 850 961 424 194 790 1001 884 222 778 196 97 221 281 22 817 427 185 552 946 852 933 401 375 738 613 231 623 0 473 56 460 224 212 864 983 47 47 662 220 899 411 330 935 370 1008 995 930 826 743 156 288 91 856 475 764 607 973 145 454 823 876 445 613 996 337 830 93 506 663 985 970 316 145 267 465 435 
357 681 27 857 114 381 993 419 343 1005 447 376 286 781 602 415 371 513 926 892 504 986 643 832 930 638 18 884 55 478 362 599 175 585 76 288 932 167 662 265 940 463 542 738 962 708 462 0 961 263 421 989 614 67 59 757 379 272 810 618 1007 288 594 781 773 850 240 804 876 76 313 339 719 208 796 58 329 859 568 756 344 88 547 583 673 915 1010 325 822 432 648 916 561 178 914 
162 423 516 581 386 162 721 93 130 953 911 27 494 736 591 43 38 179 364 684 806 143 500 707 657 835 197 850 188 918 981 416 970 307 389 557 43 298 931 211 99 289 262 401 469 455 58 978 0 660 113 527 705 994 86 650 834 564 938 635 868 649 481 896 84 879 807 886 326 868 80 415 328 417 339 622 796 30 477 81 786 557 248 975 450 940 89 932 791 888 926 874 572 120 421 
346 461 574 113 915 925 262 165 762 403 275 900 312 77 892 843 90 448 672 1000 284 74 327 661 164 465 121 289 481 633 91 520 187 509 137 115 47 92 56 287 892 909 455 529 245 348 468 256 647 0 691 532 794 439 822 218 47 613 789 661 457 135 571 678 408 162 480 612 291 146 884 476 169 804 1002 136 345 38 360 668 86 695 30 617 396 321 425 894 813 882 887 674 532 323 864 
469 938 456 466 732 335 352 228 654 425 633 837 376 298 422 256 601 611 834 324 317 617 534 217 480 410 371 465 751 885 102 778 950 337 381 771 923 613 160 754 225 937 196 238 793 739 236 435 121 694 0 844 701 199 658 1002 524 144 939 312 1000 680 813 501 115 875 173 548 691 192 654 719 104 307 851 953 417 815 141 372 904 776 453 633 191 41 33 104 26 946 328 545 218 366 418 
122 798 919 370 326 463 944 761 183 673 1000 508 691 771 20 362 897 153 252 227 19 934 920 573 764 92 985 813 250 245 368 894 511 147 214 889 987 195 655 1004 304 172 13 785 685 999 197 981 514 531 853 0 334 881 953 743 698 990 958 802 427 944 188 380 408 454 938 604 62 768 43 358 1001 155 154 440 475 160 852 925 356 526 285 921 88 697 377 801 832 665 322 715 954 961 41 
321 646 954 994 223 200 119 765 419 455 219 101 834 174 495 818 1003 213 443 583 498 950 957 636 429 696 147 735 65 613 197 36 426 528 532 986 948 557 1009 398 664 775 104 821 276 824 853 612 699 808 710 327 0 225 156 164 776 179 624 557 203 73 720 832 130 856 730 76 640 527 837 911 921 586 751 17 537 242 602 972 119 520 798 835 574 889 148 126 257 587 24 790 798 654 930 
233 550 980 218 848 215 217 57 175 306 334 137 707 35 580 335 937 219 343 102 517 444 539 399 244 406 680 99 335 136 807 975 788 875 334 1016 948 304 88 352 846 893 512 364 26 78 992 75 985 439 210 890 228 0 393 432 307 214 551 41 963 125 320 917 491 39 300 911 730 570 186 197 253 636 212 35 748 350 128 1008 961 818 1004 20 328 190 315 308 996 757 932 595 260 310 206 
218 209 431 644 350 160 526 470 745 889 18 705 734 388 162 150 795 32 909 207 723 777 345 45 610 404 425 501 899 765 574 333 291 789 473 583 28 602 145 767 74 933 781 729 495 935 36 51 96 821 645 944 174 390 0 890 948 106 257 748 609 640 920 224 555 485 627 73 846 577 509 694 886 365 360 645 225 331 16 916 458 443 40 465 818 37 752 719 584 728 772 738 202 380 958 
362 505 934 280 703 648 311 293 400 191 609 931 228 933 129 136 955 513 351 124 46 472 643 214 135 739 52 293 288 773 73 668 995 16 469 918 891 991 568 993 49 846 877 319 970 109 39 747 633 216 999 747 183 423 895 0 804 553 300 249 927 950 675 732 126 225 233 393 747 963 810 230 180 334 492 331 734 751 392 133 867 391 82 38 452 943 637 404 877 479 908 524 251 548 642 
187 736 194 546 867 146 300 238 204 185 792 611 231 871 673 340 366 598 333 172 627 473 140 196 366 930 254 34 185 676 649 130 967 131 457 473 916 393 843 480 72 395 905 537 831 35 662 378 837 49 515 682 783 307 959 805 0 469 43 441 401 755 799 136 20 948 643 454 878 145 986 69 486 435 899 927 466 313 207 217 904 897 277 209 395 607 327 92 934 205 645 43 99 1012 637 
788 250 349 295 703 92 290 165 110 579 1007 79 461 472 660 813 164 514 360 694 47 798 562 501 118 444 628 796 910 938 44 460 165 410 566 623 824 439 765 674 256 995 212 393 862 551 219 287 565 604 142 994 195 211 116 561 465 0 827 451 337 86 353 245 912 367 721 427 397 575 447 278 507 512 451 428 145 926 525 420 915 247 497 197 437 178 500 696 730 201 60 953 725 496 1000 
162 98 400 175 465 949 140 849 145 688 1003 242 860 275 773 81 663 420 652 217 260 68 866 422 917 189 14 861 519 734 254 982 359 750 454 690 504 985 922 187 959 107 477 274 835 535 882 814 946 798 938 965 621 554 258 311 36 836 0 393 247 597 335 675 765 83 991 117 195 113 744 963 462 862 402 381 327 34 252 777 134 933 330 765 895 266 458 768 256 522 478 581 979 158 487 
866 98 385 830 673 625 595 778 806 291 453 620 487 108 588 657 117 466 222 185 523 271 65 551 875 491 764 190 665 834 850 804 208 657 860 754 866 663 745 781 872 775 607 583 852 69 414 615 646 681 326 807 555 40 730 239 451 460 402 0 919 953 41 195 420 354 942 128 647 154 221 715 452 531 599 780 59 506 754 850 879 414 114 523 391 829 175 652 610 705 781 978 188 625 594 
985 322 236 214 145 407 482 96 508 804 794 670 237 451 870 992 636 592 469 284 955 69 607 417 176 190 135 498 257 582 788 289 795 965 428 48 570 920 349 647 324 168 995 271 152 263 325 1004 853 443 999 410 213 975 602 921 396 339 249 910 0 120 498 378 158 236 910 814 542 53 237 695 448 693 370 836 883 117 994 482 974 756 191 631 965 753 198 907 777 757 216 32 731 83 492 
56 638 353 759 204 205 850 262 719 742 271 639 400 339 624 117 169 742 114 477 583 918 310 236 20 41 716 800 921 476 713 103 780 804 280 85 683 165 855 205 925 827 266 880 284 703 933 299 642 134 670 950 81 133 631 942 762 71 605 950 124 0 528 948 671 125 404 94 176 635 916 113 281 696 752 850 857 828 984 849 214 148 318 617 690 940 687 338 413 508 548 306 93 329 252 
319 643 347 859 718 77 757 372 736 916 432 291 735 100 398 959 582 716 94 405 39 677 827 993 563 83 981 51 280 821 183 680 817 935 843 949 176 409 540 506 302 293 817 503 688 740 381 600 474 577 804 175 726 327 920 659 802 365 324 34 492 530 0 466 109 381 374 885 656 940 89 558 694 72 53 178 730 924 338 602 639 233 664 549 532 296 412 57 227 342 712 184 584 300 446 
268 726 302 43 75 491 228 700 689 1006 784 942 139 72 654 240 290 673 737 712 813 223 769 884 590 527 115 891 862 311 847 281 482 116 768 6 1012 892 181 829 70 1011 19 994 749 167 1001 781 905 680 504 377 831 933 230 746 131 244 672 203 375 962 464 0 492 324 869 228 461 925 905 804 154 645 635 418 268 137 434 853 759 703 998 46 321 884 740 59 373 382 258 84 916 178 358 
162 364 833 596 240 334 478 584 622 145 848 319 997 259 627 726 276 826 88 559 778 660 427 513 851 45 777 316 243 730 736 779 606 322 941 650 306 537 543 750 32 154 234 987 1013 182 997 777 84 399 111 397 137 487 549 126 20 924 760 410 162 678 106 501 0 595 192 735 704 662 237 234 762 894 67 397 106 345 182 759 213 291 101 173 764 992 514 703 401 725 840 216 869 349 805 
349 68 564 565 909 988 570 710 798 1013 460 455 941 870 959 929 685 45 108 277 25 18 273 191 36 135 570 827 727 35 905 476 650 71 529 692 995 140 558 87 550 314 515 859 979 717 918 842 883 155 875 450 841 23 477 213 948 361 74 372 253 129 381 324 579 0 37 851 341 559 647 884 307 666 84 460 115 602 237 242 39 339 741 575 407 494 241 431 540 618 507 235 482 248 795 
712 312 754 98 796 127 39 755 275 979 408 127 852 203 20 925 758 766 319 67 911 394 804 747 63 974 910 201 638 408 525 130 788 651 511 825 699 362 534 188 467 956 579 746 215 654 815 227 811 468 177 939 728 306 625 218 624 716 989 957 908 391 375 878 198 34 0 772 618 520 139 464 679 663 728 69 507 698 806 211 806 355 690 269 941 117 322 599 330 15 294 710 639 35 812 
826 696 757 239 964 938 915 411 583 903 9 749 316 665 162 757 799 218 580 608 563 994 223 111 346 811 218 718 804 597 701 136 267 554 50 859 213 326 833 336 275 327 15 266 25 177 756 817 881 599 548 622 68 908 72 401 448 434 122 118 816 94 891 211 745 857 770 0 40 55 89 895 165 725 663 713 557 96 785 846 683 859 442 920 131 347 882 728 135 172 707 688 237 29 725 
381 414 436 254 749 56 624 839 561 626 567 109 190 712 910 659 154 626 235 187 474 157 621 736 165 434 866 130 421 814 227 996 814 11 637 24 191 848 49 513 822 452 765 417 698 449 145 882 322 286 689 57 648 747 855 750 867 412 202 665 555 180 653 460 702 324 613 31 0 944 87 906 358 424 783 613 107 660 975 491 230 520 474 250 108 295 673 860 931 809 409 494 512 405 29 
602 417 314 360 764 235 624 851 385 476 825 577 693 475 937 849 440 454 975 326 244 951 182 427 425 971 93 116 676 390 852 333 865 43 510 479 418 172 910 635 825 309 691 374 387 427 287 94 859 143 190 758 528 565 566 965 151 565 115 136 64 641 936 936 670 546 517 45 955 0 944 364 487 712 320 254 536 812 702 1000 612 579 875 659 542 514 797 422 1005 671 983 89 385 303 840 
770 319 812 755 549 149 382 737 663 648 731 409 364 542 453 972 93 118 495 211 1017 321 531 259 342 578 300 970 594 532 902 831 296 305 759 342 92 556 553 860 517 686 803 655 670 898 90 316 88 870 664 59 839 195 501 814 973 453 752 222 250 914 91 889 245 648 137 73 88 930 0 542 359 776 798 837 727 367 678 786 545 585 93 288 948 697 231 908 345 582 589 640 345 244 344 
52 973 654 53 355 780 166 955 1009 416 484 389 399 211 551 866 984 32 548 423 696 555 353 460 606 724 622 439 579 784 255 790 190 569 872 585 472 127 784 959 690 785 396 486 388 783 857 334 413 467 716 359 914 195 679 233 56 291 969 718 700 110 556 798 232 881 464 897 906 369 559 0 899 614 51 367 572 241 508 138 778 523 305 736 87 653 992 669 757 648 698 501 694 129 868 
36 422 451 687 769 979 756 123 511 540 167 24 317 839 621 299 266 602 666 557 924 515 95 249 589 120 43 668 657 261 661 517 419 208 403 917 768 576 388 17 912 957 142 13 223 91 472 713 331 165 98 986 912 257 871 182 487 519 456 450 445 272 690 159 768 313 672 150 354 480 362 899 0 194 347 272 336 187 951 16 869 808 598 614 977 681 302 810 938 867 829 575 822 475 403 
391 842 320 286 523 763 386 78 76 678 582 78 824 25 296 427 971 300 147 48 859 943 56 803 535 39 919 419 864 988 388 402 238 505 167 769 364 447 658 31 177 53 659 90 97 704 755 205 415 818 303 157 574 635 366 345 434 496 862 517 685 686 67 637 907 667 669 741 429 713 776 611 186 0 171 698 354 97 622 936 259 197 1009 715 179 440 226 58 694 97 173 77 527 122 625 
634 428 831 320 864 828 239 941 278 51 482 400 822 865 354 713 618 925 545 697 674 898 435 343 146 215 306 644 920 441 575 531 1003 273 255 346 194 451 285 815 543 42 337 208 139 72 626 794 346 997 856 168 754 213 356 479 918 452 396 607 361 736 58 640 77 91 727 644 782 303 798 54 347 166 0 497 223 458 115 1002 28 45 227 264 666 319 973 829 994 209 980 444 690 920 843 
77 645 129 202 349 721 912 175 169 228 774 758 647 314 112 635 52 782 410 194 390 852 134 62 301 126 33 125 294 851 350 656 799 548 563 901 835 563 788 103 30 901 231 15 90 114 971 44 629 135 951 439 25 28 636 326 918 433 393 772 838 869 180 438 400 450 70 707 610 250 841 360 275 697 493 0 210 340 634 223 42 288 380 903 970 826 895 844 148 636 707 429 541 548 548 
126 555 209 926 646 556 331 804 60 928 949 848 708 692 329 377 903 413 366 799 854 486 713 253 957 262 836 83 117 643 17 655 215 103 585 10 107 220 784 245 557 383 350 586 822 406 130 332 783 338 416 470 543 757 220 727 475 152 309 64 888 862 732 266 123 105 507 551 108 541 742 555 347 343 234 217 0 131 464 499 104 555 633 181 30 449 43 861 335 967 266 663 371 363 707 
53 726 84 595 79 417 339 448 67 469 913 139 1004 406 280 389 440 532 101 495 180 764 561 944 462 303 928 690 96 114 728 33 68 603 986 419 788 838 250 284 802 442 880 422 624 849 458 870 14 30 815 165 240 355 329 752 314 921 48 502 108 820 942 130 348 616 691 93 668 805 366 242 179 91 442 328 131 0 870 578 646 852 646 267 208 681 893 138 132 770 95 893 874 470 180 
718 43 279 990 199 433 419 858 16 784 430 608 428 888 131 863 136 653 999 952 595 84 624 333 258 235 750 781 217 269 144 232 631 638 925 823 119 828 312 38 157 385 122 827 537 138 827 563 465 359 147 858 600 122 17 402 209 524 250 758 994 987 334 434 175 231 802 776 982 709 673 512 948 623 120 631 474 886 0 669 1002 795 622 390 363 182 784 369 564 627 174 253 737 911 652 
486 289 639 431 642 810 432 795 521 617 544 218 136 557 223 798 435 951 82 852 735 931 997 48 957 606 834 799 324 514 811 717 914 31 820 695 500 583 688 91 384 162 240 878 951 119 870 755 93 664 377 916 985 999 926 129 237 410 769 848 469 865 607 848 744 250 207 850 487 1003 795 134 18 940 998 227 485 566 677 0 831 618 552 463 577 903 11 462 423 846 11 826 787 646 315 
61 573 1011 703 481 690 261 360 695 161 669 642 730 258 359 782 683 962 34 309 283 400 746 316 914 249 385 256 542 894 356 542 288 125 197 489 562 337 507 801 129 889 416 840 429 489 438 337 784 92 917 357 132 950 458 860 904 913 131 883 974 228 627 765 221 34 814 690 230 613 551 792 866 266 17 39 93 641 1018 837 0 627 754 56 663 541 990 552 208 641 605 121 739 872 517 
573 663 90 636 131 950 281 376 362 836 268 585 45 462 614 225 72 866 956 193 634 900 862 975 322 921 251 212 515 678 786 631 558 799 243 125 445 655 302 351 732 501 621 969 39 545 605 92 545 709 780 531 509 810 433 385 904 250 942 401 765 156 221 700 285 336 364 861 535 577 580 515 811 192 60 278 553 866 799 623 628 0 320 810 959 451 885 489 620 71 746 8 927 713 749 
973 95 240 100 400 404 847 827 157 910 277 210 243 208 168 426 71 79 486 854 311 24 150 398 40 142 550 874 70 455 628 88 428 587 867 507 784 652 921 319 847 886 687 170 283 362 998 532 241 40 458 293 795 1006 57 84 288 491 338 107 188 314 679 1004 105 747 695 446 461 874 77 309 586 1002 235 373 647 634 622 553 753 321 0 800 407 743 325 600 357 203 798 946 208 423 198 
875 224 3 157 214 655 46 939 710 319 635 19 36 489 983 74 818 841 561 42 56 109 923 220 903 260 292 494 383 86 517 813 982 741 229 118 24 658 66 562 40 74 51 281 515 231 325 588 970 617 625 927 834 20 469 25 217 193 775 541 629 613 549 49 184 571 276 911 248 658 288 739 599 711 277 908 190 265 392 469 55 808 803 0 631 775 312 340 544 148 900 675 570 865 610 
227 52 387 984 217 463 1007 851 621 648 644 164 899 926 227 839 952 560 383 194 66 950 546 475 179 552 860 305 228 705 163 809 864 800 834 803 598 499 372 345 919 538 57 514 352 67 825 687 442 408 175 88 570 322 833 463 401 454 898 396 963 701 538 333 763 407 923 133 98 552 943 106 971 169 664 978 29 211 377 578 666 969 410 634 0 719 955 681 864 70 767 184 646 854 96 
616 335 522 878 248 842 101 663 398 849 594 221 947 449 17 451 469 725 367 466 467 88 55 502 996 201 512 619 250 990 415 380 528 449 860 1010 289 194 235 966 220 902 912 392 501 491 110 923 941 323 41 696 889 184 42 938 607 180 257 830 742 939 294 890 975 502 130 343 294 518 691 664 663 440 320 828 444 672 169 898 547 442 746 770 713 0 644 935 363 162 383 386 941 261 573 
383 690 776 69 453 838 588 187 63 871 268 977 612 861 165 995 779 862 395 329 879 985 897 11 343 74 626 899 70 1010 764 431 515 972 470 920 48 391 659 258 635 526 577 729 445 537 503 1014 81 422 23 367 149 310 750 641 326 495 460 163 203 691 411 754 518 242 326 900 677 797 223 991 305 227 988 894 37 891 797 13 989 872 314 312 950 644 0 263 125 528 289 817 332 411 895 
613 52 347 87 817 499 158 777 833 554 568 282 982 266 1014 903 473 892 770 630 227 895 224 946 837 381 624 608 339 388 521 609 84 394 923 456 762 973 900 415 895 572 554 751 854 937 655 317 941 886 86 796 142 294 715 419 93 715 777 656 919 340 42 58 701 438 605 725 855 420 903 669 819 66 819 845 847 148 375 451 548 489 616 342 680 943 253 0 830 392 693 439 398 512 137 
590 727 255 522 134 26 437 546 847 929 424 584 508 791 534 788 215 751 892 637 927 236 802 32 879 267 219 854 567 750 178 744 337 955 759 527 78 887 808 102 784 688 734 681 12 756 982 824 780 818 15 836 250 1005 574 875 937 722 261 624 784 400 228 376 402 535 316 139 913 1000 363 762 945 697 987 144 339 140 568 413 213 610 355 551 857 352 126 835 0 716 202 803 563 530 622 
907 496 621 113 796 166 828 292 529 403 786 307 457 869 402 481 98 948 794 739 766 771 592 835 212 79 833 698 435 745 973 899 105 639 997 324 283 304 269 676 735 715 319 154 89 487 973 431 871 886 943 680 590 755 743 476 200 199 525 703 771 510 338 381 714 606 24 167 809 669 580 639 871 113 212 642 968 780 608 847 630 87 197 157 67 175 529 401 722 0 338 302 273 386 490 
433 690 586 860 321 38 233 413 777 322 313 819 546 394 64 186 900 230 965 939 341 479 59 616 620 957 678 162 127 798 585 698 288 924 396 385 161 885 54 336 422 240 478 956 1005 188 302 664 939 875 339 337 26 946 773 908 652 54 473 772 228 546 708 272 853 517 289 709 419 978 591 692 823 180 983 713 274 106 175 8 592 754 810 914 758 394 288 695 207 325 0 935 415 190 399 
613 25 50 785 340 360 468 904 345 437 661 25 486 893 654 782 598 329 316 144 884 110 408 220 100 81 466 829 982 515 682 229 376 10 640 434 941 246 72 736 887 680 681 957 194 303 148 917 872 684 560 724 792 585 742 520 42 959 586 994 33 308 201 86 215 239 718 687 485 86 635 501 570 68 447 437 650 903 257 834 119 11 928 694 196 370 820 439 810 305 937 0 889 30 589 
646 568 263 256 628 475 251 286 230 982 401 805 736 504 177 40 885 69 129 526 874 974 622 348 104 990 471 345 589 831 28 167 432 454 782 970 731 709 607 932 457 751 984 402 498 332 255 570 565 528 218 958 787 268 216 233 97 729 987 188 728 84 572 899 876 484 656 237 511 396 352 694 831 516 691 543 374 862 732 771 729 923 206 578 638 943 334 392 547 276 420 908 0 849 284 
370 487 264 800 287 939 585 517 609 497 609 712 924 811 593 148 455 412 50 842 187 881 223 372 821 656 263 372 429 433 141 370 145 208 670 531 699 278 258 889 285 804 43 77 782 490 481 179 109 323 361 957 660 307 391 558 1004 492 142 621 99 334 309 173 364 238 36 35 411 316 234 121 474 128 919 547 347 466 909 642 867 703 414 866 863 259 408 517 531 374 177 24 849 0 145 
120 326 170 944 878 655 105 744 651 87 276 635 201 233 551 95 894 736 576 603 470 382 425 51 652 969 573 73 977 674 806 25 528 310 258 916 472 245 60 702 135 362 781 613 764 71 432 910 426 866 421 43 916 205 947 639 629 1012 472 602 498 270 439 364 807 793 809 727 19 855 346 866 405 626 852 539 705 192 654 318 515 751 189 606 94 585 911 127 621 487 393 575 287 163 0 

Depot information
1
1
1
1
1
1
1
1
1
1
1
1
1
1
1
1
1
1
1
1

Customer information
18
24
23
21
24
16
24
21
23
17
24
16
22
24
15
21
22
21
21
21
18
24
22
21
22
17
17
19
19
24
19
19
25
24
24
20
18
23
22
23
16
15
19
18
23
19
16
23
15
16
15
20
25
16
16
22
20
16
18
20
19
19
23
20
23
22
16
24
18
21
17
24
15
21
23
