Seed 123 - Instance: n85m20_0
n 85
m 20
Q 168
L 0
U 1000

0 42 469 649 510 52 985 871 95 994 707 197 578 595 668 103 374 287 533 498 470 536 898 388 302 950 680 29 372 207 422 385 732 524 486 828 156 594 328 907 474 171 952 553 933 442 486 412 184 761 209 608 652 526 189 418 777 452 801 311 125 890 740 694 420 315 255 91 128 542 946 56 818 674 149 437 25 883 122 435 903 717 618 242 240 89 971 276 511 33 598 106 237 144 789 268 304 731 627 142 26 830 112 46 262 
43 0 850 934 779 883 583 476 272 1010 8 807 362 791 889 996 718 78 100 358 844 28 964 452 484 772 726 857 100 578 194 543 823 628 572 947 90 755 159 993 160 999 252 242 7 823 549 733 533 732 771 519 912 287 5 157 542 33 700 562 15 331 305 690 26 201 545 716 446 970 411 915 982 981 349 120 362 525 426 918 690 354 498 920 440 24 134 585 912 875 423 729 834 576 789 370 991 207 334 678 630 723 25 163 820 
470 856 0 242 67 645 850 583 345 180 378 801 42 522 504 629 757 997 626 915 117 582 238 993 636 311 536 702 601 398 27 397 613 104 604 841 946 861 512 195 669 197 805 366 735 368 27 791 716 871 305 789 827 807 376 717 786 844 801 228 1003 160 385 609 630 711 457 917 379 771 832 650 454 103 546 28 819 862 288 991 109 828 873 252 622 554 755 906 557 841 137 812 103 168 122 791 912 985 564 775 757 763 209 600 130 
653 922 246 0 196 101 721 544 494 160 469 449 890 943 486 649 576 19 168 685 44 907 669 797 919 267 975 298 853 921 220 374 761 662 553 98 412 176 595 794 544 90 718 255 898 162 608 250 55 469 802 581 218 844 591 263 61 780 378 1000 768 377 580 235 559 308 62 763 645 689 314 733 405 213 616 564 73 205 872 768 498 457 260 778 457 95 992 967 453 1004 769 447 41 242 717 440 316 789 775 183 437 484 249 42 410 
520 776 65 204 0 957 952 30 275 813 167 293 770 744 782 103 790 25 857 523 293 647 368 131 436 616 895 330 434 228 469 568 687 579 880 212 687 861 63 199 555 577 190 914 882 610 733 725 581 221 518 47 239 149 94 803 636 385 426 160 208 420 404 418 38 491 17 685 740 39 658 98 418 895 899 690 603 317 339 100 642 731 80 193 828 30 440 493 511 249 846 814 794 330 673 171 268 726 33 985 287 905 110 462 263 
43 887 652 82 958 0 146 209 405 701 889 937 992 352 443 114 133 940 802 223 783 521 838 789 754 207 897 764 547 804 478 460 294 119 722 274 965 31 92 528 602 298 339 470 540 161 253 377 486 94 538 275 423 369 189 673 898 678 167 523 931 729 897 145 739 130 593 423 353 857 646 25 753 330 477 186 109 512 1014 316 566 209 724 670 529 513 362 543 705 854 1019 937 235 549 879 725 233 203 776 779 45 20 916 953 508 
983 581 851 725 954 144 0 365 440 850 685 54 478 140 831 87 102 37 740 895 681 523 478 75 530 627 863 303 890 286 500 221 244 259 209 302 336 889 412 573 1004 729 856 604 100 323 662 871 298 579 1005 226 538 863 523 210 90 959 327 27 31 928 771 69 963 223 203 844 714 386 381 781 789 565 764 768 267 476 70 140 810 481 50 622 358 377 709 633 1007 561 525 677 667 278 723 105 738 533 927 914 396 154 992 651 65 
864 469 586 559 25 225 370 0 978 424 488 221 201 641 945 537 661 157 844 328 910 630 247 97 440 158 804 206 423 635 367 14 488 791 942 839 356 719 790 213 982 550 504 299 953 150 252 622 744 413 754 65 437 176 562 152 118 991 387 923 685 131 697 251 192 632 768 363 710 920 236 104 365 865 1011 215 533 325 83 645 698 429 254 921 803 377 569 256 359 1018 742 340 88 861 478 94 317 401 737 102 708 687 347 564 720 
90 266 346 497 289 414 436 972 0 591 718 860 549 539 157 810 575 840 809 966 649 194 958 547 999 379 354 839 142 163 519 469 946 55 252 755 770 924 735 46 254 829 553 673 363 987 848 28 14 120 702 886 416 590 135 515 583 438 837 123 633 859 441 111 59 884 219 471 623 697 141 238 978 53 943 259 772 623 594 203 238 1007 353 258 524 641 2 579 667 642 949 50 78 441 427 161 460 682 528 708 790 905 190 691 311 
990 1013 183 159 823 693 843 420 600 0 655 960 533 507 751 785 923 795 25 952 167 941 70 27 83 549 233 585 491 102 30 47 758 712 647 246 638 70 158 874 322 508 237 327 779 883 524 776 161 536 755 763 40 969 381 184 405 863 651 865 251 692 618 257 485 865 906 178 580 258 202 407 3 644 979 610 245 201 99 747 622 537 446 470 377 66 744 396 716 719 949 236 55 412 194 463 413 241 830 776 235 503 639 92 37 
722 17 375 468 156 882 697 477 717 646 0 184 183 932 424 809 355 576 764 83 480 220 658 43 828 593 834 37 782 838 309 165 535 905 617 373 682 194 166 170 570 191 910 920 108 319 361 176 680 602 368 816 501 698 703 601 338 793 467 872 194 231 316 936 257 310 890 701 729 747 843 286 426 45 982 694 109 1011 58 704 448 834 180 132 460 688 51 320 115 801 109 204 512 499 297 815 876 888 126 193 192 94 460 903 792 
205 793 789 444 294 948 41 232 841 953 189 0 868 492 478 847 632 421 711 576 814 72 980 555 348 53 302 167 323 450 786 242 468 976 944 886 410 717 902 997 796 602 25 786 34 253 765 292 549 794 530 390 559 139 42 959 431 903 922 278 762 923 228 294 77 409 277 814 45 566 375 981 286 987 717 690 289 524 266 563 490 372 200 417 324 794 950 531 194 571 190 1013 380 771 748 210 354 619 1002 823 87 843 275 281 125 
563 373 40 877 779 1006 465 203 551 525 172 870 0 99 36 273 999 870 586 385 537 728 775 333 455 949 158 841 956 52 973 457 765 394 73 279 994 38 703 220 885 369 17 877 951 127 370 901 245 79 888 576 20 725 386 399 379 733 971 474 159 28 741 63 933 162 617 275 764 15 789 479 362 423 312 869 630 541 948 33 557 44 133 550 1004 53 599 742 905 587 217 365 200 755 830 308 660 117 910 991 75 206 446 93 481 
606 781 508 923 745 346 134 626 542 496 930 506 91 0 939 190 751 986 863 859 514 486 557 197 298 499 722 1004 591 637 344 59 336 906 575 233 596 1014 358 974 670 194 779 144 578 838 548 369 593 63 437 124 584 370 402 97 876 21 76 563 291 470 789 440 382 78 458 634 284 525 604 777 242 980 196 405 315 562 185 71 450 352 688 262 472 760 582 964 899 29 326 16 962 55 146 432 583 599 838 561 773 752 781 742 962 
670 893 515 483 789 440 839 955 155 752 415 496 43 938 0 917 197 439 485 243 65 859 384 583 853 851 117 403 133 235 498 755 527 725 78 589 653 426 759 752 522 55 400 973 112 439 24 344 419 468 776 405 161 300 872 199 974 406 786 58 263 545 385 585 282 883 720 824 459 401 685 245 528 889 750 550 308 551 874 466 960 95 554 501 765 507 837 823 919 625 889 697 453 930 658 17 342 809 409 138 533 751 916 721 434 
98 989 636 637 91 121 96 543 807 784 825 854 279 206 899 0 683 299 765 402 928 530 74 574 928 445 105 875 930 841 728 234 214 344 506 478 709 184 87 833 988 111 697 730 869 975 122 454 696 106 540 949 913 281 980 242 20 703 906 593 773 316 795 718 902 657 535 49 242 903 415 923 730 549 552 290 359 826 578 790 964 78 588 14 169 254 442 571 273 537 545 347 718 945 502 901 335 703 999 96 120 1000 374 773 509 
367 721 758 572 785 137 93 652 562 919 354 633 997 760 200 689 0 803 587 909 631 177 119 804 927 168 814 314 922 695 977 989 798 967 124 442 722 111 689 243 330 708 559 443 709 420 690 758 607 286 76 102 990 415 109 339 180 147 370 602 476 500 908 951 77 258 949 678 584 748 630 941 203 821 858 609 324 151 680 416 849 713 775 476 177 122 244 517 237 265 812 344 52 881 562 574 969 694 633 920 491 54 997 354 171 
283 79 991 36 27 934 18 151 834 796 575 432 866 986 445 315 815 0 178 118 460 847 401 576 156 551 917 659 685 19 259 600 338 913 316 489 218 590 266 519 641 605 644 908 567 433 424 542 592 598 832 723 843 221 210 123 229 20 761 723 389 942 583 371 506 139 227 171 150 443 203 141 581 709 249 269 951 942 223 405 432 623 280 731 123 888 311 555 376 868 459 20 472 204 310 196 619 147 153 307 987 200 148 328 175 
531 101 625 151 840 794 729 864 804 25 768 697 599 853 491 769 580 190 0 680 898 77 762 925 344 911 961 876 522 111 824 843 223 511 666 271 181 349 863 891 989 755 345 717 432 697 331 106 621 248 355 522 789 328 824 803 980 552 380 876 857 794 114 934 765 318 961 280 247 339 413 85 701 239 522 850 942 78 659 441 94 908 79 619 456 182 888 991 448 261 937 508 325 431 434 470 686 352 642 896 753 738 951 641 768 
499 342 933 682 532 223 899 337 978 956 74 578 372 854 230 404 914 114 683 0 378 963 573 152 649 344 731 966 316 102 252 817 363 855 132 514 257 26 667 675 170 112 358 894 757 992 158 849 664 372 951 406 551 507 776 601 904 744 856 755 369 400 291 340 583 229 329 455 912 26 769 973 537 47 624 774 671 404 254 729 511 910 194 621 896 747 502 933 890 97 386 664 231 325 589 708 560 754 27 1012 849 165 129 582 650 
470 840 101 41 288 795 685 904 660 158 474 819 542 520 80 935 635 466 900 367 0 386 602 23 135 536 207 829 301 898 903 773 299 791 996 569 28 489 911 765 60 391 223 456 665 105 938 612 109 433 372 424 695 43 417 865 27 883 616 918 448 1000 531 412 561 999 509 481 186 835 295 192 877 703 568 768 753 900 822 224 938 9 776 414 262 62 65 162 130 477 619 106 995 633 598 886 201 740 255 135 758 927 420 712 1014 
531 33 585 906 649 517 530 630 201 938 220 70 719 486 857 530 178 844 80 961 384 0 889 664 293 401 211 737 682 456 634 971 993 892 756 923 921 968 812 190 148 137 321 429 144 851 533 699 839 575 26 395 477 977 973 667 729 300 422 47 248 759 414 752 979 673 240 302 519 513 786 719 817 916 298 550 80 38 62 26 884 443 311 863 202 906 81 74 457 284 35 316 418 71 270 544 663 518 648 491 550 344 811 68 785 
878 966 225 675 381 851 498 257 950 86 650 986 774 558 383 65 123 403 750 567 599 887 0 788 89 698 567 630 539 104 446 385 63 206 85 171 544 545 304 609 770 428 757 793 84 989 451 111 547 534 747 332 751 39 609 804 989 310 890 252 829 64 855 123 568 332 568 459 839 474 611 118 570 258 392 655 806 354 922 552 637 557 419 548 707 978 764 954 502 926 464 67 658 620 558 974 400 876 771 28 207 119 217 290 984 
373 460 998 785 134 798 63 86 554 21 49 549 340 208 588 575 801 580 938 168 11 668 792 0 665 221 278 335 530 90 446 993 257 33 970 931 656 39 801 598 387 23 471 223 462 855 316 636 476 396 545 844 458 931 436 813 277 166 281 400 574 311 932 222 167 272 234 863 639 292 410 837 238 63 247 243 193 707 965 731 717 593 878 133 838 193 825 717 239 121 270 490 530 289 30 758 122 682 226 855 107 348 302 50 961 
305 487 622 923 425 760 518 447 982 70 837 352 441 305 852 923 936 149 340 650 119 280 86 663 0 373 883 722 999 647 156 561 820 330 984 623 691 669 557 900 454 502 24 457 509 301 678 350 705 894 780 610 714 769 900 991 630 196 755 440 479 169 384 822 824 639 276 822 556 576 871 983 665 538 917 644 460 909 990 477 896 584 440 790 804 109 156 559 850 296 676 658 957 762 358 562 333 418 402 487 7 340 963 910 165 
951 771 315 266 632 205 638 159 371 564 604 68 957 516 853 458 158 546 909 326 538 397 708 218 366 0 943 983 937 641 598 383 602 149 310 912 575 359 290 908 514 844 831 834 224 78 730 426 807 710 491 420 784 126 272 811 72 467 45 362 804 96 293 843 28 579 366 533 599 56 463 328 570 993 49 28 984 796 53 679 431 130 924 224 137 548 836 1000 749 185 763 781 473 110 467 763 664 653 994 492 473 819 122 98 42 
677 712 538 979 878 902 865 812 363 234 830 303 141 725 109 101 821 921 971 738 194 213 563 259 883 941 0 932 496 947 204 310 328 602 245 898 155 768 298 660 153 445 426 133 659 730 893 55 347 600 515 716 63 1000 376 868 231 459 487 428 258 67 228 251 280 868 125 362 817 669 816 461 583 116 8 645 582 742 249 389 87 109 976 460 513 717 838 981 218 902 993 442 20 396 248 728 881 584 82 800 626 452 94 490 8 
13 874 700 297 339 758 302 201 846 582 53 170 834 998 395 877 312 657 884 984 830 732 632 338 735 980 925 0 305 648 419 799 668 282 67 783 486 354 844 794 150 330 517 545 381 808 581 477 512 505 730 423 489 638 27 329 445 812 562 287 303 70 332 897 485 218 475 909 450 322 91 661 478 901 636 824 503 672 454 166 214 165 413 64 163 681 691 400 633 940 571 244 676 672 211 89 428 1010 40 461 983 156 904 789 198 
363 86 616 862 436 547 898 414 139 475 782 325 962 579 146 936 939 691 527 325 304 685 532 530 1000 942 492 312 0 461 773 299 681 779 274 649 778 286 565 21 402 806 533 327 186 112 436 181 251 922 839 308 558 63 32 419 849 1006 723 688 29 899 302 100 116 845 740 833 161 957 168 206 746 151 565 22 387 458 89 528 595 179 170 458 749 541 777 504 863 467 893 384 22 428 1015 147 293 802 306 725 545 692 585 18 994 
192 575 409 918 243 811 278 634 163 108 852 442 55 644 248 839 686 21 108 104 905 454 108 83 656 645 955 637 469 0 840 183 834 781 913 996 18 480 944 416 216 264 847 314 305 686 738 348 345 192 442 679 191 539 672 271 483 40 232 154 434 530 208 628 106 279 84 492 824 14 514 772 609 294 642 547 677 32 480 660 802 356 983 417 590 538 247 601 412 909 920 572 943 167 363 417 54 25 56 251 540 364 42 137 849 
410 191 36 206 466 463 503 372 533 38 317 776 975 354 496 720 969 275 823 264 913 624 449 440 162 598 200 416 777 828 0 282 557 178 366 789 778 295 822 213 352 371 252 629 328 530 758 131 741 436 324 992 360 258 561 271 825 194 941 327 147 585 114 538 895 586 242 537 964 91 217 350 947 352 308 181 358 79 82 168 42 880 152 758 296 396 377 323 867 802 184 466 69 977 465 161 690 960 501 234 724 857 330 378 587 
370 539 392 387 565 456 229 15 464 57 171 254 464 55 751 238 979 591 833 810 779 979 391 991 557 390 312 808 301 176 272 0 513 611 987 649 457 649 756 852 692 885 729 351 715 262 381 629 391 827 612 945 476 615 705 205 734 606 26 716 789 810 933 420 700 369 407 858 507 617 871 706 661 338 317 643 537 488 558 543 302 416 243 336 414 437 134 800 226 518 43 950 270 540 62 773 847 587 233 680 598 181 496 267 123 
735 825 614 775 682 283 245 481 939 750 526 476 776 333 531 208 797 349 205 365 304 979 71 263 836 600 336 665 680 834 548 522 0 480 999 517 781 337 419 467 260 539 628 432 323 66 604 112 32 720 913 699 264 784 401 956 282 134 854 980 584 135 697 784 160 72 76 467 52 560 760 742 387 115 98 467 517 516 711 10 899 279 736 155 426 263 353 178 998 151 984 306 995 310 968 169 933 409 44 384 779 274 161 202 493 
526 644 102 651 583 135 266 799 51 709 915 976 389 898 717 347 968 921 520 851 793 898 209 31 318 138 582 273 779 774 169 598 488 0 166 340 595 646 420 702 185 186 44 729 396 801 224 373 856 433 507 853 401 464 752 446 82 333 59 171 128 669 26 240 242 890 458 611 445 392 180 11 286 445 495 923 53 939 714 733 451 237 1017 212 855 395 122 625 875 592 808 909 368 639 421 766 738 465 789 326 777 726 257 110 896 
478 567 605 559 881 732 195 948 250 644 616 951 69 576 78 499 120 323 661 137 1000 756 82 982 967 312 248 60 271 911 361 973 1002 164 0 559 523 135 863 422 949 1015 544 106 905 28 932 734 88 865 973 566 288 423 969 869 213 280 202 468 527 534 497 455 47 37 821 776 302 312 970 1014 120 566 15 19 738 697 404 405 291 535 924 234 666 729 411 778 909 223 519 976 339 906 205 96 877 762 593 531 50 959 958 157 900 
835 945 832 94 202 273 305 843 750 233 362 904 280 228 595 473 436 480 259 524 567 927 156 940 621 896 916 782 650 996 791 638 529 327 563 0 548 384 174 295 693 411 491 303 582 375 227 525 971 885 306 285 595 760 516 599 407 741 416 236 868 846 463 294 116 812 618 428 325 720 928 278 710 255 468 567 199 388 906 722 407 696 252 251 30 509 508 877 118 329 269 936 698 918 408 169 748 134 275 666 387 746 84 766 573 
169 78 951 397 690 951 338 347 770 634 695 411 988 594 641 703 710 199 179 241 30 926 543 639 682 578 157 482 789 37 769 445 782 607 509 554 0 274 25 358 643 506 714 190 209 352 161 241 941 134 511 889 976 959 377 69 486 910 316 993 75 154 449 507 177 800 52 382 925 100 823 76 132 388 725 448 473 218 247 969 271 42 810 301 441 850 3 632 62 846 834 148 472 715 145 841 323 592 466 833 844 478 477 827 556 
584 768 865 177 868 14 898 730 926 77 195 718 43 1005 419 175 114 589 349 32 491 969 555 36 673 352 757 346 289 477 292 655 344 635 116 391 255 0 748 722 159 120 637 394 926 607 471 167 781 423 770 505 872 164 365 266 715 251 130 603 636 832 989 256 63 837 297 828 785 531 458 943 533 355 675 500 520 792 486 233 746 101 660 362 271 835 562 83 97 653 694 550 953 17 625 494 971 574 299 238 253 169 832 1007 463 
336 172 526 591 82 96 422 792 749 151 152 891 703 345 751 93 687 256 860 670 902 800 308 797 557 284 309 838 568 935 833 759 430 410 869 174 24 743 0 768 695 845 598 295 848 851 975 176 428 90 235 891 89 282 677 806 60 368 962 704 961 484 112 464 840 684 331 643 718 328 794 534 1020 351 135 26 97 868 794 880 280 102 430 300 570 17 619 773 234 527 761 28 135 468 621 934 230 331 114 859 581 184 994 269 286 
914 1001 189 791 195 522 585 218 31 875 180 1002 228 977 747 841 238 514 895 673 763 190 611 593 892 917 645 809 40 410 213 852 457 702 415 303 357 725 762 0 883 764 53 277 794 133 869 833 32 984 973 762 485 147 763 459 266 848 808 455 214 800 637 659 643 738 837 153 393 8 467 492 480 4 801 540 333 464 760 299 609 93 937 235 277 182 715 508 98 291 416 835 139 275 59 44 523 132 971 534 814 786 851 627 784 
468 169 665 550 547 601 990 989 260 322 586 786 885 663 514 998 333 642 984 173 48 146 777 391 456 513 141 158 395 198 363 698 255 190 964 690 658 153 690 877 0 47 350 58 548 810 11 125 1016 271 389 502 57 567 714 237 710 657 946 106 154 1006 645 260 383 814 368 23 245 678 929 766 330 737 997 221 466 538 605 205 862 300 728 240 64 485 149 126 896 780 827 1009 591 406 253 767 187 764 423 90 463 844 484 263 692 
171 1008 212 89 572 285 739 542 844 509 195 609 365 192 43 107 704 598 754 119 409 135 432 16 499 851 434 318 823 263 377 876 545 187 1014 421 501 114 840 758 31 0 399 255 426 926 884 525 876 692 911 1005 859 654 314 179 422 370 912 385 961 519 916 334 999 286 227 266 870 890 19 611 715 260 430 148 103 91 874 581 12 601 513 893 446 995 617 671 793 669 312 296 668 950 423 54 861 313 481 274 439 889 555 265 27 
958 247 798 722 204 337 859 505 563 225 910 17 16 794 394 686 556 653 356 346 239 304 755 478 30 832 424 507 536 844 244 711 638 39 530 501 719 628 589 51 347 404 0 955 621 577 929 8 319 236 872 648 261 966 126 88 645 475 797 417 770 927 123 884 298 487 943 678 179 877 344 85 945 263 128 887 223 247 57 492 535 670 586 893 810 799 71 279 70 549 127 758 911 201 542 842 668 957 59 9 67 516 655 106 693 
544 242 363 269 900 481 597 289 657 338 914 784 870 142 980 715 453 899 728 892 459 429 801 224 455 839 125 528 333 305 631 356 414 727 98 297 209 382 304 280 63 256 970 0 430 841 511 334 795 817 149 320 125 690 715 50 506 678 622 922 674 236 909 840 464 32 210 592 481 352 620 48 866 448 357 175 264 440 827 234 431 936 55 205 818 809 893 633 923 836 977 398 660 927 211 163 274 321 395 84 743 432 385 79 402 
931 16 735 886 896 551 88 934 360 775 103 34 958 585 105 858 710 562 433 774 669 140 95 460 498 215 647 388 195 310 316 716 318 378 902 596 219 927 851 806 539 436 634 426 0 82 181 911 214 174 299 340 956 290 682 675 824 1001 621 321 981 876 685 755 509 887 695 877 763 781 138 991 88 378 648 353 467 754 829 991 979 259 800 958 995 401 779 895 888 507 28 354 572 545 792 234 77 530 751 167 276 246 48 88 218 
447 826 371 167 624 156 342 141 979 896 325 269 121 853 440 969 420 443 711 991 109 845 997 862 304 76 721 805 103 691 542 248 69 809 23 394 347 594 857 139 804 929 576 828 89 0 136 980 118 804 172 620 470 957 908 56 224 814 799 716 82 604 851 284 517 775 649 248 859 850 842 872 663 287 104 879 58 930 776 536 385 450 446 665 622 867 669 633 618 216 736 828 472 647 169 586 27 900 850 981 1011 834 283 336 218 
504 543 7 609 734 258 663 235 836 530 376 758 371 560 27 116 690 430 346 159 936 542 460 313 684 730 877 589 425 739 746 383 598 228 932 244 166 479 975 857 4 882 923 528 180 146 0 921 505 731 677 918 165 912 20 99 942 851 731 560 357 395 313 119 232 210 310 184 9 470 449 483 994 223 548 721 749 452 1016 981 328 109 886 624 877 678 737 731 55 928 440 25 427 250 246 196 936 859 690 108 942 332 96 555 142 
423 723 795 241 727 363 871 624 29 773 192 286 899 382 339 442 757 547 118 848 611 698 121 635 341 430 69 479 178 338 130 625 113 388 741 541 244 159 180 826 126 529 23 335 923 979 921 0 931 400 772 878 275 432 260 794 348 942 142 641 988 218 691 535 804 179 599 207 234 350 357 694 337 208 946 199 545 631 485 435 830 132 190 54 289 26 630 848 101 939 158 834 378 394 753 917 633 170 522 639 190 102 233 498 894 
199 532 711 49 598 478 296 738 19 158 667 550 245 602 414 695 599 598 632 652 103 851 537 459 709 797 349 502 264 341 749 385 20 863 92 974 933 794 436 15 1014 891 312 810 216 125 505 928 0 849 537 993 973 394 872 217 52 787 992 885 379 639 197 642 887 972 378 368 274 758 475 169 408 905 506 841 487 194 99 688 319 998 366 279 866 488 951 416 131 31 875 55 146 844 445 123 905 818 38 797 724 863 342 49 676 
762 738 862 477 221 84 577 417 107 555 607 790 70 63 453 103 279 588 243 364 426 572 544 406 892 711 589 512 931 198 422 835 724 434 870 876 143 425 87 991 253 691 235 820 178 790 727 395 853 0 971 188 552 43 616 519 794 943 190 249 509 953 61 968 675 646 855 929 940 921 38 740 752 964 661 330 296 39 380 950 263 527 575 850 46 584 672 291 650 994 735 547 165 560 987 517 699 502 88 834 406 261 888 985 361 
219 760 299 797 519 539 1007 738 693 753 359 530 881 432 789 525 68 831 350 955 372 30 745 547 771 493 518 719 845 431 315 609 918 505 978 307 505 753 229 970 393 912 883 138 315 175 684 767 528 974 0 690 421 846 125 921 185 374 30 337 355 659 242 84 128 659 305 241 179 376 390 823 742 832 572 319 769 841 274 667 140 489 251 106 613 82 752 469 321 296 272 794 239 477 841 772 351 116 971 451 151 24 158 750 122 
614 515 793 571 37 270 236 62 879 765 809 405 561 110 408 954 86 731 508 395 426 385 348 848 610 420 719 424 297 676 985 944 699 852 570 289 885 514 891 769 501 1001 653 323 331 619 936 873 991 187 692 0 652 62 740 968 789 519 525 427 942 62 567 59 840 270 443 162 254 277 286 1 214 94 281 315 263 596 602 539 966 784 529 983 235 794 481 112 544 848 947 721 889 988 604 593 890 445 145 47 459 492 624 700 377 
652 911 831 214 244 427 543 442 409 43 490 560 15 586 151 926 994 844 789 537 695 479 761 456 705 769 45 486 544 198 356 465 266 391 294 589 976 864 94 495 53 851 268 128 958 471 163 289 975 556 421 647 0 177 463 934 17 720 907 358 872 742 174 125 513 634 44 998 936 802 298 807 965 253 33 903 861 102 664 345 494 450 401 286 477 902 565 999 495 367 165 896 814 725 581 861 906 222 953 936 853 737 696 788 104 
523 271 788 838 143 374 861 175 587 975 684 151 736 374 305 288 398 235 332 505 43 983 37 929 763 132 1002 645 59 525 253 631 801 451 419 768 954 175 290 143 583 641 952 687 309 951 917 417 393 46 851 64 171 0 819 114 539 779 218 926 1006 889 579 481 42 357 685 996 609 979 483 798 308 163 659 814 52 65 461 810 600 590 373 111 462 752 783 834 726 593 654 887 32 742 457 398 161 103 851 191 390 354 423 901 763 
190 18 384 589 83 199 528 551 126 387 706 48 384 392 873 991 103 216 826 785 427 962 613 443 914 258 371 31 23 685 566 702 394 751 968 513 370 358 671 764 718 325 130 721 700 915 32 269 885 612 111 736 468 824 0 602 688 526 924 179 311 982 774 995 816 64 161 989 445 695 297 921 607 44 430 816 219 733 154 604 774 345 608 626 116 389 633 342 461 571 397 505 290 677 778 290 326 392 949 160 238 921 682 371 724 
418 172 706 270 820 671 202 143 528 176 596 962 404 92 206 239 340 127 803 616 858 670 807 798 976 812 882 321 414 260 272 198 957 448 860 599 78 249 819 457 224 178 94 40 669 52 92 794 225 501 937 969 935 117 599 0 867 236 134 702 318 840 829 664 284 863 875 719 842 544 622 818 186 1016 951 735 94 228 418 787 579 194 443 918 76 788 718 138 956 180 289 450 726 147 275 237 362 644 640 327 796 473 49 767 895 
791 539 799 51 646 904 98 116 574 389 348 434 386 867 966 26 172 230 964 911 27 719 984 269 632 70 222 429 851 481 814 728 278 73 216 403 471 716 62 271 708 427 653 503 819 232 936 348 35 791 180 771 14 545 671 851 0 155 75 239 684 471 25 417 232 665 57 979 690 389 441 49 448 224 643 930 313 349 859 603 86 757 745 782 404 483 515 222 545 594 933 292 88 854 416 478 32 1002 942 355 409 154 80 679 338 
456 47 827 772 370 686 951 992 436 869 780 904 727 7 410 699 153 16 554 743 895 284 291 160 198 454 464 813 999 40 198 606 130 337 268 748 917 258 352 838 662 382 478 674 991 827 848 943 799 946 374 513 726 766 517 249 166 0 532 573 56 962 15 335 39 565 131 555 916 186 656 249 617 802 180 620 821 38 188 180 753 235 465 397 261 771 623 102 573 369 915 553 836 491 313 187 627 573 836 258 73 1012 636 360 37 
808 707 802 376 426 152 324 379 832 667 470 932 971 88 777 899 370 766 379 856 626 424 880 279 765 49 495 578 735 241 939 21 840 59 186 418 306 119 954 803 953 899 780 631 606 814 721 133 996 186 32 524 896 216 929 135 86 521 0 725 481 557 582 225 221 28 496 251 956 701 704 519 718 542 722 688 740 823 354 481 324 489 191 573 502 181 352 222 347 649 650 839 537 278 121 631 398 482 851 126 225 765 290 326 340 
301 556 242 998 170 520 24 914 111 874 885 281 474 567 50 597 603 718 882 750 912 52 251 396 446 362 440 295 683 160 327 725 987 175 470 236 993 607 703 453 108 378 429 920 318 712 564 638 875 245 333 437 354 931 171 705 253 566 735 0 431 682 914 629 510 63 98 974 283 286 93 321 642 390 976 21 568 340 120 462 571 507 807 546 696 198 252 22 429 620 467 248 167 82 545 520 515 544 365 456 761 995 83 651 833 
120 25 1003 760 192 936 34 687 639 254 197 762 149 306 280 771 466 404 848 363 450 253 823 571 471 807 262 311 23 435 151 792 572 124 535 872 82 639 959 223 170 954 764 672 989 82 340 971 374 514 361 961 875 997 310 317 680 41 487 429 0 86 960 467 189 705 981 670 982 802 775 607 322 622 41 222 617 910 639 110 517 47 47 793 565 741 908 805 621 854 902 747 806 805 471 582 917 252 134 619 287 307 883 599 988 
890 323 144 385 419 722 943 125 842 685 234 938 38 459 543 323 502 960 792 391 1005 765 74 318 165 97 63 64 906 535 590 816 122 658 545 856 150 835 484 803 1006 507 933 236 870 602 379 216 627 964 661 70 735 893 984 839 466 975 548 675 84 0 538 433 53 448 17 77 587 997 944 908 610 315 365 220 1005 571 804 806 44 847 173 119 17 799 123 494 813 939 42 523 337 726 857 587 454 731 413 577 678 486 527 314 192 
735 320 382 574 407 897 754 690 439 628 320 225 723 785 373 809 922 582 122 302 528 420 856 927 392 293 221 327 288 201 131 946 685 26 490 443 465 986 111 628 631 917 116 908 676 842 305 698 197 58 247 582 188 582 772 823 24 16 573 913 960 536 0 807 284 505 780 939 108 679 898 260 18 316 82 60 100 753 28 909 492 586 1005 270 385 462 852 368 237 405 788 537 46 832 760 955 532 578 384 78 635 301 190 337 990 
688 688 606 230 423 154 73 236 99 251 939 294 60 438 576 721 956 376 941 342 422 749 112 223 826 831 255 896 89 621 527 421 781 234 451 287 512 255 459 642 256 334 880 844 761 282 114 533 634 957 87 55 119 466 985 661 433 344 222 639 484 420 812 0 932 453 862 753 537 217 776 844 82 760 114 641 23 993 982 103 824 289 899 885 329 440 599 555 947 153 509 228 247 275 781 496 890 160 368 318 536 113 435 230 978 
422 25 636 556 43 745 971 196 50 500 251 78 917 373 286 891 65 513 773 594 567 978 581 149 819 41 296 497 128 112 884 696 167 248 48 111 182 55 839 648 380 1005 306 463 498 519 232 801 881 677 136 846 509 40 820 297 246 39 219 505 183 36 287 935 0 93 516 775 552 150 563 538 69 148 745 671 261 589 151 975 136 993 493 439 777 905 917 575 456 548 631 623 338 20 778 804 109 69 511 819 115 358 265 503 198 
306 200 709 300 496 129 225 628 875 861 312 410 180 67 869 658 262 138 320 230 1016 678 319 270 632 567 884 211 856 279 602 379 63 894 22 805 798 848 692 722 824 275 497 19 874 783 223 188 960 663 675 263 635 345 67 876 663 557 17 61 706 447 502 459 97 0 172 419 399 870 952 193 609 328 514 274 663 444 170 685 901 920 438 597 442 694 257 335 358 345 931 50 21 53 43 632 97 250 199 736 309 386 939 918 158 
242 545 439 61 20 601 203 762 215 915 887 290 605 464 732 538 949 219 975 349 516 245 578 224 260 367 123 478 756 85 249 423 76 455 834 618 48 299 331 834 355 236 937 191 694 651 304 595 386 849 309 445 45 689 172 883 53 122 504 87 993 17 789 848 528 167 0 562 102 715 255 845 995 601 128 172 881 389 570 264 773 1000 849 114 981 569 257 857 453 64 810 23 215 204 92 97 72 591 976 82 792 467 631 914 849 
95 713 914 765 686 431 843 368 478 175 687 807 284 647 824 42 686 157 294 442 485 307 477 861 810 530 354 926 832 491 522 874 469 603 764 434 372 821 639 152 19 259 677 586 870 248 196 192 368 936 228 153 1008 992 991 722 976 563 257 970 667 67 927 742 771 410 560 0 599 702 868 501 1003 702 559 342 349 910 731 929 384 24 400 366 668 660 245 273 764 538 807 676 860 939 642 983 707 139 801 437 114 657 749 905 610 
125 457 365 659 740 356 713 712 626 561 725 42 747 277 461 241 590 138 240 914 193 518 846 626 543 598 828 443 149 831 967 501 50 429 295 324 932 787 723 388 240 870 171 462 763 849 8 221 284 959 176 247 940 605 432 845 676 901 946 281 982 584 102 525 547 405 87 616 0 582 542 100 129 771 513 906 752 411 599 951 523 294 40 988 603 598 172 28 206 435 92 787 116 909 292 880 491 444 169 211 249 220 264 245 480 
548 958 774 698 34 861 394 914 689 257 743 568 9 510 405 892 744 434 333 45 831 520 491 286 588 67 679 320 966 19 73 618 552 400 307 722 86 542 328 14 693 884 892 363 795 851 482 356 765 935 391 284 794 959 698 562 386 171 683 285 815 1007 684 216 146 874 712 705 577 0 91 430 556 820 34 642 774 859 243 567 463 848 803 816 639 114 450 868 580 162 218 323 584 819 926 96 440 106 938 769 394 545 668 665 899 
937 407 828 305 664 643 390 240 141 205 841 374 777 595 692 407 625 205 422 760 287 795 607 420 885 461 806 102 162 499 206 880 760 185 973 914 813 461 809 470 915 15 352 626 138 827 439 365 480 38 403 287 303 485 297 628 439 675 707 87 776 960 888 789 562 956 265 877 552 78 0 476 880 777 944 30 950 551 825 720 291 943 713 804 905 543 347 152 105 510 994 836 210 220 451 771 138 413 875 748 838 717 117 783 180 
66 912 655 729 95 28 779 98 239 414 292 1000 472 791 246 911 934 140 84 968 184 707 114 848 986 337 446 655 206 762 343 707 741 25 999 285 83 949 516 493 768 608 71 44 994 889 496 688 164 748 828 18 821 788 926 812 55 257 515 311 621 902 263 855 549 174 848 519 115 429 479 0 347 256 31 993 126 465 308 343 218 224 910 858 117 663 205 558 211 193 489 668 55 72 97 589 631 124 118 203 595 850 413 937 767 
832 967 472 408 424 759 801 365 967 14 419 289 362 241 536 725 207 590 695 536 874 826 567 226 663 567 599 464 759 610 932 651 389 268 140 717 135 535 1015 479 332 710 960 870 82 667 989 327 400 766 727 208 979 315 602 179 460 618 702 638 310 604 23 88 61 611 1002 990 128 553 881 347 0 184 694 656 206 617 136 242 92 467 594 779 641 801 241 432 580 303 336 874 821 731 499 282 495 805 266 64 651 94 944 937 274 
660 985 91 212 896 321 557 855 48 656 47 974 418 965 871 536 817 724 229 47 715 921 268 64 523 999 135 902 151 291 351 335 110 441 579 253 387 349 341 16 726 258 277 455 382 295 216 211 919 967 837 97 260 150 47 1017 238 800 539 395 618 315 332 758 158 330 596 705 776 837 778 263 189 0 687 719 726 74 418 428 25 38 810 528 208 667 600 864 907 269 601 182 24 527 397 530 219 133 370 101 383 798 330 399 934 
153 352 547 620 894 492 768 1004 935 978 977 719 322 199 752 548 864 260 507 614 567 296 393 247 930 56 9 627 557 646 306 330 100 511 12 481 727 670 124 813 1008 418 126 350 651 89 542 932 499 659 588 290 31 658 433 935 633 181 715 971 35 377 72 114 756 514 129 566 508 26 935 29 687 685 0 588 575 790 857 626 377 182 180 519 651 75 634 262 440 76 823 431 981 573 824 25 840 309 274 187 530 443 747 539 865 
430 115 23 564 691 177 772 204 248 618 697 694 859 407 562 291 610 267 845 761 752 560 639 251 638 32 654 832 13 547 174 644 475 926 33 579 461 492 9 541 211 145 882 191 353 866 706 204 835 323 309 317 901 821 825 742 927 623 703 5 219 232 46 631 662 268 176 345 908 640 33 979 656 720 597 0 122 863 352 729 948 231 946 490 13 200 688 890 397 199 905 555 281 607 303 873 263 333 621 948 703 233 226 225 549 
30 372 828 68 609 107 281 533 776 250 93 288 625 317 309 376 335 956 935 671 762 100 812 191 444 988 601 518 392 660 354 528 514 53 733 183 462 520 83 337 473 105 217 247 468 64 748 562 487 286 766 267 864 48 212 103 300 828 759 578 635 1018 107 25 265 668 888 358 760 763 935 120 203 713 577 117 0 400 55 738 126 551 798 906 788 594 54 777 296 912 929 485 951 43 410 675 632 470 711 772 329 323 20 959 352 
885 527 866 205 313 508 463 316 628 206 1003 526 526 568 562 837 131 944 89 392 895 39 369 704 914 782 734 675 457 32 90 473 512 935 704 398 209 794 869 454 524 83 244 441 742 942 452 632 197 41 849 596 97 69 725 247 358 53 809 358 900 551 763 993 594 438 400 914 425 867 552 471 615 68 785 858 394 0 350 485 404 57 537 171 604 866 338 88 444 89 977 102 658 1013 870 144 122 783 395 486 770 804 447 111 273 
128 416 304 872 332 1013 67 94 595 86 48 270 954 193 873 584 680 223 657 265 818 72 906 958 986 50 261 450 88 487 68 562 719 696 391 910 242 481 793 763 599 879 60 837 835 778 1019 476 101 375 282 601 680 476 161 411 860 197 368 121 636 809 28 993 167 180 556 737 593 236 828 310 130 409 854 362 45 351 0 459 530 523 986 250 606 779 93 665 774 382 245 35 679 924 616 934 93 162 937 941 374 781 174 503 691 
434 906 990 761 116 309 141 653 215 748 705 564 17 66 456 776 429 407 426 733 222 27 547 750 475 679 388 171 538 667 172 549 26 716 399 729 970 247 874 299 209 572 479 245 996 517 981 427 688 961 661 548 351 813 614 790 601 179 469 462 94 805 904 104 970 689 257 930 966 569 714 326 246 422 629 722 735 492 467 0 661 384 796 10 64 790 364 136 106 600 402 103 264 789 802 788 725 35 653 596 260 821 833 385 430 
912 690 98 497 637 579 792 682 238 616 451 491 546 463 959 966 848 431 92 521 943 870 630 735 896 441 99 209 580 793 44 296 900 448 290 403 261 752 286 618 877 12 534 429 977 375 329 836 319 272 137 975 482 602 780 592 94 749 324 569 518 35 481 838 128 903 770 388 534 465 294 219 93 11 372 936 135 388 538 666 0 591 29 824 270 40 665 942 359 820 177 541 155 313 882 719 563 834 553 96 60 974 699 174 709 
701 359 840 462 739 217 474 430 1018 544 833 374 31 355 84 85 713 622 913 914 12 447 551 585 592 141 120 169 189 343 876 414 276 233 530 701 39 110 105 85 294 613 673 956 256 451 111 142 997 525 488 785 447 585 359 187 751 236 503 506 53 852 592 283 1004 908 988 14 290 847 959 224 458 28 173 234 543 52 528 391 594 0 85 190 377 147 547 78 409 61 357 546 707 513 56 668 925 26 636 181 266 799 614 982 504 
610 492 879 262 96 709 31 234 349 453 187 202 134 670 551 602 782 283 78 206 772 303 419 880 450 927 979 420 172 977 155 233 748 1005 920 267 818 659 428 937 729 524 587 54 801 445 884 198 363 573 240 521 395 389 611 447 735 461 197 807 41 179 1015 888 498 443 847 412 58 816 703 920 606 820 193 933 791 551 997 797 20 92 0 154 600 649 577 189 984 42 879 50 585 549 954 927 673 511 181 816 299 236 411 34 206 
241 908 252 784 187 659 630 927 260 466 136 420 565 272 502 28 481 735 628 613 420 863 533 119 794 223 462 54 478 423 742 331 156 221 238 239 286 361 297 237 230 898 886 216 965 657 631 66 288 851 105 986 284 113 613 911 782 407 579 559 793 123 281 891 443 586 111 375 997 830 817 871 777 535 521 490 898 169 244 8 835 204 165 0 727 715 502 138 613 426 354 176 664 771 474 406 237 283 762 657 611 236 880 427 992 
239 433 614 455 833 513 347 810 532 380 453 332 996 487 772 175 168 125 452 892 247 219 706 822 802 144 515 158 752 581 296 411 408 848 658 42 440 284 563 270 59 443 803 815 998 606 872 305 868 41 610 230 477 480 120 78 404 249 517 684 566 31 369 323 779 451 979 662 599 641 922 112 647 215 640 13 782 606 595 65 264 380 581 736 0 263 716 363 764 722 347 173 55 170 124 455 859 265 180 501 939 458 678 300 521 
81 28 541 90 37 494 392 381 641 61 696 800 37 755 510 253 110 886 182 740 56 903 981 197 114 557 723 679 544 534 414 435 259 404 736 519 854 831 11 178 467 1003 801 801 394 867 676 31 493 601 81 806 914 755 396 793 478 771 182 216 740 794 444 444 925 712 574 658 596 122 539 661 796 670 85 210 588 863 787 790 33 148 652 713 269 0 257 726 961 170 250 586 322 619 700 49 381 625 822 80 980 351 66 23 922 
981 132 751 986 440 370 721 577 8 742 52 959 583 574 830 446 238 318 889 513 66 69 768 831 147 845 837 686 775 235 375 149 355 108 410 510 17 548 628 712 154 607 70 894 783 653 737 629 944 677 761 482 571 775 642 724 525 623 350 244 905 138 858 603 920 251 252 242 186 456 339 220 238 589 626 692 56 322 89 364 672 544 566 495 728 243 0 223 662 455 926 575 795 765 555 135 667 532 979 109 737 588 450 892 838 
264 577 905 987 486 546 630 263 568 383 324 540 729 963 827 572 509 568 1006 927 172 78 954 719 558 1008 980 411 502 596 312 801 190 637 769 874 640 73 770 524 113 660 283 630 907 640 727 855 415 277 469 111 999 837 350 123 230 105 230 15 789 509 370 540 565 344 859 262 29 862 154 538 425 855 266 906 773 86 659 133 947 65 199 134 362 715 204 0 44 1012 31 277 801 436 387 622 750 542 842 612 668 656 97 789 315 
516 910 566 453 510 703 1007 370 658 729 124 212 923 885 925 264 237 388 459 888 132 447 499 241 837 743 227 628 866 410 864 230 1001 879 904 106 64 107 230 92 894 798 67 914 887 626 53 100 137 644 315 557 489 733 458 962 556 568 329 420 621 812 244 948 461 359 460 760 218 587 104 213 586 892 448 392 303 440 780 113 357 412 993 618 771 958 659 49 0 629 422 852 490 164 668 785 397 581 533 386 139 1000 85 216 167 
30 870 844 1003 242 855 544 1015 653 706 784 568 592 30 609 538 270 864 261 99 491 274 910 129 290 202 895 947 467 897 803 533 152 602 231 340 842 648 516 277 779 656 551 840 513 211 927 943 27 994 301 846 363 610 577 166 589 369 638 616 848 950 410 166 551 356 51 534 445 158 510 193 289 280 73 197 924 94 397 586 815 50 49 435 709 168 447 1011 620 0 655 485 678 346 759 741 187 513 780 431 433 983 862 646 616 
604 432 152 783 857 1020 534 745 945 944 111 204 213 317 899 532 810 463 926 392 612 37 453 258 672 766 1003 568 896 911 191 59 988 806 519 278 830 678 752 424 815 322 126 980 35 739 435 161 859 728 273 936 162 656 397 280 916 910 665 483 910 45 778 500 625 930 811 802 105 216 995 483 323 600 816 911 928 977 237 401 181 360 872 341 364 254 921 27 424 661 0 441 341 153 603 953 871 219 992 490 104 249 90 358 631 
106 738 816 457 820 939 673 349 43 236 207 1010 379 15 693 344 341 10 510 665 100 323 67 489 646 782 441 239 389 573 463 948 303 905 995 921 138 557 25 821 1007 299 755 388 355 826 32 834 57 558 798 714 903 887 511 446 281 558 841 253 747 513 536 233 618 55 35 693 771 335 839 665 881 182 434 567 494 102 32 91 549 550 49 166 175 586 583 287 842 491 441 0 323 39 954 951 673 466 306 960 375 508 873 928 779 
242 818 89 55 785 251 666 107 79 49 504 379 218 957 453 731 56 474 338 221 998 405 653 526 969 489 18 671 23 930 65 277 990 374 335 696 483 956 140 140 607 673 922 665 557 453 442 390 138 170 227 898 817 36 290 725 94 828 536 177 811 324 58 241 335 14 229 857 119 584 216 63 824 25 979 280 941 667 689 262 168 705 589 670 57 317 783 805 479 671 323 325 0 1008 996 913 947 833 872 503 834 59 465 933 144 
128 576 184 227 313 539 296 853 455 424 483 758 745 75 936 929 885 198 423 314 639 77 617 288 762 109 402 662 421 171 991 545 305 640 906 924 727 19 474 276 388 947 193 924 526 633 238 391 855 573 464 989 720 741 677 153 847 492 267 82 796 727 829 281 13 43 210 944 916 827 222 75 715 520 567 604 54 1010 937 783 306 526 539 771 154 605 757 428 157 348 143 37 1012 0 677 166 464 147 216 514 464 874 503 523 1004 
805 778 137 730 667 880 725 471 426 204 289 741 825 150 673 509 571 308 443 585 597 270 544 24 357 461 247 224 1009 363 456 51 969 437 225 413 155 633 629 52 255 428 530 210 788 181 246 762 433 984 827 596 591 457 763 273 405 297 106 546 466 857 764 775 773 35 96 642 311 909 445 83 495 398 817 291 418 867 615 788 899 54 960 476 119 684 559 389 678 758 623 964 994 668 0 952 594 668 89 755 765 845 881 550 693 
264 361 785 442 182 723 111 87 157 461 799 206 304 424 5 889 587 199 462 692 889 544 966 768 573 773 733 78 159 428 163 781 171 766 98 184 832 507 933 51 771 54 857 166 237 592 186 914 136 512 776 592 857 385 291 255 485 193 636 518 592 581 956 507 790 650 89 973 864 99 779 594 281 530 28 877 682 134 939 792 733 664 929 399 467 54 118 617 781 732 952 941 929 156 967 0 910 499 485 99 714 639 353 919 614 
305 986 908 327 272 240 737 300 460 418 882 344 646 595 351 325 970 625 683 564 210 659 393 141 316 674 874 422 291 45 690 853 935 746 874 755 317 976 228 505 189 865 658 267 86 15 928 636 912 686 358 880 906 168 315 377 46 631 397 527 922 447 521 891 116 111 65 711 489 432 147 626 503 218 837 274 649 127 87 735 551 915 674 217 856 387 662 747 407 189 873 684 936 466 607 913 0 421 260 927 172 438 355 69 6 
749 199 988 789 725 204 542 386 696 234 892 614 134 599 806 704 674 141 354 766 729 519 872 685 423 649 574 1002 793 12 970 591 418 454 761 136 586 567 335 133 770 305 970 324 542 895 858 172 816 490 108 435 220 112 406 656 996 564 491 536 233 728 563 154 52 237 609 143 450 108 406 115 808 134 310 333 480 783 160 18 820 41 515 274 263 619 536 536 589 497 210 453 839 144 664 502 427 0 970 395 443 989 156 638 25 
643 332 559 782 35 772 922 740 510 840 116 999 896 822 403 1000 645 154 637 12 238 657 770 244 387 1000 90 24 305 63 493 232 39 780 592 273 467 309 101 972 425 487 64 389 757 862 682 526 24 81 983 142 941 857 950 637 943 836 850 363 128 413 373 368 504 210 984 794 152 947 871 137 253 385 283 627 716 393 937 649 545 642 178 765 175 819 969 841 536 764 994 311 875 220 79 492 259 960 0 609 916 252 33 100 455 
157 683 783 188 992 776 915 103 696 762 185 818 997 565 140 102 900 322 887 1009 146 498 17 873 495 497 792 448 711 257 234 666 389 323 539 657 831 235 876 543 90 283 20 79 185 977 113 637 790 817 465 44 945 177 166 316 361 273 120 461 610 567 73 325 822 735 85 454 204 761 746 207 62 97 191 945 762 488 940 593 99 177 829 670 498 90 120 613 390 425 497 966 501 515 739 101 934 407 613 0 980 791 109 400 824 
15 633 769 424 283 44 399 708 787 241 200 87 75 778 536 131 495 991 750 866 752 543 194 96 18 476 644 987 535 534 740 594 783 760 34 388 855 251 601 834 451 439 67 738 275 1001 950 180 720 401 146 445 857 387 243 802 399 67 220 765 303 678 638 534 115 326 791 114 250 388 828 597 656 378 522 705 335 772 381 266 74 250 302 606 949 989 752 661 143 421 102 388 830 466 760 701 176 435 924 987 0 312 435 717 506 
820 713 754 481 891 4 160 680 915 516 94 847 207 760 748 1000 53 202 746 157 937 344 114 350 356 832 461 153 687 378 846 180 281 727 972 750 470 175 177 780 839 888 506 434 258 833 341 99 865 251 31 484 746 359 915 471 152 1002 771 983 298 487 306 107 358 388 464 651 206 548 713 847 79 795 448 235 329 798 771 810 977 803 240 242 452 351 587 644 1000 984 245 523 68 873 833 643 439 990 233 782 315 0 587 133 378 
115 34 206 251 106 896 991 344 200 641 452 258 447 783 928 375 999 133 954 119 414 814 219 313 976 124 104 899 570 38 328 485 168 260 958 79 472 835 987 850 488 555 651 379 44 266 89 235 343 892 170 635 700 416 683 37 71 632 296 79 874 529 191 428 278 953 636 747 273 651 108 416 932 317 749 225 28 454 185 829 705 604 403 878 680 52 441 88 98 877 86 863 461 521 875 361 349 152 32 105 437 584 0 1005 447 
46 153 597 54 469 965 640 550 691 82 916 279 95 745 714 756 372 336 646 593 711 65 277 47 916 106 475 776 23 142 382 262 209 112 171 764 822 1011 257 614 273 265 91 83 91 343 564 497 45 982 731 700 802 898 363 766 675 363 322 653 599 322 330 239 484 919 904 909 261 676 772 945 940 392 521 238 953 129 516 380 183 983 50 409 281 35 878 772 220 653 356 929 931 525 549 917 79 647 98 403 714 127 1007 0 308 
261 818 123 414 273 510 57 723 310 26 793 125 493 955 450 527 154 171 779 642 1016 792 985 960 153 58 26 196 994 861 600 122 487 895 909 576 561 471 281 794 686 20 703 408 218 212 124 886 685 361 121 379 106 766 724 895 347 46 332 834 979 192 990 972 215 140 846 621 493 897 164 768 267 927 871 544 347 268 693 425 722 505 209 983 518 906 827 323 181 606 615 776 144 1005 700 601 14 30 461 813 509 361 436 312 0 

Depot information
1
1
1
1
1
1
1
1
1
1
1
1
1
1
1
1
1
1
1
1

Customer information
16
15
18
18
16
18
16
25
22
17
17
16
15
16
25
23
25
19
22
23
25
25
25
24
19
15
21
25
23
19
15
21
17
20
25
16
24
22
22
15
25
17
21
19
17
20
19
15
24
24
18
20
19
22
22
21
16
22
22
19
24
19
21
20
20
22
19
25
21
21
23
24
17
25
15
21
25
23
23
25
23
25
18
25
25
