Seed 123 - Instance: n85m20_2
n 85
m 20
Q 284
L 0
U 1000

0 112 583 719 850 63 748 997 930 375 900 62 265 655 854 410 212 688 349 29 984 638 357 30 565 465 657 747 866 171 865 875 39 653 749 611 697 453 860 865 952 715 661 882 914 229 317 543 1011 766 238 254 628 516 723 603 673 597 810 68 686 726 799 633 296 417 772 640 786 808 960 433 552 922 629 891 25 649 592 56 618 732 796 927 63 771 524 102 600 970 173 454 544 288 402 332 379 739 543 642 133 614 361 739 592 
110 0 291 362 45 66 141 491 86 69 424 667 841 139 518 770 25 364 472 122 617 31 259 630 192 951 630 984 384 538 1014 821 953 137 541 874 1011 14 564 636 429 259 557 493 615 329 494 518 943 789 567 374 198 166 839 428 326 226 17 696 755 834 586 254 950 885 461 335 308 254 842 266 788 487 69 69 371 739 64 424 597 263 762 795 78 410 532 552 817 570 14 804 846 778 612 510 748 86 804 413 54 316 436 638 844 
586 273 0 19 103 582 992 1008 339 527 750 192 877 246 298 721 38 896 598 349 996 218 261 764 513 246 144 432 39 403 342 658 860 104 610 379 387 514 352 566 43 607 477 800 396 563 175 329 972 292 742 937 623 707 275 500 319 217 366 792 569 1005 938 1000 656 79 413 405 5 36 620 860 824 751 873 986 350 328 496 424 379 225 470 658 130 890 19 20 758 294 770 201 333 698 180 892 98 655 968 60 88 730 932 225 235 
705 366 8 0 674 729 987 620 109 333 511 307 390 664 277 542 526 793 721 843 793 427 11 132 934 723 411 189 785 808 850 295 791 992 364 295 371 471 931 471 635 138 364 286 442 452 718 73 574 413 299 255 608 767 214 305 370 189 790 872 936 889 558 629 124 805 406 766 653 865 642 535 981 709 478 580 253 236 10 846 270 886 33 25 791 521 76 532 93 748 147 74 75 432 763 990 762 894 927 502 884 80 358 999 336 
850 40 113 682 0 992 849 321 848 477 549 444 143 405 908 77 878 26 570 576 35 628 518 616 784 697 957 595 376 614 162 795 897 836 991 112 392 551 23 717 49 420 830 704 370 137 122 638 122 563 760 459 469 248 110 157 848 244 583 544 945 87 644 357 84 645 1002 230 610 535 381 635 425 390 242 56 116 378 800 545 757 37 329 926 265 504 746 818 993 574 947 143 34 221 632 410 107 751 229 421 277 1002 988 502 809 
52 71 568 719 988 0 288 112 362 634 535 831 487 760 786 859 1005 870 316 373 34 570 160 824 968 892 630 608 197 234 633 197 804 791 123 52 836 240 820 604 508 106 804 638 387 93 844 578 912 692 583 606 161 855 621 204 660 846 67 1003 534 703 901 668 73 975 964 349 624 446 548 363 969 462 179 758 142 164 676 779 224 814 986 759 593 810 912 661 741 718 453 328 427 950 298 720 754 635 531 177 519 888 838 670 467 
754 142 980 990 846 280 0 252 514 898 757 556 666 793 481 563 164 887 549 884 613 223 231 692 829 621 143 244 760 668 130 313 374 577 82 949 646 975 109 806 199 771 909 718 810 370 14 351 702 622 382 570 232 980 817 55 527 718 498 364 73 308 295 506 127 406 58 712 575 411 62 621 1001 8 792 743 596 417 220 686 872 880 366 829 450 598 41 619 157 724 414 974 672 751 793 204 774 182 986 388 621 921 100 852 297 
994 491 1008 618 330 101 264 0 838 967 497 204 497 34 759 510 613 581 917 900 108 206 655 154 314 628 636 403 997 468 740 664 542 242 240 646 861 23 800 101 519 262 59 199 947 387 84 27 605 625 285 273 312 864 150 667 790 644 500 72 648 545 924 193 927 620 503 977 36 235 345 385 300 618 763 57 361 627 711 771 329 224 85 743 335 721 710 331 974 51 464 900 844 39 240 726 351 279 577 268 195 433 9 939 206 
921 87 338 108 850 356 514 847 0 44 470 998 963 294 887 983 892 668 984 334 781 818 700 98 259 174 123 822 359 925 284 834 180 215 539 703 181 391 531 997 507 190 375 393 76 571 713 171 7 79 601 883 901 448 737 826 798 608 783 938 109 785 98 511 308 274 910 618 497 862 5 973 729 246 799 556 121 621 981 0 942 640 929 22 542 604 292 867 947 247 704 768 842 115 802 442 38 16 230 331 75 118 210 532 79 
370 51 519 333 476 646 887 970 46 0 672 638 53 80 418 14 191 883 950 695 474 441 408 59 677 673 805 416 132 144 462 734 229 655 391 332 790 475 299 543 165 179 808 700 492 757 697 499 89 801 630 561 135 871 570 683 115 123 867 195 919 860 943 210 526 702 307 98 625 804 642 601 687 319 300 81 525 897 156 82 266 274 342 300 931 951 961 230 394 627 606 283 122 62 62 793 906 116 27 17 729 275 27 407 704 
892 427 741 517 546 529 753 516 485 682 0 389 433 595 777 607 106 912 991 79 834 480 563 182 893 308 530 778 114 992 436 670 85 800 986 551 474 169 351 248 966 168 58 712 984 693 771 143 221 496 851 707 452 940 629 310 781 800 31 973 120 511 464 201 505 962 902 1006 738 780 75 80 751 597 758 496 752 497 289 165 749 225 875 167 663 65 768 878 564 126 282 892 810 80 636 255 219 696 891 336 875 965 854 566 378 
57 682 202 305 445 826 559 194 989 649 390 0 550 63 10 189 711 578 701 72 61 403 835 114 767 922 385 19 547 978 756 829 997 400 505 654 845 572 436 238 938 324 833 173 255 847 155 326 61 31 327 698 252 912 467 623 470 740 492 59 222 589 996 538 754 291 1008 524 213 707 933 684 268 609 996 564 985 229 820 397 729 871 525 977 824 22 666 173 414 828 933 267 914 19 154 712 488 520 932 288 486 215 427 990 444 
265 850 871 404 145 481 664 490 965 63 420 550 0 330 660 151 83 989 247 655 136 177 587 533 771 55 132 466 788 108 195 411 493 721 729 758 424 233 138 669 880 265 829 738 1003 143 115 626 817 284 556 811 323 28 905 466 354 159 262 607 908 276 627 348 99 250 588 57 914 748 979 63 46 249 987 800 241 129 647 934 840 417 764 499 391 852 441 674 678 612 669 170 183 21 730 677 212 950 379 54 697 585 77 645 921 
656 146 242 669 401 757 793 29 299 82 606 67 336 0 761 768 202 137 128 445 519 741 250 145 281 571 354 728 871 447 134 758 456 822 103 806 512 1018 358 463 372 782 190 342 673 356 952 515 626 572 642 88 184 483 690 301 921 502 225 219 650 601 486 195 36 362 948 968 84 676 715 769 482 835 427 914 403 819 870 123 794 590 521 404 934 515 308 714 75 189 155 234 614 433 285 172 663 550 943 522 1011 736 873 147 220 
840 526 304 272 910 778 482 758 883 419 775 9 665 748 0 864 325 327 316 124 801 856 485 821 547 230 433 705 92 153 812 28 92 674 274 283 782 264 650 687 79 976 267 718 515 217 546 960 751 895 147 25 483 690 717 539 972 768 137 466 619 890 417 229 225 514 904 556 348 705 986 116 299 193 146 888 337 884 88 192 70 10 44 551 826 278 594 648 16 967 863 320 321 106 769 959 851 473 755 166 280 405 864 720 52 
405 760 715 546 75 857 558 503 984 26 592 181 156 764 866 0 588 87 455 902 405 203 916 979 732 507 150 49 743 394 249 849 582 848 745 776 363 478 463 748 54 431 536 542 931 314 243 419 984 768 153 663 239 929 758 529 223 777 568 751 870 315 385 225 771 983 189 39 172 102 49 816 423 884 518 508 456 755 155 218 179 591 457 502 745 352 205 264 605 658 55 154 429 453 959 890 858 467 601 591 118 533 232 45 457 
199 9 50 524 868 1008 179 605 893 183 99 711 75 198 309 589 0 22 952 645 633 49 926 390 184 113 910 974 47 80 923 508 527 33 148 185 649 500 156 430 137 808 721 1009 246 829 791 512 740 256 605 89 369 908 995 717 992 493 990 173 440 324 318 741 402 51 386 783 323 273 250 410 524 489 901 516 556 468 725 61 615 790 722 988 765 634 141 332 718 671 224 649 873 435 254 180 347 597 198 723 531 1000 105 174 495 
685 362 889 799 27 873 895 573 665 888 921 579 994 148 341 84 23 0 785 146 680 685 634 672 298 663 681 619 457 831 377 468 743 97 354 52 984 83 387 617 184 826 960 608 166 972 802 379 894 640 968 669 610 429 203 389 648 893 472 709 174 645 456 978 460 732 377 261 441 462 207 601 742 155 604 25 690 473 557 135 915 401 875 671 616 466 410 1004 406 848 180 722 304 242 148 134 760 148 962 482 604 24 235 435 431 
337 471 593 727 554 297 555 927 987 938 1002 713 260 129 309 451 942 783 0 827 837 440 167 55 1010 510 572 824 490 279 491 887 379 144 39 450 589 743 190 437 374 342 85 297 626 30 836 640 660 39 92 187 1001 895 791 709 616 114 745 566 111 328 898 94 595 920 911 669 875 445 999 252 651 35 368 373 878 91 973 620 226 265 429 117 755 136 453 561 473 442 48 374 773 977 944 31 160 943 578 717 588 514 446 153 150 
17 120 364 845 582 370 882 883 334 703 73 63 670 450 113 910 653 145 843 0 311 915 989 171 451 998 656 925 157 393 787 595 915 382 688 438 89 286 953 168 825 656 913 258 1006 567 139 1000 520 56 230 285 399 392 388 355 401 396 942 203 553 117 371 241 233 959 370 948 906 881 190 777 763 762 820 181 445 44 54 656 162 746 833 78 811 562 694 136 241 71 859 677 475 583 374 61 205 227 920 359 376 445 525 785 25 
994 616 1013 783 48 40 612 122 768 482 838 56 141 520 802 392 638 678 836 311 0 525 356 417 549 1004 767 745 729 384 299 196 351 480 510 1008 882 47 254 417 153 655 490 362 879 559 976 430 181 630 666 301 755 526 69 127 794 975 159 86 969 93 904 358 227 695 252 193 751 380 921 581 665 452 403 124 869 952 527 675 899 487 60 904 852 717 861 904 326 554 127 93 953 338 49 205 956 351 597 430 339 746 459 880 904 
626 35 222 421 628 579 235 189 817 454 489 410 182 746 857 192 31 684 438 912 532 0 544 817 705 455 381 6 992 590 241 122 731 321 824 435 58 517 334 932 740 856 241 669 546 538 845 735 966 964 413 1012 403 455 287 325 749 172 46 915 386 897 584 726 431 903 265 197 472 604 965 18 273 969 972 722 154 838 578 59 692 367 639 256 272 290 407 576 332 764 683 895 65 398 953 377 555 370 767 264 839 381 226 542 171 
368 254 257 22 522 163 222 658 705 408 564 837 567 251 487 915 932 631 172 986 359 533 0 817 824 707 801 469 165 163 516 606 536 475 185 192 949 572 741 558 177 321 520 52 469 966 75 483 947 242 727 934 120 939 76 848 48 45 559 174 181 446 60 834 209 173 672 169 124 325 322 757 614 219 944 121 1003 22 476 565 230 768 451 627 959 28 386 109 148 224 79 541 133 988 807 479 31 887 980 172 963 533 445 775 746 
31 626 755 144 607 826 689 158 92 63 196 99 529 139 820 981 392 671 52 173 418 816 819 0 839 961 455 938 327 368 43 118 211 206 890 598 372 526 737 917 121 449 547 384 56 239 394 100 839 790 849 544 992 556 494 760 728 476 727 266 698 896 511 522 928 617 709 382 706 333 980 807 111 1007 407 30 879 453 983 114 339 41 889 755 275 283 212 86 527 909 254 47 821 997 404 155 289 764 949 353 708 487 86 752 709 
569 179 514 942 796 974 830 332 270 672 906 771 752 298 554 724 202 303 1007 446 560 705 823 846 0 938 713 373 487 972 753 435 871 920 592 251 852 319 766 9 839 884 895 487 149 386 643 573 705 862 822 881 966 145 487 329 508 46 56 248 216 565 899 431 568 282 919 951 746 749 492 202 492 12 577 962 451 926 785 832 819 124 252 705 718 35 122 909 221 327 495 837 756 234 313 270 94 340 57 683 268 551 542 505 719 
461 962 259 725 706 890 637 611 163 673 308 923 58 564 227 514 120 649 494 1016 1008 453 701 959 949 0 685 676 204 135 796 441 840 548 744 86 736 222 460 83 484 986 970 382 967 576 206 61 768 255 777 528 70 291 575 877 775 289 804 515 147 802 263 756 227 769 613 402 835 864 730 666 415 335 565 981 128 344 424 135 755 406 122 180 344 612 527 576 578 24 625 313 966 928 70 54 839 825 620 859 513 466 434 213 822 
654 636 138 416 949 642 142 635 116 808 538 369 121 352 440 159 904 672 564 641 777 371 810 455 710 703 0 432 874 200 319 466 740 808 776 454 392 531 402 907 252 773 24 817 214 418 322 333 369 130 125 283 270 23 673 825 880 283 856 45 708 378 555 656 686 98 294 439 71 48 268 149 309 702 761 609 991 67 624 460 624 564 987 226 979 151 192 94 990 186 110 580 909 272 30 440 521 662 433 721 967 886 72 814 312 
753 980 422 194 588 601 253 395 825 413 785 22 458 732 701 61 974 618 825 918 758 7 465 935 359 676 445 0 635 513 576 347 46 167 53 48 478 27 605 534 409 766 389 77 381 538 603 329 282 816 811 690 250 585 892 859 970 340 132 473 624 190 154 498 603 503 423 363 462 828 349 774 693 293 626 820 51 853 989 207 812 105 342 885 456 122 421 84 830 316 718 883 783 599 760 879 288 658 628 263 597 171 134 83 683 
850 384 36 777 388 191 764 996 357 135 110 543 789 854 95 746 32 471 491 145 729 987 170 316 493 213 886 628 0 354 751 317 482 751 274 195 782 100 627 130 514 614 858 415 67 723 16 909 451 852 738 624 434 235 930 461 859 739 99 756 870 984 901 303 44 12 114 121 373 602 290 484 798 469 316 518 696 808 302 17 785 53 595 585 906 279 713 867 485 992 702 520 125 391 1000 561 534 431 278 720 928 838 406 28 213 
159 542 400 807 619 224 664 465 919 142 987 980 121 448 163 390 68 841 273 395 378 592 158 377 989 139 205 531 347 0 775 34 21 615 531 67 627 717 388 219 749 202 239 74 601 673 911 834 211 586 872 230 105 581 379 223 741 413 668 707 714 674 559 72 551 854 603 301 823 326 892 1012 913 957 782 109 914 215 173 577 510 336 278 957 624 679 969 213 312 932 647 14 747 680 262 902 859 243 799 280 572 192 697 704 23 
861 1017 332 862 175 633 126 722 297 476 428 754 191 123 827 245 928 387 488 781 303 247 529 41 756 782 322 575 739 780 0 938 413 59 101 12 603 318 528 470 623 663 544 34 577 285 481 659 962 479 388 912 79 134 660 191 413 652 102 237 527 925 661 659 994 271 287 487 492 21 178 23 515 637 374 915 73 811 533 463 726 572 632 29 915 91 569 128 248 851 656 484 486 356 596 170 648 968 551 950 454 504 893 601 508 
886 835 652 312 788 191 316 660 840 742 662 825 415 767 28 860 510 469 892 610 195 125 622 98 430 437 458 355 305 23 927 0 517 591 726 502 92 545 832 386 116 182 632 87 947 132 13 460 282 892 358 281 14 196 270 298 184 610 298 789 1002 40 340 735 17 603 514 626 689 527 253 164 264 619 113 864 795 413 754 810 566 688 82 119 467 657 505 882 417 994 669 271 884 678 372 754 482 949 214 963 661 987 368 732 51 
24 957 846 802 893 809 379 533 184 221 91 986 497 461 82 576 540 734 381 918 340 724 536 211 858 846 745 54 489 28 409 504 0 989 633 960 346 659 852 908 897 723 367 443 70 786 999 498 11 246 948 589 467 359 518 351 504 938 548 200 594 782 142 830 887 845 370 762 43 292 231 927 875 840 994 518 699 474 226 30 416 595 482 270 70 211 370 568 240 521 28 856 350 148 960 640 209 246 422 605 461 137 530 132 116 
658 142 95 984 844 801 577 257 215 656 802 408 735 818 676 845 28 85 134 382 483 324 473 215 913 546 814 160 747 621 41 595 995 0 422 120 120 595 248 989 310 329 921 642 593 40 173 328 309 746 548 708 349 446 595 64 424 407 463 766 684 533 404 296 533 492 914 283 421 370 708 913 328 758 805 264 264 447 262 789 330 299 326 532 33 683 781 445 79 1014 203 27 339 405 834 461 573 972 589 786 120 270 103 743 21 
749 540 606 356 990 121 100 225 533 388 980 501 742 104 273 745 158 354 39 690 514 841 175 891 595 746 772 64 275 533 108 729 622 431 0 655 482 203 946 983 135 829 857 173 337 36 742 851 111 992 94 778 238 195 461 907 931 117 826 343 153 624 157 255 322 83 572 225 612 132 60 457 336 21 161 389 554 63 667 960 693 613 419 314 336 663 709 707 359 46 182 125 276 840 407 378 934 753 707 27 621 750 940 54 507 
595 867 367 293 114 48 940 642 712 340 546 650 758 806 280 774 178 43 450 443 1004 451 183 604 244 72 438 44 203 58 20 501 971 120 652 0 408 408 806 805 649 261 683 316 333 292 173 405 663 220 327 393 211 576 78 580 483 328 537 963 626 518 748 10 88 30 153 451 491 467 148 460 310 59 443 83 600 95 246 729 742 392 805 704 146 625 135 61 219 732 71 794 974 905 615 894 892 647 31 32 608 635 927 881 419 
709 1010 402 371 402 822 645 861 173 791 489 842 423 511 768 359 645 989 590 82 865 53 957 378 845 738 390 484 777 642 614 106 355 111 491 405 0 714 352 755 699 63 233 922 487 932 396 164 449 146 523 917 189 987 934 952 861 791 157 551 938 138 593 679 425 690 131 794 798 115 615 241 667 116 217 200 211 572 219 170 413 943 336 70 824 66 994 39 215 749 163 885 472 248 844 41 256 976 382 277 138 824 279 447 242 
458 26 499 481 544 227 979 14 391 479 178 576 226 1014 278 475 502 86 755 287 30 530 584 525 312 232 533 35 113 701 324 538 656 586 208 401 704 0 238 742 303 46 165 413 823 389 586 911 628 470 31 579 820 303 64 350 412 162 49 526 352 866 714 954 75 44 1018 850 35 848 945 220 51 550 641 584 797 304 465 40 333 851 602 578 430 105 988 972 641 380 138 970 776 657 253 179 29 378 471 124 728 659 372 933 953 
864 576 363 931 25 810 99 797 529 288 344 429 149 355 658 460 152 404 196 965 262 345 748 733 772 470 408 607 628 398 534 843 855 261 931 806 344 239 0 142 551 656 272 365 69 632 341 1008 1011 831 730 293 417 126 711 43 16 2 195 730 761 347 72 31 517 401 429 643 518 435 14 158 860 70 986 608 298 839 741 818 409 114 582 945 342 500 895 652 622 396 878 249 310 193 405 543 865 438 694 38 880 990 430 418 918 
876 649 557 469 704 614 791 85 997 539 250 232 686 452 682 750 445 614 442 167 419 945 561 930 12 97 888 535 124 232 469 387 916 982 969 814 757 748 131 0 423 969 519 205 898 914 998 355 294 436 413 597 488 366 250 340 112 413 47 994 873 907 550 289 998 847 70 293 487 558 751 651 445 290 963 381 624 988 499 308 429 996 222 790 871 90 1018 616 617 111 954 652 318 187 917 518 818 713 302 789 417 889 838 992 261 
941 416 30 624 49 512 199 524 512 170 957 946 892 361 73 57 131 175 381 840 156 747 189 138 836 490 251 405 530 748 622 116 882 324 141 655 695 295 552 420 0 536 364 249 289 466 389 550 326 61 615 104 488 220 267 172 954 951 373 733 871 562 218 1006 745 396 851 491 817 827 471 619 303 693 835 832 860 256 436 17 941 552 734 894 595 608 167 685 881 835 392 261 219 523 873 595 265 99 426 789 352 865 124 518 533 
714 250 604 138 418 90 781 265 202 190 180 328 280 780 967 433 805 830 343 652 653 857 320 452 885 987 773 771 622 203 650 183 730 325 839 266 69 33 657 975 549 0 301 218 282 995 980 777 312 242 164 523 433 335 231 552 849 58 811 530 562 346 239 465 980 457 12 557 548 775 421 425 342 542 299 252 671 544 608 170 33 993 185 382 112 593 676 570 555 639 482 622 900 312 959 824 971 812 292 852 225 218 44 770 638 
666 551 483 374 820 810 894 52 364 815 49 831 843 181 271 540 731 971 87 911 488 243 528 550 886 960 10 395 846 246 533 630 375 916 861 675 238 159 286 518 368 317 0 581 295 810 785 880 797 780 307 311 438 126 868 475 1015 648 679 416 132 322 259 491 189 27 879 557 35 468 22 393 785 601 384 426 517 908 969 575 296 947 424 654 262 129 180 254 799 489 528 100 638 983 978 463 488 135 165 530 625 309 241 637 270 
887 491 786 293 713 635 726 200 380 694 699 186 750 355 717 545 1013 610 305 263 369 670 60 366 491 368 809 83 406 82 46 81 439 644 178 309 917 424 373 207 240 222 571 0 522 286 295 188 354 891 610 381 794 885 88 975 445 791 53 476 888 124 745 962 995 617 722 696 50 425 962 718 451 561 930 716 1011 213 443 901 333 149 826 976 547 817 716 182 477 395 507 749 589 619 737 565 803 311 66 279 838 701 381 859 213 
913 619 399 450 373 395 815 962 70 498 987 251 1010 674 512 932 258 184 623 998 895 532 453 51 145 965 213 374 60 592 581 942 76 593 349 314 489 821 63 903 287 291 282 516 0 514 867 903 180 443 185 976 79 20 587 483 371 653 600 340 174 217 517 847 217 213 135 276 827 773 30 583 282 100 820 513 247 687 438 962 155 262 458 309 452 193 135 786 152 653 967 643 615 91 185 288 960 999 402 303 463 256 187 181 255 
236 318 557 454 126 110 377 396 564 762 703 847 138 353 198 306 845 969 24 579 560 530 967 237 392 593 418 540 713 668 277 125 779 25 50 300 936 389 633 913 467 986 807 275 511 0 34 872 469 972 392 809 520 716 254 795 314 939 219 752 837 407 644 304 215 995 477 362 935 434 825 287 196 254 687 84 761 426 203 61 267 624 349 497 917 762 973 143 533 894 187 851 999 125 124 946 697 897 753 829 167 781 456 684 414 
309 504 173 710 115 825 10 81 696 694 774 157 131 967 541 257 800 806 825 147 969 850 57 404 640 209 334 592 13 908 484 23 995 180 748 186 407 578 330 991 381 980 790 285 872 38 0 182 858 337 184 326 899 550 507 666 490 164 423 814 387 646 293 412 867 797 31 495 159 42 76 753 819 716 72 630 73 479 158 701 267 729 586 703 593 126 568 722 236 160 192 254 552 668 525 997 536 455 36 779 158 113 278 704 253 
530 510 315 74 630 582 358 21 168 499 152 314 616 517 964 432 516 373 629 998 445 720 482 101 580 60 332 327 902 835 661 455 495 315 866 410 174 906 1003 337 543 790 872 195 888 867 179 0 976 194 255 303 311 597 919 308 270 844 166 386 227 59 495 387 706 280 119 97 488 569 356 238 679 787 552 237 47 919 883 577 532 151 686 273 327 841 68 582 364 894 411 300 425 423 121 123 703 631 194 794 70 199 218 883 861 
995 932 976 581 112 915 697 612 14 102 220 63 831 622 763 980 744 900 653 511 189 986 937 844 718 777 356 290 455 197 977 271 23 316 110 659 435 624 1002 300 341 315 800 343 180 465 867 977 0 572 712 681 963 719 467 183 100 737 700 336 442 277 911 161 581 499 754 439 399 536 112 150 273 421 547 977 910 695 654 958 711 957 239 638 683 137 758 820 351 185 477 353 270 650 904 38 627 421 336 495 247 849 961 264 686 
763 788 287 423 551 701 616 623 74 793 500 30 296 558 897 765 258 641 36 50 621 968 239 797 860 248 127 825 854 585 480 893 248 744 994 235 145 464 834 432 56 239 774 882 442 973 337 182 569 0 547 583 888 719 112 467 291 507 113 440 803 86 93 29 574 833 74 799 33 376 666 186 199 762 632 284 32 52 899 767 985 787 903 502 493 609 643 81 54 655 719 936 711 356 511 294 488 853 291 191 126 52 570 1004 831 
252 560 731 293 747 590 387 271 604 636 851 325 551 640 156 158 613 978 87 215 657 410 725 854 815 766 124 795 732 852 374 367 968 530 89 327 531 21 740 415 616 162 318 593 184 405 180 252 696 533 0 844 340 628 545 702 383 832 909 860 915 192 440 847 268 399 893 349 422 398 223 557 37 59 455 930 337 211 623 405 195 867 440 727 1007 449 840 418 719 564 614 329 767 297 334 193 107 411 693 461 357 610 389 789 896 
239 362 940 273 461 606 566 273 877 572 714 708 822 94 32 657 102 651 180 285 288 1011 938 526 897 517 269 675 624 218 908 282 589 718 785 395 908 568 277 599 120 515 321 382 970 820 337 291 678 574 856 0 393 482 716 553 627 994 1016 457 974 201 791 152 770 134 48 973 132 992 661 608 833 742 702 512 107 339 741 992 630 263 198 655 598 236 118 106 965 14 747 525 95 205 482 624 451 371 723 60 743 364 784 286 388 
623 198 615 599 467 154 232 310 892 140 446 264 327 183 492 245 371 594 999 400 756 404 121 992 957 62 279 246 443 105 92 5 467 357 250 206 195 832 424 484 495 429 439 800 77 510 882 316 953 898 358 403 0 311 185 507 909 513 793 690 910 437 182 228 379 965 587 554 598 500 650 132 919 522 333 457 177 72 594 279 144 487 385 912 588 611 886 703 885 480 456 798 709 805 786 17 881 847 932 743 49 356 850 622 622 
523 178 697 762 249 864 985 853 446 857 952 911 12 477 697 934 909 425 886 394 531 454 950 560 140 296 18 583 239 570 134 189 363 446 195 582 994 297 115 358 234 342 125 899 14 717 549 597 732 726 635 490 318 0 248 590 241 989 456 417 158 391 379 755 938 509 524 509 192 607 892 603 842 326 634 877 37 712 554 31 91 844 401 854 957 562 406 610 494 967 53 845 899 201 412 827 135 144 965 290 711 495 729 77 512 
733 840 286 223 110 614 809 148 732 573 622 466 898 694 724 750 1000 196 795 373 71 299 84 496 490 584 662 907 913 389 670 273 526 593 461 79 932 67 712 243 258 221 867 75 585 256 511 930 457 104 541 731 188 229 0 283 668 840 979 895 873 403 964 556 228 754 660 879 748 701 185 6 491 385 846 451 292 934 618 891 654 412 790 562 30 649 238 524 428 520 145 143 115 255 766 378 429 156 402 487 72 483 670 275 835 
600 438 499 323 162 196 56 660 827 681 325 618 464 308 529 518 727 389 696 353 120 324 855 760 330 882 833 857 466 227 195 282 351 69 910 586 953 338 47 352 166 550 494 969 495 797 662 308 190 482 686 535 522 610 276 0 145 686 743 455 616 456 331 955 116 850 122 610 265 348 429 573 756 793 416 722 704 432 969 159 43 801 431 473 314 588 915 860 255 458 564 340 417 399 86 107 937 822 730 847 850 709 481 12 562 
682 315 320 368 842 655 536 797 798 118 774 472 351 919 979 226 1003 662 618 402 791 747 38 727 503 771 862 978 858 743 416 193 500 425 937 480 848 409 26 130 969 861 1009 454 372 308 487 266 104 301 402 646 899 231 661 135 0 297 411 915 852 919 475 902 549 256 328 298 989 907 22 472 905 335 31 405 615 347 1002 153 199 621 330 581 413 294 74 216 753 538 163 886 557 924 600 62 16 495 215 856 715 545 172 648 818 
597 217 217 201 233 853 723 643 593 130 807 735 145 508 767 782 490 892 113 395 977 165 49 482 58 291 289 337 739 426 659 604 936 411 112 329 786 146 16 414 957 65 643 794 658 941 155 828 742 493 831 986 494 976 829 690 286 0 550 565 915 75 630 497 208 318 360 871 551 288 83 916 963 578 920 135 44 724 356 768 155 137 202 697 412 988 473 665 746 46 521 527 975 617 258 50 13 519 225 732 523 8 487 940 206 
792 31 377 784 589 68 495 489 786 872 28 490 245 233 137 570 986 458 746 945 156 27 565 734 52 814 861 119 99 667 102 308 551 461 825 525 173 52 203 53 367 813 691 50 604 223 437 154 710 110 900 1014 785 469 965 743 409 553 0 399 718 60 269 242 1007 459 914 885 403 767 907 848 176 509 624 884 501 774 414 526 170 103 977 959 596 718 493 509 411 544 109 148 651 502 35 490 923 220 294 248 726 970 714 63 957 
66 704 781 878 549 983 350 70 929 194 983 53 611 226 465 754 172 704 573 198 85 906 163 247 231 524 50 466 765 713 226 792 199 765 360 953 545 527 725 1000 734 527 402 483 341 747 821 399 322 446 858 464 692 406 902 455 905 564 398 0 178 41 599 823 465 39 891 288 988 388 30 222 546 677 247 891 627 282 449 150 209 262 84 268 1013 359 610 795 175 713 268 368 74 836 226 272 333 185 18 565 410 87 824 443 254 
687 750 554 929 945 523 69 659 113 935 105 227 911 647 603 868 446 189 113 552 970 372 180 699 228 159 718 621 869 700 524 1009 582 686 164 614 933 359 764 886 866 565 118 886 170 848 389 237 457 791 909 976 910 155 888 615 859 923 702 173 0 669 696 370 432 510 225 303 635 381 624 293 459 686 406 381 71 512 502 76 489 264 855 960 459 359 167 523 216 936 319 82 529 633 480 240 602 422 750 586 299 663 168 355 11 
731 832 993 889 94 705 326 533 777 847 517 601 278 608 884 297 326 641 319 122 83 886 446 898 560 790 393 188 985 667 924 40 786 539 627 528 142 866 341 887 562 347 322 133 225 403 628 44 271 86 196 211 436 400 396 449 903 81 70 53 666 0 712 305 742 123 504 535 303 12 68 481 73 693 989 585 127 986 77 665 208 766 677 559 539 220 370 865 765 157 564 688 908 998 1006 285 804 58 891 924 579 279 60 507 621 
801 588 952 552 645 903 289 935 94 953 462 996 622 470 425 385 313 450 909 382 897 580 58 514 896 254 555 139 899 558 674 345 140 419 157 754 598 707 81 555 207 245 270 737 533 656 283 493 915 98 443 793 170 379 967 344 467 639 283 597 690 707 0 837 709 519 475 229 179 747 453 934 496 502 493 311 142 949 153 427 708 189 757 397 992 448 273 464 555 526 337 172 688 197 312 81 325 203 681 670 855 271 153 289 649 
621 261 1010 629 365 684 499 190 507 217 208 552 331 180 228 217 738 985 103 244 354 727 830 522 424 756 654 491 297 73 650 722 828 296 258 8 661 947 35 284 995 471 483 979 841 307 421 395 162 33 858 163 229 762 561 957 905 509 235 828 373 314 840 0 500 404 859 692 646 316 509 861 498 917 156 41 187 224 653 972 360 1005 743 762 772 482 441 217 937 175 428 550 1000 564 618 862 345 604 891 948 259 59 732 372 905 
292 938 664 127 93 59 132 916 307 538 508 756 85 50 222 764 410 469 605 233 241 429 218 924 564 230 679 604 38 556 984 28 882 540 326 93 426 76 515 1015 737 984 180 992 219 221 874 705 577 571 280 756 383 947 230 110 546 211 1007 473 441 743 700 496 0 435 529 921 222 557 830 488 140 869 429 610 977 346 590 820 26 76 166 474 267 497 450 62 637 877 364 598 502 454 907 467 770 95 895 850 820 886 715 839 669 
404 897 86 819 663 977 411 623 267 696 946 282 247 367 517 987 69 738 929 951 689 900 161 630 286 757 100 486 10 856 259 589 846 484 81 28 672 51 385 849 385 466 29 615 218 985 815 278 502 837 393 139 962 515 749 853 262 310 474 45 504 110 508 395 435 0 407 254 44 223 732 62 44 711 963 508 717 608 94 81 53 534 420 86 204 698 674 401 383 559 646 101 896 392 685 373 816 972 384 614 699 401 70 573 526 
765 465 412 402 1015 956 46 500 894 291 888 1016 578 944 916 181 387 373 929 366 244 259 677 707 918 602 290 440 113 604 291 506 370 922 568 151 120 1006 431 75 855 19 883 735 135 467 37 132 763 74 892 53 579 519 667 126 326 359 921 907 211 505 482 853 515 394 0 497 53 193 304 857 355 598 441 684 696 112 71 112 758 281 735 850 137 601 895 848 541 964 23 341 737 662 215 376 707 487 901 892 769 95 96 553 954 
632 337 419 780 228 358 708 978 616 101 1008 527 46 967 561 57 769 271 670 948 182 198 160 380 965 393 442 349 112 287 498 639 763 275 220 459 789 854 639 302 496 571 565 696 270 350 484 106 434 785 350 964 544 516 867 610 304 853 885 278 294 545 223 692 926 259 502 0 393 900 698 926 446 500 401 102 487 458 834 204 350 63 535 843 239 440 331 377 422 272 550 843 598 265 282 212 6 588 710 850 289 88 383 454 627 
774 309 16 643 616 637 581 27 493 625 751 208 931 82 354 174 319 434 881 913 757 479 122 708 749 836 73 464 382 809 494 704 43 419 601 493 782 31 526 475 814 557 26 55 823 948 166 474 413 32 435 118 586 203 748 266 973 559 402 970 642 288 180 634 208 40 42 396 0 116 825 726 890 995 359 68 445 775 217 355 850 47 896 945 185 466 405 208 190 544 550 678 768 822 430 429 342 852 435 642 493 995 809 488 140 
795 262 32 861 551 446 396 250 861 817 792 716 746 679 694 104 271 451 443 865 390 618 331 339 753 855 39 809 592 324 20 530 285 370 135 477 105 851 431 558 821 760 461 428 773 428 41 575 547 361 408 999 502 610 714 356 911 291 754 392 369 20 740 329 562 211 204 895 104 0 907 150 705 1020 512 927 912 745 322 702 157 945 889 52 512 310 311 479 439 980 642 444 709 760 1003 84 178 976 891 402 634 134 940 725 856 
968 840 625 634 391 532 44 355 4 637 91 923 980 706 1000 52 233 212 1005 183 918 975 317 985 483 736 270 340 284 889 183 246 229 713 47 155 625 950 11 768 460 438 12 970 19 833 83 360 110 656 227 653 654 890 182 431 33 85 913 34 635 76 453 514 822 719 292 682 826 901 0 797 326 967 322 782 370 559 114 826 852 793 166 64 403 748 598 152 585 249 843 724 249 354 782 852 734 1000 600 234 12 282 893 31 805 
443 258 854 543 635 364 626 398 972 599 96 687 67 769 125 816 405 603 262 769 596 14 767 800 201 665 138 776 484 998 10 165 931 908 457 465 231 216 168 655 616 425 395 728 583 297 753 244 133 171 558 612 137 605 9 568 470 901 843 216 297 481 922 849 486 52 849 917 720 158 791 0 781 239 807 291 441 389 170 308 626 466 829 288 870 263 257 704 16 269 4 501 269 643 531 856 139 422 350 61 700 281 586 723 740 
560 803 814 967 427 954 1009 291 747 675 762 264 51 484 304 427 517 751 649 759 655 272 624 106 496 417 314 690 803 914 512 258 874 332 354 311 654 63 876 438 295 330 789 447 271 184 821 683 258 197 44 824 929 828 494 763 900 962 173 533 467 62 506 512 149 38 366 437 880 702 334 763 0 730 800 421 462 28 13 622 365 901 317 233 77 87 778 696 535 963 625 783 112 494 45 90 189 540 548 50 913 840 564 983 276 
924 489 768 707 384 445 17 619 247 329 611 605 242 825 201 867 486 158 33 756 442 974 215 995 24 342 718 293 479 954 619 624 846 745 19 67 129 534 73 288 698 542 597 548 107 255 712 786 412 760 56 740 512 331 398 799 351 574 503 660 674 687 514 910 870 704 593 503 988 1010 973 250 732 0 229 780 369 692 271 452 946 397 716 278 863 761 229 401 559 126 467 969 836 516 323 426 213 457 132 444 849 690 69 218 312 
613 75 873 492 243 189 794 781 801 315 744 1008 968 419 159 525 905 599 365 810 398 984 943 417 567 564 752 627 307 773 369 115 1001 806 158 442 227 634 979 972 823 298 399 944 821 691 70 561 537 640 449 688 334 631 844 411 35 908 611 253 414 989 487 157 424 981 439 393 362 505 308 804 791 231 0 175 21 583 228 302 957 186 229 271 194 911 595 910 768 77 280 677 239 824 463 124 305 334 650 465 989 967 739 663 953 
880 63 990 589 52 774 750 56 557 80 479 566 805 904 896 515 522 39 368 173 134 741 111 25 948 976 609 820 510 110 896 856 503 251 398 92 209 587 608 372 842 257 435 721 506 73 635 246 983 291 933 531 452 876 447 711 397 142 878 888 380 598 309 24 598 499 675 86 81 935 773 290 429 800 173 0 420 768 4 756 452 390 281 882 799 972 760 605 50 717 936 740 271 748 732 508 59 635 475 377 975 887 173 235 274 
12 375 337 253 107 131 595 361 121 541 771 986 244 385 347 456 542 691 879 459 863 160 1004 881 465 123 996 40 699 904 68 800 707 261 556 610 202 816 296 629 870 664 521 1000 250 757 65 37 906 39 340 107 183 23 280 707 615 36 491 639 72 125 142 172 976 725 706 503 446 921 389 427 476 373 20 415 0 43 20 426 666 982 964 433 895 245 260 32 859 486 763 675 950 617 128 879 376 418 673 322 705 572 483 191 98 
645 723 328 223 374 170 421 625 609 906 484 211 136 811 896 757 482 468 71 44 949 850 9 439 940 352 69 842 809 208 806 424 468 450 64 94 573 292 838 972 265 539 909 224 671 416 463 915 693 53 214 337 81 704 935 443 334 723 770 263 506 982 962 220 355 592 117 468 771 758 553 389 40 703 566 768 47 0 429 566 608 996 76 673 105 811 550 932 23 591 47 110 488 786 852 361 800 569 587 961 306 367 886 865 198 
597 52 504 11 806 669 207 705 983 157 305 837 631 883 94 153 733 552 982 54 532 583 479 977 786 419 627 991 314 177 536 771 222 259 668 263 211 451 751 510 434 605 970 442 429 195 149 887 656 905 629 758 597 546 611 961 995 352 402 447 504 80 152 650 586 90 85 834 209 321 108 186 12 262 232 4 2 426 0 182 615 200 620 619 787 256 787 653 763 795 92 493 393 151 776 602 48 255 77 55 991 907 620 185 142 
41 429 425 848 558 777 696 772 18 74 163 402 922 120 186 214 51 131 617 658 663 43 577 115 817 140 466 208 20 559 457 814 21 789 974 730 162 53 818 304 19 169 564 905 948 59 684 572 953 770 398 992 279 28 892 155 164 764 532 136 91 662 414 971 820 91 118 199 352 714 829 308 627 452 313 753 433 565 174 0 826 196 164 336 314 570 713 633 966 138 488 399 413 638 630 5 832 38 504 944 389 779 312 897 355 
616 614 359 279 759 233 862 318 933 276 754 746 833 805 72 185 616 913 217 163 894 694 226 358 813 749 615 826 778 503 724 559 414 334 683 729 406 334 423 441 939 29 300 331 156 256 263 537 698 981 187 615 145 100 635 27 186 171 161 214 485 216 705 346 34 51 752 344 870 160 848 632 368 939 968 439 680 603 609 823 0 776 923 967 924 81 248 808 28 229 243 782 176 146 942 488 603 712 266 919 698 21 262 550 809 
738 247 226 900 55 805 872 236 655 276 236 864 415 573 21 587 782 403 265 744 482 373 757 45 115 400 578 106 46 338 581 680 607 292 619 390 944 849 122 991 554 978 941 152 249 635 727 149 947 786 868 262 482 845 407 799 629 134 99 275 264 778 181 999 75 526 282 63 56 948 785 462 889 382 190 390 980 998 213 208 780 0 930 172 259 748 755 358 222 532 726 31 225 680 930 927 360 390 940 359 374 843 325 149 52 
787 761 457 41 333 985 366 86 937 334 874 530 761 520 47 477 716 878 425 844 57 625 448 898 268 132 1003 337 601 267 633 85 495 317 412 799 327 603 595 222 732 195 441 838 458 358 596 684 248 922 438 199 393 413 792 440 333 192 978 79 854 668 760 761 178 431 746 524 894 892 171 835 334 722 232 287 967 80 615 149 906 935 0 319 911 399 968 616 889 450 241 408 740 438 364 310 664 72 505 975 989 204 168 84 939 
932 778 663 23 938 758 818 735 9 294 178 978 491 402 558 507 987 676 122 77 904 246 626 761 719 195 233 886 589 961 12 123 267 529 313 717 77 577 941 779 897 376 640 975 311 483 709 286 646 509 730 653 907 860 567 459 581 699 969 262 963 561 399 746 470 91 852 847 951 36 64 290 229 264 282 886 442 654 634 338 974 169 309 0 605 878 632 451 14 696 295 366 421 69 364 786 448 780 259 475 744 44 144 212 674 
58 91 116 775 275 605 463 335 534 920 670 831 383 951 833 734 756 615 769 825 848 279 959 278 714 324 984 459 911 623 908 468 65 40 337 151 824 422 328 878 604 122 265 547 452 917 583 324 689 489 995 585 577 954 38 315 419 427 578 1017 472 527 986 773 274 198 134 242 185 505 394 861 76 875 205 808 896 95 799 315 919 264 901 615 0 506 244 251 102 590 769 112 241 446 972 286 41 421 271 844 427 267 1015 938 1018 
771 400 882 525 493 811 616 703 610 959 75 18 851 515 275 358 637 464 140 561 717 286 41 285 37 619 146 116 273 694 107 664 224 681 654 610 82 106 506 83 605 590 126 824 197 750 133 836 124 613 451 224 612 556 646 580 303 1003 725 357 356 235 449 484 486 710 594 434 464 324 751 263 89 742 912 970 254 814 258 575 66 743 401 875 503 0 629 655 251 265 647 637 439 961 504 976 36 428 271 767 60 794 219 626 759 
511 545 11 62 760 900 40 717 286 976 767 661 444 320 612 213 145 415 455 700 869 421 386 228 109 528 206 423 725 976 565 504 357 776 713 140 998 998 890 1017 173 680 191 703 129 962 551 62 760 642 846 130 892 395 229 915 85 468 501 595 173 374 257 430 458 665 889 344 403 307 592 255 780 216 589 761 255 563 791 715 263 757 970 642 236 642 0 268 712 680 180 713 876 206 305 176 809 533 635 844 346 295 113 273 79 
109 555 19 543 836 663 615 323 865 216 896 162 669 713 644 262 328 996 556 132 904 586 110 87 916 569 87 77 862 212 135 865 572 463 706 49 44 990 661 628 676 579 269 194 788 150 714 575 820 75 413 121 696 612 518 874 217 663 496 798 523 854 467 215 50 407 845 372 212 465 143 699 685 402 928 602 20 937 648 631 819 359 622 447 239 674 258 0 316 462 298 808 147 123 287 810 928 800 508 923 531 506 182 628 119 
586 810 758 85 1004 738 155 968 942 390 556 420 673 61 24 604 719 412 467 227 330 340 138 532 205 582 974 830 497 322 258 420 244 86 359 225 223 649 620 623 891 555 796 480 137 535 247 371 335 58 728 965 894 503 436 254 752 764 402 181 214 775 553 932 644 383 550 421 186 439 580 0 554 558 766 48 856 30 765 975 29 226 898 11 114 239 720 333 0 182 172 956 11 289 365 966 691 516 435 342 333 170 486 946 841 
951 571 297 754 573 711 727 58 245 634 115 826 618 191 952 656 669 847 448 64 562 772 224 915 330 23 177 315 998 938 856 990 529 1004 34 725 756 386 385 110 832 641 477 392 649 897 165 884 191 651 570 21 479 969 523 459 540 50 531 711 948 170 542 177 870 558 969 267 536 973 258 272 961 118 67 718 502 586 793 147 228 523 460 702 577 285 666 460 177 0 396 496 971 168 392 928 198 467 114 125 226 966 507 766 426 
178 18 777 153 949 442 398 468 703 603 282 934 664 159 873 52 234 177 40 871 122 676 87 264 496 623 98 716 702 645 649 676 26 207 199 79 174 158 873 970 398 478 530 519 975 173 183 420 464 714 625 762 464 45 152 561 165 507 99 260 336 565 334 433 350 639 24 541 535 646 844 14 615 475 267 942 759 59 86 478 243 727 239 293 771 641 188 285 174 405 0 445 1002 325 818 461 505 180 374 708 594 877 352 1008 155 
462 820 206 68 152 336 984 897 761 296 893 263 177 230 321 162 655 739 373 670 84 913 528 54 833 296 585 879 509 20 498 285 862 25 118 789 875 967 258 647 255 631 94 749 657 831 254 292 342 933 326 523 792 836 148 336 882 520 136 351 88 673 171 553 603 111 345 850 671 454 713 498 782 974 691 720 675 109 490 395 777 15 399 359 109 647 713 812 953 493 430 0 639 217 169 163 385 392 634 864 434 657 934 106 663 
554 859 326 78 28 429 668 840 846 122 808 920 180 618 322 429 869 302 756 480 967 70 141 823 771 976 893 794 116 761 485 885 346 339 269 971 475 782 323 325 226 897 654 599 622 1005 568 405 270 717 787 83 708 900 121 418 558 969 651 61 532 893 700 1019 499 882 744 594 766 702 253 280 106 826 254 256 940 493 408 411 191 226 742 416 234 439 882 149 18 981 991 649 0 118 587 439 995 356 308 58 794 135 983 930 956 
289 777 695 435 222 949 758 27 121 48 69 17 15 430 95 468 428 238 979 594 336 396 988 981 237 932 274 601 379 684 353 679 143 416 839 921 256 667 201 200 527 319 975 621 89 110 663 425 645 353 282 193 805 188 255 402 915 619 498 833 628 1010 197 575 466 383 650 275 816 750 350 646 503 522 820 737 607 794 159 639 139 684 443 71 443 954 203 114 287 167 327 221 112 0 851 221 894 747 340 934 885 607 488 986 491 
392 612 191 759 645 310 789 243 820 60 632 148 736 290 768 976 266 141 937 379 45 952 800 394 331 63 13 762 984 261 604 382 970 836 394 605 839 252 393 916 866 959 979 732 186 118 523 121 907 504 324 485 784 413 772 88 594 261 21 213 478 999 305 609 924 689 207 285 421 988 789 531 42 327 466 728 140 861 781 626 938 922 371 380 974 513 315 284 363 384 827 154 589 844 0 579 670 241 105 194 659 584 667 413 687 
328 522 899 998 412 703 219 727 450 796 258 720 683 165 954 884 172 124 39 63 213 383 473 154 251 41 441 877 562 899 175 737 646 444 368 906 22 191 537 517 595 822 474 556 300 948 1004 116 39 299 189 624 23 837 378 104 73 56 486 291 225 275 101 865 471 363 382 220 437 84 843 856 105 427 127 501 887 369 592 4 497 929 305 775 297 994 162 825 960 921 460 165 441 222 579 0 150 803 385 212 817 108 557 331 455 
374 750 94 770 110 765 768 359 39 910 224 499 223 656 856 845 335 768 153 219 959 546 41 303 95 846 527 280 530 861 638 467 222 572 933 904 247 19 858 807 281 982 498 804 952 681 539 695 635 493 108 450 899 128 426 917 8 17 927 344 605 812 321 340 775 814 714 21 350 180 743 142 179 218 308 61 372 813 53 825 598 351 670 451 28 38 808 943 702 197 502 384 992 890 665 155 0 464 134 631 474 396 449 832 929 
736 84 650 895 761 623 181 265 28 119 716 522 950 538 471 451 595 154 945 221 361 376 893 768 335 827 669 649 430 243 967 962 248 962 770 655 976 375 431 700 97 804 138 307 1002 898 456 618 424 854 401 367 847 144 155 819 487 504 222 181 408 50 215 605 112 976 486 594 864 969 991 413 536 457 333 639 419 581 242 27 716 402 68 792 409 423 525 782 511 450 186 386 362 749 227 809 455 0 372 593 162 501 128 720 971 
534 802 970 917 237 536 997 578 222 21 883 926 395 957 746 606 201 971 579 930 607 762 991 952 54 631 442 621 284 809 551 216 427 598 693 31 394 479 705 306 426 297 152 57 406 750 48 192 332 290 687 716 927 962 410 735 220 218 292 33 737 886 675 881 893 380 893 699 448 897 584 338 556 131 664 457 664 571 87 494 255 940 513 246 286 263 640 513 434 106 371 643 310 358 109 391 133 374 0 866 480 773 507 401 45 
642 411 62 506 422 181 398 258 330 11 350 302 48 522 159 583 725 499 710 368 437 256 172 353 690 862 718 272 723 268 949 968 600 784 33 29 273 125 38 786 806 851 527 281 307 811 766 802 501 195 458 45 743 285 471 845 859 735 247 563 582 921 672 942 855 621 894 856 660 405 229 68 49 449 470 377 322 975 58 931 927 342 982 483 842 782 855 919 338 130 698 877 61 935 186 227 636 589 858 0 585 582 188 193 482 
115 57 84 889 280 510 621 209 77 728 874 470 687 1012 297 110 537 607 598 370 347 834 956 695 281 515 965 591 936 562 462 649 466 122 632 619 131 720 883 409 355 236 633 831 460 174 168 56 260 145 361 742 45 699 72 851 729 525 728 395 295 581 851 250 821 704 772 309 477 631 14 683 917 851 984 968 707 309 981 386 684 374 1002 738 430 63 365 530 336 215 585 428 798 889 658 823 488 155 487 590 0 881 433 662 288 
603 319 726 65 1010 891 933 448 109 279 971 208 591 733 407 526 992 11 525 453 748 373 536 500 555 470 889 175 844 198 498 1000 125 268 749 639 827 655 1007 886 861 207 318 700 246 787 102 204 847 55 614 366 350 506 479 709 557 11 975 85 655 283 277 56 882 420 84 74 1001 133 296 275 843 701 972 895 574 365 914 789 27 840 200 38 284 790 286 510 169 975 877 659 123 604 588 103 398 503 772 593 875 0 63 949 195 
359 431 913 352 983 835 107 8 202 25 853 430 71 884 847 215 115 237 453 545 474 228 444 76 535 437 75 131 416 703 902 371 516 103 949 934 265 375 430 837 130 39 235 387 200 444 275 222 970 571 389 779 845 718 672 483 157 475 717 824 174 62 145 734 725 65 97 381 807 928 883 599 555 84 747 166 469 895 627 306 253 339 172 139 1018 226 112 182 503 510 334 939 991 488 680 552 441 121 517 188 451 52 0 68 762 
738 637 217 1001 510 671 845 942 533 399 569 1000 649 154 725 50 178 425 152 790 884 547 769 766 507 200 812 86 28 716 599 723 124 738 59 871 452 917 415 984 525 772 636 864 187 665 708 864 259 992 791 273 632 96 288 19 649 920 77 442 352 515 290 356 853 586 565 450 491 721 27 710 975 216 677 234 201 864 185 904 544 161 70 215 927 637 255 634 962 751 1009 103 923 990 414 329 837 720 406 185 664 952 58 0 207 
586 864 229 332 808 469 293 213 73 714 372 433 931 228 47 454 484 431 140 19 899 156 743 702 712 823 308 684 195 15 492 56 107 16 509 418 259 960 915 272 538 642 288 199 248 433 252 844 678 835 892 399 639 526 830 562 817 194 947 271 9 631 639 901 674 523 972 635 138 838 796 749 288 297 959 276 93 195 144 350 804 64 948 680 1007 759 67 125 849 440 151 661 971 487 681 463 934 960 42 478 306 182 751 200 0 

Depot information
1
1
1
1
1
1
1
1
1
1
1
1
1
1
1
1
1
1
1
1

Customer information
24
20
23
16
16
21
22
24
21
17
23
15
22
19
20
17
22
20
25
19
24
19
18
23
22
15
19
18
21
21
19
24
15
21
24
23
20
15
24
25
21
17
19
24
19
25
23
20
18
24
25
22
24
17
25
25
19
21
24
21
23
21
17
20
16
24
24
20
21
24
23
24
15
23
19
25
20
23
19
21
20
15
21
20
15
