Seed 124 - Instance: n100m5_1
n 100
m 5
Q 9999
L 2
U 15

0 573 360 533 798 804 251 710 511 546 521 592 8 804 386 45 584 543 40 612 771 618 315 818 767 0 407 972 152 111 941 94 548 356 140 57 171 321 293 104 371 542 181 901 587 137 346 792 504 823 166 76 665 241 74 617 405 19 441 705 899 222 562 815 171 252 185 608 558 228 902 596 786 835 404 657 662 469 514 144 33 283 855 893 138 102 54 206 277 981 220 276 922 713 701 626 497 51 145 935 60 821 906 433 695 
757 0 979 386 778 343 872 519 771 928 248 705 879 144 482 885 809 160 749 941 839 60 404 639 228 175 35 447 582 70 496 497 327 833 555 724 643 649 212 664 68 382 900 117 653 293 932 829 706 644 134 621 231 35 862 645 516 212 344 972 908 308 688 111 103 235 782 365 627 315 65 167 78 176 67 717 646 158 647 441 653 829 142 611 925 177 979 555 192 533 354 7 543 354 872 977 584 362 420 561 650 879 831 914 884 
592 113 0 681 175 100 632 599 522 980 311 372 424 858 16 362 492 318 17 147 58 389 740 349 859 988 449 850 425 603 371 549 572 857 166 660 877 671 83 926 366 113 999 4 739 853 444 253 582 626 147 268 268 990 914 238 765 132 615 65 35 61 698 539 290 509 148 442 30 373 894 424 473 473 766 422 913 63 308 937 455 835 781 260 219 287 653 918 697 280 844 301 641 905 712 666 260 894 843 781 478 465 134 188 447 
814 901 987 0 284 849 518 21 243 845 960 6 279 837 719 447 193 972 696 652 759 526 475 662 654 311 699 686 744 920 578 846 141 542 27 232 445 329 106 219 790 737 367 334 962 641 70 389 872 781 307 136 684 462 431 67 717 103 415 410 816 655 311 869 763 660 587 928 329 958 908 531 714 470 192 676 720 161 249 616 124 901 141 71 127 545 833 770 79 149 708 494 76 10 629 342 576 150 269 473 610 795 428 217 77 
532 46 653 865 0 815 453 34 264 318 592 543 532 110 904 631 206 444 374 484 223 214 149 582 986 314 721 976 934 625 954 786 342 298 622 625 590 956 499 274 741 767 934 312 794 808 0 511 484 947 193 793 149 368 492 140 409 129 835 96 426 928 973 533 268 359 224 694 877 320 63 236 765 795 276 824 479 539 321 689 727 84 966 274 128 533 351 197 372 448 868 505 579 966 693 783 301 761 871 331 260 803 133 941 452 
389 67 93 890 281 0 435 892 49 635 143 983 508 190 253 909 55 145 37 670 774 591 896 941 651 966 656 34 846 65 765 815 501 24 460 122 344 913 100 16 526 881 547 892 309 300 598 14 58 766 319 579 208 641 614 332 801 144 814 835 500 26 322 627 300 567 501 220 292 847 669 649 520 45 790 602 647 531 607 832 650 350 20 100 202 147 124 968 381 797 380 368 834 743 981 151 484 657 817 794 706 835 90 351 731 
329 442 596 502 62 78 0 515 42 814 918 431 351 837 512 979 631 415 652 240 715 981 366 691 551 904 998 840 227 798 699 824 365 804 778 313 191 674 403 436 263 703 346 250 41 514 131 598 725 704 603 422 674 66 270 726 96 401 509 611 901 238 798 411 100 811 959 668 466 379 359 419 371 754 209 768 80 878 969 881 973 341 633 333 597 747 204 689 680 926 303 794 384 321 340 628 856 785 903 25 470 892 20 825 594 
237 250 415 105 689 659 301 0 888 545 4 24 821 870 51 317 255 721 881 342 370 229 93 316 349 15 368 756 230 393 698 666 819 349 432 994 516 909 254 265 215 578 19 132 95 500 432 659 242 408 396 529 196 138 763 360 509 577 203 596 239 862 652 972 564 202 844 623 18 480 103 835 466 609 965 278 711 606 597 470 110 533 253 68 482 81 171 8 69 341 992 80 368 431 129 558 556 550 755 48 966 937 420 47 159 
524 964 950 350 68 22 137 149 0 630 617 871 145 937 258 786 233 94 276 226 652 121 825 703 768 11 87 602 797 496 610 224 728 461 115 759 566 483 991 844 202 130 594 309 950 385 70 532 996 382 772 413 416 598 475 187 48 608 800 416 912 118 123 372 945 804 487 598 340 315 941 820 584 196 620 2 387 821 133 264 654 567 195 5 10 120 309 61 104 753 435 703 164 977 227 82 328 298 871 673 879 859 66 96 885 
798 281 949 766 338 210 501 587 859 0 947 243 759 257 152 27 722 963 789 804 1000 480 860 397 969 152 446 339 848 770 800 248 106 763 428 820 373 39 812 641 894 156 589 899 622 748 337 437 499 251 645 775 452 355 645 111 317 415 686 662 901 904 335 108 330 681 425 138 25 865 342 638 392 136 269 572 402 730 693 415 548 404 197 86 284 881 270 756 594 141 20 268 932 129 683 771 594 4 2 443 836 618 302 937 866 
664 373 264 445 74 217 802 546 523 567 0 156 274 156 508 880 507 396 213 305 292 604 633 29 463 399 559 586 75 871 299 243 507 784 811 525 131 64 264 524 587 924 573 182 522 313 838 575 593 197 819 105 149 55 924 667 211 106 266 710 267 478 266 772 640 897 171 163 799 695 695 483 258 512 869 401 776 736 332 352 497 490 202 672 654 389 733 466 457 488 836 626 190 726 98 566 133 513 510 888 745 877 297 852 7 
686 329 861 469 782 817 5 66 674 845 874 0 684 530 719 618 305 485 220 924 272 315 670 576 165 175 402 643 558 327 273 362 64 438 251 783 748 43 199 991 894 176 405 604 747 96 929 953 109 898 849 526 491 879 73 868 422 67 82 754 646 648 370 978 865 123 982 436 694 195 16 423 937 334 376 308 45 379 16 99 691 224 914 636 811 643 206 311 242 935 539 583 767 238 916 258 905 708 200 714 627 466 487 873 32 
1 668 9 33 162 828 570 727 538 149 980 120 0 142 168 484 92 19 105 390 718 503 654 211 430 518 883 983 886 711 84 954 324 171 744 173 438 137 483 775 345 113 64 434 176 28 92 692 517 238 1000 433 769 264 68 176 859 723 56 809 189 586 565 404 532 233 181 523 775 842 692 695 644 515 285 55 788 213 730 302 20 337 57 603 328 449 93 89 984 750 325 337 80 950 91 479 705 753 359 161 797 42 864 936 143 
964 543 926 47 881 111 591 615 723 119 898 992 396 0 390 32 747 818 255 711 238 765 553 107 721 552 514 272 553 432 852 800 129 124 778 241 589 422 200 112 196 835 471 946 93 739 76 789 269 420 928 133 338 664 437 383 15 166 585 2 859 909 805 388 194 434 153 756 211 877 797 587 419 242 296 30 218 67 384 147 436 188 890 745 972 83 852 578 688 918 197 444 832 518 374 82 363 614 89 386 775 432 982 67 649 
643 364 222 961 884 928 90 265 411 950 117 902 49 228 0 104 420 135 300 696 243 241 37 44 705 355 680 252 461 386 598 909 522 147 890 99 630 21 860 218 842 514 104 806 474 460 632 697 136 976 161 38 963 943 667 241 944 213 946 660 136 637 15 524 311 848 6 639 338 719 557 429 372 949 888 846 509 51 985 933 40 25 890 206 905 179 452 399 412 941 493 737 95 929 374 688 584 650 487 337 201 324 584 490 804 
179 505 272 72 524 629 495 419 875 899 838 160 40 408 344 0 701 669 428 859 887 23 460 377 947 846 767 484 692 372 787 168 104 156 80 180 613 207 382 160 161 418 810 599 687 273 582 184 445 80 92 681 10 428 815 812 397 222 423 575 999 469 124 113 562 478 586 37 513 926 541 814 55 728 225 652 996 595 89 576 266 229 412 943 11 884 232 194 933 954 444 727 376 991 889 597 109 851 86 385 818 603 616 448 511 
461 246 468 687 791 877 938 493 351 134 701 362 29 216 873 961 0 822 399 384 84 898 296 541 447 907 376 764 964 764 458 146 460 682 659 465 266 83 592 541 567 566 689 219 732 389 738 827 678 927 700 165 733 86 351 181 612 794 153 298 850 346 753 983 262 591 232 710 462 414 29 353 133 391 51 296 211 218 867 19 461 625 845 144 138 652 479 627 601 342 851 719 517 426 872 333 376 871 478 513 200 112 198 121 42 
701 774 951 279 976 751 847 189 557 24 632 308 879 723 597 44 138 0 761 528 448 233 171 939 304 948 566 284 833 613 615 271 824 991 475 408 501 760 98 728 261 988 209 81 232 215 103 791 43 408 385 866 46 595 252 64 788 9 603 813 858 575 878 529 917 207 158 857 330 562 540 281 300 360 999 111 961 647 656 532 138 703 321 264 472 64 939 494 40 914 957 924 451 250 544 914 105 682 849 107 83 377 119 22 849 
496 532 156 196 622 288 231 163 968 878 784 711 784 510 99 202 639 163 0 997 899 650 245 141 228 926 447 57 823 439 766 636 756 422 203 918 355 567 507 636 424 625 341 546 931 610 821 809 581 922 347 306 858 269 480 856 763 259 938 117 186 486 211 194 851 770 909 824 746 879 284 114 597 556 973 301 4 582 522 844 890 354 173 115 233 562 879 123 201 332 647 678 448 987 420 645 813 832 619 785 834 230 428 503 500 
878 957 241 387 757 597 896 367 11 61 822 337 702 817 851 505 992 166 566 0 304 443 273 365 990 848 565 928 985 316 346 962 572 776 959 628 252 618 846 207 379 555 373 755 359 259 71 153 660 788 885 398 783 565 186 725 972 305 42 421 610 634 280 159 453 948 900 738 154 567 63 61 772 427 213 845 87 34 239 344 405 843 311 20 434 203 328 458 175 306 351 321 387 1 728 55 545 872 804 106 600 493 223 38 976 
784 588 947 48 923 519 845 692 22 648 278 3 495 240 958 84 364 869 262 14 0 369 288 541 583 182 765 885 342 965 232 885 325 77 715 567 735 750 447 138 129 680 73 66 612 115 33 923 418 966 639 295 8 957 305 498 159 463 361 3 334 224 450 568 208 272 844 354 104 342 28 720 988 435 983 125 349 12 804 917 58 988 776 423 970 280 483 904 612 816 182 608 482 199 37 635 530 612 17 373 999 43 171 484 923 
158 76 844 344 825 332 543 705 431 91 710 667 881 286 398 540 277 743 228 271 635 0 836 392 780 504 675 574 386 931 964 270 212 103 708 83 809 510 296 144 196 369 351 771 35 89 870 896 668 494 488 931 759 683 418 907 436 973 962 115 343 324 862 370 478 375 958 129 782 564 938 970 406 251 808 26 127 338 779 259 363 565 783 107 365 327 924 650 376 247 667 691 698 237 156 689 522 363 924 697 467 854 695 291 858 
721 798 836 317 864 337 119 835 150 148 605 792 182 56 258 855 444 189 506 206 86 415 0 655 992 692 933 88 693 330 57 543 213 800 712 317 385 687 870 403 162 126 11 85 837 709 383 69 608 659 901 909 950 796 589 160 496 673 575 72 329 891 407 635 6 737 359 332 392 782 0 630 356 217 819 222 810 127 932 165 18 220 571 135 894 591 608 259 719 132 36 277 969 337 734 204 117 903 117 726 544 303 176 935 893 
485 836 441 684 790 324 269 142 77 817 724 547 816 670 518 630 171 624 55 514 108 533 737 0 995 176 97 386 395 348 921 90 652 202 455 21 697 478 109 345 168 501 87 201 905 13 907 949 350 58 418 882 790 643 376 543 447 880 11 562 361 533 241 132 453 855 223 539 324 299 344 320 796 70 620 680 520 580 315 618 783 470 812 408 450 357 250 867 692 332 373 272 10 345 988 578 221 862 249 263 947 907 132 381 561 
56 969 387 875 269 472 253 935 541 39 60 100 456 409 3 179 449 576 41 885 105 575 674 651 0 95 432 516 334 133 894 320 188 357 255 725 14 53 490 875 995 983 275 930 458 48 923 855 595 444 418 5 365 848 67 31 901 708 249 327 886 537 812 217 830 582 854 71 138 18 861 690 558 670 366 91 434 423 825 316 708 761 802 788 633 153 461 95 906 590 982 274 550 151 374 439 69 705 913 139 60 6 128 989 866 
474 691 550 742 269 748 48 337 3 715 826 334 13 551 442 190 465 160 27 67 422 91 247 971 981 0 334 159 382 789 354 297 297 968 528 666 251 339 904 679 908 377 109 878 932 122 571 928 13 223 873 711 853 416 380 214 703 332 235 570 128 785 494 380 206 34 613 507 831 41 495 685 189 128 906 971 65 744 226 355 152 448 528 359 300 805 586 373 9 366 385 893 852 228 244 8 528 763 57 689 57 733 975 225 204 
393 321 110 326 167 472 773 314 412 551 772 993 303 607 252 657 168 684 455 568 656 32 455 691 243 365 0 465 281 614 959 444 942 629 458 691 122 447 943 463 135 853 568 354 317 230 909 249 523 110 513 529 951 628 466 908 751 638 208 113 934 159 217 696 450 745 228 598 556 378 459 208 294 845 438 457 277 517 940 278 351 230 287 756 40 645 860 272 819 95 775 528 216 602 556 490 878 768 442 965 475 307 658 335 367 
896 552 23 623 725 226 229 884 309 528 376 642 628 965 507 222 352 457 197 170 209 261 849 724 222 906 751 0 649 444 214 836 930 4 893 934 64 761 772 327 95 781 120 34 174 522 720 232 947 772 499 965 300 562 231 246 663 561 851 642 408 323 102 782 187 436 368 625 217 98 553 425 550 804 786 427 290 685 53 664 447 307 420 196 291 639 221 212 892 17 814 798 831 791 495 935 903 716 138 910 959 703 405 307 529 
81 507 309 323 498 670 394 620 242 988 783 335 528 821 963 191 903 341 148 543 519 904 788 560 85 635 444 603 0 215 603 549 582 893 369 472 35 609 188 64 363 184 716 648 471 5 445 793 415 528 670 421 84 910 705 260 268 969 291 108 86 507 998 758 481 444 712 319 247 342 285 760 305 369 680 954 534 871 736 612 648 720 406 255 932 639 259 133 848 313 394 281 459 889 4 644 942 600 18 79 285 302 216 276 331 
47 562 138 878 466 142 319 554 798 801 16 10 215 911 975 977 205 374 404 826 726 34 572 407 84 644 438 942 567 0 1 579 585 69 620 469 699 522 706 520 476 12 289 949 421 442 305 240 280 291 608 61 542 844 395 402 967 574 504 733 9 43 913 122 760 283 699 603 811 900 792 1000 446 166 652 221 33 186 753 809 962 749 777 20 937 157 72 718 90 313 976 383 851 667 591 485 128 948 615 861 890 545 623 646 462 
753 564 19 14 951 232 952 623 318 591 592 34 777 541 605 920 50 749 457 335 145 615 696 974 684 673 677 836 315 421 0 122 278 227 31 578 959 890 296 942 521 783 318 260 470 98 742 362 49 38 845 689 8 869 27 828 878 544 507 376 255 189 371 596 407 323 854 198 832 600 219 20 783 185 83 552 50 892 445 557 928 82 422 736 651 563 579 497 583 125 320 537 72 161 248 302 91 375 557 813 180 171 236 855 493 
407 621 29 264 762 199 590 46 691 463 507 718 358 760 488 929 218 409 352 624 442 466 374 670 596 466 513 29 988 689 798 0 488 166 117 506 510 478 90 835 974 867 616 893 758 23 650 594 442 910 398 56 522 261 240 777 535 215 931 330 342 344 697 984 197 36 37 49 245 803 103 401 612 927 662 903 587 224 320 375 979 671 354 722 628 359 692 195 700 515 351 834 272 859 462 606 986 848 142 697 380 937 986 58 651 
741 406 331 880 710 209 466 592 366 856 208 438 413 929 283 607 41 206 286 472 456 562 470 136 597 450 85 293 642 865 473 471 0 306 27 889 989 300 35 1000 232 855 637 656 421 968 848 658 432 242 707 48 795 583 591 773 889 741 697 453 858 131 500 825 105 858 190 341 17 851 50 759 345 858 748 645 623 151 955 162 796 189 576 286 158 557 230 374 868 291 373 273 146 48 339 308 57 63 275 778 985 179 980 950 83 
496 279 979 589 142 998 542 978 934 774 986 995 645 223 527 287 77 591 279 11 825 71 821 377 156 899 927 348 751 453 439 513 974 0 462 548 517 763 704 201 451 72 873 518 544 923 197 995 394 897 480 45 927 710 332 486 7 941 670 213 982 133 813 26 620 180 184 60 358 525 56 189 961 428 608 596 892 786 788 356 846 856 578 530 386 25 470 547 543 687 387 235 34 187 630 339 48 936 283 241 801 676 254 255 233 
266 607 900 669 122 87 578 690 439 90 935 826 522 854 395 196 499 622 187 365 106 39 520 484 879 38 284 591 275 586 886 834 334 894 0 200 806 666 878 840 440 156 574 676 54 906 594 337 311 604 830 46 516 871 114 475 906 823 113 856 954 377 223 497 440 440 67 241 859 942 190 131 530 817 782 210 797 414 26 866 462 7 291 63 976 793 983 23 732 861 753 667 667 343 985 230 254 465 169 340 332 153 225 157 319 
723 55 976 810 531 893 486 625 534 595 896 718 691 375 447 984 279 584 868 697 828 329 201 490 303 492 546 302 975 900 691 823 49 174 36 0 182 957 792 894 466 810 319 392 405 475 938 597 685 754 879 697 903 940 298 397 256 364 821 881 772 523 641 461 710 115 880 727 375 452 720 504 995 211 994 518 343 302 881 922 132 599 557 388 386 133 575 662 508 734 259 183 618 234 491 416 558 193 455 113 536 263 961 457 844 
908 707 29 392 816 947 347 192 460 764 428 471 390 997 147 10 630 851 150 171 60 626 395 908 121 508 383 295 111 828 687 879 36 135 688 774 0 471 360 216 428 828 685 813 622 917 455 743 499 737 465 825 928 418 15 353 38 134 411 212 863 613 831 957 492 676 42 540 821 197 661 609 248 458 7 395 59 556 647 167 860 155 238 430 828 261 894 472 961 889 172 245 506 352 812 180 559 441 977 357 854 184 563 663 13 
58 148 849 396 28 871 951 475 473 369 610 724 207 377 521 859 120 88 241 760 899 741 749 549 930 682 953 862 111 990 318 337 484 361 620 943 310 0 374 890 809 26 663 556 169 544 889 894 568 130 178 260 446 577 105 983 275 151 870 15 240 133 278 630 21 852 256 967 716 208 366 880 546 123 206 204 457 120 704 960 33 365 839 142 2 431 323 368 303 258 528 705 548 946 509 581 807 810 760 803 632 162 278 751 276 
329 177 944 848 722 427 459 56 772 593 148 733 951 134 514 465 720 921 128 934 643 861 57 986 866 197 650 234 634 572 9 161 926 430 430 684 736 823 0 307 18 785 290 195 641 89 739 949 565 276 493 177 495 620 43 720 483 376 62 348 976 925 910 255 452 709 167 142 623 221 335 507 152 55 448 854 852 592 690 802 484 715 252 96 879 187 168 833 797 626 101 357 752 835 547 753 106 893 924 814 112 678 281 271 43 
126 967 149 318 565 84 304 207 481 663 683 154 946 665 860 37 836 804 674 460 817 265 775 566 479 695 527 121 758 890 837 970 136 12 896 57 17 676 243 0 274 631 325 337 226 224 411 36 876 189 703 894 149 471 143 247 935 740 165 914 313 746 167 430 129 958 297 691 927 751 394 470 106 771 362 538 130 68 187 177 158 972 126 231 780 695 519 16 180 914 894 718 531 161 29 178 511 403 737 520 789 536 39 973 419 
64 955 829 424 479 34 172 521 141 132 155 845 219 394 143 930 271 553 637 460 144 301 270 469 294 570 752 532 886 655 214 813 844 498 348 518 743 27 95 342 0 237 235 211 886 282 319 610 966 591 488 700 312 632 607 286 977 961 540 861 500 997 410 593 500 180 163 506 199 268 291 115 910 492 251 104 720 761 305 853 261 375 763 983 789 224 629 38 119 402 480 61 80 107 360 549 462 177 233 855 392 203 557 918 641 
7 829 378 376 368 64 870 797 261 99 213 521 300 823 921 608 263 390 962 168 271 80 195 535 417 977 327 264 942 813 556 162 180 393 84 952 647 44 868 457 866 0 391 968 914 983 575 729 728 314 427 705 879 492 329 815 422 853 840 945 993 883 946 639 544 866 920 235 930 537 996 793 412 107 88 777 1 380 2 773 234 584 116 203 811 27 601 736 181 353 133 733 190 782 896 112 969 51 574 962 424 174 695 778 500 
409 961 159 683 599 128 442 225 490 915 131 135 161 406 841 379 495 976 923 956 96 798 903 204 913 85 949 687 156 17 207 760 423 311 119 392 644 176 446 134 848 647 0 363 730 609 721 507 717 827 553 271 612 475 756 78 62 649 220 779 809 774 111 436 639 632 792 323 713 62 579 756 98 439 360 985 872 299 802 379 121 136 985 79 155 637 296 80 727 970 485 74 445 161 815 739 669 331 907 853 850 643 802 562 148 
128 760 426 559 966 947 264 487 968 89 34 191 785 37 172 914 186 364 417 56 915 820 789 455 985 942 501 379 532 676 163 555 320 19 161 579 398 413 371 493 81 668 552 0 663 855 317 388 497 858 710 579 273 217 1000 348 452 427 747 106 183 552 907 774 787 26 568 399 586 875 581 667 859 272 135 789 473 908 343 246 647 568 129 624 757 901 659 336 909 962 457 570 451 70 449 362 757 331 310 869 501 490 132 17 497 
587 480 152 241 648 164 775 474 806 446 400 685 152 913 944 64 31 651 332 54 227 904 92 742 617 235 545 921 8 429 974 492 217 266 953 978 852 449 445 185 929 317 224 328 0 785 371 865 213 238 289 369 368 458 774 637 668 534 121 898 357 656 183 468 82 941 544 958 666 723 892 303 520 764 792 227 115 315 149 607 181 62 847 216 44 816 467 170 751 794 59 942 509 657 168 411 490 854 935 351 159 908 88 14 857 
159 877 176 777 706 669 870 912 53 432 801 413 411 366 909 46 182 429 502 751 984 374 819 467 884 445 6 268 135 12 957 559 294 227 736 463 223 173 679 48 139 849 672 431 294 0 609 306 261 675 333 14 324 664 241 374 689 80 841 759 156 340 894 334 416 582 460 629 484 327 117 554 677 275 657 596 168 107 827 705 962 504 651 690 332 678 786 310 856 768 556 577 868 480 19 513 123 382 437 976 492 377 600 690 601 
781 909 897 951 85 619 227 979 308 776 498 693 429 605 179 884 283 215 187 569 776 918 108 65 645 40 440 83 407 79 559 316 521 844 584 897 575 638 877 706 986 529 268 8 506 513 0 982 280 80 758 50 241 983 694 437 424 117 14 144 593 458 334 916 68 643 639 422 761 851 937 929 15 482 642 232 471 976 115 282 88 874 229 663 652 434 674 868 65 567 985 414 123 3 225 261 219 380 797 537 707 191 632 905 831 
406 656 741 922 61 913 906 892 746 648 189 977 780 917 914 567 826 738 436 261 114 297 930 967 144 987 448 797 907 806 485 225 328 576 546 998 971 644 372 176 228 615 832 46 8 262 142 0 166 673 667 683 231 821 260 484 53 410 553 438 164 924 791 925 183 561 866 75 443 413 649 568 92 9 107 745 853 467 98 855 640 217 331 187 938 811 662 154 804 966 701 932 907 639 878 512 291 764 727 874 19 136 365 946 42 
921 562 36 931 270 783 603 602 54 138 292 990 419 942 285 803 783 902 500 383 629 471 715 639 930 739 474 582 518 541 661 478 770 945 222 981 894 88 681 536 389 31 157 536 254 282 115 919 0 928 787 357 845 63 738 266 552 186 835 861 418 525 954 83 666 12 622 469 389 147 692 745 657 397 324 383 745 406 953 754 973 329 579 136 10 341 199 663 952 62 612 787 32 970 332 24 796 286 271 279 369 249 916 342 970 
602 765 911 701 168 861 150 496 35 382 383 535 182 989 561 399 299 368 933 885 609 76 959 581 130 311 774 115 378 350 257 856 107 205 73 456 976 628 336 25 334 79 952 722 323 247 535 906 31 0 582 304 149 885 42 119 830 745 590 943 593 690 126 440 207 836 604 40 674 964 746 955 155 149 278 64 924 245 534 363 50 708 42 829 811 128 94 330 139 857 453 80 107 219 134 856 886 101 55 658 31 650 770 148 966 
95 508 367 870 921 295 120 829 292 836 273 44 819 82 57 401 94 231 170 524 778 978 482 225 308 930 3 820 575 911 612 691 56 289 979 81 351 749 167 693 738 442 666 946 548 282 861 0 762 202 0 482 318 930 660 481 18 927 890 653 142 784 938 7 839 474 586 726 284 455 717 424 444 270 796 31 721 391 371 43 502 227 161 760 447 122 374 651 583 136 671 823 491 673 874 255 597 144 74 720 639 614 345 883 976 
379 364 639 587 286 987 513 924 762 443 572 151 909 505 982 345 813 583 803 718 503 443 541 832 612 528 715 329 90 201 331 551 22 966 237 314 954 967 897 72 784 834 51 306 490 382 621 371 257 618 755 0 121 567 698 702 514 877 630 5 372 324 493 927 389 933 688 119 452 211 730 958 159 60 793 103 373 845 323 598 57 730 840 636 214 198 78 332 456 458 883 902 139 798 939 540 125 572 91 326 994 579 839 226 797 
292 934 792 964 287 791 417 74 469 332 708 377 399 337 539 167 807 985 726 504 575 133 955 961 541 863 519 937 292 440 640 591 25 579 906 40 251 397 628 312 387 139 581 396 809 107 39 22 329 705 386 295 0 638 270 759 234 558 679 526 883 479 213 417 477 302 827 807 474 975 63 621 559 670 974 26 598 295 339 114 565 801 105 648 288 81 697 625 929 868 743 270 288 64 161 784 114 270 565 970 892 859 900 333 529 
674 541 222 276 926 283 33 502 358 867 816 691 640 761 754 565 421 126 31 460 414 171 57 120 71 360 919 885 193 639 508 892 805 910 551 709 567 108 664 471 580 65 521 23 39 492 193 354 301 843 716 505 170 0 361 378 417 939 859 481 405 357 520 688 159 917 101 412 263 575 137 623 707 452 205 620 133 520 161 509 512 800 506 473 582 667 358 984 660 717 44 390 772 751 473 184 29 343 248 648 942 880 312 15 630 
600 797 49 998 260 461 567 521 488 289 48 961 848 469 52 55 649 405 912 673 338 877 939 551 343 697 161 731 561 996 141 542 780 882 770 849 712 315 830 215 464 369 976 814 279 705 996 43 514 50 902 282 84 942 0 616 25 438 483 796 752 387 762 967 571 603 533 845 566 123 752 915 170 869 712 290 231 951 515 977 632 831 932 182 793 481 324 299 152 116 952 386 834 956 977 847 954 930 96 540 279 581 200 410 699 
961 866 296 326 339 191 834 53 866 585 10 932 345 896 749 685 458 690 163 192 83 405 884 676 209 511 273 777 798 331 581 20 181 782 913 305 29 1000 927 153 822 806 2 154 614 671 646 537 708 342 414 276 494 274 386 0 592 782 76 485 433 7 846 800 114 888 572 219 3 210 345 481 740 571 982 861 951 706 965 61 374 716 604 464 940 928 492 249 837 733 932 17 299 635 91 589 910 777 236 828 872 132 915 790 574 
571 14 121 818 238 962 356 560 643 885 277 822 11 656 550 439 394 610 766 945 879 256 730 877 118 754 86 545 571 631 355 423 251 547 130 689 222 435 0 134 964 642 167 549 622 39 567 455 962 898 621 805 889 10 219 630 0 69 284 849 210 664 22 303 917 287 295 967 831 925 120 980 587 205 642 510 318 104 536 580 344 512 432 739 629 187 283 12 433 713 793 227 997 265 109 969 807 59 480 589 231 888 317 460 259 
204 12 890 948 989 687 241 321 489 123 302 885 285 131 530 34 956 904 529 899 732 765 427 885 952 917 749 149 525 852 693 464 120 682 636 481 631 544 998 775 750 877 798 420 799 297 969 950 126 768 971 775 492 339 205 993 631 0 319 552 767 778 303 598 545 361 551 940 139 389 88 283 786 936 132 132 367 547 636 664 809 199 826 968 861 658 979 877 456 360 259 893 332 565 76 113 890 602 600 336 61 925 228 429 823 
499 88 974 894 385 460 724 703 356 362 380 974 51 645 75 684 471 987 853 550 338 264 787 489 651 43 879 4 420 718 531 32 848 863 488 543 114 247 483 564 509 978 434 403 838 42 746 886 512 25 374 260 781 512 690 646 313 792 0 898 279 459 948 251 489 623 996 756 50 260 621 510 229 9 205 645 247 862 226 519 138 6 310 33 69 572 390 424 162 310 947 307 742 734 134 340 596 113 300 999 282 986 282 164 632 
620 831 44 323 527 199 457 615 69 104 54 17 562 247 761 341 349 266 233 854 246 842 58 428 892 53 747 372 365 330 243 90 575 3 309 795 671 236 690 617 444 80 338 626 796 335 369 225 833 969 727 605 882 741 592 850 525 713 31 0 799 682 106 688 911 867 85 96 851 153 920 549 467 893 59 749 565 663 79 247 266 462 414 700 719 526 130 830 297 598 78 543 886 587 769 923 898 227 620 324 364 367 814 507 479 
643 580 630 38 631 496 753 963 667 806 153 822 801 819 772 428 803 180 979 864 288 702 759 958 591 245 633 75 752 120 226 902 489 617 85 861 641 857 769 772 583 308 276 985 284 139 749 950 717 924 860 910 242 600 251 444 729 660 784 150 0 664 294 79 237 798 791 87 626 153 121 138 698 972 139 212 418 735 956 840 241 371 42 548 36 367 69 902 132 254 63 475 888 236 310 593 745 459 207 244 291 691 52 874 903 
341 727 847 513 284 666 435 442 796 611 27 638 373 158 977 426 209 182 511 160 431 305 810 574 817 535 840 927 768 563 794 887 430 609 655 882 537 616 228 767 899 229 728 430 833 141 666 790 15 757 225 559 446 171 685 759 567 621 186 116 792 0 314 557 168 346 396 695 531 121 576 438 898 715 583 958 846 307 906 728 246 298 862 441 407 138 855 664 869 877 295 580 156 332 143 771 596 153 466 104 860 224 59 2 224 
738 620 229 473 277 905 981 386 553 744 712 382 126 169 769 640 596 629 169 986 303 987 928 17 939 343 795 219 464 313 12 730 720 491 861 540 108 829 121 916 114 824 934 98 30 652 816 658 400 647 548 545 375 697 320 252 604 651 324 599 703 836 0 2 940 117 395 171 156 752 11 903 64 61 299 887 77 434 385 474 58 150 201 209 793 564 107 861 235 220 608 861 308 390 982 848 510 491 450 611 287 200 636 664 434 
687 775 346 452 272 157 912 655 572 51 40 160 482 232 834 538 854 306 513 88 226 131 763 995 87 788 47 209 823 808 503 681 729 378 395 611 919 13 823 675 277 819 173 801 583 545 360 169 141 544 47 955 630 421 773 214 423 497 911 798 11 618 793 0 971 742 939 925 844 515 492 871 674 639 644 477 632 472 123 964 723 404 889 746 662 612 270 501 51 776 57 770 494 594 629 136 343 961 528 510 418 928 1 637 96 
304 89 479 215 700 984 993 138 312 490 924 289 112 616 417 255 951 307 875 347 860 556 883 767 206 158 544 521 328 941 537 44 24 961 761 4 567 663 334 301 576 238 110 982 915 470 135 843 577 470 789 522 77 392 433 645 362 212 721 825 744 754 623 50 0 683 129 263 707 278 659 328 625 413 927 211 686 918 516 628 452 755 849 489 285 575 315 593 242 926 837 321 74 977 725 506 994 901 8 263 892 974 224 804 95 
832 663 41 209 514 410 416 869 293 253 700 44 667 33 782 276 239 29 600 383 247 608 638 988 161 393 5 899 604 927 179 299 91 959 593 813 638 689 461 65 793 899 539 547 181 510 311 331 849 643 532 579 276 122 774 655 439 576 542 358 669 346 652 819 302 0 240 990 612 112 110 732 438 524 350 858 738 761 522 422 99 354 394 687 941 170 339 2 702 216 484 423 523 926 51 521 701 459 90 760 259 475 20 312 713 
446 581 232 372 900 560 967 43 306 919 409 189 75 149 632 110 402 244 962 530 659 268 538 717 236 202 483 361 80 691 996 606 239 53 585 697 265 931 645 221 331 167 481 593 458 894 515 818 814 698 443 895 115 632 595 160 235 812 765 954 793 242 912 444 590 285 0 281 767 562 221 612 402 429 334 577 673 613 871 542 684 19 224 931 743 280 146 141 150 191 298 179 985 579 577 187 538 681 725 560 444 428 704 971 176 
167 852 567 639 192 566 979 374 168 407 250 206 746 517 995 136 938 751 772 49 691 931 821 114 201 976 328 687 775 931 227 220 479 338 207 691 243 743 724 685 964 813 42 216 348 255 358 445 616 263 243 149 762 842 446 129 760 391 640 588 752 476 931 618 562 682 113 0 706 846 318 845 567 106 745 942 922 66 169 529 913 944 32 741 307 47 551 607 688 732 266 911 430 539 575 659 937 337 102 552 639 41 571 208 700 
548 723 57 747 218 138 671 907 332 955 931 664 221 223 369 315 148 747 727 186 961 245 742 40 678 580 598 655 939 241 136 763 113 213 793 123 127 847 631 925 985 117 965 355 968 116 989 997 910 969 272 356 339 631 541 929 546 941 866 589 858 394 379 783 267 977 145 406 0 435 654 83 447 436 818 657 677 979 244 40 250 257 145 468 43 275 404 334 225 615 989 761 779 824 752 940 843 578 846 116 163 478 979 409 247 
493 595 291 917 420 222 166 411 888 953 694 962 770 535 888 916 30 605 597 989 375 843 688 717 781 832 671 730 37 377 933 163 504 849 115 849 866 691 48 634 901 343 87 271 153 603 805 282 3 580 433 237 314 687 472 136 291 649 214 28 182 674 914 278 593 845 59 348 364 0 10 713 300 739 995 381 953 757 573 52 177 219 643 770 80 328 411 418 619 692 104 631 119 167 618 171 18 852 250 194 843 862 333 125 982 
288 519 253 395 567 638 901 369 0 418 168 878 665 174 824 797 975 980 105 728 838 639 756 53 54 39 875 855 777 121 903 529 656 620 363 533 283 24 243 866 216 790 132 741 492 360 149 235 881 497 414 494 192 853 841 155 427 991 864 743 501 211 530 168 730 120 345 376 595 54 0 486 676 6 904 98 4 238 230 708 351 616 99 252 761 405 788 220 486 928 93 500 261 705 456 191 704 934 435 979 761 298 1 560 920 
641 600 275 821 108 513 234 644 98 606 813 409 632 989 126 725 143 821 599 787 58 878 241 765 485 352 187 814 948 822 428 867 135 147 344 31 770 815 919 190 1000 134 997 629 783 796 142 973 244 395 901 878 468 503 891 843 187 184 292 738 284 926 677 118 601 891 471 917 828 983 648 0 924 922 692 974 762 290 709 436 463 174 932 32 406 372 226 397 582 797 392 792 682 665 743 526 258 598 84 842 221 609 23 473 511 
618 731 456 706 77 137 885 367 605 683 816 751 88 382 396 120 350 302 296 897 669 159 347 418 39 834 371 214 334 271 877 485 148 177 441 64 750 355 173 418 945 808 629 34 845 772 486 615 893 14 268 963 822 0 877 624 80 348 813 389 613 220 470 462 682 888 496 837 412 664 330 680 0 485 263 742 95 80 486 308 907 87 444 838 562 566 953 924 463 539 536 215 801 981 774 385 317 427 41 132 702 601 830 527 394 
294 997 758 1 845 133 807 833 815 337 544 933 358 837 521 454 501 108 513 953 870 778 421 475 321 892 439 227 947 907 75 270 828 426 509 824 205 578 58 981 102 489 719 470 947 387 662 466 591 869 22 556 57 183 558 799 897 714 169 869 907 681 268 454 667 776 469 25 731 496 672 663 186 0 835 50 690 607 689 602 766 884 767 417 980 602 130 426 247 995 567 484 990 675 951 193 74 375 66 787 706 612 574 90 725 
423 587 107 407 652 742 336 193 206 914 146 276 90 506 998 241 999 438 522 196 534 363 472 877 28 424 434 875 159 189 874 76 410 909 888 332 956 588 410 374 2 882 790 961 829 942 205 257 735 706 812 452 361 582 877 197 930 923 245 994 112 736 941 392 73 369 162 804 91 240 189 891 680 458 0 634 332 303 824 815 887 80 323 675 870 540 427 979 113 156 783 619 121 648 532 371 546 12 202 378 440 822 894 793 701 
471 737 612 448 350 336 669 580 925 492 790 486 211 887 698 900 470 450 576 524 111 718 998 373 115 176 816 767 717 249 511 910 277 113 977 704 314 46 166 544 594 672 69 556 591 190 750 466 491 189 307 759 120 631 813 988 845 122 649 716 290 993 625 333 79 870 523 423 752 217 82 687 71 257 396 0 44 14 335 546 970 500 505 701 758 749 497 600 870 577 518 707 597 365 633 44 498 101 208 166 497 448 598 689 887 
63 945 172 413 832 173 356 639 951 444 296 893 129 322 164 945 397 333 459 691 360 53 439 900 109 732 162 274 874 13 874 863 270 698 651 232 686 239 118 102 923 466 184 39 690 941 984 61 300 700 704 163 80 144 211 635 715 834 487 365 782 176 817 710 575 376 997 869 954 862 972 831 142 916 449 13 0 507 644 426 754 359 526 770 264 544 592 54 49 603 872 579 958 885 703 858 129 578 753 444 234 62 181 65 243 
385 190 126 881 419 306 272 103 483 491 442 998 514 764 222 14 383 399 293 701 590 716 190 745 7 447 17 757 594 953 541 25 460 445 422 535 135 182 575 423 548 306 888 346 492 221 917 587 944 778 393 687 932 361 733 540 45 425 527 28 975 755 938 514 154 167 695 351 429 695 182 34 648 785 847 616 74 0 286 946 282 573 364 557 353 520 4 400 238 371 310 791 961 509 147 345 344 752 258 737 20 45 517 416 12 
764 465 605 946 842 950 620 540 442 251 795 906 839 202 62 53 193 162 453 420 889 439 41 999 130 210 54 976 150 110 219 261 439 497 467 715 495 16 485 938 291 311 846 223 694 712 632 881 857 952 326 648 999 521 693 703 497 827 981 854 679 767 285 294 636 80 809 674 94 920 7 532 453 590 65 261 665 688 0 249 314 723 503 534 560 876 588 810 584 496 996 84 726 849 513 661 226 757 198 135 287 105 161 323 638 
582 187 226 912 358 231 93 577 79 630 188 668 740 981 370 698 895 297 399 58 862 232 473 524 911 383 79 845 314 4 306 249 276 67 991 919 995 98 677 742 21 70 821 470 1000 600 530 774 462 253 825 862 105 255 616 990 883 995 454 343 406 415 521 621 195 289 866 731 384 461 586 444 803 3 31 488 29 620 146 0 262 873 531 239 891 104 816 692 617 842 987 285 151 46 668 404 431 803 963 902 739 860 33 580 232 
734 29 861 615 437 475 376 605 478 840 720 629 363 255 949 840 637 766 804 812 820 36 278 842 939 868 75 853 110 44 272 696 658 765 110 317 333 691 111 508 254 62 393 516 125 596 188 132 66 315 164 513 261 555 313 859 138 1 901 137 755 853 789 380 148 300 324 690 942 154 834 488 329 70 960 358 87 178 391 782 0 390 713 349 630 608 899 288 321 682 604 59 176 992 155 524 899 306 45 712 279 741 862 731 849 
383 118 845 713 459 284 366 505 622 421 676 627 857 276 264 724 910 574 714 548 272 29 148 52 712 94 844 487 154 334 191 417 142 757 443 455 668 284 990 155 121 723 946 48 85 210 838 704 334 727 642 445 837 1000 251 991 910 540 64 530 509 569 333 814 980 209 694 264 261 707 322 31 503 476 446 686 988 10 752 434 790 0 719 322 478 285 161 820 441 521 176 313 636 256 867 50 487 558 591 518 635 911 391 468 482 
182 887 575 154 71 671 250 630 766 774 445 512 314 232 199 266 713 111 686 869 789 61 737 237 6 47 628 733 767 334 181 320 646 829 468 190 535 919 458 617 420 731 625 892 353 558 229 731 911 777 139 615 378 122 800 204 997 508 194 58 390 458 103 557 828 609 140 262 33 572 125 956 513 448 192 891 731 431 619 962 353 793 0 536 831 855 359 802 685 480 557 918 944 977 315 631 882 73 861 198 140 147 766 535 962 
349 680 19 878 277 626 752 814 346 912 734 680 90 531 942 507 146 780 799 920 522 558 456 299 35 0 369 967 689 593 595 269 132 564 453 363 333 886 288 537 507 786 729 972 569 411 605 357 140 981 744 292 144 820 303 762 506 542 785 359 872 74 278 711 441 59 747 435 463 823 341 559 699 731 531 675 290 363 886 354 764 472 729 0 257 202 987 273 761 98 329 603 68 689 390 466 256 909 58 343 767 507 447 921 54 
402 375 62 193 742 539 187 686 186 506 138 665 618 687 219 320 609 120 470 64 616 469 309 278 717 386 636 43 45 853 808 126 780 31 647 383 789 427 247 751 910 270 837 800 750 961 515 553 463 165 859 832 806 1000 987 684 255 399 362 407 263 168 681 312 221 140 143 986 22 408 439 859 844 397 960 776 632 60 28 435 971 657 978 456 0 487 766 486 370 281 966 130 202 487 366 728 813 436 809 562 26 781 934 535 468 
254 95 971 22 465 573 684 451 355 880 315 733 912 317 661 708 667 676 872 868 453 493 347 940 986 508 957 165 0 745 177 707 447 982 985 728 568 297 891 858 472 811 760 308 460 832 341 458 847 989 114 238 273 370 175 486 181 666 547 326 812 888 307 822 457 70 870 47 548 453 395 497 863 849 797 445 970 599 307 886 470 499 543 123 817 0 110 928 689 607 28 691 171 801 232 618 19 538 935 400 205 927 201 291 77 
323 677 469 243 84 178 899 444 253 422 508 297 766 317 336 956 169 386 226 845 6 863 327 638 16 565 89 276 482 38 167 371 193 128 9 631 99 196 118 502 38 611 329 221 875 622 323 631 277 854 231 692 762 562 363 455 313 794 77 983 382 490 933 965 913 539 773 398 959 30 568 51 987 972 975 533 334 343 993 204 226 441 282 115 930 227 0 314 677 849 617 527 543 73 708 100 426 637 42 522 200 765 402 594 718 
709 343 522 823 804 138 158 736 158 897 571 108 493 320 169 131 971 523 779 19 603 927 571 432 165 138 810 390 108 59 743 108 907 479 451 781 507 528 99 673 553 692 139 404 458 532 837 808 243 247 882 870 315 963 675 598 579 101 990 720 397 13 651 311 585 45 40 435 13 363 680 769 930 367 659 499 129 110 606 431 846 186 173 88 777 266 738 0 651 503 432 29 838 43 721 475 823 887 756 417 585 574 733 927 66 
15 894 553 401 937 19 976 9 995 312 41 88 828 700 471 965 785 751 996 339 852 466 363 739 159 322 957 766 808 464 386 765 153 53 803 286 97 682 523 994 405 705 57 177 330 416 138 34 859 36 799 597 578 862 279 251 794 685 359 998 694 42 133 650 438 989 95 552 886 674 902 691 462 629 492 1000 611 965 395 893 312 706 812 257 820 85 671 302 0 91 183 148 618 393 716 963 682 64 554 8 454 198 244 115 38 
888 576 378 7 847 960 910 216 802 412 74 647 296 535 407 102 239 492 652 329 496 246 636 318 359 401 260 419 33 286 635 436 832 898 457 143 339 612 530 295 976 695 386 885 395 740 274 84 877 880 964 412 421 481 25 999 716 503 827 766 922 392 776 364 934 341 891 402 481 423 974 919 21 692 321 424 420 193 334 584 756 976 740 535 921 868 609 155 104 0 973 217 112 511 227 42 611 350 68 958 269 890 304 931 418 
511 28 828 948 360 659 900 558 797 353 339 942 52 54 372 697 655 856 708 977 436 257 380 123 601 390 276 198 426 873 47 792 917 796 565 377 754 265 309 588 750 382 54 629 424 604 397 896 981 226 621 981 909 981 122 848 13 561 584 737 47 715 566 376 43 829 295 352 897 120 341 711 800 847 976 689 575 760 829 623 120 460 232 918 29 155 130 891 581 651 0 857 538 161 572 726 122 311 878 132 562 71 716 196 247 
898 923 44 526 387 668 840 572 616 180 866 155 583 657 451 350 112 272 961 258 18 973 901 225 712 192 801 993 283 92 315 479 602 427 703 860 261 65 581 104 620 37 67 421 770 47 220 494 510 222 785 583 439 298 733 227 36 261 698 790 287 567 974 526 278 732 274 504 213 160 23 810 922 199 501 244 316 58 96 249 515 750 237 52 38 91 167 391 538 822 18 0 593 487 530 127 934 138 84 469 690 587 527 982 473 
871 751 434 37 391 520 231 440 648 299 80 748 380 538 264 590 584 364 214 892 835 570 18 311 402 600 249 466 479 27 479 832 565 345 370 572 53 972 550 829 461 269 727 930 426 755 477 407 558 967 400 660 537 78 52 880 307 376 328 302 75 691 70 886 619 132 625 337 879 321 812 531 644 559 997 911 343 958 617 179 125 716 798 892 774 680 387 179 342 222 53 183 0 836 378 298 695 331 236 224 386 827 48 42 529 
751 430 132 412 863 140 622 302 419 899 462 711 603 614 391 905 849 477 92 506 125 520 883 764 198 345 980 777 104 294 416 867 808 684 478 819 291 601 341 747 306 509 981 539 752 565 718 914 946 159 550 20 30 222 745 448 743 382 598 114 97 204 528 593 314 64 360 806 82 495 433 893 116 577 234 590 967 295 25 473 475 208 432 403 569 759 956 473 40 176 452 66 224 0 794 589 430 177 626 175 573 22 206 993 888 
101 273 388 73 658 838 383 289 738 560 368 967 46 826 84 487 337 480 556 903 50 364 603 421 763 467 347 641 58 585 394 662 789 217 435 470 767 751 604 372 602 582 576 912 331 882 785 587 561 623 293 267 425 102 525 318 481 922 350 419 610 714 45 840 123 340 82 713 193 939 897 174 293 322 621 522 19 850 143 321 54 443 234 543 921 567 441 233 502 111 998 80 251 913 0 878 46 923 716 931 0 487 817 390 302 
268 503 545 5 238 388 280 389 861 777 632 158 798 278 257 355 91 458 226 762 890 42 413 998 351 765 604 151 658 444 138 482 55 660 653 276 5 262 518 73 77 843 623 852 300 1000 597 305 378 504 571 780 409 827 721 539 204 968 766 851 224 980 477 523 166 703 209 861 345 748 559 901 306 889 83 540 463 761 229 989 580 329 376 418 243 136 290 928 887 188 833 155 198 34 789 0 681 629 440 862 357 242 543 686 232 
828 438 247 974 283 799 526 774 210 676 90 292 952 871 653 309 180 948 306 860 357 681 540 857 120 427 537 325 552 372 110 953 179 361 765 385 893 256 950 418 263 429 106 520 523 343 724 617 794 21 113 87 741 922 329 608 206 143 51 206 105 179 703 396 469 766 578 985 454 309 454 428 271 908 874 347 337 516 892 351 27 495 493 569 535 108 764 837 230 198 989 735 76 347 335 571 0 337 954 581 519 505 359 961 517 
660 927 254 71 593 288 803 316 780 428 513 549 76 569 682 347 727 986 748 423 525 12 812 365 704 401 719 340 692 99 434 149 882 674 22 695 15 733 478 377 797 661 79 537 141 582 82 368 29 898 496 526 500 564 683 397 241 867 882 434 734 901 667 508 965 437 402 16 551 708 695 762 961 470 942 309 215 350 912 667 568 937 353 466 857 756 999 632 23 30 820 968 573 455 57 132 188 0 852 621 105 526 694 465 290 
964 903 252 650 578 442 836 745 283 712 418 352 55 643 673 938 737 583 110 846 995 332 661 966 885 87 489 430 453 112 342 945 608 588 395 516 579 325 296 534 96 999 666 222 163 395 58 621 752 917 172 92 2 275 747 642 555 535 196 460 594 277 59 456 446 646 750 156 260 723 441 650 75 28 547 149 238 25 99 361 253 760 973 297 955 55 957 42 500 645 993 94 520 638 6 520 78 857 0 860 445 271 275 803 510 
122 873 360 497 825 567 797 880 25 229 781 638 872 875 157 718 943 34 26 645 122 876 65 190 443 355 772 783 448 176 78 622 347 944 143 257 162 910 332 770 786 263 639 149 612 540 437 554 417 825 5 464 943 326 592 156 96 414 805 246 367 93 731 803 186 458 576 755 946 664 609 587 999 790 421 754 874 391 809 392 348 620 753 8 492 732 864 771 934 28 744 452 79 802 439 868 457 699 416 0 213 780 490 895 898 
717 875 153 825 264 906 257 832 330 784 161 427 295 687 687 803 287 230 457 923 408 470 893 147 720 338 506 431 825 175 808 148 404 620 106 981 172 736 52 937 410 943 732 860 74 371 538 690 892 550 856 4 442 883 575 156 315 565 102 419 963 530 318 247 371 851 502 378 771 837 862 619 807 182 752 10 845 344 87 994 919 474 612 224 970 928 326 459 578 999 194 324 204 194 344 192 755 878 822 725 0 853 284 805 14 
295 283 382 650 734 905 18 357 826 296 708 18 58 656 821 904 529 326 340 565 78 473 615 160 324 961 986 288 816 404 846 458 996 984 2 83 62 144 400 836 131 878 185 906 84 241 924 342 707 755 300 443 971 385 967 577 751 969 323 988 715 603 563 1000 152 166 124 773 673 476 879 42 245 361 954 666 901 770 99 265 959 422 871 492 463 244 79 310 459 795 403 140 770 354 417 478 882 945 392 634 31 0 530 760 887 
418 180 332 194 200 195 165 329 984 262 160 200 225 4 209 981 604 86 194 142 477 38 754 680 418 690 402 202 914 65 421 462 798 782 752 319 525 255 301 381 811 157 912 201 380 351 33 867 187 745 939 739 648 33 142 368 14 871 756 753 718 37 545 692 709 996 91 232 604 660 234 602 41 687 778 947 648 852 216 45 705 875 737 400 160 869 737 295 708 995 20 570 722 473 171 643 697 464 202 538 264 189 0 846 33 
676 688 16 772 950 973 113 262 796 993 209 608 263 777 621 478 877 253 485 508 139 340 317 922 848 709 114 968 76 371 600 253 787 888 86 350 892 908 737 55 647 83 594 603 33 893 723 633 550 665 654 326 689 866 760 946 224 626 763 761 997 187 275 914 973 882 985 112 479 645 676 557 109 535 2 371 766 709 430 982 479 623 73 806 196 566 879 480 750 86 923 174 307 493 380 184 488 448 266 749 445 644 925 0 61 
603 122 177 765 491 473 752 822 257 29 434 68 458 961 628 768 641 70 424 736 266 102 1000 729 84 165 505 276 434 268 128 102 889 940 673 288 208 769 139 210 994 496 947 596 342 582 575 650 699 836 267 491 579 209 729 898 237 546 16 965 829 129 82 986 916 692 677 665 731 217 4 892 269 643 303 949 598 393 578 311 794 91 556 135 915 810 866 304 386 105 962 467 850 462 556 464 919 100 604 768 337 227 895 509 0 

Depot information
1
1
1
1
1

Customer information
1
1
1
1
1
1
1
1
1
1
1
1
1
1
1
1
1
1
1
1
1
1
1
1
1
1
1
1
1
1
1
1
1
1
1
1
1
1
1
1
1
1
1
1
1
1
1
1
1
1
1
1
1
1
1
1
1
1
1
1
1
1
1
1
1
1
1
1
1
1
1
1
1
1
1
1
1
1
1
1
1
1
1
1
1
1
1
1
1
1
1
1
1
1
1
1
1
1
1
1
