Seed 125 - Instance: n100m5_2
n 100
m 5
Q 9999
L 5
U 13

0 608 413 62 468 812 635 777 929 233 110 523 855 330 478 700 1000 244 951 374 33 665 51 146 399 757 398 337 399 94 663 848 199 429 772 942 444 757 59 582 609 817 541 67 73 35 255 853 408 327 683 395 651 736 340 708 353 93 942 88 176 136 92 278 112 302 947 378 386 353 918 284 655 465 140 382 661 357 747 451 384 796 446 739 551 945 323 622 815 448 508 455 75 284 504 659 31 550 100 683 615 711 531 275 855 
970 0 694 517 869 618 875 934 798 637 185 945 60 462 369 537 960 842 134 328 338 208 992 485 818 130 591 595 566 479 637 61 579 321 19 685 770 849 531 293 195 33 521 921 902 770 321 31 735 546 561 763 179 446 993 530 609 374 415 337 161 443 471 567 453 688 590 296 279 530 745 76 328 37 539 222 246 976 402 904 605 462 582 436 613 880 966 509 43 823 891 522 646 768 448 854 24 92 290 276 450 585 573 933 770 
117 577 0 746 889 590 299 280 722 897 176 261 968 997 467 351 708 765 333 662 941 829 207 156 224 199 448 2 55 219 372 549 345 584 486 77 559 351 288 763 75 943 93 86 503 482 658 467 663 14 99 215 659 259 606 522 541 916 37 347 229 72 890 522 534 329 284 840 631 550 722 582 461 731 1000 523 131 699 4 731 151 588 450 894 275 886 880 236 396 398 607 827 194 493 41 368 403 54 328 641 291 22 873 505 583 
343 212 575 0 803 280 777 391 636 291 435 394 558 915 88 702 865 648 210 380 480 470 936 602 976 772 216 347 145 525 564 997 812 886 569 755 274 344 381 862 335 655 633 304 208 485 765 845 689 803 468 844 391 899 13 819 708 800 695 164 987 659 807 949 926 563 370 675 766 964 492 49 781 14 582 892 106 789 909 325 663 180 958 443 814 856 843 874 600 926 929 549 146 171 352 639 627 628 726 993 56 945 714 51 774 
110 728 985 922 0 802 996 35 120 347 969 32 108 850 583 166 242 567 347 673 574 829 757 708 539 268 78 814 908 884 204 210 155 196 867 386 285 407 763 940 857 977 47 860 800 984 600 943 567 634 569 629 273 341 522 220 903 899 769 347 786 696 472 282 940 41 982 730 107 542 626 889 381 166 501 57 132 705 65 849 774 746 90 223 613 153 265 215 967 169 364 559 20 484 465 848 744 738 338 660 706 546 338 112 825 
328 32 348 960 405 0 962 52 567 741 986 351 932 517 967 485 928 904 874 369 162 526 502 302 190 420 57 275 929 487 237 104 606 241 261 650 12 777 344 728 790 263 629 352 542 95 89 18 324 430 745 766 172 775 410 278 972 751 878 182 793 536 147 461 26 897 303 852 338 888 822 416 582 565 719 823 852 621 307 538 144 612 732 479 403 380 560 436 242 774 825 402 357 775 734 743 307 987 48 330 136 238 78 318 582 
196 753 744 499 702 547 0 447 733 629 459 4 510 782 333 133 672 759 762 336 233 3 928 548 67 578 735 538 249 990 369 170 431 944 699 535 572 260 571 462 954 465 59 328 631 439 61 28 231 535 523 23 398 585 761 888 72 976 782 142 599 906 896 961 711 478 453 239 55 821 511 922 102 786 260 289 401 913 214 988 355 894 230 945 532 519 718 175 330 622 711 281 865 31 875 905 461 64 606 556 409 126 434 423 376 
157 932 236 633 919 803 200 0 138 196 9 960 95 729 330 269 763 844 297 44 807 337 860 416 791 360 665 513 569 724 754 239 304 551 547 968 381 400 622 70 377 738 76 282 563 881 315 83 655 59 705 589 10 35 683 261 279 748 776 627 42 384 514 249 434 789 232 435 544 420 524 414 215 490 303 468 454 324 476 543 821 412 612 158 643 498 268 683 632 154 870 850 3 327 8 44 669 928 137 736 87 13 564 526 868 
762 354 926 980 750 932 500 8 0 424 45 945 644 420 709 286 975 27 576 372 762 201 798 111 6 976 922 800 926 692 950 800 167 46 548 126 949 82 420 993 873 125 291 713 799 204 864 906 4 862 411 59 61 397 853 545 438 942 493 561 203 785 979 687 89 406 493 518 722 833 284 83 875 30 744 637 436 278 510 420 410 233 206 801 572 409 725 382 619 472 277 935 630 349 277 156 531 865 703 95 718 152 247 454 819 
387 650 412 394 282 617 551 31 454 0 695 107 890 362 818 862 303 621 771 823 921 674 827 921 247 872 36 176 682 430 530 892 456 297 92 143 242 481 730 918 846 273 4 735 585 80 864 973 317 181 308 17 393 952 771 358 203 611 849 498 503 527 174 780 722 552 92 254 25 541 971 92 967 168 620 426 774 391 269 475 293 683 640 262 375 778 262 349 627 833 507 838 828 564 371 974 75 277 950 688 789 94 430 898 723 
882 380 46 496 34 859 375 684 652 392 0 659 930 662 34 999 410 65 491 692 684 435 876 152 191 47 761 435 97 977 487 605 286 503 478 105 483 221 557 694 811 595 979 69 101 655 275 274 427 990 668 387 414 225 457 740 209 857 388 875 692 251 480 205 673 826 277 429 280 488 953 698 540 893 77 330 540 352 908 709 405 688 316 463 351 407 481 581 352 143 181 8 406 57 115 480 919 907 239 720 623 5 641 794 370 
37 409 432 246 626 309 823 709 109 196 223 0 966 449 345 362 463 261 472 536 127 630 278 702 539 308 664 770 761 78 344 821 27 673 449 466 829 898 351 110 703 120 450 664 576 237 730 180 509 496 504 579 477 691 487 899 530 41 950 425 481 886 86 568 87 351 984 884 103 128 38 937 313 194 170 918 377 3 671 744 950 250 901 844 453 203 583 432 692 72 125 125 251 124 997 621 5 6 42 626 454 437 300 670 873 
450 309 704 850 631 21 972 658 5 528 497 348 0 42 154 621 551 709 384 799 457 534 958 404 243 793 601 391 671 433 662 587 122 172 372 520 911 630 12 93 203 251 464 821 22 84 549 457 810 200 1000 433 510 614 866 375 459 265 308 10 765 99 313 12 522 31 736 670 882 365 938 267 979 193 354 901 664 545 876 46 682 740 642 158 823 63 18 704 240 790 947 681 104 121 702 904 273 483 733 527 173 128 447 353 254 
289 228 490 920 413 86 651 90 833 111 447 691 523 0 865 91 192 736 694 570 235 314 678 954 912 216 170 245 10 592 991 83 102 723 630 304 515 371 667 394 657 265 337 144 479 498 891 462 991 103 241 301 26 585 603 386 191 345 783 671 533 426 128 855 515 527 23 200 359 529 739 469 79 446 467 46 383 177 746 708 399 434 913 775 858 970 765 125 860 405 11 380 415 66 846 836 695 787 602 767 603 399 987 368 103 
533 208 472 694 723 351 800 671 938 475 208 305 832 493 0 412 605 892 921 341 571 395 222 500 237 517 606 661 492 553 163 895 662 481 199 454 793 344 239 860 444 552 439 884 17 952 920 949 575 634 487 40 935 43 986 197 293 379 931 777 178 598 801 744 413 101 444 882 621 268 439 281 42 507 646 748 362 811 218 932 301 400 189 952 897 946 881 40 876 42 675 601 599 860 272 979 213 625 30 168 256 514 559 255 674 
211 23 648 41 717 857 92 315 424 984 615 932 749 460 228 0 773 663 699 358 574 772 405 67 859 17 583 767 173 283 489 568 272 58 290 728 986 470 188 396 820 754 332 52 294 941 604 3 823 623 62 427 804 187 267 218 641 925 637 236 406 746 468 414 250 432 364 940 535 900 595 223 219 524 236 254 918 705 635 649 824 613 894 333 420 443 173 894 522 965 727 114 121 556 443 866 227 12 441 193 83 795 30 96 40 
534 716 847 786 284 9 153 932 704 128 593 713 469 18 855 261 0 399 951 528 591 397 25 624 664 79 762 138 227 928 314 392 353 473 623 716 551 634 311 56 53 918 548 632 752 304 697 395 676 327 287 972 140 129 897 312 187 763 835 506 414 177 45 288 240 576 816 42 984 497 838 35 728 596 251 460 492 415 659 892 250 716 4 391 900 168 871 495 935 940 631 706 471 249 649 19 218 499 246 910 786 532 1000 599 733 
514 324 245 867 450 650 276 450 20 24 290 400 441 401 264 790 791 0 743 808 231 238 258 999 231 162 347 538 119 351 911 744 734 914 366 659 253 443 567 201 470 494 106 917 191 188 22 940 306 805 156 636 823 49 671 701 435 752 432 84 638 755 999 317 909 284 583 698 964 507 971 227 99 737 245 941 2 876 750 393 182 657 145 133 984 815 938 911 251 317 65 286 548 454 932 737 4 648 666 525 901 102 578 438 441 
99 199 144 936 626 914 361 59 645 206 20 162 465 769 245 906 237 854 0 70 779 853 462 875 14 885 162 798 18 655 787 475 517 640 624 188 31 403 558 258 57 82 451 271 949 22 359 911 221 358 375 549 187 902 856 400 532 338 701 165 371 957 50 533 218 624 696 102 561 582 182 986 9 738 527 832 355 307 494 79 30 592 976 938 635 430 481 162 957 820 626 32 177 152 299 955 490 982 907 692 856 822 373 332 68 
89 987 823 29 912 665 203 942 380 271 857 94 767 92 621 880 294 521 533 0 927 140 619 519 506 413 261 617 792 776 82 123 901 789 399 434 185 181 412 783 366 283 484 266 804 735 617 739 809 514 410 743 370 598 95 482 480 714 506 583 303 669 974 331 704 895 644 558 443 899 719 897 196 869 644 904 470 679 757 553 143 532 825 387 937 327 744 271 204 848 467 54 19 552 238 762 57 593 780 812 546 875 854 223 464 
87 274 647 899 412 319 23 141 257 671 806 875 834 699 632 272 961 226 83 438 0 421 133 680 507 38 585 907 317 240 969 985 154 860 728 364 340 768 994 765 158 993 650 387 264 930 769 660 104 95 393 611 11 61 875 382 371 79 602 882 422 601 43 372 598 921 641 417 85 934 990 51 852 686 456 284 219 728 844 989 849 173 817 662 652 473 134 248 886 132 204 588 711 861 258 564 592 398 306 24 383 224 912 742 456 
182 358 327 279 792 919 428 51 300 97 903 980 106 797 216 761 821 935 411 916 528 0 331 672 919 856 859 267 468 974 324 514 509 674 91 435 675 800 214 465 944 31 145 705 551 884 679 203 245 817 588 990 449 878 852 422 759 516 946 728 350 306 388 13 105 567 243 300 225 493 81 366 278 447 564 828 997 162 107 831 967 650 589 216 782 71 247 310 881 754 566 867 151 505 565 143 476 322 406 872 151 370 602 888 258 
463 779 181 697 827 165 218 968 255 934 399 571 563 408 398 98 541 214 627 911 800 504 0 235 923 279 522 83 269 395 330 920 470 38 522 300 660 821 914 44 741 782 546 437 756 588 461 241 460 141 858 4 547 919 22 281 893 807 236 494 2 148 880 205 788 925 592 486 25 382 486 728 387 560 604 139 223 59 197 411 425 20 713 722 486 403 288 776 542 791 588 661 723 532 861 764 690 605 725 990 314 421 560 986 15 
533 0 234 29 70 165 493 272 586 79 23 832 927 180 665 610 994 531 743 823 335 197 900 0 193 876 208 468 432 475 106 325 499 59 746 390 176 679 775 34 212 265 315 214 788 249 621 133 413 936 58 936 359 579 309 429 807 201 552 737 326 696 961 118 615 498 884 477 397 76 535 764 292 201 118 20 903 946 944 343 718 243 813 274 956 777 644 522 230 956 754 745 950 115 754 842 999 950 912 830 855 209 192 522 34 
776 978 139 498 333 83 944 428 537 807 642 873 481 716 469 141 864 731 254 251 940 169 859 230 0 913 486 983 105 528 327 647 485 268 557 235 630 203 741 817 979 486 176 420 461 324 922 758 620 491 477 908 520 382 6 337 192 74 341 287 331 196 258 802 778 98 358 444 826 557 281 734 361 770 325 672 119 64 934 132 769 394 325 956 7 898 113 766 21 329 581 206 764 212 954 802 37 881 727 404 965 571 176 470 857 
173 809 363 230 272 947 119 755 3 820 799 760 610 467 757 222 269 773 255 472 689 561 449 351 626 0 320 746 623 217 45 511 566 921 549 19 732 473 591 900 184 514 677 560 650 842 356 187 412 221 27 907 971 572 213 275 980 952 821 922 82 143 988 527 476 556 191 370 134 995 507 545 414 35 162 921 306 646 342 723 667 465 941 687 581 388 412 303 945 238 495 809 368 83 378 144 165 907 763 317 928 600 236 836 229 
921 280 478 259 717 434 69 44 991 7 960 164 74 164 801 992 194 163 218 540 141 865 240 829 272 731 0 323 644 344 606 776 288 869 593 502 469 549 851 658 658 85 83 558 501 296 410 230 25 638 867 894 278 905 78 360 746 133 78 46 758 606 256 967 157 896 187 464 167 315 275 126 243 880 821 629 550 802 228 823 583 232 427 788 149 259 57 423 977 707 323 911 812 55 246 220 183 910 340 71 105 276 258 467 996 
23 479 916 653 332 911 268 485 542 335 544 941 697 125 992 35 35 950 338 700 116 696 79 194 471 717 971 0 939 96 423 61 246 95 261 942 940 622 970 18 591 38 640 983 281 804 287 431 60 673 349 575 307 389 456 266 516 451 493 284 412 189 338 876 436 297 818 143 813 585 307 431 811 970 656 981 115 661 561 354 66 997 447 467 473 59 215 447 28 439 5 900 171 221 175 396 213 348 528 667 432 125 48 873 599 
515 973 912 940 974 642 626 772 757 418 761 326 954 638 633 727 99 645 931 482 714 934 934 863 816 968 932 591 0 980 47 577 241 549 536 582 284 387 716 508 891 338 367 242 614 841 358 395 122 727 734 910 464 610 548 669 520 870 527 283 853 431 812 317 29 930 753 852 29 936 200 919 343 87 190 360 592 883 805 671 758 698 790 496 951 0 678 954 788 627 938 615 356 535 535 13 167 753 932 125 507 910 443 844 514 
464 745 772 658 162 180 565 92 630 263 663 976 945 819 309 547 170 338 997 467 753 531 126 156 375 30 936 384 870 0 930 586 904 823 604 898 793 528 574 973 950 452 635 622 441 995 618 648 63 787 147 356 97 707 769 736 119 441 492 843 283 58 493 993 379 376 503 512 790 657 1000 850 619 161 316 568 806 417 309 358 275 839 333 219 335 87 205 212 190 676 551 138 224 348 701 928 53 501 539 581 556 244 648 430 721 
612 696 809 134 412 983 457 630 830 199 609 315 211 728 542 847 830 181 952 408 225 241 641 11 391 103 186 237 394 690 0 489 525 599 902 753 440 986 370 897 782 172 512 872 458 296 316 817 219 406 847 451 353 967 492 519 841 765 153 553 159 0 219 843 417 892 311 463 344 46 119 73 154 98 611 182 84 868 510 911 469 930 871 697 106 421 597 365 430 131 425 891 80 789 906 45 732 633 155 298 222 314 991 346 396 
703 493 998 375 334 337 309 496 466 336 239 424 769 581 302 772 743 811 940 65 178 206 645 629 337 152 939 443 832 726 912 0 378 851 530 794 376 728 793 497 395 886 229 374 82 148 165 999 867 392 189 390 377 311 242 177 92 825 753 759 703 771 494 83 682 513 512 619 258 884 430 782 854 563 605 96 20 284 932 968 846 557 152 537 680 154 778 338 106 731 429 144 47 468 693 576 540 734 705 458 15 157 210 476 150 
845 150 771 806 491 328 241 420 413 814 24 615 975 50 359 146 309 352 865 451 96 642 386 281 359 319 596 708 598 1 252 269 0 260 177 443 251 211 805 411 326 309 62 390 69 759 512 279 728 793 692 733 31 332 600 370 258 566 882 662 523 32 114 130 825 184 964 807 147 992 259 579 200 134 536 516 306 940 700 396 574 759 348 206 140 535 142 188 565 155 793 183 178 679 835 139 325 629 779 557 987 706 268 579 893 
560 87 391 132 810 499 901 927 443 96 612 920 595 701 960 817 126 718 993 284 960 832 609 223 609 583 137 689 207 24 243 432 136 0 35 541 605 152 354 543 890 281 281 331 184 358 247 278 621 260 784 558 114 48 580 323 804 476 126 599 967 216 979 137 802 448 72 618 108 425 340 90 124 668 354 408 702 617 907 789 775 596 343 749 723 614 50 415 738 369 973 683 27 367 323 909 850 375 556 707 244 101 48 591 389 
182 271 34 447 269 414 531 233 824 225 857 205 252 12 950 181 365 588 380 535 972 426 745 292 797 123 832 852 556 489 682 107 627 940 0 420 191 599 650 875 669 691 914 274 737 369 69 896 522 378 438 493 427 438 377 769 672 882 907 391 121 216 15 49 236 708 945 125 159 770 643 732 419 700 650 718 706 692 805 636 226 183 254 416 235 491 752 18 564 463 294 801 169 730 383 447 593 455 154 480 776 973 791 17 264 
631 328 300 806 536 989 661 547 571 458 565 442 389 403 438 429 582 680 730 788 913 217 668 789 281 584 43 631 648 629 92 0 994 800 110 0 152 110 319 672 662 345 256 630 231 541 30 97 256 798 398 145 346 117 382 9 851 887 198 548 144 60 705 167 228 999 779 632 883 796 830 420 50 758 282 512 550 62 868 221 735 451 797 600 154 72 663 611 423 889 707 834 867 685 333 141 65 461 695 587 209 95 961 407 263 
494 182 617 63 923 578 32 495 209 465 288 788 128 280 423 668 980 483 173 296 548 275 721 204 490 658 957 79 926 461 96 623 293 599 347 281 0 541 219 693 738 677 224 171 850 325 448 338 123 610 575 887 633 561 421 152 840 312 741 819 746 710 401 12 13 567 784 249 335 282 492 365 705 406 516 774 186 974 550 595 814 201 507 882 956 372 390 242 135 674 981 766 751 994 14 755 904 445 727 970 370 93 278 523 645 
533 276 577 413 43 51 51 0 703 708 696 662 259 865 707 343 478 676 583 256 67 33 730 582 399 541 177 396 432 842 79 688 249 49 161 505 702 0 693 881 238 274 183 124 885 799 165 527 760 609 121 433 354 399 10 687 882 732 171 158 803 533 511 584 883 152 904 315 479 204 177 484 546 908 399 880 301 871 185 206 812 322 436 284 65 947 854 316 390 870 460 750 767 758 730 294 203 295 738 172 139 430 684 608 404 
501 7 674 356 712 325 168 387 764 781 419 623 213 30 409 647 824 103 495 332 480 874 788 563 829 90 360 618 240 804 949 920 200 198 534 70 309 185 0 606 76 911 300 607 10 244 849 382 368 564 180 346 369 144 241 821 796 571 248 395 455 628 40 428 219 482 576 889 830 595 987 865 152 158 741 965 378 973 66 13 478 4 680 337 616 700 179 904 405 173 560 291 54 741 984 610 290 191 731 637 317 284 702 644 116 
347 291 898 654 396 269 20 26 489 366 769 63 846 259 463 477 855 591 134 751 315 906 711 139 269 198 597 487 50 332 731 909 812 36 241 57 567 605 408 0 45 404 653 688 908 385 887 666 30 468 361 886 614 432 469 764 433 555 717 768 974 97 862 490 277 406 748 229 523 330 890 781 93 166 959 842 205 485 953 887 901 816 731 854 523 268 778 414 325 867 472 136 789 955 848 384 914 667 820 8 821 527 857 512 530 
812 82 341 795 723 941 984 903 523 312 356 817 150 117 123 653 754 75 189 15 798 373 421 561 174 409 744 187 411 17 997 515 942 284 558 364 989 968 256 349 0 184 783 150 62 985 139 643 71 317 629 134 344 720 80 240 600 762 627 843 478 376 732 501 292 175 208 60 80 490 449 526 191 488 709 157 358 987 607 728 414 177 16 131 198 710 752 987 334 804 885 437 367 502 98 36 264 776 504 33 119 8 51 690 761 
400 926 746 522 510 205 812 647 887 508 140 300 387 371 686 139 882 106 86 998 836 247 529 125 637 199 563 418 741 453 224 812 940 184 292 674 703 238 106 111 360 0 459 750 968 415 371 636 234 222 708 703 983 959 453 614 650 888 433 238 481 630 86 385 201 569 464 726 163 48 494 228 970 420 168 865 378 994 154 598 286 791 445 877 701 393 360 846 518 432 424 435 136 147 44 196 584 982 852 49 770 473 175 850 562 
387 893 851 652 292 866 672 729 916 699 711 966 775 664 186 889 888 198 132 274 818 833 4 370 648 569 400 776 28 492 233 287 340 116 511 588 183 449 17 771 382 592 0 86 881 166 331 965 646 94 924 985 668 724 358 792 938 458 592 466 657 870 87 421 43 284 140 378 184 19 30 897 738 875 391 446 535 635 124 760 766 991 643 652 834 22 674 624 620 23 430 445 277 38 221 59 499 383 723 906 716 36 17 349 15 
576 885 826 675 276 270 550 910 811 661 65 876 870 762 471 344 175 846 524 958 506 266 598 587 845 232 44 588 202 537 75 559 144 859 248 388 879 412 552 138 952 178 636 0 103 703 654 126 730 715 713 636 558 953 688 157 639 985 454 240 607 136 863 21 506 784 280 523 264 851 189 421 943 57 272 861 817 587 2 477 818 17 25 386 348 115 172 44 914 311 99 603 486 853 288 98 348 533 940 389 598 49 387 130 291 
460 545 461 737 855 208 430 536 83 770 219 874 922 480 338 383 679 955 442 541 707 381 915 523 584 232 12 476 66 296 975 704 787 791 652 57 965 784 879 446 286 747 158 56 0 804 790 703 207 250 255 531 754 603 193 319 895 258 876 211 716 633 839 532 47 609 546 531 1 928 16 270 60 624 131 697 975 200 360 33 128 107 685 732 787 602 232 414 338 954 928 926 595 881 734 747 824 374 635 866 513 670 312 189 89 
778 799 996 950 587 605 585 103 782 44 326 490 371 68 987 357 675 178 380 251 692 900 332 570 246 471 946 937 959 878 809 426 880 165 428 973 790 1 371 19 616 90 687 931 476 0 103 465 8 86 693 269 257 158 889 318 55 658 350 576 148 883 846 440 73 838 688 686 124 142 561 507 573 767 974 334 998 669 722 305 370 708 875 85 750 549 358 86 403 409 31 102 933 217 803 899 166 931 264 842 363 958 966 857 421 
400 562 623 401 286 716 943 799 84 280 762 336 739 476 787 805 364 560 864 878 477 85 988 987 624 337 373 698 493 570 605 538 966 669 540 456 858 565 85 848 205 148 158 779 123 841 0 386 146 156 849 788 385 558 637 480 500 462 59 688 204 391 434 840 872 569 42 137 822 911 406 967 504 850 577 207 791 599 907 920 612 849 887 891 248 626 552 85 569 708 540 188 540 234 856 503 323 9 292 772 576 612 572 425 898 
74 191 538 214 926 157 495 177 136 774 504 192 271 810 71 722 785 675 926 967 239 256 643 841 445 512 525 699 448 69 399 830 613 793 180 760 620 252 799 727 450 706 721 33 781 815 526 0 294 886 113 373 366 535 121 212 268 51 317 68 141 260 935 372 831 948 133 483 787 279 295 561 718 886 422 772 859 236 130 178 453 141 343 647 116 762 528 486 350 278 972 767 834 74 274 911 788 231 168 372 181 15 38 179 988 
297 977 224 220 500 672 295 443 846 143 817 366 697 856 269 133 944 405 228 10 260 590 538 188 664 758 660 716 744 300 155 47 309 592 178 809 403 340 759 713 587 421 40 575 108 107 874 937 0 13 278 428 564 376 635 418 471 403 974 684 889 532 817 407 644 856 392 692 969 914 249 575 758 18 603 674 159 503 951 533 329 928 948 604 487 122 389 288 172 679 990 828 576 572 801 791 45 537 740 392 288 541 664 384 476 
13 158 397 312 12 755 744 231 308 164 602 913 147 346 605 740 114 59 528 616 460 578 450 282 52 44 133 226 961 680 230 905 176 260 376 19 195 962 567 606 245 763 111 847 715 930 280 837 307 0 119 954 725 311 457 233 376 749 511 111 155 675 362 193 171 937 48 107 996 982 43 892 484 856 312 180 937 663 58 248 573 653 401 245 124 157 372 511 685 274 436 16 908 324 775 267 122 284 292 419 615 587 906 363 146 
742 597 425 396 782 886 894 407 952 711 973 758 767 291 737 78 169 684 876 211 771 252 651 304 158 410 383 339 443 850 697 764 710 989 111 58 451 127 815 644 428 56 415 192 956 348 766 125 657 51 0 98 78 367 828 414 727 388 984 792 67 700 529 84 886 146 827 639 451 273 465 118 416 410 351 722 242 450 545 951 470 49 567 484 289 661 595 730 884 555 198 350 104 798 937 295 822 19 96 792 136 448 711 187 330 
210 552 763 724 507 618 273 597 105 891 166 247 34 845 642 782 237 127 224 122 276 319 598 97 176 874 805 975 554 653 302 643 106 166 104 146 325 464 550 478 102 932 561 785 157 233 17 864 72 173 666 0 120 901 288 303 771 199 113 190 977 567 314 553 712 202 846 207 52 817 577 926 326 514 814 671 909 940 265 655 858 491 362 903 434 976 556 862 720 958 792 494 165 510 238 610 838 782 958 315 227 819 646 759 76 
309 159 744 332 185 726 408 694 120 282 770 938 636 432 737 594 827 918 77 654 50 175 828 917 248 459 378 689 777 474 107 717 805 344 143 695 543 197 527 349 280 969 365 902 783 2 275 429 239 237 543 246 0 639 442 3 673 941 69 847 899 665 571 512 837 438 371 786 128 937 968 281 289 825 707 215 551 382 730 288 560 281 38 241 415 660 172 942 816 538 718 325 335 930 404 209 804 88 334 719 311 732 292 526 620 
239 565 795 801 873 452 771 181 94 358 40 535 688 98 444 624 283 197 541 403 158 843 131 645 836 946 638 180 922 27 807 358 777 756 430 542 561 636 955 453 66 780 971 655 795 620 261 805 366 331 426 755 591 0 747 343 44 479 65 196 47 998 933 812 613 609 461 425 836 203 854 950 158 29 717 177 38 976 503 865 707 631 13 332 95 319 655 474 114 882 657 495 20 427 36 866 66 623 65 818 501 378 638 84 213 
719 84 745 809 949 293 874 244 877 530 989 773 472 741 577 994 711 396 214 881 990 316 620 967 153 769 33 330 748 469 559 271 469 699 83 765 51 620 838 312 333 254 652 424 237 928 923 869 842 491 186 939 816 254 0 237 196 171 266 749 142 675 437 809 97 417 381 436 147 587 86 501 817 981 578 971 188 947 391 977 995 996 593 197 121 429 445 114 842 960 538 33 677 927 964 731 541 552 716 788 698 946 938 584 638 
346 959 872 707 564 116 65 40 821 811 577 29 493 157 237 872 288 982 860 80 852 182 919 84 723 130 673 785 453 18 390 560 583 246 976 397 515 872 172 44 421 425 339 421 874 636 151 222 124 386 851 561 311 143 152 0 581 177 970 943 769 948 465 201 225 432 204 731 946 669 206 499 965 375 443 446 137 673 355 71 641 880 257 980 360 96 653 921 12 96 820 781 495 683 286 114 298 363 168 28 28 242 25 968 617 
331 245 61 505 140 377 309 131 325 270 323 455 261 713 902 854 275 160 655 175 916 484 301 127 475 365 343 357 7 135 715 282 425 220 260 886 755 621 175 978 22 225 616 658 11 811 26 937 518 73 633 73 580 617 669 145 0 955 892 601 241 81 821 191 679 762 574 480 916 875 130 828 277 757 574 633 58 313 816 575 236 256 729 215 2 808 901 342 222 41 596 736 302 615 929 338 773 221 438 298 59 137 42 310 818 
325 592 431 757 400 487 946 976 339 464 618 68 622 6 194 95 375 486 7 565 666 241 502 376 665 373 773 406 44 700 949 681 749 172 974 807 250 168 98 558 554 163 719 179 38 8 791 398 359 637 23 813 840 410 448 604 406 0 581 439 296 736 37 670 759 308 525 904 951 887 202 993 378 842 195 132 939 56 544 591 704 305 861 828 697 614 525 892 464 303 322 323 756 177 186 625 983 810 341 135 398 784 981 767 586 
456 290 78 833 15 1000 46 988 653 802 127 594 905 81 563 746 385 223 753 653 935 933 491 824 168 420 616 508 905 192 488 97 103 239 347 459 229 591 86 862 549 118 39 334 512 10 195 570 383 129 777 844 874 801 648 998 308 412 0 865 915 963 672 145 588 794 804 528 797 992 669 335 197 494 626 972 289 807 738 650 791 999 827 235 688 68 498 521 645 912 672 92 814 835 825 628 5 405 397 139 457 418 138 674 166 
765 608 626 659 508 171 20 863 518 582 279 283 125 333 945 351 141 219 296 576 659 595 911 45 112 64 727 336 909 883 542 430 77 935 228 485 816 382 70 615 183 746 249 423 985 78 986 947 329 103 371 836 782 622 467 908 120 472 144 0 58 629 708 913 316 842 557 91 640 728 527 480 154 272 588 657 536 133 692 295 946 761 635 857 197 303 419 522 322 626 72 921 69 950 717 798 933 24 89 838 80 793 296 711 783 
118 439 108 435 447 40 851 299 864 744 494 945 926 331 852 994 212 41 551 840 597 851 623 52 571 13 769 614 715 945 709 214 32 504 370 543 905 332 400 654 220 921 467 597 777 630 394 706 356 84 242 412 162 403 569 205 472 869 4 253 0 519 163 392 567 732 33 453 992 20 702 617 855 388 296 528 180 784 761 582 506 17 552 791 863 523 571 206 4 72 412 938 766 206 931 511 140 366 371 138 196 488 2 325 966 
162 268 285 382 495 715 406 417 766 365 588 376 319 449 355 295 66 657 965 319 241 739 288 790 470 794 659 40 132 315 145 870 24 891 555 652 732 129 778 365 35 922 514 835 860 518 21 208 216 964 199 668 102 308 723 706 234 556 598 236 993 0 417 820 467 659 901 738 532 417 767 204 288 926 229 172 902 855 782 243 755 108 721 507 582 939 792 319 954 864 511 732 606 158 256 34 583 795 318 770 396 441 227 703 573 
531 39 782 53 225 549 992 406 169 399 947 956 972 949 409 129 781 120 996 717 953 533 164 336 333 528 490 180 935 572 875 721 764 94 387 161 220 146 510 290 466 522 533 728 853 770 585 165 361 68 765 421 177 948 829 41 81 413 651 914 944 898 0 2 5 799 635 34 344 287 386 826 606 592 197 154 60 251 554 951 304 685 375 548 578 780 498 710 652 464 550 663 630 471 201 354 654 386 24 198 697 190 502 298 361 
406 838 728 132 598 151 412 782 8 577 867 423 26 951 663 13 907 197 223 796 642 207 216 15 93 878 661 317 61 235 767 457 260 251 844 846 772 788 447 267 214 838 494 316 45 314 489 625 41 416 944 515 404 727 637 687 807 183 164 17 563 319 714 0 605 925 506 14 136 273 281 808 750 692 756 295 964 969 537 335 495 277 34 767 967 29 663 673 502 709 701 978 753 319 914 438 672 729 914 971 298 120 175 591 143 
996 965 25 792 917 952 853 655 877 760 86 517 572 775 578 913 879 928 723 216 589 884 445 549 861 912 935 212 38 667 174 424 647 133 602 65 199 45 561 50 2 261 603 785 503 62 563 944 194 707 789 836 326 298 872 372 961 453 581 18 81 994 129 136 0 484 745 514 551 753 697 558 63 300 732 263 285 888 551 148 71 566 2 106 153 717 9 620 160 798 99 146 879 992 510 896 643 120 327 410 12 137 820 470 479 
697 651 410 219 764 75 194 218 444 964 408 926 726 637 989 929 940 753 763 916 752 562 909 130 989 846 71 364 746 407 493 328 956 18 58 720 401 591 99 333 581 997 800 422 26 772 337 650 685 272 87 183 176 714 817 797 289 582 857 70 142 977 142 257 413 0 834 149 760 540 592 3 44 478 358 948 227 581 445 625 194 151 273 294 608 247 777 191 15 297 31 53 89 820 380 445 898 322 116 147 897 295 249 455 278 
523 433 985 808 122 716 663 551 637 619 501 452 393 169 869 474 448 244 527 290 787 827 900 425 577 639 68 383 959 838 627 599 900 432 528 806 639 752 56 778 493 438 886 995 0 11 784 724 793 542 671 493 777 591 314 751 381 171 898 161 998 246 314 576 166 597 0 217 969 996 610 676 324 490 389 334 201 109 72 782 499 59 105 825 205 367 151 892 208 883 139 703 316 554 217 503 643 896 332 255 87 49 806 777 334 
483 408 774 420 407 932 233 355 37 335 165 422 507 460 284 100 129 180 458 702 286 154 740 567 763 408 928 940 969 908 278 232 963 463 183 257 648 747 594 569 200 105 973 262 345 764 394 641 586 88 492 503 253 255 230 14 986 663 68 281 201 322 50 825 805 890 995 0 618 548 394 322 797 972 120 615 755 785 518 837 533 168 322 718 246 812 483 263 162 881 928 23 435 913 775 7 429 468 869 899 306 914 957 821 207 
642 684 170 704 183 461 193 628 249 313 976 951 414 292 561 439 589 676 794 63 46 622 894 857 328 238 290 449 47 107 159 522 578 200 52 896 775 720 702 15 211 358 270 849 287 179 571 848 935 478 537 848 829 733 384 932 495 735 672 923 46 799 439 562 495 833 430 702 0 295 164 800 321 656 561 261 675 350 430 998 119 381 15 709 791 831 89 171 935 648 229 596 108 335 44 220 719 399 764 308 404 19 716 602 376 
893 513 734 628 997 950 312 912 458 536 500 675 499 442 97 287 523 261 26 532 794 799 216 638 380 351 850 507 900 41 888 176 379 626 172 663 419 326 625 282 430 995 656 294 531 306 262 226 907 608 928 663 300 751 412 349 220 373 62 49 97 63 172 298 295 32 191 575 474 0 357 807 684 119 316 24 862 232 513 982 480 570 147 455 753 975 780 368 904 727 362 860 791 855 931 989 124 26 93 367 970 446 622 263 708 
35 666 246 548 974 278 859 391 101 289 749 632 422 66 999 891 614 75 617 603 640 348 930 307 112 140 785 153 561 902 160 323 381 596 115 502 948 452 362 560 158 970 119 824 105 524 135 861 583 511 276 376 351 530 78 63 430 351 814 116 272 92 75 95 290 857 429 247 48 555 0 452 218 3 205 161 97 554 703 517 302 105 652 252 544 837 33 463 506 234 603 127 41 731 376 749 990 272 704 730 354 471 13 63 364 
285 435 194 589 819 323 878 606 10 877 97 668 75 880 294 224 240 744 933 330 42 100 811 944 794 796 549 997 441 175 103 724 392 290 465 378 426 661 232 118 82 705 227 80 255 563 156 203 42 248 583 216 322 164 376 989 978 826 977 548 963 780 656 272 472 401 558 49 136 648 906 0 860 505 656 111 407 391 375 257 565 516 639 219 585 30 318 747 949 486 671 999 595 655 120 98 966 591 507 758 365 648 838 730 730 
455 78 949 808 945 685 188 770 996 2 119 298 893 773 732 54 288 283 218 90 938 192 331 417 370 373 752 635 895 349 39 447 791 821 869 473 722 733 303 755 399 646 97 777 359 496 643 343 622 227 912 841 813 515 806 190 683 800 650 57 693 517 246 317 118 373 572 97 301 370 298 876 0 772 639 461 632 627 234 793 353 227 82 652 817 333 799 964 770 449 803 740 122 407 777 153 207 511 121 966 96 416 629 139 484 
224 823 748 878 934 263 72 713 239 935 189 182 298 983 137 248 211 494 588 746 58 513 268 134 104 490 939 628 630 484 914 943 584 765 130 110 707 538 341 995 980 316 975 370 748 85 509 611 239 241 171 44 57 740 689 496 897 938 268 349 660 281 36 211 885 869 618 620 29 947 564 232 701 0 766 419 941 930 822 766 272 824 63 984 21 352 583 409 435 966 603 299 648 384 91 73 212 730 656 392 112 10 769 608 943 
72 362 181 278 940 535 856 954 271 847 588 161 257 102 176 803 505 628 558 812 578 958 864 562 583 461 336 647 116 248 533 591 385 5 410 884 287 780 435 440 387 178 452 172 106 972 377 768 770 123 731 653 321 952 439 810 131 756 996 856 582 499 559 421 439 378 780 887 378 943 887 403 696 184 0 197 341 926 507 997 398 79 554 909 525 151 928 982 394 715 141 39 567 660 517 351 393 23 67 336 407 45 884 308 969 
453 223 536 76 658 139 804 153 99 294 188 467 81 898 189 576 48 466 28 509 892 717 387 345 343 947 36 724 215 190 666 366 119 89 6 815 723 747 713 612 480 409 18 540 212 691 373 168 256 81 885 391 656 916 173 165 210 971 191 980 788 440 95 924 872 561 619 635 466 233 274 15 87 513 879 0 936 690 71 420 863 84 57 704 569 987 933 184 109 206 311 212 931 767 52 944 830 903 84 912 429 658 130 968 85 
867 733 351 766 499 234 530 138 722 519 240 172 731 165 284 437 741 979 29 741 7 200 829 755 313 336 172 249 321 288 10 795 323 802 238 703 701 118 568 899 26 97 927 593 94 957 737 725 744 576 682 27 59 170 38 411 1 387 352 70 705 449 408 532 58 82 219 642 675 36 87 337 821 968 998 640 0 175 977 160 128 360 209 949 707 518 363 379 164 201 598 360 544 684 802 792 997 508 200 379 886 696 908 195 688 
738 99 996 672 736 647 590 426 69 530 95 168 409 934 891 607 459 624 833 524 752 42 143 855 599 398 104 680 195 308 675 147 153 457 955 82 135 835 735 404 730 645 264 881 940 136 352 473 487 981 59 17 893 94 445 90 50 460 605 71 965 458 490 160 518 403 541 441 205 457 681 505 248 674 595 800 170 0 346 234 0 728 477 768 750 799 656 858 285 876 688 714 489 753 864 944 128 881 238 553 415 443 444 359 589 
443 249 3 944 446 917 565 530 451 833 790 566 220 224 582 446 528 626 848 456 767 434 139 115 303 623 839 320 361 558 869 555 444 113 631 579 321 515 499 481 346 915 523 269 881 776 252 546 376 816 607 931 880 347 883 605 506 884 946 772 91 164 716 288 817 851 361 853 959 60 70 180 230 918 543 439 406 243 0 30 34 678 889 320 752 133 661 696 130 894 53 601 840 804 270 478 592 875 782 551 924 753 452 775 801 
134 251 642 994 621 90 95 28 167 150 868 871 455 587 931 737 102 912 240 302 445 589 147 678 794 767 700 548 285 641 340 105 894 217 706 362 595 299 113 90 737 352 144 380 415 574 810 617 811 431 347 728 826 599 433 138 479 397 827 321 564 915 270 968 717 203 214 785 895 908 747 657 93 810 82 234 626 974 397 0 967 98 823 570 794 91 143 247 515 654 400 972 700 662 677 62 386 240 713 151 847 349 143 23 726 
750 200 616 923 460 319 614 22 692 981 608 603 431 269 309 673 147 12 387 621 578 107 369 667 831 603 354 458 314 676 584 291 19 699 458 22 962 901 185 493 601 713 400 835 17 451 221 894 427 319 527 99 102 92 255 739 261 745 449 1 32 801 915 496 662 276 391 739 551 613 197 92 696 879 747 9 52 989 18 632 0 617 956 629 599 876 286 659 907 356 371 918 547 562 527 453 968 754 969 86 153 455 565 148 454 
476 618 522 725 187 805 656 547 512 698 725 866 28 393 907 571 716 92 938 639 353 80 843 605 446 163 563 766 918 222 795 869 921 738 689 331 58 296 186 794 152 752 309 677 632 109 629 872 451 919 388 176 864 479 595 704 419 211 150 794 0 185 415 434 535 847 171 449 823 759 246 873 845 26 729 145 670 679 640 358 645 0 974 305 889 334 873 982 957 321 417 203 616 224 84 533 79 425 62 110 339 166 459 247 154 
644 877 922 440 536 540 705 784 498 436 138 126 937 209 450 391 753 732 264 688 676 962 454 705 285 793 352 24 611 419 697 125 282 212 72 23 492 88 291 865 929 209 719 915 521 243 210 698 962 262 226 835 13 283 527 970 168 395 538 231 867 447 895 875 815 491 406 124 742 424 640 244 493 121 658 23 339 201 689 793 202 472 0 86 727 569 142 420 983 762 991 182 896 421 404 513 734 932 607 818 125 509 964 66 614 
568 142 401 773 248 271 208 413 766 7 398 240 483 862 695 55 321 568 533 409 239 254 976 285 686 270 357 433 678 593 636 640 201 295 670 697 451 61 986 724 353 739 870 891 166 300 284 865 7 202 163 187 354 91 268 364 380 360 862 413 384 599 800 861 477 489 735 62 489 234 684 766 355 676 526 249 933 821 937 173 720 880 750 0 105 385 949 496 979 725 282 446 822 639 47 35 487 336 52 184 592 387 26 251 388 
197 607 709 394 735 840 423 63 215 332 937 681 935 380 332 638 216 688 455 377 546 947 441 224 436 260 222 197 902 989 257 474 927 49 775 618 509 166 449 121 942 514 126 512 111 361 22 655 229 223 956 9 982 536 958 502 163 95 590 833 824 336 304 158 932 986 300 400 606 108 711 573 723 111 429 439 388 134 628 621 145 711 503 287 0 739 561 595 67 665 839 385 262 513 428 99 240 859 277 145 233 28 844 419 684 
65 696 894 378 482 450 171 888 629 285 450 696 238 520 923 796 179 673 279 645 20 431 177 249 680 679 686 101 82 402 371 526 899 561 691 321 850 99 42 669 402 405 283 344 315 198 749 955 889 160 786 793 944 254 944 740 879 975 872 779 80 778 824 947 535 230 184 666 466 630 369 268 646 16 809 442 83 117 204 440 648 853 533 212 532 0 879 435 912 101 132 174 989 896 995 677 308 234 898 157 982 653 473 621 372 
310 986 92 305 147 902 81 232 964 129 893 286 225 155 508 976 197 829 481 491 354 768 499 418 276 375 116 563 152 555 50 663 218 363 882 152 728 122 418 401 691 912 499 109 428 588 527 979 81 327 829 399 412 468 362 302 891 564 914 766 782 429 701 598 14 969 755 1 988 738 416 577 810 822 308 183 86 523 884 461 209 254 862 997 895 781 0 773 351 494 62 949 533 160 141 413 324 314 461 512 728 534 537 903 102 
339 607 991 694 282 209 995 696 694 226 249 689 629 93 119 721 318 477 768 531 165 181 152 33 167 538 180 97 641 159 276 309 610 111 460 596 161 370 819 845 724 612 131 477 379 164 284 86 642 427 179 448 75 310 420 294 157 49 812 728 533 193 662 454 121 855 85 678 817 810 206 520 890 117 799 518 850 96 175 420 903 656 935 536 830 94 15 0 231 239 813 92 76 875 779 511 175 654 228 460 123 328 311 17 340 
563 829 309 348 901 752 466 245 601 332 657 977 807 908 839 609 422 797 376 658 988 882 891 891 877 257 340 902 909 140 149 892 548 25 435 20 708 266 985 233 362 388 38 526 860 638 278 55 930 347 21 55 941 565 706 284 255 212 260 747 865 754 103 503 988 322 121 64 789 531 969 283 828 80 980 264 770 993 335 37 519 627 106 87 708 831 420 673 0 58 38 72 776 602 752 796 497 36 394 498 654 282 170 706 970 
744 471 236 33 999 591 937 667 171 884 846 48 295 573 315 880 135 202 789 292 861 684 324 256 495 562 496 774 796 908 923 775 713 237 769 716 739 392 75 228 685 917 29 945 869 993 881 633 689 240 933 671 951 129 431 70 711 42 309 324 676 322 236 395 495 561 79 702 13 565 589 977 469 949 430 598 759 633 549 776 656 460 244 836 50 409 830 557 785 0 931 186 290 250 697 910 217 967 272 468 244 196 794 82 309 
230 363 860 991 171 110 175 550 229 132 917 416 29 380 509 130 672 835 684 96 873 134 368 896 243 293 801 144 996 25 387 145 784 10 258 210 823 814 975 635 669 926 72 372 950 549 962 455 237 187 282 630 785 577 155 837 382 803 850 626 503 329 641 600 53 614 492 298 624 511 543 699 458 443 403 475 935 517 273 735 365 645 64 66 691 808 560 789 766 737 0 893 157 275 242 658 484 834 829 801 733 254 138 189 873 
942 317 798 833 4 795 714 367 426 588 27 912 749 593 846 328 452 365 468 356 960 914 589 286 280 92 41 776 939 841 113 235 569 17 19 852 813 487 54 361 912 849 842 515 294 281 907 299 819 347 637 816 600 553 306 516 333 89 843 667 609 83 79 469 808 543 810 951 529 957 679 570 574 344 954 196 865 111 506 101 261 79 970 411 726 927 410 979 36 865 438 0 881 685 569 812 311 838 175 992 980 331 838 504 559 
139 232 943 890 439 74 491 14 966 730 536 260 550 802 978 458 925 151 754 598 944 659 750 859 387 99 979 279 714 328 858 220 57 391 837 413 41 944 892 641 529 930 901 398 351 305 259 187 599 349 795 267 484 785 177 166 314 394 736 443 428 275 771 76 723 601 3 653 8 738 365 718 315 438 39 35 809 140 981 946 541 85 955 996 588 217 680 646 40 862 812 553 0 584 263 201 745 997 876 371 452 532 476 807 327 
264 614 228 29 669 388 296 463 989 856 515 66 224 434 359 751 592 919 869 205 101 874 427 249 932 663 275 146 910 126 242 235 102 416 937 892 380 843 670 462 103 98 582 381 784 569 806 711 975 507 575 843 874 491 770 526 658 936 231 252 514 735 287 739 292 459 927 322 613 966 506 605 63 874 605 726 345 888 737 984 323 235 920 57 615 237 812 200 29 738 201 551 174 0 861 274 243 453 101 591 275 669 343 977 333 
807 84 507 667 331 34 919 657 480 999 516 837 463 997 361 388 532 616 971 923 560 822 696 919 737 126 920 528 979 448 792 973 938 416 141 280 245 809 446 142 96 567 898 281 764 140 29 727 644 391 592 938 168 137 839 644 718 229 624 692 730 280 64 267 260 79 964 790 312 283 119 262 374 932 327 335 765 812 594 728 91 392 265 595 435 334 300 887 50 154 214 156 337 205 0 497 311 339 545 229 921 797 250 647 294 
735 605 963 607 756 576 48 457 575 712 235 473 184 919 546 465 195 640 138 478 105 189 502 517 995 880 542 979 841 748 685 804 895 714 244 686 695 153 44 482 295 981 738 969 515 279 79 684 82 847 158 104 125 466 845 885 602 174 413 997 216 348 824 175 502 455 315 155 498 813 68 131 169 791 78 979 69 399 558 698 159 225 506 225 460 821 908 447 656 607 743 328 273 276 797 0 663 755 259 127 725 816 624 22 984 
259 129 733 714 219 51 716 177 560 18 305 913 383 905 800 902 272 64 105 396 555 212 119 685 289 775 771 265 809 713 211 791 550 6 88 787 844 328 890 481 958 63 719 290 988 452 487 913 309 313 729 908 451 842 513 991 939 669 358 54 914 899 25 116 631 838 304 777 591 948 641 47 440 304 77 610 902 462 24 969 197 267 231 634 236 807 32 421 844 227 134 457 302 146 972 510 0 287 147 369 905 727 890 880 816 
353 309 567 104 126 449 988 371 56 114 910 136 801 918 747 81 974 521 409 496 975 758 600 972 710 156 574 669 378 601 551 120 83 213 102 19 453 201 19 120 540 691 700 261 981 35 148 887 722 315 580 461 368 486 82 424 809 95 896 661 156 371 669 396 235 365 128 70 759 68 47 93 951 797 267 403 733 926 741 241 1000 557 218 575 15 396 131 141 224 455 225 486 403 929 933 812 897 0 874 703 468 522 53 427 382 
30 158 105 481 39 160 308 940 394 800 53 597 557 566 210 38 921 931 626 650 842 416 194 958 281 676 723 996 921 199 834 66 117 138 684 323 423 351 998 812 106 199 419 346 97 479 276 252 663 833 333 161 658 468 281 863 843 717 183 262 139 928 841 68 628 245 641 891 387 550 82 250 16 504 794 841 955 71 877 169 874 160 84 957 949 104 492 925 517 468 666 300 654 177 104 695 914 727 0 326 555 786 491 421 842 
246 106 332 385 799 898 526 508 27 847 672 208 735 994 919 737 564 982 126 285 281 657 643 309 708 443 800 444 462 731 94 73 642 281 756 9 278 552 550 773 454 102 373 252 435 314 234 666 809 21 206 412 619 57 410 589 569 618 607 58 677 291 167 614 635 78 481 207 740 596 305 467 723 48 106 46 211 122 374 57 642 962 448 833 949 331 71 554 620 121 690 714 542 946 182 275 124 686 835 0 272 85 3 64 89 
68 778 713 33 922 70 947 498 464 229 76 253 963 305 897 772 217 867 579 233 585 234 289 949 833 125 354 293 77 74 665 809 335 325 969 489 825 630 273 273 908 609 850 767 101 259 122 269 754 294 187 516 616 705 711 133 521 655 718 941 903 948 517 668 827 190 563 480 812 957 533 351 517 790 749 459 734 686 363 46 574 417 741 450 736 700 714 333 140 577 437 649 669 636 516 433 91 485 628 880 0 59 835 922 958 
972 503 9 242 2 706 596 204 755 494 616 898 476 155 55 403 427 786 341 731 532 981 596 502 660 968 582 463 422 615 120 988 641 379 329 752 909 135 690 798 295 707 843 952 626 302 926 229 589 650 968 203 748 725 403 725 237 268 187 284 221 171 549 751 315 641 148 141 437 332 601 137 515 931 359 797 526 476 921 304 514 500 85 201 668 376 270 628 795 419 242 647 775 961 111 265 491 795 1000 283 571 0 226 513 539 
635 563 475 281 878 876 573 102 179 802 154 776 33 968 844 591 49 163 359 599 583 542 154 628 887 775 565 395 476 685 744 593 926 81 596 17 553 283 70 952 675 648 48 158 571 770 344 26 25 423 282 946 138 455 760 919 393 764 680 266 963 390 108 315 852 309 82 101 244 705 245 447 630 701 763 540 901 982 894 65 148 718 799 756 427 285 111 825 976 154 304 497 84 53 126 88 825 51 652 590 638 985 0 345 375 
586 632 829 905 344 462 254 522 215 287 925 940 112 35 950 719 888 471 361 705 808 683 408 798 790 975 369 589 695 70 955 887 661 257 869 602 6 260 794 590 183 559 320 822 344 47 455 147 576 415 798 97 878 724 910 285 824 81 954 556 973 80 729 727 256 502 380 470 855 175 364 565 858 785 230 115 265 895 968 550 647 701 686 680 79 649 773 540 239 239 20 89 476 858 734 977 999 696 221 752 542 696 161 0 298 
532 321 317 834 341 869 340 34 716 171 371 397 845 459 123 369 669 209 591 317 302 838 594 331 69 24 732 615 12 231 863 456 121 423 204 653 62 347 196 673 745 496 296 839 473 481 464 736 713 127 882 535 19 808 870 821 626 42 427 599 853 530 142 779 7 682 773 15 314 59 371 964 393 833 863 172 11 620 898 792 450 590 595 525 584 37 417 88 460 476 625 237 896 501 414 288 649 936 86 245 502 529 677 615 0 

Depot information
1
1
1
1
1

Customer information
1
1
1
1
1
1
1
1
1
1
1
1
1
1
1
1
1
1
1
1
1
1
1
1
1
1
1
1
1
1
1
1
1
1
1
1
1
1
1
1
1
1
1
1
1
1
1
1
1
1
1
1
1
1
1
1
1
1
1
1
1
1
1
1
1
1
1
1
1
1
1
1
1
1
1
1
1
1
1
1
1
1
1
1
1
1
1
1
1
1
1
1
1
1
1
1
1
1
1
1
