Seed 123 - Instance: n100m20_0
n 100
m 20
Q 9999
L 5
U 11

0 396 499 554 850 343 992 906 323 18 397 316 412 670 241 270 166 628 611 146 187 767 702 842 91 860 973 614 464 955 208 374 174 312 961 233 964 501 268 224 795 627 720 495 877 725 249 578 579 102 87 307 641 713 24 626 103 569 1 534 244 34 654 18 701 328 695 144 456 150 687 591 288 521 4 49 849 439 72 321 205 680 935 18 848 527 761 883 697 388 752 590 347 623 507 173 637 273 231 625 381 35 555 650 186 672 329 897 172 951 368 545 58 947 156 330 42 136 81 320 
161 0 498 84 141 951 212 597 157 801 333 698 526 557 812 83 280 264 116 136 405 563 84 767 939 9 612 729 924 168 465 514 500 240 253 454 511 514 94 513 231 685 347 868 615 241 838 634 617 39 233 389 945 445 973 775 641 16 606 490 144 636 683 656 346 753 304 698 833 707 785 710 223 245 218 955 144 590 983 369 949 202 254 447 308 930 975 663 533 44 548 634 406 596 26 483 991 655 13 269 510 803 511 87 417 574 908 300 622 433 537 570 518 230 54 124 102 527 512 263 
866 827 0 132 614 828 936 833 771 720 38 347 727 529 983 581 8 360 92 472 435 638 659 543 475 6 286 145 883 16 793 24 242 410 127 278 694 259 945 517 597 864 390 970 932 776 809 505 624 296 123 492 392 772 824 13 938 766 749 318 938 960 954 300 882 446 685 263 345 259 563 162 890 884 310 108 699 577 892 690 523 991 376 697 328 366 940 152 963 77 197 651 87 836 190 710 60 967 672 502 900 57 91 773 345 286 619 925 50 921 474 740 147 44 448 591 20 494 815 760 
412 561 706 0 884 270 855 715 984 480 881 24 927 403 451 413 31 352 664 221 709 292 200 532 463 503 730 922 961 400 198 989 827 170 886 578 53 224 564 594 489 845 361 999 194 515 357 958 261 550 578 429 378 555 936 898 111 55 908 839 619 112 84 20 152 501 519 697 322 540 531 215 810 222 494 553 82 434 710 850 789 960 355 727 402 752 290 338 888 994 865 101 272 256 791 180 280 666 864 480 901 333 227 907 593 440 942 161 381 784 266 482 414 916 590 281 516 947 79 554 
829 405 661 451 0 176 623 208 504 600 404 516 64 622 253 127 343 264 734 165 136 412 258 60 916 480 475 96 97 534 243 994 586 208 838 752 43 554 14 586 709 971 940 839 860 37 379 275 321 931 415 857 92 307 666 457 920 704 860 495 10 756 97 657 975 518 694 704 368 118 793 455 391 11 863 174 850 388 686 753 906 514 482 651 757 730 975 76 376 534 121 855 971 134 681 629 459 565 602 453 362 541 455 725 910 4 251 300 238 389 825 233 258 936 488 479 55 481 585 154 
287 932 444 818 101 0 756 666 271 969 826 833 746 301 677 714 698 968 169 988 942 998 696 702 49 203 803 90 749 677 733 538 32 902 708 723 455 510 108 678 68 15 767 692 944 201 491 571 951 356 566 29 148 396 16 22 832 403 582 514 285 734 729 532 577 984 111 205 920 261 456 175 159 165 843 749 837 173 757 538 276 705 552 4 694 293 367 112 220 39 145 850 968 596 90 151 470 209 908 33 329 686 207 582 341 724 431 437 544 42 534 789 388 539 20 414 224 221 722 202 
582 579 285 103 321 558 0 660 253 229 914 760 849 442 314 696 806 359 698 863 41 684 769 165 223 992 575 160 165 10 979 22 177 347 671 730 589 14 806 536 667 430 656 200 51 868 262 870 29 541 566 178 980 829 359 788 546 861 780 31 105 435 202 699 579 683 6 726 81 285 809 601 294 670 337 662 223 492 936 908 212 654 998 347 741 48 435 905 754 412 657 266 461 701 571 244 963 758 865 859 718 373 424 98 401 351 541 320 871 778 48 400 301 728 453 92 230 31 332 315 
22 795 872 185 150 375 109 0 252 498 63 593 262 910 773 631 427 158 373 569 524 567 561 145 789 465 524 890 761 950 167 689 387 999 694 659 81 771 876 828 235 996 16 17 857 350 532 397 570 720 509 118 351 144 337 910 733 489 617 909 736 817 105 14 576 864 922 891 596 279 756 793 835 81 297 385 431 982 919 682 861 479 532 822 814 234 658 475 767 659 314 210 642 241 785 800 5 325 78 362 131 679 27 115 337 473 73 884 71 484 172 417 153 665 636 162 22 449 261 68 
194 855 158 287 303 476 483 884 0 124 544 124 50 942 742 145 50 542 985 640 286 152 845 365 572 896 183 625 463 807 83 836 842 156 322 374 654 844 569 325 518 486 960 822 907 144 515 910 272 736 780 433 85 286 843 3 336 508 6 340 287 206 761 294 506 364 690 540 894 851 907 400 66 848 351 709 622 449 886 305 692 396 736 649 776 569 807 129 742 561 878 193 985 196 637 328 49 959 683 435 450 240 663 357 188 84 315 980 140 418 892 72 194 864 183 780 888 109 79 334 
215 871 691 398 539 639 108 19 909 0 279 316 61 987 743 261 334 182 379 571 152 877 827 689 369 316 613 475 445 502 509 404 230 223 950 129 327 389 72 725 143 672 72 846 264 107 964 535 497 361 142 248 591 199 748 939 145 7 777 325 863 549 332 758 203 553 296 755 383 563 160 91 13 933 424 231 125 283 239 266 163 525 302 964 260 719 289 322 744 458 335 901 399 322 912 728 333 284 982 935 564 581 364 627 274 967 217 330 17 656 544 891 135 770 521 640 937 500 724 880 
959 533 89 3 62 49 524 29 593 387 0 794 894 702 365 735 61 951 452 539 341 709 933 771 686 158 312 741 390 901 419 763 172 39 111 198 489 51 657 569 229 226 454 370 654 941 686 251 225 785 17 225 861 303 689 945 594 883 887 633 168 205 858 8 84 501 774 885 438 856 527 144 954 839 355 32 349 898 875 354 248 989 401 546 807 514 710 428 96 729 419 585 809 474 752 957 383 280 374 979 379 416 985 174 955 224 967 157 1000 72 452 589 149 478 359 416 344 32 49 711 
369 826 996 110 793 383 183 995 896 564 858 0 901 265 172 304 991 685 671 194 109 13 226 9 587 414 365 302 205 777 227 306 869 565 824 793 581 945 262 836 864 954 766 242 532 605 337 982 139 945 893 155 811 396 620 350 124 391 994 963 866 81 619 6 169 856 749 918 406 266 89 520 293 490 515 602 461 238 507 98 564 736 177 112 640 813 693 858 774 599 224 926 784 593 689 713 146 918 106 298 216 465 745 862 615 589 372 110 806 940 992 726 294 827 229 148 908 646 126 173 
584 812 285 230 184 657 776 342 725 774 132 379 0 2 11 420 844 328 532 334 499 129 21 646 194 21 143 850 43 432 820 506 92 378 947 100 671 335 765 325 29 463 147 585 687 318 688 69 886 435 386 388 942 835 409 429 211 146 625 70 770 169 258 235 769 925 854 641 706 0 424 48 973 652 150 521 677 237 203 533 33 146 914 559 498 157 193 206 922 109 152 889 402 437 836 912 946 11 127 51 404 807 880 939 726 838 676 370 703 210 845 744 665 884 939 255 650 540 132 915 
628 460 530 145 667 774 15 510 361 567 549 539 750 0 655 642 52 603 52 257 319 279 543 973 537 23 930 259 808 84 666 34 18 175 928 487 248 695 515 950 443 25 741 858 731 590 994 967 179 405 673 628 675 871 491 484 471 385 262 209 172 40 233 673 361 146 718 203 530 491 940 939 680 165 783 505 5 475 961 80 591 976 312 115 341 218 989 582 59 276 375 67 60 486 918 75 951 612 988 909 39 797 657 304 414 321 961 798 207 738 120 190 42 153 918 876 31 478 671 695 
522 874 180 966 89 491 687 850 32 923 316 859 143 487 0 202 729 107 395 150 28 354 824 124 820 321 244 626 356 41 615 625 990 333 104 254 220 962 808 17 545 122 316 4 50 205 503 310 603 892 663 153 959 200 86 654 475 905 79 541 768 769 261 990 206 680 300 924 832 156 685 417 454 37 112 218 655 888 472 653 696 436 537 739 777 746 310 800 385 826 93 802 653 292 457 240 300 99 501 769 795 282 510 320 601 846 171 982 811 279 809 141 83 71 978 776 607 364 195 183 
762 786 820 0 303 676 532 722 820 523 433 118 105 583 874 0 659 262 139 357 940 791 136 182 66 968 846 333 895 839 698 116 744 790 21 845 858 843 910 785 270 11 744 410 6 754 302 705 12 131 689 10 833 640 279 340 751 939 340 324 319 562 815 331 725 845 916 922 471 389 262 232 70 204 648 669 936 793 459 15 471 630 950 426 97 447 258 314 933 142 314 103 922 855 367 411 38 43 797 449 219 495 944 272 209 922 491 488 893 137 307 877 290 923 32 471 394 432 537 235 
139 80 699 955 499 195 234 327 766 514 673 189 451 545 92 472 0 145 20 781 378 401 757 271 270 592 256 466 893 511 93 534 6 614 191 390 877 173 224 809 406 345 83 165 105 794 535 599 21 736 713 744 356 527 833 74 143 413 571 201 544 386 859 826 510 238 107 939 64 209 378 670 95 680 495 835 216 189 924 876 252 557 902 243 5 478 563 972 442 996 463 478 105 483 813 857 487 473 494 720 677 118 807 496 5 456 475 63 966 288 869 109 70 506 23 483 644 948 5 341 
251 495 544 836 884 968 705 325 415 610 394 57 844 604 724 581 290 0 546 301 55 930 191 734 778 818 69 928 354 433 820 737 464 410 430 778 183 379 664 296 496 837 599 157 920 803 976 389 577 170 573 299 348 363 410 841 390 602 690 158 599 355 822 484 522 982 806 836 284 831 556 859 199 351 873 255 841 242 128 964 434 676 418 148 239 730 64 420 548 65 557 248 843 145 575 685 747 682 350 57 675 394 733 743 768 582 465 227 246 835 1000 834 331 638 36 566 441 259 289 360 
458 454 434 785 893 527 591 441 312 767 231 604 248 605 444 388 817 505 0 618 694 973 252 221 956 154 464 16 250 839 760 804 636 59 89 181 464 582 532 601 419 6 683 573 53 945 680 358 349 885 882 484 919 283 305 309 888 500 945 303 393 631 625 208 735 326 246 806 152 723 828 625 382 61 138 549 543 376 962 140 492 940 112 381 305 728 643 816 690 877 78 532 598 646 548 994 27 204 335 267 846 49 777 277 866 560 905 143 456 479 680 818 989 651 202 930 204 213 450 903 
707 82 480 840 591 717 825 754 992 534 585 951 526 196 807 981 103 178 110 0 777 817 815 346 25 632 625 77 690 486 325 410 283 105 344 825 658 603 170 182 954 284 875 647 646 679 891 287 292 537 439 674 575 795 93 762 214 577 974 85 252 554 656 93 723 819 269 763 949 387 383 331 840 612 278 660 315 801 824 864 277 609 715 42 675 681 36 60 389 45 958 916 168 548 745 219 99 881 278 855 819 482 841 132 138 539 106 231 468 339 681 467 547 620 404 797 772 496 78 348 
819 272 78 1000 853 851 437 929 397 737 648 607 316 871 610 808 678 279 830 65 0 776 346 281 59 128 192 367 915 934 391 752 980 86 343 132 859 980 85 827 595 962 389 35 602 888 355 591 241 908 304 139 434 173 414 902 313 177 83 83 880 227 919 272 482 96 385 887 624 440 596 756 378 440 427 831 768 206 483 145 204 106 36 109 0 222 806 589 503 683 751 916 170 482 762 599 237 602 403 64 105 602 601 587 749 252 231 933 841 653 974 890 890 706 334 693 570 799 305 971 
46 4 863 227 668 634 808 219 222 586 220 63 958 308 576 638 720 926 788 549 425 0 468 744 808 616 406 646 746 55 690 489 378 510 992 416 92 959 245 998 848 962 350 735 370 58 176 904 482 859 830 944 935 871 120 775 55 435 147 584 157 549 501 210 565 33 216 916 207 421 217 789 925 235 336 757 817 291 473 859 512 877 164 281 464 642 441 376 637 368 800 483 400 190 241 42 844 70 612 503 636 530 991 715 807 806 320 21 864 731 13 577 569 733 680 555 344 692 106 203 
211 596 209 167 524 233 36 516 763 636 81 571 510 587 223 23 759 127 541 235 416 273 0 473 766 940 973 22 641 917 204 957 584 491 263 433 459 14 576 396 619 29 771 371 171 899 279 847 894 131 850 475 498 933 960 105 38 430 559 593 732 321 639 547 172 281 413 753 147 570 942 65 664 717 18 173 218 218 488 396 181 622 613 705 480 20 730 674 636 490 216 538 953 643 91 211 112 287 15 510 644 427 902 8 596 15 693 710 877 246 542 67 955 781 865 110 364 774 687 72 
346 884 301 864 877 247 593 826 52 288 937 274 592 21 683 714 239 108 891 322 242 120 947 0 463 127 493 528 367 392 945 922 944 319 244 145 197 303 192 130 322 226 594 323 956 198 308 118 186 974 214 489 252 0 738 205 581 201 532 969 481 858 689 411 9 760 828 698 1 676 123 928 824 375 129 361 514 528 434 446 378 124 113 1 31 105 202 695 554 44 68 320 380 897 409 320 105 215 260 612 222 20 158 404 943 152 785 845 592 100 480 617 15 736 845 542 169 442 669 378 
685 886 133 631 469 99 666 248 153 793 81 193 312 478 991 986 487 881 49 973 216 935 654 34 0 164 690 226 142 896 292 222 789 10 866 647 444 562 145 451 223 850 636 54 100 490 234 623 704 919 215 953 922 180 678 35 97 885 376 294 561 760 39 263 920 945 159 30 728 392 535 11 999 145 186 801 160 437 313 882 527 713 423 793 834 601 471 705 300 554 89 959 469 159 978 640 572 242 745 34 402 587 391 538 801 673 968 717 619 472 977 457 63 956 119 214 567 418 332 559 
204 389 478 631 135 996 651 6 291 462 225 11 297 377 398 562 556 417 519 205 593 678 866 401 597 0 904 701 622 417 727 157 706 516 254 342 934 479 477 453 334 981 744 766 358 475 159 136 629 37 77 571 160 186 754 768 981 117 848 21 803 305 906 812 722 234 94 130 187 822 552 906 577 635 290 686 996 707 984 13 201 281 258 468 768 259 877 476 988 250 284 222 220 20 277 67 33 100 165 498 847 816 768 316 835 850 292 903 122 127 919 583 188 559 357 746 638 996 557 739 
319 710 671 821 948 943 837 632 333 247 972 322 761 216 821 362 669 532 596 785 534 959 231 152 894 332 0 763 902 371 217 679 40 543 728 398 461 35 510 249 499 970 624 663 751 446 242 606 969 288 564 715 89 814 404 782 607 530 892 92 526 410 933 758 511 538 937 7 753 141 383 812 527 68 806 246 876 409 511 91 745 181 333 958 829 527 733 179 50 572 798 495 544 46 146 866 406 342 583 908 622 959 618 598 603 388 713 65 63 447 450 116 394 305 368 34 235 320 258 827 
764 668 808 636 931 242 71 381 860 993 141 397 932 55 652 792 271 212 187 634 396 149 428 192 532 599 338 0 277 953 420 740 132 21 250 820 863 745 341 880 940 193 872 907 322 778 723 946 976 491 566 702 372 752 709 830 456 330 384 97 768 661 859 173 359 219 801 399 584 115 524 668 168 284 884 149 591 192 966 52 843 409 698 420 442 772 341 602 646 344 705 542 321 522 794 6 735 672 463 147 654 503 469 211 372 493 417 128 923 671 35 582 294 265 784 313 263 21 343 87 
307 478 871 573 911 50 452 736 189 326 869 218 316 306 182 976 48 622 280 666 96 547 205 778 922 732 98 919 0 376 904 797 929 496 197 374 121 743 761 58 939 598 412 907 483 794 381 922 834 830 22 263 540 274 628 834 447 508 761 231 965 575 530 811 640 891 464 127 570 102 44 611 475 418 890 280 796 440 440 860 112 262 660 613 527 799 256 403 543 248 447 411 369 206 240 134 351 547 335 909 416 376 682 304 964 818 893 545 53 689 483 228 77 323 628 998 717 332 787 948 
420 192 908 294 666 965 413 846 461 793 739 19 230 938 173 853 482 939 302 364 347 538 138 700 346 147 141 179 58 0 958 658 872 814 287 76 625 940 147 517 265 315 369 194 846 562 789 469 185 469 445 390 704 896 391 110 564 166 34 45 417 777 346 836 508 783 711 210 476 520 291 136 24 507 690 911 950 285 997 346 471 743 895 978 939 812 588 592 447 363 21 355 900 307 632 97 468 739 796 324 119 46 910 266 908 880 574 74 83 377 73 449 133 175 327 457 527 218 346 302 
788 279 971 465 303 617 480 827 334 539 928 86 127 753 938 273 383 228 955 356 226 953 280 497 859 76 656 468 64 10 0 672 257 458 139 761 80 287 647 13 273 826 381 997 579 20 40 271 739 710 80 673 18 874 253 770 117 655 170 107 105 87 739 767 955 152 150 69 757 539 8 128 570 571 548 12 771 497 414 67 430 783 854 326 115 108 770 974 721 958 896 734 963 738 485 401 601 552 488 857 680 911 47 89 469 629 977 468 630 127 659 703 998 865 533 107 117 530 527 424 
915 598 90 444 931 7 104 369 320 328 946 530 869 557 338 28 250 337 385 618 801 396 59 885 381 152 56 691 374 953 693 0 629 830 415 990 168 679 378 408 110 108 934 449 827 848 229 7 833 483 48 765 662 868 684 858 909 469 723 473 323 303 941 677 412 379 59 844 359 185 686 957 831 378 142 958 487 638 999 102 929 137 305 701 720 300 909 229 482 709 661 741 899 827 202 89 604 483 464 233 287 538 759 169 328 936 89 742 221 821 520 252 106 859 771 169 220 624 930 402 
545 381 630 511 991 610 529 482 284 537 272 981 476 664 968 258 192 987 495 594 643 334 683 712 721 316 563 863 95 443 618 984 0 305 169 872 25 700 316 858 530 263 683 505 370 718 14 172 550 129 130 393 775 578 565 31 998 109 523 498 880 291 727 320 913 619 522 154 878 827 958 147 838 516 792 666 993 202 318 212 151 437 583 286 977 406 209 526 800 313 126 327 187 913 625 927 985 128 179 852 3 613 270 477 78 116 377 574 903 502 780 238 457 116 972 40 135 658 67 807 
603 380 487 883 698 588 241 979 752 134 500 259 568 752 840 974 97 234 952 247 260 728 713 351 117 159 965 230 393 640 710 354 55 0 213 78 484 738 800 312 201 36 192 585 549 931 157 745 618 760 291 720 403 934 204 869 748 811 532 137 208 266 104 705 863 543 44 399 40 697 921 867 833 445 943 839 839 908 641 625 388 80 952 871 851 188 329 676 309 811 291 140 929 607 476 452 425 518 933 733 257 833 346 473 422 36 836 256 664 620 354 388 130 159 295 386 722 180 707 271 
358 619 853 470 118 869 354 346 244 250 939 540 355 150 284 545 838 251 247 439 642 597 874 93 167 344 268 835 737 371 476 398 145 527 0 936 667 89 125 786 644 897 611 810 75 530 195 28 199 257 411 28 163 237 722 988 463 205 595 634 311 627 157 546 142 363 877 858 935 103 789 628 741 345 448 483 41 102 385 764 634 233 144 574 866 855 348 817 508 396 778 886 74 859 891 966 527 812 817 41 849 26 166 659 645 95 701 339 20 51 325 408 277 462 179 666 24 136 361 770 
386 120 505 216 501 809 633 448 753 259 174 998 612 539 741 606 125 729 523 831 313 145 926 546 134 23 946 5 793 478 145 68 209 550 773 0 532 967 432 859 142 634 119 430 225 657 388 106 872 726 310 392 988 557 102 68 318 845 689 408 406 818 897 911 422 411 366 487 468 496 629 541 904 661 123 103 398 147 348 255 642 711 859 305 929 1000 335 274 318 259 148 695 641 773 557 551 618 787 602 946 574 953 401 883 651 615 75 899 764 911 224 261 744 966 602 210 160 128 243 533 
511 107 331 845 525 833 243 513 521 259 226 460 877 645 578 246 878 822 485 670 835 226 183 381 547 470 747 183 740 845 592 734 726 91 89 554 0 349 686 423 658 447 211 217 770 128 489 888 488 142 81 707 983 803 412 364 534 952 221 384 669 475 857 636 2 805 306 855 87 912 260 674 972 970 54 299 355 476 540 992 926 411 635 345 988 760 971 909 276 806 468 23 69 261 408 659 823 207 141 341 803 232 829 432 895 338 160 411 126 332 768 258 458 353 124 140 521 522 985 555 
407 345 981 718 148 831 122 648 893 652 306 364 338 587 800 920 759 963 412 265 838 940 69 809 136 366 345 461 539 461 980 776 283 351 1 567 830 0 503 870 794 91 86 578 622 114 861 268 871 677 705 536 634 121 573 573 172 277 576 539 561 236 999 426 773 101 737 628 412 118 663 557 608 862 918 71 498 448 470 505 761 407 587 940 405 909 819 914 968 252 136 612 415 531 951 609 63 582 948 303 431 694 841 841 271 701 26 1 315 380 695 184 794 470 293 549 353 16 715 818 
47 127 368 562 316 198 32 930 750 815 295 821 578 882 951 528 329 141 540 428 324 437 25 653 381 690 238 489 761 838 560 295 188 602 562 959 935 897 0 558 453 984 984 535 902 862 600 808 135 281 841 48 406 617 803 818 724 750 115 692 420 752 899 328 370 907 394 596 97 760 264 614 238 484 466 44 541 665 415 652 996 907 308 510 72 311 769 535 441 217 36 53 195 121 796 458 881 270 737 95 247 914 117 628 536 482 791 760 617 120 989 229 869 491 917 198 141 681 431 534 
251 859 334 544 7 584 325 199 568 629 995 109 203 661 342 475 853 857 391 874 460 719 774 522 217 779 50 147 564 467 332 231 557 313 437 152 614 895 839 0 808 271 146 682 232 785 959 968 801 125 257 712 341 428 398 191 110 308 135 52 737 207 102 331 512 951 737 648 212 253 845 114 820 86 872 487 753 549 678 923 941 225 906 565 454 963 865 333 271 236 4 209 150 326 193 55 81 372 323 521 115 571 684 334 937 683 218 141 454 820 818 155 24 475 59 532 150 264 837 441 
799 126 299 715 724 873 741 76 108 956 498 41 264 762 283 280 869 44 129 93 895 751 779 592 921 804 865 862 572 238 174 875 735 944 663 657 92 475 59 894 0 76 215 383 165 418 955 800 512 564 553 603 343 705 358 165 585 193 624 723 31 752 668 873 798 59 66 159 507 585 802 703 166 180 104 205 21 346 879 947 349 883 311 852 271 665 75 806 757 282 136 837 471 776 642 409 736 754 691 356 651 391 99 652 434 135 699 973 451 344 321 255 528 925 525 693 1 935 848 626 
891 975 603 554 420 39 866 403 317 116 180 435 344 19 245 706 231 283 578 483 222 739 767 527 544 349 419 168 876 765 553 760 110 111 889 831 773 639 708 929 411 0 314 261 745 458 810 639 263 571 287 619 671 940 910 665 620 744 385 91 287 576 790 891 266 83 292 351 572 927 211 490 971 129 849 718 427 587 617 311 921 191 59 206 970 107 665 378 759 114 432 943 80 838 288 462 789 498 321 961 336 581 181 339 499 686 650 88 668 692 895 184 543 468 256 691 186 569 441 507 
819 825 894 677 527 492 13 81 947 192 887 971 318 581 221 368 784 741 990 940 271 367 77 102 140 421 772 317 494 895 553 455 623 69 799 853 172 477 260 115 652 148 0 474 762 913 78 654 365 117 363 936 432 278 279 393 650 538 633 622 194 107 535 773 932 495 174 20 92 108 311 517 435 53 606 158 484 918 504 53 144 129 343 75 609 732 471 139 586 355 55 725 377 106 742 55 561 622 4 22 150 978 640 553 980 341 916 502 594 7 347 771 662 770 633 359 620 404 431 662 
162 346 756 734 885 734 148 300 653 37 978 660 376 274 739 23 801 65 700 612 628 59 430 248 796 462 381 292 730 943 913 604 324 965 585 337 894 41 804 324 561 551 454 0 784 476 30 743 301 954 156 988 896 394 181 959 418 349 275 304 329 246 1 196 678 910 176 237 497 118 184 84 893 954 887 141 200 720 903 525 121 407 404 336 428 851 731 894 736 30 291 626 317 66 308 148 510 572 746 111 226 220 568 944 635 709 875 477 238 432 343 715 570 410 1000 452 306 361 314 644 
133 475 74 887 474 564 112 760 33 452 794 377 43 877 102 748 573 77 742 856 596 355 813 578 347 216 333 517 153 328 346 800 693 885 614 270 914 883 473 181 812 706 816 662 0 123 317 999 698 570 381 923 203 450 219 736 327 262 258 924 344 117 883 147 869 255 885 26 814 654 302 145 187 482 439 409 682 671 733 777 649 465 993 662 585 958 343 118 808 593 132 919 200 671 278 556 824 557 717 885 801 995 164 419 835 161 983 764 12 310 971 86 911 999 891 466 750 215 279 41 
10 594 398 228 106 433 218 278 911 843 625 26 174 349 760 529 978 766 868 811 375 38 525 748 618 204 617 112 915 147 587 936 838 764 135 871 518 657 674 494 912 308 11 132 23 0 238 524 292 707 905 181 314 700 18 491 225 391 233 198 4 520 906 260 693 667 488 879 308 565 571 54 560 124 20 911 66 4 230 167 367 437 473 944 231 384 579 839 612 254 62 69 793 313 367 434 672 54 913 818 264 245 593 942 733 536 169 960 721 611 632 55 237 624 890 426 151 727 217 171 
114 729 261 82 436 922 895 137 554 969 724 900 833 313 997 464 32 759 487 434 368 599 688 90 596 647 429 288 260 353 63 598 145 19 743 207 403 325 883 873 356 472 473 200 146 858 0 849 33 688 931 844 59 530 404 439 128 19 82 50 121 699 945 113 44 329 21 278 516 546 686 496 77 304 176 319 706 63 777 854 622 400 565 593 452 552 234 115 147 228 66 969 768 437 696 347 408 35 277 712 146 311 376 484 448 620 496 634 270 777 436 344 12 689 720 5 227 628 412 83 
830 210 698 581 634 31 78 469 809 475 572 900 798 580 351 159 988 441 184 689 718 348 158 806 712 742 527 449 332 758 183 2 321 881 804 357 574 714 502 494 965 724 179 462 796 744 54 0 302 68 369 525 567 47 65 863 215 743 55 568 295 499 433 869 595 295 663 622 491 909 883 303 807 788 265 478 711 239 765 726 317 940 638 303 320 935 465 877 389 599 901 538 668 225 930 684 711 632 539 926 626 378 920 56 854 893 241 755 362 272 359 482 978 56 819 15 609 701 515 464 
832 596 782 935 286 714 837 690 806 874 412 443 467 745 759 963 280 305 28 304 182 212 829 992 920 154 130 496 959 465 452 469 431 4 89 251 831 288 709 625 178 908 391 968 979 820 694 169 0 832 6 479 298 851 432 903 586 589 24 820 137 424 949 586 197 612 309 289 543 140 141 281 143 380 429 61 531 756 179 60 430 467 784 746 893 955 26 623 44 63 767 701 183 991 897 387 690 400 611 528 92 825 985 539 436 461 509 696 984 805 466 934 412 606 974 528 943 272 51 145 
102 140 547 206 280 789 308 962 273 173 44 449 734 840 991 680 732 702 818 653 390 352 451 312 41 297 803 26 417 302 740 846 37 759 199 197 819 860 614 971 222 449 899 929 912 389 84 375 264 0 275 417 538 358 842 394 874 183 40 995 606 742 274 823 717 962 70 889 305 919 648 813 365 820 382 885 979 862 305 827 904 376 484 820 286 816 591 919 810 894 828 774 797 746 368 894 753 864 864 654 582 956 337 55 406 209 852 96 268 866 440 72 330 401 236 87 668 989 597 67 
958 95 834 355 180 869 112 283 314 882 89 5 634 292 412 324 331 931 76 583 600 691 651 606 244 455 755 626 173 887 560 853 438 230 431 652 318 347 787 259 733 353 554 37 945 8 19 860 756 99 0 449 137 451 449 373 832 755 201 226 256 894 498 974 92 601 561 744 571 837 324 578 13 702 954 938 877 461 681 346 429 932 866 836 984 457 353 390 720 313 588 627 446 739 577 169 603 539 611 882 485 559 613 786 633 260 332 737 676 619 319 907 104 945 201 840 59 261 530 350 
922 886 334 387 320 124 74 793 98 164 370 159 231 236 302 585 145 486 287 858 961 206 239 866 637 306 201 757 717 49 616 308 779 489 735 511 87 851 299 854 85 347 184 12 578 796 501 240 276 578 629 0 898 33 143 224 436 823 160 599 594 155 392 804 555 758 473 97 310 513 164 169 965 439 743 38 865 223 499 832 101 161 445 574 898 239 481 913 215 516 192 318 140 998 311 15 602 496 646 583 860 716 539 668 483 407 678 293 945 206 626 42 770 380 719 776 127 683 773 579 
658 351 638 971 17 686 265 480 644 203 253 464 112 552 120 797 525 176 170 150 966 942 216 280 113 929 908 455 389 517 399 314 877 849 189 45 874 658 374 869 903 341 361 501 689 565 823 40 845 441 809 653 0 250 174 12 486 888 49 696 344 341 653 198 364 698 99 335 47 302 618 529 502 211 395 990 588 781 509 944 411 904 164 845 103 23 540 489 883 147 980 697 859 674 704 806 606 457 560 249 689 532 966 657 996 711 164 500 576 719 535 773 256 656 17 708 269 820 428 8 
840 135 24 340 391 487 895 963 488 566 176 694 189 366 57 602 281 265 138 92 270 10 504 463 47 162 723 101 487 230 736 281 858 265 709 2 357 108 29 694 762 661 333 839 69 664 131 878 201 594 345 851 465 0 912 684 572 367 600 644 622 854 492 580 1 310 920 568 791 591 294 464 886 74 499 812 745 645 847 549 575 829 269 6 161 272 333 62 329 853 34 775 583 905 262 620 9 564 974 813 461 390 614 653 822 806 427 425 763 799 126 86 757 554 211 706 596 350 148 133 
992 229 190 819 375 873 364 906 785 161 286 645 591 407 420 177 285 275 65 438 788 51 219 95 153 220 670 376 750 141 342 647 148 903 412 68 110 860 285 225 733 374 939 120 285 105 744 427 877 90 438 828 450 68 0 308 915 863 505 525 62 757 838 481 778 212 416 455 583 451 348 305 590 165 479 398 119 600 764 522 281 159 876 726 127 8 287 353 280 391 596 506 162 362 178 350 275 790 840 620 546 78 744 459 128 587 393 820 511 714 382 890 185 49 898 439 45 592 536 124 
533 300 550 868 373 144 975 542 923 911 90 582 927 200 3 355 109 294 514 1 997 795 896 777 689 939 692 951 353 28 211 907 805 220 663 330 743 680 1 621 108 972 805 117 329 271 725 254 209 36 843 829 930 406 814 0 541 670 17 630 25 860 37 390 575 850 251 419 410 882 585 187 979 185 269 77 12 579 873 197 46 947 766 13 900 198 196 940 196 225 365 277 665 468 743 207 744 496 509 442 833 336 86 627 941 336 179 254 23 449 500 994 402 931 394 138 683 898 980 993 
651 244 768 102 825 517 643 788 731 714 361 196 544 949 789 501 818 594 597 139 310 14 518 483 154 308 364 301 413 991 855 873 955 441 865 462 333 28 860 806 826 729 281 213 612 602 286 409 268 58 54 76 2 498 827 892 0 44 902 646 985 9 493 637 938 848 678 592 371 77 203 463 804 702 100 527 585 352 242 453 309 569 412 247 178 541 162 465 888 769 74 501 801 940 996 666 461 639 35 658 126 97 326 505 244 807 54 772 385 751 359 147 653 594 512 669 849 547 402 747 
759 108 771 512 707 452 423 49 257 121 744 667 32 638 406 662 397 199 192 998 484 600 301 493 172 457 867 988 214 600 844 92 625 684 166 683 815 938 258 303 598 782 648 189 87 781 49 469 537 116 201 41 193 135 467 119 70 0 119 770 385 132 888 966 473 824 849 812 520 772 198 636 466 458 971 744 527 974 164 589 863 15 825 567 442 275 570 922 861 658 903 503 318 611 901 335 280 683 632 830 860 466 19 894 335 830 79 99 461 458 702 955 469 51 539 112 508 322 624 113 
169 331 752 549 2 578 515 403 928 649 138 954 625 680 518 691 229 572 405 863 586 133 782 630 663 495 414 5 867 889 517 96 770 660 745 812 822 626 378 243 779 666 122 996 215 374 675 706 731 994 18 191 142 211 533 457 880 976 0 816 515 78 812 124 735 228 20 811 74 817 67 554 636 885 446 590 283 532 604 201 278 788 213 56 955 785 882 582 76 277 823 471 522 554 490 905 132 644 566 705 525 672 341 194 331 479 966 408 974 447 0 380 378 67 588 451 50 173 403 679 
240 214 480 900 309 576 770 185 3 933 591 650 208 619 878 659 988 339 449 572 658 744 900 430 864 28 372 123 916 487 759 31 577 583 2 496 632 855 669 556 836 529 274 730 620 762 507 964 481 365 491 196 403 353 279 893 322 12 692 0 213 947 26 859 21 56 123 46 122 439 965 662 585 360 336 881 216 895 402 338 142 33 96 857 34 506 458 300 939 703 844 672 64 736 708 98 938 84 977 581 127 808 296 298 839 487 420 562 985 310 872 670 980 707 172 753 26 719 693 396 
84 138 86 743 591 20 480 500 248 491 278 867 848 914 929 594 113 134 108 559 136 297 756 110 716 765 187 492 914 961 664 892 183 959 661 20 836 107 10 312 835 373 170 899 817 255 288 868 238 489 312 34 593 577 431 322 262 603 680 327 0 693 755 932 169 535 812 506 774 939 573 472 826 718 638 973 663 404 479 93 553 50 233 377 882 877 810 364 403 450 24 321 962 290 620 517 326 301 637 869 773 199 534 188 901 592 921 755 157 845 832 595 912 640 664 480 627 836 492 376 
815 222 914 952 302 802 115 266 947 131 538 727 613 340 431 102 243 348 536 19 154 426 369 851 558 696 665 202 487 342 841 185 40 120 242 245 39 408 65 674 700 972 967 12 737 666 474 47 724 338 304 429 911 46 674 889 768 493 483 594 716 0 253 337 231 36 332 252 890 674 778 909 415 914 477 648 391 199 256 471 67 849 182 952 565 70 868 39 89 698 457 685 805 258 217 295 22 346 52 444 139 725 781 111 857 884 583 823 489 481 583 232 979 780 833 438 631 593 48 656 
578 417 56 221 208 149 881 609 422 66 562 880 96 536 212 639 962 153 170 610 665 565 623 83 303 635 175 495 618 251 881 219 543 222 713 289 800 747 821 301 340 992 134 754 563 547 915 656 912 169 923 979 103 830 147 337 18 459 587 437 508 69 0 942 525 752 642 115 143 672 16 463 943 323 103 45 871 563 652 149 101 504 293 327 342 432 918 272 157 172 32 187 698 39 691 274 924 180 197 448 55 390 269 21 478 544 954 725 420 968 445 73 371 39 742 879 634 33 211 803 
368 799 718 226 46 416 918 502 200 297 320 449 588 157 20 998 991 594 117 521 232 608 997 804 903 498 791 310 736 170 893 47 721 593 357 592 37 673 710 656 547 212 303 381 122 882 113 516 616 335 59 797 164 284 970 729 499 592 9 246 245 77 385 0 250 21 728 74 437 100 525 907 292 604 788 468 199 224 797 402 907 595 267 173 932 33 984 325 369 253 617 939 383 138 449 866 304 544 764 31 997 34 114 263 965 783 554 521 934 47 233 656 899 308 248 948 21 873 819 938 
389 69 593 332 174 491 631 460 272 324 401 403 600 509 995 553 377 220 400 258 939 293 638 789 517 275 484 173 196 201 479 291 649 341 514 226 737 756 588 404 572 567 603 318 302 718 934 50 755 140 688 96 915 327 76 313 721 622 411 390 296 877 23 904 0 741 777 987 286 88 228 490 847 173 251 321 170 840 625 233 769 347 280 869 804 219 232 470 321 792 813 116 978 140 355 41 607 103 954 626 127 676 466 754 741 274 693 539 455 681 526 293 381 960 225 749 500 112 869 430 
765 547 13 413 964 6 443 740 789 948 984 245 818 172 496 768 327 444 904 85 384 238 570 62 573 963 267 417 247 313 0 620 344 934 774 344 141 103 156 224 932 872 21 622 73 90 953 730 779 514 362 492 238 19 787 33 242 857 899 427 49 707 223 818 158 0 777 385 774 203 420 668 663 576 587 796 444 826 137 431 459 406 408 552 392 762 271 38 738 28 510 678 881 346 134 967 354 332 121 351 562 147 640 940 730 744 60 917 366 868 680 147 622 767 542 293 855 63 758 343 
869 606 184 203 165 402 683 201 985 159 980 324 512 535 557 762 549 795 264 832 423 800 395 771 79 947 118 90 787 713 78 700 457 893 644 472 110 697 805 139 810 958 466 335 610 394 817 578 934 493 740 715 236 899 162 876 655 271 312 14 930 26 281 677 727 301 0 432 837 359 419 731 187 238 456 457 734 966 498 798 831 161 638 192 117 434 649 954 245 31 263 881 669 868 910 712 822 998 737 442 6 762 364 45 926 275 845 30 209 467 229 950 983 805 364 31 267 900 836 851 
374 866 533 635 986 95 322 59 454 676 288 223 145 268 918 13 491 839 129 87 780 862 75 326 930 24 53 266 786 18 107 98 835 805 249 803 720 446 301 668 317 570 203 464 325 218 30 199 834 492 879 208 671 151 735 232 92 582 887 453 52 781 865 862 136 227 657 0 335 330 980 985 461 332 779 612 318 915 145 125 900 433 127 35 168 328 270 198 113 55 87 807 362 895 101 958 499 751 561 853 834 699 346 720 146 429 718 375 645 514 326 951 387 858 220 164 563 396 589 555 
359 328 0 475 569 584 982 605 872 304 210 867 736 650 248 22 911 255 936 850 749 279 815 413 107 782 29 22 516 469 93 402 186 318 539 731 725 802 493 279 50 886 679 360 886 92 884 398 206 603 655 499 699 153 616 240 840 154 869 149 666 302 623 24 20 110 417 525 0 841 645 502 999 229 928 821 453 702 891 84 989 686 964 172 391 215 752 123 943 132 125 714 315 629 63 90 538 99 515 742 676 796 250 917 772 338 102 794 751 443 466 810 627 221 606 992 482 939 90 643 
668 865 355 531 798 351 727 952 213 185 388 720 995 393 470 190 956 916 382 643 26 933 70 534 339 946 88 553 998 331 440 938 56 828 706 487 645 805 639 369 143 821 615 712 810 475 33 645 673 180 203 794 811 858 510 536 142 967 949 838 371 236 946 865 536 802 510 620 996 0 395 264 231 760 219 393 218 607 136 341 979 704 735 604 249 478 281 13 676 492 136 832 530 354 398 733 129 83 618 283 296 202 141 123 416 463 609 468 994 681 116 139 984 922 117 197 813 642 125 851 
290 303 128 87 330 621 78 150 751 494 649 823 474 616 839 180 248 548 461 636 963 599 743 707 661 65 812 643 883 707 749 524 946 400 75 424 686 517 731 878 467 565 66 640 184 351 42 646 230 276 154 626 58 255 223 988 596 414 654 567 744 305 232 972 364 529 449 741 609 848 0 43 164 178 96 241 999 899 913 262 327 804 518 168 848 682 952 268 847 146 173 517 112 70 534 633 902 619 239 178 695 651 176 360 620 367 666 554 303 798 848 21 876 340 390 38 973 677 952 648 
618 74 246 994 981 895 450 574 346 50 174 16 783 441 621 56 299 125 844 456 372 155 227 499 338 226 938 282 269 936 967 606 976 540 770 820 396 648 34 508 804 829 157 676 275 790 283 389 589 313 375 312 772 1000 170 83 0 673 600 37 143 14 622 491 936 312 933 827 252 248 84 0 511 269 190 745 53 225 82 181 467 201 840 125 894 298 687 357 28 758 285 801 140 758 429 280 78 48 141 99 123 268 308 862 12 204 550 299 188 455 739 15 487 955 238 814 958 359 324 45 
940 354 456 263 35 658 954 37 567 121 197 799 574 641 936 567 29 168 742 641 793 742 59 539 195 306 248 298 905 537 547 253 516 466 306 15 936 543 400 632 389 845 793 278 907 518 592 744 26 501 91 740 742 196 380 591 851 971 942 856 7 79 962 582 893 158 802 437 702 833 797 807 0 564 833 25 698 857 667 857 291 343 153 543 812 580 473 878 398 430 580 37 941 526 616 78 834 746 340 845 903 497 859 958 488 108 607 475 390 571 242 208 325 89 445 517 446 184 767 181 
432 945 987 576 497 282 787 677 828 349 3 321 758 10 774 840 390 895 409 199 298 285 875 483 751 335 776 307 664 544 301 841 892 611 53 230 286 472 247 382 794 88 590 945 362 556 732 593 852 880 200 316 939 512 54 766 861 873 878 790 883 343 105 905 733 120 804 576 658 396 63 36 269 0 644 536 984 763 953 690 375 717 256 532 979 30 290 886 523 471 737 60 251 316 54 426 861 224 847 44 55 76 586 750 714 471 540 931 351 981 280 807 387 446 946 460 907 130 495 168 
472 919 299 351 721 766 607 708 535 740 746 509 858 915 809 717 605 234 93 104 400 572 92 532 395 763 274 205 327 981 602 247 458 494 400 165 592 374 606 977 608 945 591 358 860 841 756 762 814 128 584 93 134 638 935 989 543 428 123 367 874 473 515 52 274 950 552 548 335 305 325 133 841 52 0 906 588 716 898 961 540 330 853 938 2 930 986 66 896 272 206 594 497 113 544 937 864 569 769 864 462 397 428 948 788 508 170 229 719 526 709 456 961 901 787 246 192 32 544 778 
51 265 855 956 241 424 726 55 858 585 470 403 527 221 384 969 666 852 275 481 535 67 113 977 20 512 13 54 825 866 194 648 452 183 678 414 331 727 577 307 800 153 662 221 54 141 941 778 654 204 469 693 165 854 875 18 163 622 365 845 298 756 595 349 267 183 31 869 565 822 742 500 178 834 935 0 872 777 234 638 460 981 846 767 445 234 803 600 100 494 718 109 706 493 580 723 789 219 621 53 344 440 170 626 912 548 111 246 589 521 182 31 972 12 780 706 913 129 962 18 
278 156 252 579 493 135 231 217 604 169 509 46 890 510 91 982 467 971 105 471 187 113 433 381 838 708 556 312 967 630 272 717 913 142 73 649 266 113 545 997 840 974 945 929 518 841 462 475 447 294 672 337 985 893 413 766 736 161 938 607 779 472 315 59 140 98 629 859 339 288 399 219 570 60 248 866 0 705 499 235 122 47 756 858 649 955 491 654 527 516 465 698 826 340 802 789 381 911 932 466 891 289 832 879 743 7 302 678 8 619 547 338 89 935 891 3 163 29 889 603 
143 184 269 717 582 360 817 318 800 686 766 572 324 347 606 990 393 687 324 782 377 474 943 215 200 586 738 224 313 518 752 370 892 866 926 467 346 219 157 228 672 872 114 946 901 145 267 283 240 997 741 813 204 58 628 760 193 476 91 560 779 282 171 955 370 500 719 59 839 951 289 371 236 230 334 128 947 0 866 20 198 523 628 284 38 658 379 660 715 423 592 326 418 834 417 412 486 462 692 347 531 768 242 660 733 762 605 73 55 437 668 867 407 867 996 650 726 395 11 589 
15 321 581 643 161 357 663 928 591 88 313 572 566 110 109 873 614 492 5 669 981 856 517 94 232 164 171 142 856 94 826 867 486 586 188 637 82 882 560 268 92 586 181 837 372 204 300 711 444 887 301 874 37 853 228 395 823 40 312 507 179 490 908 448 696 32 172 630 760 126 653 319 771 480 454 719 978 68 0 945 165 458 682 761 271 844 486 914 692 961 866 546 842 456 976 250 281 973 88 895 903 76 300 942 792 472 998 246 782 438 187 331 205 692 49 459 469 982 664 36 
661 610 379 978 976 940 27 292 114 837 844 716 568 462 668 561 246 357 351 398 490 429 193 562 517 79 523 267 556 443 199 640 113 314 443 57 443 240 875 953 823 554 127 226 240 244 285 234 532 763 94 107 82 171 923 189 516 186 551 97 224 658 718 914 689 204 618 180 649 78 458 228 783 171 387 415 744 486 559 0 658 254 376 415 181 23 626 51 815 714 660 670 480 161 388 88 601 478 634 512 259 11 638 713 916 664 515 762 151 890 909 605 967 130 259 307 718 970 95 177 
539 448 576 713 827 450 457 308 687 624 283 539 968 460 598 417 446 880 135 764 644 473 902 840 797 11 632 280 692 882 308 554 927 253 451 17 133 455 191 703 851 214 326 750 637 427 69 930 137 227 987 120 397 944 949 499 847 820 512 859 930 798 896 621 261 740 885 21 792 61 487 225 347 139 869 522 356 714 558 171 0 411 438 311 723 965 64 548 354 463 640 914 216 543 536 918 877 955 22 312 294 152 655 553 593 655 705 285 425 751 769 20 478 850 906 54 388 170 675 535 
466 328 330 848 70 818 711 5 882 609 950 731 778 571 63 525 662 140 250 444 541 288 323 479 832 56 299 368 806 398 564 14 115 270 319 584 266 861 425 59 252 221 796 445 314 721 636 285 60 126 239 1 99 392 262 362 76 500 820 945 158 282 766 571 62 359 750 667 886 115 381 620 940 957 356 776 12 201 727 164 623 0 54 828 905 420 685 933 568 832 806 75 919 981 914 839 58 620 439 170 218 262 423 541 575 232 121 376 716 797 816 433 683 523 402 546 751 486 197 450 
648 828 323 385 385 704 292 192 763 401 790 194 778 131 182 895 951 441 331 466 86 80 780 923 652 97 748 718 259 304 742 447 875 718 819 422 670 897 84 880 980 128 757 911 782 620 87 396 96 886 690 618 468 732 476 33 232 344 941 957 408 616 332 360 810 991 424 793 814 48 686 198 223 739 768 965 574 808 842 419 981 854 0 611 593 514 331 424 274 561 717 109 949 99 713 108 235 519 862 436 635 438 718 850 201 102 508 274 238 296 180 174 313 250 529 320 394 583 891 289 
384 686 16 966 53 438 862 735 383 627 217 926 149 393 378 653 443 280 562 456 11 648 993 927 149 530 318 495 162 367 73 693 535 636 88 963 517 247 512 983 539 699 822 968 58 679 860 922 390 706 967 872 393 163 905 193 907 424 317 451 779 710 95 752 448 507 491 636 42 259 538 389 634 413 585 449 82 76 650 624 680 240 154 0 182 974 862 752 130 222 851 81 693 625 906 970 579 857 292 489 515 42 302 329 427 960 404 441 618 858 720 747 874 869 253 596 405 979 207 661 
40 8 824 481 542 186 360 272 690 458 47 472 646 739 152 822 235 543 718 213 527 932 454 872 567 973 945 109 66 347 19 846 29 519 530 110 822 281 847 245 313 622 977 802 527 423 5 490 88 217 241 955 822 303 181 657 735 146 206 723 157 440 657 147 736 79 16 59 731 164 711 26 601 747 772 262 842 914 567 510 977 499 831 256 0 276 512 478 306 227 364 353 575 13 886 302 689 563 204 988 752 837 615 99 87 72 222 409 407 17 300 269 542 415 86 264 291 601 822 840 
617 513 241 440 267 281 447 189 617 864 947 183 523 949 489 940 240 856 813 772 177 871 636 603 298 315 207 481 187 214 67 218 192 285 922 670 570 857 386 583 732 764 511 456 455 452 255 457 382 657 595 60 271 135 453 12 537 335 65 381 662 361 698 154 215 911 210 822 1 431 126 626 266 582 462 927 915 770 26 851 572 411 710 103 205 0 718 144 711 339 90 478 39 129 361 869 897 400 767 47 794 872 363 920 389 54 595 105 252 381 580 969 747 83 549 541 790 404 741 276 
919 730 62 260 903 195 30 799 811 610 526 206 486 291 890 274 448 688 783 253 96 208 973 234 797 761 664 616 398 652 375 562 406 877 614 752 426 961 531 745 63 332 237 257 201 380 725 546 918 809 153 323 560 613 835 932 577 867 43 839 596 999 389 293 986 532 968 791 329 270 489 645 903 968 371 339 600 869 874 844 29 690 237 871 31 414 0 877 931 463 388 744 777 289 147 793 681 143 528 514 993 835 21 7 270 400 252 433 119 401 640 566 880 301 306 552 532 158 138 989 
493 859 774 881 794 897 866 262 226 825 1000 326 961 645 827 809 447 191 772 443 753 343 265 794 786 733 782 912 527 828 916 935 426 854 103 518 527 733 120 890 758 401 608 78 385 278 921 528 438 906 95 818 109 839 761 510 88 229 609 338 201 630 686 279 475 124 773 635 68 390 623 606 652 507 873 959 254 545 230 77 695 768 446 299 553 687 256 0 89 137 853 192 91 104 248 557 39 513 774 332 948 953 746 499 561 47 810 156 989 387 961 230 500 769 593 627 679 612 67 529 
937 69 351 665 716 849 483 252 242 131 261 478 168 636 451 786 753 205 401 357 345 279 211 993 638 34 723 80 387 937 700 970 751 71 576 640 673 797 871 600 709 485 78 894 784 330 518 171 56 152 157 354 100 719 264 225 173 876 586 826 422 68 659 297 88 298 66 19 597 78 767 789 475 945 550 342 245 106 143 605 638 20 356 169 989 585 697 969 0 432 112 910 372 140 446 295 650 146 629 457 743 759 416 999 878 412 25 610 849 538 606 287 555 437 744 460 465 661 815 137 
699 630 175 747 585 424 252 591 127 451 401 783 665 662 376 237 329 725 749 929 381 430 216 734 1 17 47 936 87 499 764 1000 189 478 601 91 123 170 435 724 37 879 263 995 958 895 890 283 154 492 478 139 63 625 708 101 494 165 623 291 824 160 180 149 771 10 282 272 0 890 904 350 222 980 610 264 278 584 622 42 424 810 823 900 806 549 107 612 30 0 766 556 622 649 356 76 884 983 416 153 793 258 318 136 228 745 181 206 267 435 361 221 319 610 149 800 316 701 620 155 
975 792 371 260 994 609 782 992 782 55 694 989 112 932 83 402 571 962 396 566 276 803 208 236 607 760 1 783 344 959 526 642 937 749 898 534 588 343 593 179 584 537 550 750 235 758 149 652 884 872 305 510 25 590 405 143 992 89 200 366 60 700 955 688 771 44 102 267 302 82 755 935 861 505 218 168 128 903 703 670 214 733 464 425 907 963 304 440 38 515 0 235 509 274 273 279 986 788 336 574 471 642 950 650 62 274 741 951 293 600 498 859 563 781 892 918 899 388 695 499 
963 429 452 17 233 275 116 757 978 229 320 666 164 435 814 686 661 663 243 948 272 430 291 103 424 554 563 629 686 508 767 747 237 799 529 595 649 970 530 185 751 476 343 151 151 31 167 451 1 164 62 642 538 34 951 502 919 128 732 889 652 413 138 412 53 11 730 217 410 544 204 847 472 916 734 816 277 399 667 152 224 92 332 144 912 128 78 577 397 938 278 0 819 26 881 71 794 601 322 328 410 763 856 382 40 816 170 19 300 903 702 859 876 574 524 435 967 682 978 297 
771 977 984 879 661 655 809 177 529 317 738 359 800 253 803 735 618 79 271 669 15 467 301 579 492 427 491 476 329 334 560 795 549 350 609 601 954 221 122 154 748 158 700 299 712 330 601 407 196 885 960 297 220 793 506 556 609 36 113 943 934 431 653 286 175 762 792 390 10 658 264 587 810 55 985 49 728 1000 508 701 679 899 785 645 968 123 233 560 851 115 472 520 0 256 414 271 29 759 259 100 69 231 634 615 945 306 319 40 939 354 972 599 393 777 832 323 381 649 888 583 
55 804 812 33 486 370 361 321 110 667 543 448 445 460 826 794 895 279 705 827 609 979 944 643 600 2 361 662 300 706 975 747 952 105 537 682 979 26 265 43 234 963 366 121 222 340 374 47 893 39 862 316 976 362 753 69 826 133 38 66 944 77 670 508 506 245 65 60 784 993 561 405 427 49 85 328 953 171 391 335 411 404 258 15 168 233 414 533 850 233 938 901 308 0 3 441 266 423 686 775 57 412 347 135 695 440 699 166 97 167 356 662 120 727 695 947 626 914 326 431 
649 399 409 428 53 44 758 168 97 801 548 245 795 620 688 362 85 214 586 516 843 145 622 901 843 564 645 557 78 582 224 429 437 624 893 246 744 289 994 305 561 971 471 884 727 824 266 223 240 59 747 157 873 885 343 89 76 549 826 829 223 644 677 708 945 799 66 165 6 287 84 911 570 899 527 41 130 877 420 140 641 622 137 101 95 832 100 103 808 822 243 282 540 665 0 545 1 564 867 687 67 228 215 104 985 858 493 746 160 812 290 456 517 334 688 224 656 889 39 539 
991 326 320 28 454 208 122 388 193 364 928 904 482 236 88 346 284 725 720 49 776 232 816 907 326 870 280 223 473 307 309 728 737 904 608 854 566 198 738 424 750 507 678 814 721 987 895 914 410 169 687 848 958 309 731 841 966 764 775 54 45 182 762 915 851 858 623 793 115 93 223 919 557 973 292 397 515 529 359 38 290 858 675 73 662 292 917 599 548 530 632 814 88 307 427 0 263 934 106 721 326 410 844 907 634 466 889 564 198 526 757 962 233 821 155 901 984 395 204 313 
735 555 479 525 44 994 995 427 103 47 477 792 155 690 360 981 253 956 179 739 681 516 454 7 214 26 385 446 916 155 216 194 185 683 657 941 154 260 895 590 251 377 80 438 675 93 232 613 415 950 665 772 967 6 547 281 504 581 715 114 384 748 179 121 60 129 1 365 610 720 776 968 329 432 89 455 387 469 892 690 958 306 622 275 715 16 156 769 258 499 604 533 591 423 973 58 0 212 6 628 41 528 889 947 927 273 806 688 1 817 754 762 700 639 339 313 312 194 375 117 
21 969 478 334 745 840 248 327 447 392 993 259 986 54 610 209 857 213 969 202 204 673 845 830 214 788 565 769 19 535 788 429 466 761 944 296 844 847 576 572 430 616 647 437 439 120 662 941 876 628 602 209 163 498 35 940 201 982 107 522 998 762 878 225 908 940 667 242 729 327 824 683 331 142 319 745 916 614 416 288 668 145 600 965 476 11 332 12 273 23 314 36 707 950 504 933 994 0 13 349 777 381 899 228 536 107 670 638 719 788 152 435 746 364 919 108 514 954 275 668 
995 315 812 414 214 826 882 10 631 596 774 340 11 171 530 191 58 179 131 778 438 576 675 250 239 931 808 39 282 204 830 16 753 568 604 985 7 937 879 961 59 812 67 436 511 880 370 672 258 708 182 898 890 202 253 699 756 809 708 347 384 824 640 932 475 558 923 528 333 322 25 802 761 714 331 141 778 830 470 771 330 982 346 915 303 349 836 316 321 626 23 94 734 391 914 256 377 365 0 507 294 419 60 558 488 68 950 535 133 918 281 55 588 272 964 789 280 228 266 966 
121 622 322 985 240 929 979 521 942 797 950 745 663 542 422 209 644 890 690 206 437 600 1 636 505 886 978 999 155 680 55 387 869 584 919 762 164 738 997 536 973 403 823 715 884 356 141 753 884 122 401 337 694 961 351 617 375 910 938 455 991 219 997 44 525 469 749 421 249 774 725 892 77 512 903 449 245 257 577 693 341 818 971 679 740 357 390 122 144 676 837 970 474 814 729 220 804 665 79 0 23 954 873 32 735 173 249 252 28 208 548 603 723 681 637 342 730 611 77 335 
464 120 989 943 621 405 158 816 767 443 233 716 421 166 916 200 371 432 835 972 181 321 791 139 886 914 855 971 548 446 899 163 373 47 83 601 325 439 671 285 563 17 639 64 432 642 957 203 829 166 93 953 529 863 632 518 867 249 693 767 784 271 449 419 58 623 593 818 262 472 898 763 199 436 249 335 198 360 702 260 820 69 757 87 513 700 524 295 566 987 454 162 484 837 753 720 125 542 26 700 0 187 30 22 46 234 471 629 9 110 973 586 76 302 8 206 692 229 277 754 
60 938 935 105 959 846 728 347 302 996 322 535 462 373 949 902 279 339 791 428 50 396 970 934 835 616 658 863 843 244 52 828 935 564 380 147 826 23 856 151 200 193 254 762 200 62 705 145 693 370 556 858 542 810 69 579 998 318 945 577 711 581 10 793 261 215 593 851 127 22 973 394 409 579 147 401 676 487 154 307 526 297 134 41 148 638 857 304 742 947 586 242 748 994 152 325 589 706 596 28 476 0 402 529 904 631 800 149 58 720 963 446 280 374 738 469 555 560 745 968 
445 162 331 275 566 921 957 78 557 249 601 356 843 712 976 583 626 458 350 90 744 58 421 56 276 43 848 774 697 28 397 66 98 414 449 297 638 998 708 489 551 489 957 790 216 489 393 306 561 698 861 978 811 553 558 970 684 777 468 66 66 937 408 72 909 218 816 663 305 799 415 854 279 832 248 817 922 345 849 718 677 274 945 313 424 208 214 91 886 104 986 252 728 982 875 886 671 911 240 679 941 482 0 484 783 704 253 429 295 776 153 307 621 427 407 400 253 561 861 877 
572 506 642 733 906 82 315 73 188 470 599 166 455 293 264 620 944 792 282 791 592 464 154 853 51 855 947 448 97 824 803 269 96 794 279 440 417 270 389 289 857 91 263 616 804 341 430 684 240 804 245 417 733 510 492 97 344 484 414 824 797 661 679 950 270 746 620 588 133 731 733 643 303 908 58 602 739 232 521 79 94 671 291 811 919 232 733 739 920 68 350 573 299 641 319 941 527 571 965 901 397 903 147 0 484 663 430 481 965 314 161 886 281 537 428 849 516 562 817 681 
1000 416 617 799 803 62 671 109 165 757 192 612 51 5 364 643 189 909 207 660 241 52 414 513 566 462 443 715 59 214 147 74 935 354 673 753 671 926 457 927 286 988 779 332 490 940 198 498 621 521 423 397 106 358 869 997 649 996 173 533 493 332 542 71 336 75 339 591 414 44 47 901 906 50 492 236 114 895 555 85 618 70 284 141 80 163 425 977 7 187 426 897 206 538 296 541 807 104 916 464 88 309 243 754 0 335 348 998 971 667 701 645 715 222 11 668 455 228 358 40 
161 971 698 720 547 347 747 881 110 446 745 145 487 497 801 146 267 995 59 149 33 161 206 148 842 527 265 552 179 363 907 477 977 276 322 635 477 483 690 429 778 583 916 455 365 530 716 504 147 150 81 99 422 711 750 380 224 619 161 338 168 862 58 317 465 854 392 376 262 868 218 643 248 328 909 751 918 167 845 339 320 714 656 833 62 224 952 476 411 958 322 739 790 316 402 903 820 789 543 504 338 234 502 994 881 0 803 561 806 498 352 884 315 100 82 269 178 37 908 920 
393 538 81 106 827 746 351 836 787 26 566 789 345 198 72 627 707 802 45 930 480 217 32 42 431 855 220 120 470 66 107 391 167 626 479 218 519 16 396 4 365 798 5 205 354 653 397 561 217 4 445 366 298 649 878 181 184 497 11 423 157 685 726 841 588 906 345 526 718 38 617 204 132 479 412 152 46 982 233 605 285 553 299 484 760 458 242 84 686 508 416 562 655 665 728 390 449 453 695 613 416 112 475 83 797 478 0 904 965 534 40 983 249 422 932 829 967 582 910 177 
310 705 813 630 422 125 858 787 605 478 4 461 704 141 996 929 195 255 640 168 178 350 73 164 338 163 97 913 355 243 745 957 925 478 475 824 832 901 115 826 212 621 879 248 624 149 684 107 92 901 819 862 901 510 838 244 528 371 516 557 52 739 388 297 176 913 980 975 770 639 244 544 966 787 816 920 637 225 148 573 529 28 954 506 881 46 59 38 912 778 70 68 4 120 399 914 236 255 353 243 171 213 726 956 150 508 280 0 495 242 871 294 527 630 809 872 637 708 743 463 
538 396 529 606 534 241 659 627 148 57 157 551 917 964 636 736 289 741 667 208 615 581 342 907 967 745 99 677 496 842 795 926 665 275 953 774 520 609 180 755 199 615 115 596 926 247 77 39 196 931 379 215 186 732 57 210 915 38 624 145 490 443 319 595 195 891 678 42 677 912 498 82 439 799 597 433 960 561 735 811 733 528 560 196 457 165 764 680 460 604 265 251 523 827 958 905 521 765 794 396 515 901 739 787 493 827 496 328 0 959 572 597 363 487 510 789 393 373 423 368 
60 554 626 476 814 948 154 195 776 816 809 907 211 576 660 160 510 769 248 169 804 810 184 212 703 976 192 83 362 443 263 307 746 138 674 62 912 760 89 406 66 520 161 858 204 461 783 926 24 34 993 846 881 900 850 587 614 933 320 177 907 677 401 473 799 900 954 288 37 716 347 661 26 951 762 223 590 575 842 771 484 653 653 164 846 944 874 549 102 349 733 440 314 20 870 635 81 222 225 626 152 909 417 18 298 356 42 870 938 0 540 612 395 598 773 396 218 472 463 467 
148 22 930 853 599 800 186 282 523 616 828 612 820 577 102 107 64 777 322 771 992 54 260 387 810 270 390 231 664 137 982 145 579 97 249 279 464 600 905 396 431 787 137 206 556 109 532 719 610 644 527 828 513 910 524 560 219 487 526 477 299 173 158 525 448 841 94 567 157 153 110 277 874 630 3 582 295 862 590 159 33 618 377 203 453 292 234 552 744 844 223 617 988 496 959 584 416 478 786 871 821 308 350 729 219 726 887 51 702 755 0 826 457 78 130 31 119 337 303 158 
964 125 185 983 367 691 24 31 622 411 93 649 885 8 202 675 841 787 902 935 201 332 927 759 307 844 238 29 827 419 437 202 705 997 746 547 347 247 319 45 220 916 701 960 894 550 937 508 71 417 877 667 199 497 685 898 761 865 445 48 671 22 107 483 895 410 197 775 224 131 553 227 922 579 876 414 92 78 959 169 563 771 906 982 262 879 480 796 220 798 404 591 330 209 882 989 631 562 502 172 952 854 231 452 342 622 797 374 88 847 155 0 129 9 136 960 4 66 792 370 
853 580 975 199 571 736 867 899 622 760 925 536 574 935 411 767 916 358 593 640 305 320 172 102 514 711 155 540 715 903 240 612 949 989 588 623 938 906 167 226 785 447 712 533 503 620 720 783 253 196 673 87 482 512 187 127 935 859 329 89 387 95 581 651 787 44 679 970 251 343 278 419 206 265 601 809 957 428 605 452 53 348 40 538 415 188 769 951 597 657 914 207 7 946 250 710 273 263 694 77 864 753 741 409 636 190 807 265 648 265 522 331 0 234 462 582 475 630 609 61 
658 793 421 155 555 19 315 173 44 955 410 49 350 645 264 460 854 371 410 860 402 490 692 274 175 510 906 10 650 208 158 691 944 297 568 953 910 535 978 306 927 311 57 329 985 424 888 291 404 465 904 90 143 555 958 906 226 522 692 955 654 324 325 361 708 608 572 727 364 104 567 388 902 25 604 579 241 306 80 908 602 683 455 169 410 624 775 835 187 399 278 915 676 773 549 140 585 212 182 337 111 208 940 70 820 201 404 678 214 782 39 246 347 0 983 428 768 590 594 896 
199 276 607 309 593 942 932 466 399 454 152 464 559 692 157 979 317 75 531 134 293 242 350 164 139 95 997 814 257 35 682 410 892 720 855 907 593 924 609 615 895 403 592 404 503 608 719 477 67 717 180 789 548 564 13 869 921 644 103 871 958 465 538 350 256 810 619 522 36 760 549 267 40 457 822 753 266 161 284 99 574 799 42 234 175 970 482 77 964 265 275 101 337 581 320 616 993 926 846 715 100 579 896 311 915 883 151 68 240 152 571 241 263 385 0 742 307 548 108 862 
281 63 100 703 415 406 873 742 146 334 808 227 682 973 2 418 798 444 25 572 929 463 992 889 911 529 325 362 638 114 89 124 890 325 534 930 976 728 133 673 0 487 788 437 611 505 108 38 986 240 927 606 918 902 609 465 232 368 687 579 898 218 857 442 75 736 970 287 655 399 928 851 548 568 960 150 879 585 749 178 639 98 337 820 1 608 695 99 742 754 129 221 625 981 74 612 604 194 403 909 749 151 707 129 759 516 160 583 331 398 611 747 220 30 180 0 636 516 178 543 
443 361 337 405 70 476 597 695 396 865 214 230 650 163 491 391 161 992 38 635 62 697 106 239 84 809 390 841 213 984 153 858 881 633 676 7 643 402 678 952 970 204 775 424 812 267 605 568 15 575 945 510 551 416 88 538 986 875 37 191 231 769 455 999 241 237 7 921 466 357 626 321 700 458 203 930 645 968 510 538 59 650 877 173 964 380 710 932 656 734 322 926 656 335 354 362 344 348 866 470 962 559 796 879 748 726 875 925 910 524 284 121 470 385 356 439 0 823 335 653 
733 273 444 593 564 654 155 455 287 64 785 987 302 527 975 982 603 325 0 31 735 113 328 739 252 69 3 888 483 68 495 303 567 640 595 354 390 680 802 126 40 452 617 411 405 213 902 235 885 976 836 431 399 510 424 784 209 997 677 314 651 961 699 603 819 507 859 993 931 16 715 537 474 346 654 395 169 351 562 138 982 792 971 831 308 862 874 896 916 174 411 68 725 814 26 929 567 735 853 486 395 887 755 925 937 304 539 565 160 89 27 279 75 36 991 884 857 0 937 549 
545 472 975 241 682 955 2 493 456 726 888 523 514 478 391 560 567 267 332 400 797 480 257 423 489 928 727 46 654 184 760 773 651 991 804 568 876 424 581 505 612 221 377 932 112 187 591 699 697 562 303 507 79 6 530 797 862 706 716 929 108 419 929 296 998 517 564 111 333 949 713 886 719 904 46 724 369 361 93 841 797 593 628 736 401 279 887 637 49 501 237 806 883 76 502 20 689 979 556 375 14 770 162 251 805 196 590 56 489 533 952 64 895 852 883 190 918 179 0 904 
806 320 591 36 597 659 40 70 613 329 849 359 762 68 725 281 296 649 507 60 677 798 638 663 259 878 853 602 462 439 488 409 826 595 932 30 454 265 653 358 47 469 847 696 565 920 681 301 61 381 238 79 12 6 426 106 297 609 918 530 681 93 139 627 982 28 307 667 394 101 526 301 237 459 113 366 758 741 717 883 819 916 959 735 58 186 6 808 361 184 665 944 264 898 299 140 915 74 590 298 940 23 251 583 287 726 806 60 457 875 814 710 717 930 525 846 520 445 743 0 

Depot information
1
1
1
1
1
1
1
1
1
1
1
1
1
1
1
1
1
1
1
1

Customer information
1
1
1
1
1
1
1
1
1
1
1
1
1
1
1
1
1
1
1
1
1
1
1
1
1
1
1
1
1
1
1
1
1
1
1
1
1
1
1
1
1
1
1
1
1
1
1
1
1
1
1
1
1
1
1
1
1
1
1
1
1
1
1
1
1
1
1
1
1
1
1
1
1
1
1
1
1
1
1
1
1
1
1
1
1
1
1
1
1
1
1
1
1
1
1
1
1
1
1
1
