Seed 125 - Instance: n60m5_2
n 60
m 5
Q 9999
L 5
U 11

0 693 721 122 238 272 952 408 431 879 315 435 621 945 85 916 800 6 887 935 543 172 835 500 872 474 191 269 992 584 130 176 896 892 445 0 902 475 761 36 54 836 688 766 770 504 413 740 478 422 424 589 323 941 111 562 800 343 801 260 760 372 142 389 917 
285 0 644 337 823 280 744 594 5 556 896 300 770 643 107 186 181 141 223 542 134 642 460 543 354 865 65 790 331 954 22 47 141 854 28 24 698 563 561 867 902 419 752 432 671 700 275 74 422 674 606 963 881 955 972 125 893 572 972 784 390 702 554 370 796 
48 362 0 965 905 726 273 82 153 619 213 465 563 897 681 439 853 783 194 306 333 483 458 381 59 211 261 359 682 383 755 400 173 935 202 269 549 421 840 506 548 227 802 962 950 481 827 292 303 866 286 31 167 464 233 454 331 914 716 496 817 438 537 626 790 
960 406 635 0 960 963 104 540 16 142 437 148 306 277 229 114 563 119 913 708 204 801 764 871 811 569 0 258 178 158 398 479 601 560 186 730 639 884 701 827 192 896 625 282 958 949 253 373 675 117 651 533 60 239 236 478 291 201 183 739 702 568 888 758 451 
250 668 707 688 0 416 171 715 168 142 545 917 436 810 525 876 723 383 994 211 429 174 50 35 874 296 279 196 249 755 803 777 904 1000 546 207 988 242 478 481 430 911 92 602 412 896 108 771 795 717 263 596 638 655 73 303 516 633 64 951 185 110 8 346 32 
918 256 829 700 262 0 140 917 508 401 423 659 326 520 797 569 663 685 787 76 779 397 263 918 792 122 227 193 426 354 539 266 108 85 310 287 862 690 961 695 268 385 318 454 827 571 529 477 401 664 793 392 751 808 669 965 309 903 772 338 481 695 535 353 411 
209 636 726 952 416 97 0 461 931 122 771 61 593 822 973 113 408 749 791 493 19 116 600 234 506 66 294 996 758 883 526 315 646 555 495 750 427 425 517 705 882 476 459 102 874 57 716 914 124 65 676 17 310 3 235 521 967 462 693 193 57 81 900 343 545 
614 950 262 314 36 38 839 0 543 64 312 464 584 789 728 561 65 151 507 388 546 672 595 150 54 10 963 316 855 874 481 432 559 708 627 456 994 208 105 364 59 873 541 319 530 519 244 897 246 347 101 392 777 945 461 627 257 796 47 820 694 649 76 777 186 
301 790 849 520 892 270 837 321 0 383 61 357 893 636 694 35 25 704 670 639 153 71 257 129 551 254 554 411 350 478 381 886 289 406 719 187 311 171 762 150 612 965 858 161 248 48 594 415 56 699 427 399 969 24 821 372 100 493 706 400 477 967 238 69 741 
551 116 684 299 605 981 594 739 9 0 886 499 270 604 159 2 236 704 889 719 940 822 369 246 218 256 418 806 274 859 341 537 4 326 921 553 603 446 98 425 729 71 633 24 12 522 613 937 475 694 432 65 980 798 932 63 578 548 152 443 667 732 66 50 457 
35 759 28 479 522 631 172 686 673 299 0 846 690 593 171 996 173 802 475 204 549 56 108 194 729 997 320 863 669 339 121 940 37 284 676 696 631 718 597 603 849 103 131 857 888 496 409 213 564 886 428 923 277 558 267 467 830 454 938 877 273 901 185 552 762 
528 797 722 482 112 88 840 304 223 203 911 0 908 942 34 575 354 44 932 458 758 46 735 928 776 107 634 0 150 865 65 296 855 894 46 773 25 976 545 783 398 253 2 550 509 789 624 443 538 445 252 989 867 572 633 603 246 54 652 97 459 32 142 87 937 
822 532 432 944 759 575 257 205 801 39 561 127 0 504 784 17 270 588 288 346 389 942 189 810 535 416 398 55 410 445 516 442 387 333 686 558 829 541 644 970 799 601 736 187 437 138 983 745 110 545 231 979 963 22 325 750 55 431 613 220 740 649 904 998 150 
158 160 750 226 510 193 20 165 568 271 242 918 646 0 562 354 823 458 552 133 758 137 302 475 324 343 226 184 29 431 125 664 114 912 973 486 485 56 526 234 834 45 678 164 944 299 187 56 83 906 600 761 81 590 380 10 538 80 775 581 899 414 105 747 260 
956 375 352 331 526 393 256 675 300 866 713 697 670 147 0 246 238 38 901 825 389 678 613 260 701 641 869 556 628 678 268 386 41 628 398 585 808 544 8 949 997 503 843 800 828 392 459 455 61 269 32 273 685 446 756 185 46 903 364 39 626 739 282 306 488 
913 945 760 744 452 440 286 550 322 262 457 405 7 136 584 0 495 826 803 460 77 495 627 782 696 203 730 372 107 607 564 964 859 376 257 299 22 878 438 450 411 295 623 132 17 328 220 182 97 715 342 410 606 105 983 483 399 785 115 979 15 329 779 518 26 
646 65 970 683 664 653 342 731 789 526 828 136 705 12 610 291 0 399 979 552 417 23 584 695 264 844 466 288 753 650 743 319 799 284 974 351 385 216 275 464 530 432 517 696 587 864 891 411 355 662 204 912 248 791 138 872 71 324 25 767 229 285 828 346 570 
593 854 944 481 233 751 103 463 823 944 955 671 611 767 419 57 962 0 68 172 871 932 448 915 47 767 452 624 727 39 738 442 836 107 495 234 719 757 887 675 359 217 3 526 396 799 559 607 825 216 243 409 63 84 956 379 932 626 278 53 968 786 651 359 162 
34 734 392 657 626 114 446 955 978 81 124 206 708 589 517 807 650 291 0 563 197 974 153 38 378 737 946 677 564 50 839 75 878 282 346 612 632 1 496 683 666 658 463 834 204 229 772 531 921 148 526 209 607 242 699 626 580 799 669 321 150 527 546 237 13 
292 396 24 16 202 896 866 126 50 493 293 989 138 196 293 871 529 966 605 0 531 805 678 102 844 164 709 25 869 377 644 95 914 706 891 919 698 989 294 661 527 564 839 979 797 188 986 222 855 882 582 944 471 283 171 875 606 820 48 666 656 975 250 999 403 
117 813 233 539 188 88 383 618 651 636 438 736 858 173 351 310 817 1000 614 187 0 658 549 575 312 701 970 687 640 347 773 408 595 341 781 335 479 609 678 942 105 451 481 973 411 131 795 231 303 183 637 67 1000 163 52 919 964 857 804 983 271 843 557 134 586 
408 939 399 918 808 824 721 92 236 195 693 545 40 178 603 21 806 676 544 950 75 0 869 222 170 140 792 868 800 453 821 688 860 347 916 607 487 723 153 416 510 131 188 727 390 492 334 949 607 100 109 418 526 659 45 914 674 430 444 605 418 398 450 623 931 
715 172 16 642 930 447 461 350 799 936 176 805 119 342 999 894 663 397 832 301 360 507 0 482 632 335 141 767 623 700 120 646 345 996 128 58 802 285 495 168 232 295 9 681 971 992 30 90 190 442 501 401 913 812 759 103 496 678 363 902 567 405 535 840 611 
566 786 272 108 549 351 460 602 31 452 850 254 96 151 809 610 767 375 589 219 914 322 585 0 983 15 419 241 212 727 345 405 711 911 371 708 396 870 310 94 439 298 833 488 801 406 745 666 121 189 943 279 102 422 979 951 949 985 79 348 687 872 429 273 45 
392 289 847 530 683 159 708 115 549 299 929 927 665 665 746 385 545 221 34 294 589 500 214 698 0 744 336 561 108 87 142 703 14 528 28 218 713 69 72 515 445 731 715 403 110 84 475 125 504 772 516 201 798 112 853 706 585 560 277 55 430 840 849 229 37 
632 906 475 920 519 250 162 359 263 122 170 146 447 622 869 796 469 874 0 996 467 839 121 570 574 0 728 479 204 52 845 232 509 316 921 853 624 719 632 41 520 937 608 146 686 621 959 87 595 736 174 638 963 418 581 149 795 689 580 532 937 460 141 466 107 
964 727 55 14 633 446 905 273 78 367 163 725 639 693 421 17 71 567 879 281 430 97 104 251 494 718 0 214 355 992 13 306 680 241 784 567 735 671 532 999 756 544 853 189 672 167 794 669 99 222 756 701 496 448 810 292 247 919 568 63 642 40 471 76 644 
592 74 469 669 17 289 704 775 765 171 673 335 923 48 526 410 567 3 986 612 755 512 897 395 599 589 360 0 600 690 241 733 828 900 567 579 735 522 680 47 578 790 140 287 469 586 922 428 466 214 16 678 32 981 593 740 737 297 345 869 677 202 896 158 877 
230 76 806 802 719 740 105 739 301 9 528 773 662 946 417 720 215 553 904 450 568 335 199 729 507 867 513 679 0 153 936 436 15 351 534 658 594 674 999 776 538 834 596 474 255 545 901 34 387 301 887 199 682 155 951 107 484 727 298 331 589 795 277 419 932 
576 284 875 172 669 513 21 162 481 253 156 412 109 873 418 900 428 696 658 116 786 821 325 841 78 540 654 871 316 0 2 47 136 481 661 327 850 259 114 354 890 241 70 703 973 565 695 643 351 916 584 48 662 234 459 696 319 536 547 224 445 455 724 459 150 
203 816 53 207 533 702 472 762 550 156 513 452 891 354 843 549 865 353 389 501 916 604 910 446 342 639 646 161 249 95 0 13 861 42 663 478 432 853 7 430 931 277 906 983 201 143 523 890 974 908 336 350 422 479 453 466 446 821 912 400 700 900 12 698 80 
659 264 863 704 722 22 502 38 720 634 82 470 576 301 633 304 321 978 820 258 7 856 764 332 296 271 335 566 483 0 652 0 810 593 249 100 907 780 619 702 109 389 319 705 812 6 304 968 887 886 864 76 646 735 422 985 558 488 958 539 702 371 609 890 333 
591 358 94 840 822 154 777 577 762 161 984 477 582 626 625 379 736 278 477 613 615 82 398 639 403 650 752 251 435 820 352 716 0 259 907 600 10 360 217 176 176 455 977 268 515 46 956 710 746 613 794 897 818 46 130 943 705 826 558 457 336 123 779 149 345 
424 254 888 271 322 556 400 348 595 242 263 940 72 643 248 791 145 547 376 368 241 995 620 12 854 410 239 687 208 309 613 647 346 0 76 804 898 555 673 795 99 546 910 513 69 775 894 592 817 998 555 89 123 922 852 368 202 730 659 560 43 425 15 784 242 
150 608 777 460 993 780 304 750 324 924 582 310 258 505 331 915 444 787 533 586 953 782 627 677 78 556 800 983 800 345 777 104 502 104 0 622 999 342 220 710 146 538 262 215 339 944 466 316 521 541 378 920 335 882 862 698 647 235 560 152 386 877 179 247 196 
871 162 255 959 47 984 369 632 305 205 965 513 735 255 890 790 264 343 563 237 310 473 645 337 802 440 387 332 248 528 370 118 393 865 710 0 543 904 785 217 604 539 957 32 143 211 289 564 175 836 689 3 634 242 353 308 418 373 835 552 549 543 197 431 427 
168 345 426 139 143 743 320 707 750 595 16 983 469 825 745 119 346 435 724 729 999 982 711 985 652 491 217 834 720 954 925 72 456 543 803 11 0 304 295 191 567 989 0 176 281 581 198 219 696 508 2 611 297 260 370 294 183 901 610 735 592 800 14 319 9 
13 324 371 931 34 196 487 889 17 320 970 772 642 305 840 229 251 213 193 293 927 901 750 371 82 40 440 900 47 793 855 265 959 574 176 926 870 0 42 332 575 516 241 225 119 107 334 291 451 75 61 999 935 43 953 501 59 521 587 666 440 462 727 103 504 
540 774 586 215 129 703 290 801 596 39 76 324 194 650 331 869 817 535 621 262 153 974 961 418 699 761 805 870 532 284 199 999 897 560 854 453 683 201 0 273 608 606 553 66 850 689 37 475 636 170 672 106 125 158 553 92 479 366 460 604 141 662 290 195 303 
848 65 695 859 427 817 722 731 325 268 276 353 527 367 199 776 27 777 613 891 920 395 784 317 421 770 548 832 639 503 480 129 102 218 79 548 58 584 395 0 185 851 960 365 994 180 947 35 622 54 804 457 634 380 164 109 891 771 992 195 265 293 896 65 89 
707 444 61 282 859 351 860 606 684 541 617 121 724 195 890 683 548 581 369 125 130 517 761 975 384 715 900 960 985 128 225 425 719 934 474 175 748 520 319 503 0 278 190 687 556 865 283 1 313 2 758 303 717 374 277 795 751 543 285 734 681 348 621 986 398 
466 97 387 423 388 791 788 625 226 213 293 818 762 122 772 766 149 180 61 81 893 442 287 600 790 979 577 300 349 425 27 626 127 758 547 336 418 431 238 564 378 0 610 772 291 276 104 530 482 584 911 866 208 279 192 211 734 116 399 187 395 784 160 286 763 
762 577 510 210 176 697 899 753 136 719 776 871 287 0 649 356 346 511 44 617 728 976 847 110 473 805 532 872 811 752 104 114 12 111 508 127 136 508 363 363 425 537 0 700 118 314 131 287 75 911 523 101 198 213 138 727 127 658 16 740 861 81 119 997 538 
153 189 968 909 575 494 4 788 891 974 472 35 452 494 898 667 849 447 195 874 14 988 406 406 879 398 187 974 905 555 79 316 838 451 455 341 296 679 208 304 561 460 459 0 832 477 247 229 4 459 711 609 992 588 175 77 237 416 45 383 684 946 980 502 329 
969 948 89 120 33 85 34 464 384 406 70 876 639 754 975 52 721 567 139 38 506 688 922 808 825 578 360 919 263 299 773 522 506 755 548 752 546 915 614 321 298 317 471 929 0 825 510 341 791 387 15 873 640 8 189 35 697 41 956 417 833 437 489 333 711 
700 686 266 959 569 261 320 205 78 183 238 161 881 427 584 500 138 604 452 957 70 119 109 65 837 599 93 574 605 393 634 648 950 862 300 759 942 196 345 444 795 204 998 141 849 0 234 670 614 708 959 473 808 766 875 835 426 635 418 354 962 26 72 953 324 
173 84 636 593 743 206 706 325 510 9 445 938 852 844 949 643 815 18 338 476 575 733 855 113 752 318 313 620 653 992 535 260 673 512 339 540 236 96 264 874 380 49 966 883 680 107 0 936 755 274 57 337 126 680 941 809 696 707 157 858 42 403 444 89 994 
112 233 806 184 338 181 294 870 115 26 124 607 911 443 424 223 348 699 490 23 42 117 330 452 155 590 597 317 392 161 366 346 335 581 436 942 431 352 118 254 159 931 170 979 399 950 421 0 245 628 632 22 460 596 20 160 563 655 260 362 26 0 964 941 681 
179 895 814 473 159 495 916 418 696 702 588 16 86 400 978 180 69 415 266 308 203 170 484 467 970 186 469 548 139 580 264 289 139 495 54 593 236 717 311 76 941 727 395 258 326 641 493 970 0 896 233 791 91 120 909 511 148 484 536 214 214 423 374 168 296 
44 723 87 878 153 44 636 328 826 991 366 842 588 28 52 77 167 854 952 980 790 532 890 692 357 628 673 872 842 335 996 229 997 576 987 440 457 535 113 251 680 825 176 308 761 549 613 364 326 0 692 515 835 752 241 490 865 347 135 43 337 710 547 219 159 
352 993 474 873 767 887 809 12 810 489 205 455 416 416 231 818 230 426 242 831 734 273 996 790 598 936 398 175 988 710 530 417 437 829 923 168 603 235 645 204 866 551 519 725 921 300 359 748 69 824 0 839 742 926 453 219 337 939 120 259 135 895 379 177 108 
82 596 935 96 141 72 38 790 947 48 705 377 292 845 120 703 961 352 76 478 404 976 216 824 308 628 821 616 601 12 692 581 343 932 346 294 353 714 578 455 418 424 485 222 65 569 750 792 617 932 18 0 152 718 391 472 648 539 159 311 971 948 343 123 262 
94 302 845 588 174 543 284 846 1 193 817 218 663 714 204 259 771 119 68 787 65 756 222 391 925 457 645 922 367 801 331 503 457 40 581 691 63 948 39 662 330 923 705 447 436 548 29 615 779 670 858 662 0 466 808 892 256 585 800 851 555 862 198 969 881 
846 415 749 180 835 576 554 256 732 925 271 569 199 676 550 871 916 997 140 616 844 697 248 184 305 18 44 722 702 688 14 781 468 49 539 671 520 582 634 7 901 460 25 610 430 179 252 190 542 426 296 986 645 0 116 572 956 486 208 275 793 92 886 975 872 
174 756 854 628 942 777 525 614 453 464 968 131 343 320 209 244 591 591 665 125 204 248 549 302 537 53 980 638 193 114 860 506 444 886 607 858 507 706 13 385 865 449 60 995 449 592 902 444 774 120 37 558 339 256 0 456 928 565 273 990 291 978 875 843 782 
932 862 184 299 410 660 17 578 575 979 681 526 950 313 522 224 83 384 143 784 62 1 962 679 79 273 263 299 251 328 245 3 128 439 859 444 861 169 707 599 182 123 445 739 378 853 424 353 186 679 445 10 167 202 875 0 14 910 101 506 181 771 7 248 435 
697 698 55 210 17 777 963 497 79 216 386 482 467 610 634 120 41 602 445 949 83 197 498 685 155 1 368 39 110 27 512 514 925 533 883 320 814 912 973 984 995 40 985 635 376 581 104 884 549 986 486 207 141 578 852 379 0 989 823 244 508 405 793 570 51 
28 832 625 660 745 834 218 332 916 582 336 616 981 548 334 16 672 157 509 830 40 828 743 481 195 744 355 183 355 937 937 410 354 975 68 37 248 460 907 935 903 591 499 596 560 620 447 859 283 615 933 538 521 1000 994 475 359 0 9 629 480 61 805 245 835 
395 592 628 94 42 470 310 179 66 862 168 505 209 170 656 248 885 200 647 990 546 907 136 605 874 793 999 422 665 974 517 339 216 84 980 963 507 313 62 857 382 156 356 495 567 551 247 254 907 929 638 241 92 587 530 939 733 688 0 90 254 69 914 145 944 
1000 928 396 751 608 309 431 742 861 312 436 138 621 905 190 283 14 631 443 630 902 326 423 571 693 904 597 187 283 353 809 689 465 373 410 508 232 254 208 279 836 911 6 847 462 894 965 834 857 905 680 370 173 65 244 212 658 386 521 0 871 676 370 954 134 
663 734 419 211 303 149 515 358 643 588 793 80 149 876 875 721 718 962 513 931 937 308 681 593 965 339 236 975 126 462 656 996 512 848 320 389 293 332 734 708 209 433 950 23 397 792 839 402 587 124 484 882 983 753 959 436 53 602 735 801 0 111 888 667 640 
658 957 627 226 682 948 677 760 944 334 454 686 98 881 689 691 137 872 878 565 832 807 860 32 859 937 33 565 924 661 775 986 672 72 870 1 275 656 480 779 241 982 197 655 853 505 213 675 100 925 538 482 724 701 354 343 439 91 205 504 665 0 821 398 280 
80 590 56 546 967 354 616 182 243 501 165 940 884 466 125 265 416 535 883 608 650 486 892 532 660 284 173 87 446 818 540 611 103 843 635 531 138 804 718 141 668 48 989 630 948 788 731 869 768 792 485 604 845 751 228 103 628 263 896 978 822 845 0 769 605 
83 22 229 219 76 883 855 676 678 861 318 557 704 629 214 397 290 217 954 256 914 638 198 679 76 238 170 564 189 383 654 178 52 769 563 283 735 456 675 645 61 281 932 591 695 936 603 535 103 335 646 371 474 906 937 97 832 224 44 39 626 812 317 0 791 
715 163 388 617 262 883 693 982 638 726 522 618 293 359 479 775 498 407 963 822 667 25 493 749 676 589 636 315 384 725 771 624 73 612 92 99 130 7 162 452 915 857 420 876 622 8 922 421 189 801 572 336 249 56 301 301 974 237 405 478 278 382 508 280 0 

Depot information
1
1
1
1
1

Customer information
1
1
1
1
1
1
1
1
1
1
1
1
1
1
1
1
1
1
1
1
1
1
1
1
1
1
1
1
1
1
1
1
1
1
1
1
1
1
1
1
1
1
1
1
1
1
1
1
1
1
1
1
1
1
1
1
1
1
1
1
