Seed 124 - Instance: n70m5_1
n 70
m 5
Q 9999
L 3
U 19

0 387 341 77 124 649 739 683 889 530 175 26 83 765 591 958 183 364 492 282 403 498 903 583 871 539 752 170 96 729 541 90 820 453 395 351 264 859 318 445 705 306 291 925 609 489 965 708 806 143 723 221 669 145 152 7 240 958 335 83 337 149 100 147 24 740 958 77 385 423 521 328 549 403 971 
846 0 743 183 534 196 381 292 188 996 326 876 657 897 682 793 138 527 864 965 340 668 329 279 841 691 873 209 178 126 730 845 773 823 129 154 422 375 740 454 563 718 745 514 434 75 259 959 877 782 878 931 326 803 712 864 613 224 86 756 222 762 508 556 951 559 739 685 324 273 61 694 655 657 477 
829 535 0 340 450 393 159 318 108 488 183 798 690 882 684 170 950 41 214 816 675 390 440 614 881 27 126 829 560 47 378 823 587 524 270 104 949 919 242 907 577 846 907 393 502 136 740 842 27 249 364 492 578 901 31 214 541 898 573 49 979 844 615 902 162 759 480 291 589 484 428 869 832 979 465 
958 162 415 0 657 949 833 430 610 352 85 260 581 809 852 150 282 417 569 757 290 1 502 586 294 463 28 808 816 744 138 417 366 221 423 302 324 136 791 608 88 633 234 552 246 742 941 364 925 53 682 550 680 720 879 842 640 765 282 898 726 176 0 856 908 721 19 894 353 246 753 555 602 100 722 
665 458 382 554 0 707 262 217 804 640 44 747 488 941 284 788 147 532 290 769 572 222 692 487 290 815 575 832 385 96 257 359 426 536 606 360 644 813 370 637 419 246 127 482 469 73 602 286 627 970 771 811 59 86 976 772 869 59 375 821 952 44 968 26 306 468 195 94 510 967 67 310 987 752 489 
331 138 16 958 881 0 300 164 138 926 866 5 189 759 687 867 733 301 855 132 391 217 325 857 752 285 212 20 431 200 936 768 605 202 481 970 64 789 986 479 695 475 636 247 537 165 732 866 872 977 243 783 94 786 836 915 959 95 106 266 3 190 869 68 370 242 525 95 7 692 56 209 182 260 796 
773 224 135 385 611 934 0 533 362 177 956 449 254 332 883 266 882 412 96 725 108 835 897 362 604 366 47 87 272 714 731 574 478 560 979 145 482 109 709 238 291 70 674 343 273 74 556 770 528 650 706 725 581 785 224 901 502 376 248 506 340 167 380 451 334 88 902 979 883 183 710 973 371 312 332 
234 574 430 339 850 339 705 0 484 880 393 858 907 699 925 105 221 392 273 408 547 701 414 304 55 628 725 705 402 969 383 829 909 349 756 567 156 6 20 367 538 281 977 457 397 928 379 998 897 530 140 62 541 555 688 535 235 425 127 244 243 711 630 578 446 476 334 152 188 456 491 633 672 589 260 
149 417 524 963 182 654 863 455 0 83 285 345 105 256 710 542 203 211 702 231 268 997 4 413 50 220 5 314 113 297 992 315 151 201 701 337 862 134 868 728 426 503 688 510 468 48 312 666 469 873 149 759 899 620 143 159 14 725 421 70 807 0 49 944 422 697 610 65 174 772 306 485 594 351 291 
652 570 689 677 31 830 15 718 176 0 98 165 647 513 679 247 521 897 116 181 183 101 490 616 690 931 133 182 677 78 667 5 466 458 985 618 197 804 527 567 57 667 309 943 232 687 160 376 173 767 417 754 210 130 25 769 397 452 733 581 997 203 143 199 26 238 994 148 106 373 174 818 282 634 517 
55 212 452 232 278 409 972 897 68 167 0 336 159 329 809 112 454 780 357 689 25 977 261 841 825 132 145 528 885 641 361 745 880 408 876 39 405 714 147 508 33 489 840 177 2 958 337 886 749 530 409 392 140 172 467 839 167 499 98 855 94 492 252 846 241 768 723 540 594 675 346 590 328 562 707 
805 678 384 263 677 87 953 368 587 596 928 0 362 912 705 413 926 402 871 821 318 568 35 889 720 778 267 488 286 845 351 356 648 838 119 167 257 297 148 72 954 476 6 538 66 890 374 49 743 872 687 610 184 528 218 463 570 525 673 820 884 899 558 456 63 394 554 415 914 439 682 743 871 536 623 
461 761 682 183 89 970 167 323 466 649 473 46 0 836 272 199 934 149 962 810 82 113 611 884 275 671 465 774 874 823 976 970 916 880 128 919 413 973 721 5 961 370 142 290 946 903 887 467 768 385 926 490 592 670 343 929 859 469 700 617 105 571 356 21 529 173 483 967 778 278 701 937 149 182 878 
777 644 787 232 795 677 531 806 305 996 684 116 140 0 131 571 187 442 242 808 410 43 783 768 211 290 237 847 740 65 308 989 242 262 540 417 534 361 597 989 323 798 19 455 29 455 240 295 560 309 777 516 228 421 878 480 804 623 514 294 407 632 644 502 939 867 573 955 394 297 335 138 935 799 847 
75 239 721 292 52 322 893 887 66 11 792 983 166 873 0 879 891 398 539 120 48 60 576 299 568 940 182 513 217 187 377 281 692 36 102 98 558 903 857 379 456 491 451 158 32 220 859 206 618 35 252 629 450 400 458 772 450 562 895 689 401 581 933 20 501 498 231 682 679 498 264 220 491 778 66 
396 889 417 651 122 166 251 955 903 320 805 86 0 929 651 0 537 287 212 294 953 264 934 32 430 410 313 496 12 155 75 435 784 541 679 877 230 76 10 151 822 408 656 368 998 500 452 662 797 931 674 22 427 115 81 124 403 687 115 181 123 739 135 749 630 525 578 236 624 190 549 909 315 964 525 
547 577 564 288 919 754 830 227 18 568 466 536 32 36 91 215 0 898 14 91 491 915 829 522 484 960 746 264 229 244 647 398 462 408 295 888 275 779 936 441 823 324 858 473 462 594 667 207 877 277 669 192 227 248 676 869 784 826 951 763 437 922 495 191 63 694 353 921 670 932 783 337 129 457 383 
340 957 252 291 936 320 650 253 998 728 815 64 314 452 288 218 689 0 124 367 526 12 534 130 575 208 660 306 39 993 656 413 193 397 211 608 561 862 643 951 1000 570 526 797 581 326 748 299 302 566 846 522 410 201 87 465 965 522 723 274 747 952 489 708 880 360 348 402 920 692 737 920 303 284 211 
273 369 0 526 801 218 814 455 240 483 903 439 196 263 315 355 51 397 0 210 522 174 768 328 267 101 931 554 313 202 293 470 186 310 142 130 981 121 328 935 662 369 911 158 182 900 73 293 911 530 974 300 184 431 947 808 746 12 200 778 158 210 550 151 379 859 943 879 31 915 830 861 132 524 572 
810 569 444 877 762 691 286 294 342 70 387 588 988 45 70 499 234 279 655 0 745 619 406 706 205 978 860 364 310 239 45 130 868 468 801 861 34 953 372 181 611 81 516 746 144 322 550 376 264 859 464 74 835 669 874 950 484 819 384 466 115 387 348 730 510 926 675 641 199 894 146 106 384 765 728 
991 815 894 783 293 839 94 483 112 522 951 199 699 922 12 495 862 839 73 870 0 792 451 789 238 183 324 789 57 813 911 915 554 403 121 193 854 493 223 465 92 663 380 187 950 334 211 682 802 307 213 546 502 96 893 189 848 769 965 377 129 232 161 149 842 570 211 233 592 282 669 12 213 339 880 
737 980 881 289 709 322 328 740 958 622 552 343 954 944 453 182 290 497 781 618 810 0 956 469 941 893 789 758 763 922 180 161 467 60 410 744 309 272 839 782 570 925 696 735 376 786 324 77 490 667 657 207 317 303 848 812 638 739 17 623 831 800 763 881 350 398 942 10 653 894 302 334 859 692 265 
790 478 320 523 322 488 351 776 105 337 620 789 723 197 302 711 17 71 340 487 282 29 0 620 507 137 743 309 535 608 941 139 958 852 449 225 61 533 755 625 859 803 955 500 750 382 63 879 872 157 973 548 778 326 611 898 102 922 850 151 888 968 594 571 308 60 983 332 455 8 29 854 655 612 758 
247 594 786 918 388 671 35 810 532 997 848 551 212 499 575 536 667 407 410 954 217 270 744 0 822 73 565 853 676 780 225 55 869 105 919 769 991 706 93 598 908 246 81 13 844 90 923 91 710 428 697 837 820 710 364 6 316 368 83 671 218 14 412 104 958 458 426 657 135 732 231 828 955 460 201 
952 18 923 532 533 867 453 255 268 462 574 32 456 149 59 289 749 363 235 845 889 236 292 327 0 531 707 811 640 173 883 639 949 28 543 822 427 250 338 486 610 936 668 273 689 423 451 616 724 709 179 993 825 513 879 373 138 619 418 689 299 841 988 386 517 783 980 806 720 357 556 317 615 505 686 
913 676 549 194 875 299 357 621 615 920 661 481 377 224 807 289 582 467 633 340 758 943 993 404 41 0 332 992 469 704 750 292 628 259 992 673 685 200 625 822 518 940 952 205 735 252 385 193 128 987 539 122 697 762 632 628 174 312 828 190 934 214 370 966 914 761 303 685 94 470 528 556 177 935 373 
493 114 159 435 418 530 878 498 937 440 426 598 701 902 39 451 379 601 558 674 259 806 661 359 788 723 0 545 762 692 940 771 81 379 524 325 933 175 857 390 966 230 588 95 174 276 441 779 508 473 739 103 284 176 400 924 140 498 357 767 221 721 556 576 795 918 515 261 374 561 1 478 962 769 284 
200 588 28 101 580 834 490 927 692 396 907 863 804 288 94 787 860 211 287 697 131 687 43 323 376 386 945 0 66 620 614 622 844 89 777 934 561 40 617 433 367 399 844 893 385 724 848 671 731 807 124 218 498 988 614 392 537 11 731 515 313 968 89 645 990 473 807 223 960 388 583 549 110 32 732 
730 457 311 629 162 698 385 664 162 562 912 633 383 442 959 217 922 126 124 233 655 432 766 940 854 295 122 550 0 588 536 738 982 773 745 547 106 627 840 8 968 751 861 960 934 166 368 114 772 883 517 974 869 973 689 364 433 503 504 869 526 342 895 927 390 44 217 272 32 680 399 1000 745 91 169 
895 964 558 791 27 423 831 73 297 736 798 842 119 535 105 579 745 573 366 771 244 600 264 773 587 232 873 855 300 0 268 677 744 688 306 870 72 907 893 515 750 285 117 675 271 720 853 39 107 934 873 14 775 707 478 720 959 769 572 588 597 471 920 739 109 590 33 457 886 667 691 501 85 419 807 
118 484 32 129 1 276 682 623 837 507 767 969 58 467 52 211 432 414 525 14 489 374 260 299 131 808 887 373 679 179 0 377 248 245 318 361 539 864 392 828 809 699 553 620 892 930 922 735 777 710 384 696 805 226 892 323 742 35 821 494 367 526 587 568 711 485 711 798 796 249 731 953 269 425 977 
186 923 489 324 469 774 167 399 283 351 915 538 355 628 94 94 719 330 545 487 789 228 636 178 162 701 30 146 886 186 570 0 170 152 344 779 720 421 895 808 753 332 818 144 415 508 298 335 544 93 1 559 398 834 288 215 395 146 938 676 417 175 346 690 163 55 703 723 73 669 837 434 44 347 957 
215 279 122 977 815 539 793 229 302 335 759 755 169 567 261 272 638 984 128 28 683 682 257 409 397 115 344 837 773 44 792 637 0 857 438 839 868 273 66 519 604 813 657 918 236 188 886 280 188 326 487 33 771 274 54 973 572 548 837 728 895 315 324 897 638 958 932 229 476 674 718 317 892 554 404 
737 263 103 382 720 493 591 1000 224 563 126 250 264 306 254 131 785 429 641 656 898 325 341 952 555 183 633 8 816 450 492 617 502 0 621 290 296 582 997 743 312 293 142 878 86 15 581 674 911 344 661 496 206 135 512 110 534 554 395 589 773 586 912 132 886 786 210 741 397 50 906 322 361 60 864 
840 495 868 716 476 395 440 629 967 775 445 672 733 1 108 703 444 872 559 399 506 113 389 107 691 941 312 847 366 664 668 200 596 185 0 110 174 730 487 258 86 610 790 666 563 37 168 285 981 245 914 33 991 605 528 50 686 167 521 884 644 626 243 598 471 578 514 592 621 631 82 545 446 981 506 
6 861 333 818 442 469 389 886 877 99 552 977 542 486 965 1 460 756 2 918 955 552 587 158 220 336 921 295 886 475 417 637 900 6 110 0 417 140 232 416 663 254 841 947 275 621 316 306 802 583 343 854 987 503 255 160 886 2 154 651 586 212 99 999 288 28 187 464 438 789 68 991 578 414 772 
902 928 58 198 2 693 674 490 39 467 429 992 469 865 221 953 937 622 234 160 352 647 861 622 509 947 418 484 48 234 574 969 185 274 533 515 0 749 798 584 550 211 494 35 344 675 128 356 864 775 149 702 273 605 47 981 499 281 644 923 759 903 265 798 92 858 470 747 887 91 853 577 32 660 155 
890 169 195 658 265 738 32 268 740 838 319 691 74 157 998 505 835 925 131 527 141 532 205 630 182 392 294 396 144 332 210 424 646 836 903 993 417 0 916 594 121 626 345 845 685 722 652 935 305 6 685 422 326 611 64 486 376 190 982 669 57 998 994 429 721 867 890 41 596 543 48 690 477 123 146 
685 528 405 768 379 487 286 776 381 935 789 294 864 549 996 803 101 54 270 117 910 294 878 223 501 913 982 350 301 630 748 799 491 18 643 794 131 206 0 960 26 329 691 369 893 490 976 386 266 388 522 303 619 12 493 333 830 438 741 652 883 244 972 830 983 238 439 602 475 851 308 391 422 367 79 
138 551 868 473 524 57 505 130 65 244 792 12 462 669 177 453 720 291 832 692 229 815 312 914 377 65 158 674 850 938 224 836 684 875 20 327 960 697 700 0 268 491 857 359 827 805 788 308 359 964 233 449 723 260 381 500 872 330 644 361 280 12 768 876 56 462 189 63 948 550 964 764 559 458 305 
593 134 243 93 883 92 900 463 881 885 881 162 924 883 922 154 500 531 435 880 318 957 19 703 588 73 907 752 219 463 811 145 152 857 136 63 399 456 24 778 0 122 809 213 974 40 436 200 61 619 995 88 43 123 270 113 848 536 22 153 840 27 338 463 651 87 377 137 296 789 634 740 405 444 813 
605 714 705 507 502 49 555 556 814 610 238 819 478 849 71 115 173 588 676 488 607 448 144 537 1000 435 644 357 124 906 943 693 816 238 314 290 305 138 629 306 210 0 902 870 915 564 789 272 98 159 982 221 592 596 618 847 976 245 160 526 399 403 856 348 417 207 96 697 103 507 165 911 684 69 878 
584 102 22 396 27 5 721 917 606 868 943 649 967 717 505 983 732 677 242 512 559 343 45 959 687 526 75 756 211 906 309 437 91 718 942 210 510 87 312 539 460 175 0 44 192 403 495 478 613 493 167 686 453 422 155 612 280 508 506 246 557 982 642 340 323 237 309 22 436 480 510 844 617 509 118 
674 867 149 138 488 950 629 311 82 66 121 977 948 991 523 723 538 695 899 12 568 225 822 796 329 520 133 618 523 854 132 631 691 156 824 760 21 887 736 199 91 38 78 0 702 830 614 2 478 756 487 419 583 770 776 734 500 496 504 560 214 287 368 1000 537 659 759 395 469 688 3 308 235 779 958 
482 310 355 580 103 781 596 759 13 641 563 17 268 330 874 634 576 793 42 272 747 942 734 993 817 630 68 173 319 57 83 554 634 875 701 263 590 40 334 407 512 156 840 542 0 276 657 583 936 818 557 433 785 42 785 754 714 180 729 239 101 547 735 27 817 952 733 587 96 779 335 545 735 178 770 
386 967 472 370 248 411 307 140 803 891 179 676 917 692 888 282 438 724 433 648 97 469 271 53 623 204 218 465 532 646 203 424 742 568 690 642 220 234 621 782 643 204 225 124 471 0 97 732 941 392 267 183 247 164 387 5 885 94 132 3 312 954 147 854 279 548 542 733 789 740 137 305 539 961 69 
846 187 27 18 808 813 236 765 788 396 168 332 654 543 669 303 566 979 715 900 192 728 764 748 290 716 490 669 2 58 205 197 108 758 806 676 507 270 999 294 182 535 737 891 848 458 0 240 143 675 112 595 363 330 278 213 303 301 767 902 649 460 534 618 412 406 178 952 718 805 605 519 500 557 698 
448 405 354 932 111 820 818 233 889 534 667 239 470 149 601 858 434 307 993 967 392 772 543 495 47 451 508 683 819 283 77 50 608 460 833 776 710 812 799 337 368 326 358 554 111 988 219 0 632 921 844 86 350 472 262 812 203 954 860 943 942 732 922 218 28 651 274 882 877 488 897 21 90 368 312 
572 761 296 797 273 97 741 213 167 288 245 507 141 108 442 768 504 948 219 920 843 41 590 200 70 715 850 637 457 297 602 746 594 525 968 854 806 664 370 24 972 95 602 724 565 419 686 103 0 190 561 732 700 677 356 956 229 409 546 198 548 728 193 272 929 563 750 163 39 34 602 739 796 510 562 
555 266 328 132 723 472 35 292 345 907 280 315 32 656 491 176 183 336 682 496 167 253 877 124 440 131 958 198 782 161 779 261 573 67 129 77 201 661 596 672 896 951 19 549 428 183 451 382 971 0 706 891 756 92 27 567 859 721 509 505 10 453 943 82 23 462 339 271 727 475 11 911 133 669 817 
868 112 581 895 636 53 975 323 901 200 123 582 189 726 355 251 287 832 989 716 811 606 564 149 236 456 194 126 480 129 543 209 630 171 662 462 2 529 172 445 441 971 39 901 950 383 801 818 754 248 0 620 713 89 532 479 1 720 449 766 450 74 935 749 380 969 360 502 459 804 30 233 676 970 918 
223 370 566 632 724 626 21 427 770 931 465 751 11 337 639 548 381 870 791 7 492 176 924 194 557 837 419 33 296 444 42 294 553 248 100 734 160 701 409 983 241 679 280 804 569 55 923 154 945 624 146 0 36 779 639 612 400 974 769 127 977 61 846 113 328 79 983 855 482 444 485 842 216 657 298 
891 882 510 898 859 739 818 514 985 560 723 925 465 209 752 296 486 86 982 298 442 813 694 609 514 913 310 606 7 107 58 853 704 149 461 581 582 447 359 432 761 619 326 917 433 329 968 826 465 790 236 281 0 361 262 217 344 96 709 617 808 245 355 449 930 695 79 570 120 880 643 284 656 546 310 
954 905 591 419 950 198 768 214 955 627 164 678 212 249 610 738 45 724 83 454 470 237 19 943 321 519 980 394 204 979 529 615 341 442 231 709 99 524 28 325 488 143 540 727 256 190 162 536 49 93 7 972 428 0 451 427 255 2 726 616 819 142 421 838 182 943 587 742 298 522 360 846 778 369 198 
992 215 817 997 181 490 895 366 865 466 643 492 199 162 293 106 414 219 232 440 673 829 88 704 158 659 780 115 658 590 302 801 479 274 118 329 274 8 15 331 219 445 296 499 504 327 126 379 57 30 206 436 967 788 0 300 316 650 233 437 216 923 176 854 1 910 420 779 321 404 215 779 819 862 563 
268 163 991 823 521 840 101 288 445 613 854 46 63 284 826 570 742 111 902 403 998 43 561 331 425 583 614 208 612 8 132 158 556 588 316 977 121 402 367 310 784 191 447 433 810 199 923 40 432 984 660 678 996 521 792 0 20 964 4 451 852 977 801 552 479 885 823 295 471 907 294 711 692 397 503 
906 140 45 942 132 185 366 51 884 300 318 31 849 433 970 732 30 735 948 794 825 209 496 184 897 177 70 969 503 886 234 533 850 295 792 176 32 411 609 654 252 712 13 327 66 170 855 328 218 590 14 470 785 915 34 298 0 112 207 295 471 926 406 656 108 554 457 387 429 499 547 189 472 778 429 
539 745 25 234 393 630 858 393 211 940 30 664 549 624 95 682 146 874 925 39 638 362 92 598 631 301 333 208 963 879 209 788 797 31 948 697 340 158 471 552 967 404 481 385 72 698 111 206 239 410 126 895 555 201 448 778 220 0 569 247 654 276 895 411 844 220 849 590 61 148 945 384 569 912 123 
3 704 422 768 435 790 814 550 318 947 82 270 619 201 668 761 83 206 737 832 181 257 15 283 422 740 908 186 600 695 968 677 651 805 707 856 369 208 621 851 725 236 458 900 206 47 609 511 462 165 29 486 675 810 193 202 213 755 0 212 657 489 592 268 318 26 565 586 669 616 850 750 640 421 653 
14 245 676 66 515 326 609 521 961 690 670 387 321 584 296 606 956 86 481 568 451 129 901 558 541 395 597 469 172 300 350 860 311 731 822 563 437 971 720 268 763 670 596 905 863 199 49 201 876 362 725 892 234 292 101 430 88 798 339 0 398 707 692 405 691 735 909 884 438 72 109 538 892 661 161 
189 707 758 383 987 291 317 458 979 190 243 435 792 735 571 899 804 782 528 578 632 802 725 229 559 574 956 838 594 397 398 64 30 67 468 116 339 402 412 149 533 491 459 501 96 374 420 270 825 161 451 947 233 796 445 634 902 446 890 38 0 924 427 345 941 685 53 142 286 186 554 359 740 533 64 
919 638 727 760 718 522 286 299 26 660 829 875 870 459 911 558 129 678 920 419 569 906 559 701 794 762 511 336 526 393 418 671 21 917 6 462 572 10 123 724 291 113 713 577 5 209 567 193 625 295 746 620 939 113 963 764 775 958 478 880 946 0 387 677 750 963 905 723 635 512 225 25 21 467 395 
731 838 823 212 909 61 907 965 297 292 753 496 517 660 462 526 353 277 739 643 829 597 156 964 820 341 435 198 340 818 25 115 952 541 176 123 499 267 242 587 713 847 320 613 993 871 807 666 104 822 740 351 715 172 911 265 20 168 278 385 734 881 0 740 241 547 623 760 70 316 162 1 736 831 692 
591 589 805 757 359 646 85 272 71 372 764 902 103 996 506 413 809 35 332 444 297 869 565 364 690 86 906 501 2 775 321 990 151 400 341 66 650 570 738 438 940 970 585 492 139 964 545 201 82 617 483 548 954 910 314 853 910 363 712 587 347 568 59 0 424 435 179 975 407 790 342 466 67 698 716 
523 437 220 321 8 130 388 758 221 214 64 454 133 502 633 138 652 143 876 849 947 493 632 673 854 80 389 753 986 20 890 679 670 268 833 43 28 466 697 603 78 293 174 845 267 648 765 620 805 854 27 414 17 46 962 907 888 108 956 132 932 931 30 691 0 196 481 700 278 541 697 352 829 856 560 
430 997 569 503 694 67 809 83 174 27 129 542 657 382 56 614 791 381 836 351 168 405 764 114 462 548 689 180 82 24 407 280 619 864 444 350 233 619 787 148 109 684 752 519 176 694 318 343 22 522 472 337 782 702 751 616 610 313 724 21 207 569 517 575 208 0 594 387 700 900 541 58 567 312 248 
164 615 803 775 68 450 91 950 479 154 467 129 153 742 28 530 34 42 136 354 877 175 13 429 337 476 976 966 917 143 802 509 679 188 349 546 702 986 463 575 622 383 340 682 0 5 458 959 141 266 656 896 781 680 153 984 652 111 233 830 157 998 862 490 461 206 0 876 23 493 754 1000 894 506 618 
633 320 517 967 720 927 970 266 332 611 704 569 151 29 67 695 357 880 99 147 708 746 341 291 774 702 628 446 144 736 373 316 863 205 449 408 903 437 831 422 612 496 291 384 616 502 732 937 620 331 556 445 245 301 6 569 225 273 851 918 475 490 740 709 464 26 816 0 843 900 707 477 327 979 965 
728 611 668 638 68 416 385 294 964 39 694 950 173 185 365 679 690 961 336 885 437 397 506 871 567 88 183 517 208 112 287 595 273 419 781 546 886 204 746 373 587 151 911 614 192 787 754 790 499 975 588 534 592 60 114 345 718 13 385 540 439 676 9 15 919 686 855 946 0 445 760 171 281 161 983 
599 916 427 386 936 341 112 674 525 56 818 818 170 393 878 381 742 501 27 988 282 438 745 984 623 972 48 477 640 0 716 657 925 38 592 24 869 264 678 913 875 815 971 773 23 900 84 467 716 316 928 760 353 687 731 873 935 435 328 95 340 839 103 163 742 18 687 800 584 0 673 951 186 370 741 
771 485 328 375 150 989 677 129 542 189 111 336 673 465 558 524 109 392 901 811 197 164 625 814 854 763 226 90 424 625 400 62 554 813 120 863 774 387 360 513 793 878 125 392 831 831 31 979 389 66 966 708 966 412 32 427 363 838 11 978 195 268 246 940 358 358 76 250 444 750 0 58 300 321 501 
461 764 714 733 823 406 336 251 467 666 639 387 773 216 750 525 235 664 291 431 418 422 644 320 975 188 855 305 164 137 324 351 715 491 363 664 779 546 1 529 184 800 860 691 970 966 466 454 237 857 769 151 976 13 44 278 447 981 136 269 492 692 940 422 948 878 155 953 629 969 517 0 86 998 969 
850 718 322 616 598 605 578 716 517 926 131 479 195 214 845 237 1000 210 596 598 372 646 96 484 80 296 34 332 430 68 389 929 589 122 360 658 949 297 954 979 565 965 870 440 295 632 776 121 16 718 983 995 700 899 40 91 612 513 579 230 564 425 926 924 589 613 983 260 875 1 73 364 0 184 262 
931 900 623 724 364 778 819 55 53 684 603 456 759 268 760 945 403 392 967 73 842 184 728 84 907 27 283 851 956 460 401 473 548 211 626 286 534 699 192 776 110 955 441 349 621 708 400 827 893 580 701 948 694 960 711 728 736 677 484 484 37 553 212 102 322 507 720 556 134 516 797 137 979 0 283 
751 471 674 49 432 884 655 666 243 845 125 391 734 176 550 228 283 375 119 773 419 410 32 248 241 825 894 721 609 285 477 938 884 29 407 941 897 805 351 604 877 975 448 699 936 100 206 82 515 97 207 776 233 519 581 2 777 409 986 486 391 533 5 441 12 312 675 967 938 8 688 779 392 996 0 

Depot information
1
1
1
1
1

Customer information
1
1
1
1
1
1
1
1
1
1
1
1
1
1
1
1
1
1
1
1
1
1
1
1
1
1
1
1
1
1
1
1
1
1
1
1
1
1
1
1
1
1
1
1
1
1
1
1
1
1
1
1
1
1
1
1
1
1
1
1
1
1
1
1
1
1
1
1
1
1
