Seed 123 - Instance: n75m5_0
n 75
m 5
Q 9999
L 5
U 19

0 217 624 791 232 834 941 287 908 12 310 357 391 410 799 652 167 193 340 575 702 637 569 461 54 693 537 939 25 310 885 171 456 197 554 584 810 333 715 911 412 904 914 921 285 32 786 161 517 252 113 879 348 0 540 185 987 727 352 303 987 81 815 294 608 942 234 562 253 432 903 851 387 513 640 255 730 509 131 548 
806 0 610 374 299 216 72 120 867 577 22 31 808 553 684 598 461 156 243 770 650 182 587 175 336 564 951 926 953 313 745 494 318 384 490 72 476 86 134 722 725 867 310 135 87 871 471 419 96 874 794 961 780 686 566 626 319 559 280 87 626 764 479 987 376 102 324 574 931 425 263 879 218 130 33 396 727 849 336 332 
52 903 0 775 390 939 22 284 10 743 63 245 855 974 520 193 437 643 563 708 689 966 997 145 410 198 781 103 787 699 112 699 599 298 933 79 638 188 510 186 205 530 139 414 894 390 759 855 374 508 243 444 735 467 284 494 504 661 378 484 209 229 887 319 273 703 335 119 234 300 990 984 831 712 849 336 560 495 984 943 
296 438 129 0 213 951 26 883 920 220 537 42 697 85 706 474 527 498 346 368 634 175 878 147 69 700 449 880 365 385 514 596 636 528 652 539 223 955 275 303 86 521 550 993 70 332 616 266 89 612 796 729 965 421 448 107 912 49 752 518 484 760 9 848 819 174 88 236 520 692 392 6 304 20 372 395 217 748 884 5 
562 904 373 723 0 539 997 140 88 976 131 453 549 766 941 847 943 487 427 201 137 296 538 355 112 609 278 897 709 221 772 358 961 445 557 203 977 88 774 103 873 300 624 965 917 998 53 61 497 446 45 351 784 448 197 424 247 118 855 799 214 844 930 847 340 158 224 202 291 924 86 481 113 177 208 241 253 584 334 211 
679 464 655 691 438 0 388 902 529 176 817 434 917 200 947 667 955 352 855 399 173 427 733 220 926 623 468 111 826 384 619 20 847 935 1 307 60 723 8 731 762 957 835 591 715 325 106 749 374 177 990 261 319 898 161 804 788 38 21 283 421 52 362 611 393 27 635 481 90 88 332 905 431 571 727 759 15 133 179 147 
577 109 18 978 127 608 0 470 872 111 825 390 175 5 72 990 951 378 199 632 564 559 724 673 222 680 121 281 184 937 586 492 298 740 933 549 428 547 510 636 936 870 73 150 260 347 515 984 496 969 26 677 116 722 819 382 104 544 97 960 346 234 198 606 626 496 752 751 590 317 674 626 42 740 377 947 245 304 274 761 
405 665 72 94 388 359 304 0 645 341 962 968 85 689 608 527 15 745 38 811 752 336 130 235 789 774 50 649 810 266 501 769 58 438 618 580 628 351 999 742 613 717 817 873 318 446 818 326 366 362 426 921 839 176 811 872 665 370 53 839 756 80 611 800 130 575 191 448 984 688 521 564 22 179 899 804 483 101 93 4 
72 684 257 289 735 24 396 455 0 119 790 76 349 157 619 725 420 914 113 834 354 608 153 244 12 73 717 385 297 836 322 117 181 647 420 508 725 901 990 362 973 966 780 616 471 630 427 387 105 31 79 651 882 190 521 270 147 647 572 648 266 774 306 132 219 765 705 988 680 460 80 376 719 811 390 333 756 471 548 367 
764 103 954 451 932 804 30 770 558 0 492 278 183 250 230 921 543 936 285 382 947 652 675 555 962 208 454 398 96 125 666 907 310 396 229 405 831 372 654 555 733 750 599 938 295 578 718 692 445 673 836 8 225 576 937 963 847 778 471 746 327 114 543 85 218 299 345 547 951 579 33 907 807 483 56 76 639 27 62 87 
44 8 257 808 324 784 56 179 772 74 0 631 366 395 76 21 823 289 637 772 971 747 192 565 21 998 180 898 339 141 332 469 450 262 309 988 545 414 626 257 364 865 877 534 702 989 125 237 528 475 889 550 579 609 318 969 466 830 898 556 461 806 789 0 293 272 729 654 70 644 482 761 882 688 253 666 573 365 394 866 
878 96 758 710 637 565 941 124 104 376 785 0 930 251 955 159 920 928 120 972 485 407 159 179 94 474 720 783 921 783 573 213 232 539 538 918 156 947 40 251 106 655 625 416 655 742 851 335 750 949 665 266 139 338 484 574 933 922 778 820 959 99 431 95 936 235 47 187 531 782 603 660 337 81 139 535 772 659 357 249 
80 323 22 480 980 52 420 894 951 927 490 841 0 458 48 867 677 624 763 227 65 368 746 67 856 300 147 781 974 384 171 515 342 799 38 907 417 85 120 127 832 168 765 993 589 697 153 326 998 375 662 481 995 900 339 572 20 681 119 364 24 70 994 831 677 390 62 860 745 187 427 858 717 828 225 892 436 84 632 531 
70 382 920 173 897 677 666 662 725 522 289 795 864 0 270 490 673 95 107 404 553 272 263 664 924 632 519 174 962 722 114 238 580 964 887 14 475 697 742 206 650 233 570 614 762 270 163 850 323 884 263 461 216 401 333 573 482 522 240 746 420 473 407 836 545 802 641 699 445 370 585 866 971 703 54 357 96 472 802 810 
611 60 805 247 530 667 553 646 407 504 48 775 454 108 0 555 825 988 685 89 489 35 692 5 253 442 94 984 857 355 164 939 532 112 142 545 25 150 371 326 166 802 644 412 661 23 81 817 453 881 209 721 824 801 455 656 474 805 592 675 5 709 83 380 408 764 3 762 333 539 695 869 364 605 501 410 977 848 944 208 
669 10 201 307 982 289 809 399 293 756 209 528 963 856 809 0 284 826 197 516 632 35 675 825 426 784 11 63 637 186 723 498 36 348 515 238 755 629 907 41 949 547 459 878 41 713 104 655 582 729 215 834 527 634 571 203 7 150 675 307 209 13 340 218 463 764 575 248 168 430 975 465 670 465 763 423 835 952 223 323 
189 950 821 486 565 358 938 969 885 445 496 967 702 375 203 701 0 137 642 523 985 119 751 638 246 725 773 683 525 956 526 235 663 36 1000 548 325 191 699 102 165 326 343 405 661 852 355 794 839 628 279 42 291 845 658 670 514 998 545 631 378 372 409 549 622 586 343 616 70 21 565 735 679 753 115 57 35 354 140 75 
81 726 238 90 386 129 391 246 181 981 212 864 191 867 320 0 722 0 846 105 659 955 364 542 555 664 152 877 539 594 553 894 470 749 844 824 650 893 354 314 99 536 783 400 317 961 799 400 551 204 551 337 918 613 79 484 23 349 316 365 905 645 626 551 902 801 720 630 801 878 706 55 550 771 635 478 670 592 719 106 
410 141 549 833 5 376 323 874 444 992 256 883 960 313 403 786 606 943 0 550 581 431 366 355 933 161 492 885 456 452 426 585 379 92 374 446 79 677 488 99 635 823 125 97 729 584 36 501 865 314 114 800 95 382 2 808 809 689 524 889 33 711 531 308 400 745 849 117 941 454 108 431 32 405 951 766 882 951 927 579 
360 854 782 990 138 829 402 233 552 847 936 372 774 989 859 556 70 755 528 0 773 881 19 732 516 386 121 894 690 401 194 984 329 507 148 118 770 152 270 934 624 448 549 973 29 577 954 672 626 222 0 312 749 937 673 295 432 697 74 199 104 181 968 895 187 829 280 459 640 217 938 2 783 864 15 675 341 419 887 284 
721 434 474 63 271 35 848 975 605 185 856 881 442 612 85 643 50 738 445 138 0 131 21 536 221 218 840 965 904 815 911 650 56 832 708 561 625 735 482 266 711 644 888 128 824 237 535 347 785 171 769 159 448 427 766 799 891 744 418 373 145 924 752 685 519 436 657 116 639 549 816 917 405 714 45 756 347 487 444 538 
335 452 396 781 773 281 33 720 231 641 141 690 269 857 916 290 270 697 211 119 6 0 165 857 335 259 918 361 133 97 117 839 562 653 13 539 222 896 996 170 872 472 808 11 615 269 230 521 281 160 12 839 178 946 460 655 565 296 617 627 790 200 672 305 190 804 680 851 419 36 491 685 769 744 32 254 465 192 668 801 
641 833 337 942 169 21 191 684 18 197 501 113 260 682 158 545 391 268 754 966 843 290 0 743 660 534 458 185 196 924 4 184 357 807 319 211 522 762 440 88 19 716 737 28 163 476 141 928 30 286 819 581 232 480 531 901 115 323 723 605 337 649 166 685 109 826 698 587 117 13 959 182 89 863 436 605 381 54 920 451 
182 768 306 330 499 888 254 517 87 523 550 844 759 278 943 473 617 876 504 516 316 89 682 0 835 903 695 719 844 812 992 659 416 468 769 964 552 153 894 378 46 234 304 244 555 771 142 805 987 899 586 85 31 345 720 167 473 424 740 70 92 480 829 255 561 508 943 827 10 897 705 517 192 101 709 63 76 936 834 240 
191 299 758 224 292 188 902 892 875 258 810 71 251 145 161 579 951 542 166 724 593 11 925 897 0 14 845 754 290 658 132 231 888 312 835 35 928 224 563 549 438 191 783 725 18 259 150 447 582 627 112 403 783 195 51 193 142 398 177 506 706 208 981 252 55 881 343 916 482 191 682 543 437 885 349 540 40 674 409 6 
919 248 128 895 540 219 996 147 4 567 597 415 962 483 123 756 355 830 508 692 897 517 602 907 973 0 599 816 115 218 503 594 575 264 206 438 136 683 618 396 675 918 770 365 391 354 438 403 420 950 360 677 904 721 413 658 270 968 753 679 942 255 265 994 521 862 621 228 406 777 654 464 848 308 812 853 405 810 855 970 
24 439 47 633 776 144 614 964 991 505 196 742 978 752 742 369 997 21 32 873 238 344 335 823 810 394 0 462 45 717 19 149 654 260 13 538 690 789 156 789 442 957 443 175 867 825 704 834 817 66 157 318 428 81 504 240 503 389 865 523 157 96 461 580 501 158 469 370 366 669 508 515 344 53 911 617 606 457 603 841 
561 138 473 831 1000 349 160 727 648 290 99 641 317 408 506 763 869 979 153 848 419 109 634 953 796 847 499 0 567 571 453 957 993 405 510 161 872 318 110 712 765 164 593 750 546 668 317 537 217 849 78 698 97 522 895 554 899 361 972 149 902 265 538 359 433 16 337 768 770 564 162 43 35 475 178 257 181 520 227 9 
493 539 524 814 197 305 846 607 61 534 731 60 900 328 95 8 918 925 147 841 808 870 473 779 112 815 907 762 0 526 989 958 466 682 456 324 430 270 24 497 894 537 777 899 478 566 539 59 660 481 429 322 367 951 259 355 791 569 150 528 897 390 456 542 615 468 634 405 272 540 160 749 151 864 468 117 406 84 262 253 
397 535 875 576 108 996 176 531 497 290 824 639 191 239 122 259 520 213 226 629 676 649 638 676 62 186 719 183 863 0 754 597 475 779 789 242 553 235 514 567 848 966 912 614 450 264 747 372 812 642 289 951 984 521 777 266 953 455 403 757 824 669 165 8 881 553 104 818 387 448 962 913 678 752 785 426 238 726 416 686 
204 203 299 870 187 988 115 568 962 869 837 633 692 7 480 565 464 511 502 882 486 366 532 70 400 132 496 248 148 758 0 52 739 20 697 921 323 38 127 550 411 419 641 616 830 193 957 102 144 9 671 326 513 592 905 132 816 575 383 141 289 448 683 285 396 545 665 328 868 738 405 595 767 39 948 590 781 972 126 317 
962 439 730 31 529 924 169 711 986 305 172 306 245 525 241 498 899 735 357 424 97 223 904 48 648 287 754 381 729 307 908 0 717 442 650 681 352 471 345 243 784 805 932 467 762 635 535 881 381 763 607 352 137 444 173 756 37 310 750 753 335 759 243 990 262 75 177 667 882 748 316 626 95 681 652 141 433 194 265 795 
593 242 366 473 61 891 169 14 582 739 155 163 308 938 1000 446 499 64 321 907 436 727 458 170 527 689 309 775 438 513 674 325 0 445 278 211 485 168 986 98 281 15 543 978 125 568 129 473 93 847 813 629 457 430 185 673 386 384 466 902 583 448 404 716 93 553 353 794 163 929 44 414 902 340 811 63 207 13 761 154 
769 3 445 293 758 896 141 776 113 208 994 349 169 818 910 755 121 609 83 223 16 716 253 381 314 830 796 108 826 511 298 879 994 0 137 607 884 484 434 716 230 732 582 312 933 940 746 303 498 830 323 486 233 959 598 404 929 241 403 797 770 499 889 982 316 882 814 617 236 764 113 642 42 304 338 527 94 903 344 477 
182 84 446 577 414 863 557 436 843 258 638 199 598 401 547 66 247 134 881 507 848 741 874 223 463 376 637 93 193 388 116 417 144 524 0 904 170 247 88 543 228 623 388 559 253 342 590 615 390 556 338 415 404 378 482 636 464 937 281 604 636 638 234 905 726 622 215 655 987 586 769 771 237 985 407 114 522 572 158 993 
327 633 311 816 432 438 511 379 588 464 697 434 292 759 894 672 606 771 203 982 662 767 301 178 51 236 865 143 560 364 259 538 617 516 335 0 844 276 442 23 284 5 710 139 763 729 547 863 251 960 337 186 969 854 300 955 20 780 424 803 262 374 388 501 879 487 803 414 880 752 137 171 171 921 398 963 494 472 938 802 
174 779 232 682 315 673 691 610 80 296 147 621 134 379 38 432 256 915 774 105 380 910 743 922 220 399 913 852 915 756 277 260 897 537 734 728 0 843 185 677 241 778 235 703 415 418 104 31 415 606 985 689 548 909 621 916 855 515 780 794 750 13 43 418 197 455 352 966 740 546 847 323 720 629 169 237 514 376 673 451 
479 912 877 567 710 86 109 580 308 982 86 456 485 992 708 970 96 854 548 5 474 125 294 646 731 553 717 118 857 763 590 806 405 803 461 912 283 0 383 660 952 211 687 350 717 512 494 549 77 550 97 421 335 326 171 520 216 659 562 930 819 600 834 331 675 156 484 106 219 786 604 64 916 522 77 505 722 349 673 863 
224 492 536 167 71 482 296 919 207 362 712 702 740 244 538 429 351 566 738 267 360 596 40 485 638 451 297 438 778 96 606 943 813 91 348 431 794 27 0 519 850 754 223 491 88 654 486 151 716 461 846 811 322 473 813 684 818 151 913 892 869 904 686 838 639 895 567 38 267 320 791 420 17 855 479 217 835 453 664 514 
394 991 474 410 584 981 751 738 924 561 700 71 736 588 392 492 755 978 671 10 298 381 553 615 490 200 833 917 741 656 593 295 183 23 912 396 468 775 859 0 572 892 467 868 807 686 356 690 841 943 453 691 100 8 560 22 906 280 172 181 19 741 623 132 497 421 531 186 357 615 858 125 335 381 654 187 797 948 607 704 
760 821 275 991 242 303 145 636 791 675 636 593 578 464 632 547 771 29 88 319 978 479 582 113 778 133 842 250 344 897 352 981 51 634 84 800 943 278 21 693 0 248 798 635 173 421 241 156 850 292 130 5 48 177 409 549 506 992 127 668 894 165 285 894 711 171 649 62 278 724 794 9 296 22 524 328 727 593 221 14 
732 145 846 377 970 670 285 173 785 187 949 900 928 577 107 502 322 912 200 259 368 83 630 474 874 470 357 135 816 269 701 589 843 149 770 45 792 949 990 341 359 0 441 358 350 841 563 200 468 177 58 261 357 580 544 891 465 200 778 798 490 949 708 323 790 743 73 725 999 39 132 850 184 472 353 588 694 689 156 291 
320 123 215 238 845 342 84 720 547 722 668 632 938 192 230 224 844 280 436 134 388 137 657 597 736 638 312 790 334 204 797 554 77 936 563 917 857 138 166 729 242 818 0 100 40 45 876 547 105 105 474 538 999 245 759 224 80 381 191 934 583 817 952 167 462 501 267 803 335 111 88 624 62 292 420 695 826 715 658 112 
791 423 651 954 452 871 478 775 69 649 703 468 335 324 347 271 289 722 58 395 596 526 78 683 877 650 324 772 816 486 786 913 638 604 95 521 454 88 220 113 796 404 444 0 736 30 36 486 977 5 103 595 4 519 367 682 899 346 511 685 182 698 287 470 253 477 187 708 382 282 447 509 744 783 151 235 808 408 38 867 
15 898 255 844 81 219 420 316 961 169 985 650 510 188 709 803 606 851 88 677 423 281 779 786 140 305 670 372 255 591 303 741 30 889 968 762 597 143 962 904 915 279 196 0 0 731 607 851 835 534 271 588 76 622 900 635 908 29 251 2 600 915 888 959 601 723 878 519 301 91 110 640 5 541 893 652 974 360 939 919 
888 46 368 145 617 201 328 371 761 883 785 553 338 517 59 496 181 214 576 429 679 885 853 221 23 569 705 1000 797 155 133 700 719 416 976 427 406 387 138 442 761 695 428 936 197 0 630 602 934 926 559 209 383 558 594 383 360 347 397 887 768 253 794 877 628 269 796 63 625 786 966 553 773 330 610 709 925 597 785 953 
704 535 940 901 693 322 288 718 990 252 818 800 378 392 782 840 513 505 715 867 569 853 59 553 260 248 161 397 401 834 69 883 840 847 172 44 70 445 106 389 741 982 581 401 781 738 0 406 332 428 333 100 238 476 662 149 480 220 990 538 738 182 291 463 203 703 770 773 637 522 345 833 625 695 492 149 844 104 929 313 
649 221 225 529 520 178 182 257 358 656 587 780 555 990 107 200 871 165 195 446 382 62 638 433 277 523 620 412 969 827 972 22 795 918 910 324 400 56 990 68 369 111 597 427 257 386 220 0 483 121 293 387 664 923 325 571 655 627 16 495 512 103 57 211 721 753 558 810 693 56 201 370 844 700 620 823 443 373 679 850 
742 641 985 96 362 926 725 69 694 934 843 631 374 981 898 768 472 543 181 39 455 931 380 650 29 997 661 95 945 834 220 541 268 469 603 709 275 319 454 960 969 368 571 712 512 205 856 235 0 949 481 150 865 657 392 298 453 277 965 3 297 205 79 239 148 502 689 785 452 704 917 195 907 67 167 182 212 515 841 223 
399 781 516 693 447 704 569 340 250 68 663 447 79 979 115 123 732 723 106 963 77 531 979 155 424 932 412 400 67 76 998 139 893 24 935 41 316 828 943 358 585 920 627 954 456 772 118 780 638 0 358 934 153 153 596 985 872 892 743 554 345 127 527 421 958 338 273 104 110 976 582 743 608 769 666 433 198 697 408 135 
772 66 657 545 878 667 990 264 116 449 828 848 994 517 846 232 737 554 652 918 862 668 109 273 969 296 537 686 66 928 178 379 681 619 412 622 420 882 501 21 688 746 877 19 261 69 687 859 237 287 0 76 971 940 347 465 198 55 10 868 626 422 606 296 370 396 842 238 643 17 651 128 287 376 121 121 608 951 449 617 
301 188 193 224 287 789 18 534 721 983 106 644 331 564 639 782 513 774 864 154 169 62 243 214 321 370 949 235 983 821 51 855 847 984 983 577 87 843 633 475 820 763 704 446 700 586 819 56 645 898 365 0 834 150 738 58 855 181 196 649 99 981 301 45 754 626 396 93 176 67 47 363 987 559 673 314 16 773 925 561 
424 123 178 150 13 671 306 57 374 701 872 527 427 497 908 826 705 921 404 701 943 173 266 614 555 833 892 636 564 976 839 131 468 905 937 972 787 20 73 116 176 841 296 725 206 290 30 793 639 50 930 401 0 956 810 248 694 690 942 965 358 55 490 884 308 858 247 740 877 437 817 46 502 731 153 234 865 379 850 812 
40 678 888 633 206 558 455 28 798 698 493 884 465 853 332 842 698 783 72 448 645 0 823 837 210 601 917 84 433 7 527 110 225 141 943 185 649 750 476 538 101 349 444 400 389 999 653 420 208 338 282 632 26 0 338 705 207 139 997 155 695 37 840 499 800 920 413 403 53 407 825 61 268 842 797 252 608 569 535 546 
61 925 525 282 165 616 458 589 459 281 336 801 620 649 267 51 219 740 139 64 155 119 669 914 579 826 193 81 444 350 635 766 817 894 651 603 808 980 498 832 435 65 467 305 495 976 963 4 966 779 633 715 92 664 0 440 959 4 407 608 187 616 646 249 282 399 463 14 198 912 262 711 975 716 550 169 820 829 726 620 
699 355 580 984 971 856 741 387 559 142 17 788 138 590 437 926 525 864 925 582 179 736 726 153 449 98 583 247 217 478 776 882 191 211 512 995 814 257 293 924 914 487 782 211 396 1000 365 247 87 16 442 279 245 935 376 0 838 883 827 678 668 814 472 944 436 584 222 804 419 845 857 659 141 797 360 623 80 882 207 800 
749 329 198 30 705 117 367 625 524 815 392 406 502 722 35 511 630 451 834 301 36 53 447 924 484 998 977 711 46 785 612 311 110 455 415 557 677 564 407 139 803 147 219 639 41 582 304 878 766 58 61 908 800 168 268 283 0 763 187 191 932 126 761 580 614 562 714 6 564 422 519 861 806 555 406 948 52 20 106 236 
39 467 207 225 693 741 531 681 220 421 321 941 202 67 849 425 117 858 365 394 478 491 375 306 938 273 548 325 839 941 377 521 166 714 800 770 53 929 935 629 387 275 945 745 166 311 283 119 112 915 228 584 296 863 911 18 321 0 951 596 416 120 518 753 606 296 822 892 270 284 920 1000 677 445 622 306 352 799 671 679 
233 706 710 770 136 922 198 450 282 869 448 356 535 659 807 750 487 255 733 592 675 870 738 101 777 739 491 184 924 886 545 358 837 437 915 137 458 589 405 594 286 979 777 471 102 833 192 916 691 61 359 991 341 256 552 560 296 508 0 751 232 678 329 933 163 482 367 378 26 17 862 790 668 976 808 396 272 355 545 709 
55 443 695 643 605 973 704 457 856 126 391 258 707 463 502 811 801 2 607 184 594 958 13 708 813 839 699 370 210 610 637 376 850 32 864 155 44 747 599 737 67 240 449 273 124 678 12 319 972 542 408 533 56 559 157 900 744 513 673 0 140 389 719 546 417 293 254 112 847 35 906 740 337 615 365 511 372 662 827 134 
21 973 940 543 359 694 435 819 685 160 500 665 431 745 591 740 413 987 43 479 758 452 878 766 897 743 517 827 45 675 432 615 701 275 948 647 247 156 943 749 204 440 753 297 681 542 446 220 828 378 123 598 515 215 282 582 371 839 614 802 0 130 759 938 685 378 732 433 947 342 677 832 730 623 275 793 387 483 885 119 
446 921 798 652 794 325 480 147 882 663 217 899 185 574 297 156 19 496 823 99 849 681 357 663 540 847 748 423 892 3 827 279 136 207 786 96 425 144 791 416 193 433 342 62 244 130 394 58 607 318 86 433 649 886 921 802 598 926 824 718 49 0 150 444 948 121 249 177 298 384 122 283 235 986 212 35 617 972 528 767 
574 722 834 462 941 67 909 666 762 362 341 487 88 926 153 758 665 155 675 527 291 54 522 199 677 883 198 985 586 882 317 183 798 652 680 546 854 979 883 397 718 223 799 775 714 986 558 326 994 958 535 660 604 569 784 171 772 142 291 142 463 324 0 556 509 363 74 449 39 95 135 866 851 197 334 907 489 325 988 598 
636 744 11 789 825 332 636 850 50 101 621 455 484 476 900 485 352 404 396 341 760 250 673 293 505 204 540 401 858 246 246 432 518 726 354 146 434 985 452 463 369 955 705 144 923 335 699 768 379 832 590 704 369 851 216 474 958 866 582 578 234 582 714 0 38 839 400 212 676 714 29 739 889 300 100 170 611 126 278 358 
799 574 509 416 598 485 200 5 173 123 758 498 209 163 467 949 946 19 147 37 936 332 779 95 309 36 580 574 52 304 500 337 729 254 88 593 449 635 23 168 788 138 544 627 721 216 408 916 702 766 844 975 588 963 996 511 662 265 831 629 264 859 977 223 0 999 970 386 159 3 886 638 625 403 298 896 489 317 501 191 
925 575 44 769 28 989 380 735 607 294 820 464 629 196 736 759 8 190 567 753 801 570 418 447 810 148 549 551 153 750 239 839 730 70 982 513 323 696 397 829 213 632 803 363 272 468 142 649 457 183 583 141 326 50 540 991 23 61 159 814 525 596 653 60 155 0 701 299 23 463 504 928 770 969 243 619 179 179 316 816 
430 108 585 242 290 996 630 453 182 285 227 366 147 433 218 602 989 465 660 192 223 892 761 944 556 813 762 16 233 861 148 947 803 250 935 142 847 543 819 526 865 765 788 999 155 604 327 441 313 814 773 178 685 226 382 476 906 989 648 770 997 951 43 489 746 439 0 595 42 539 347 251 635 625 706 407 305 426 257 989 
24 155 207 866 232 690 914 490 236 541 356 707 666 962 305 363 432 698 131 396 16 745 5 975 595 793 352 341 13 737 688 74 103 364 346 411 7 465 90 717 421 899 930 518 733 949 453 116 175 533 971 645 550 829 71 391 83 621 305 629 628 910 299 452 249 839 102 0 315 724 784 171 769 8 990 724 23 761 990 842 
842 968 4 127 904 209 602 856 963 527 410 286 872 45 989 508 225 890 631 248 568 416 209 881 983 191 748 446 206 34 674 514 375 101 142 501 214 476 892 528 152 910 544 117 393 727 892 830 636 355 593 422 220 469 358 624 690 856 916 420 384 775 183 247 252 110 752 721 0 886 144 838 648 450 557 222 605 838 717 723 
711 78 413 349 730 570 524 519 496 509 610 913 62 387 475 34 888 161 141 419 150 77 207 471 994 827 166 505 571 150 498 194 535 331 203 284 258 264 565 805 278 170 787 720 77 491 824 350 374 12 639 115 264 235 730 475 9 840 449 35 114 461 402 90 191 604 24 142 988 0 603 903 584 340 655 203 775 182 904 216 
814 636 638 531 758 67 740 586 271 552 482 644 848 154 276 312 786 768 260 654 982 800 280 995 878 461 926 441 674 542 163 287 321 105 232 827 744 381 903 839 326 554 718 521 0 983 703 851 714 123 304 850 507 824 668 750 428 19 68 119 782 976 42 596 146 849 552 930 198 382 0 977 901 186 520 590 503 330 379 139 
217 315 482 106 258 329 204 536 492 405 825 583 570 886 348 524 943 712 594 128 249 13 920 845 535 766 489 289 575 133 141 303 672 282 266 24 227 613 557 998 926 239 379 963 887 855 56 928 833 769 919 473 698 82 44 218 511 980 639 991 579 347 617 71 848 693 533 165 598 762 224 0 904 608 367 356 743 600 27 761 
761 529 616 636 567 161 982 870 66 551 328 440 47 114 662 294 882 57 731 656 599 596 416 857 598 135 334 521 627 275 519 433 305 181 746 405 1 643 588 658 547 198 730 628 699 3 212 123 769 2 496 288 345 390 464 251 552 465 940 812 252 842 695 968 664 268 55 735 841 153 845 854 0 338 701 598 604 981 978 910 
207 266 821 407 480 616 777 789 886 951 590 839 144 477 732 157 158 256 899 762 272 417 843 162 523 292 832 985 335 804 703 838 779 177 299 553 48 741 200 593 658 951 80 899 604 651 641 441 861 918 872 623 109 375 1000 419 208 744 935 568 229 507 672 342 562 696 244 568 98 509 456 217 254 0 459 227 746 879 259 531 
698 199 268 669 761 262 533 99 53 106 393 629 749 915 139 126 991 896 500 214 595 910 429 907 703 787 903 707 82 921 680 682 637 686 594 698 976 331 29 460 376 818 460 100 358 162 199 885 166 642 703 195 60 966 834 293 271 5 716 989 618 454 5 486 413 1000 377 672 172 430 192 905 330 85 0 653 836 220 790 410 
985 347 938 18 914 662 988 96 789 548 872 371 88 462 687 824 855 827 354 60 423 249 919 65 639 52 918 105 385 771 812 996 64 447 110 943 958 103 393 561 887 276 79 435 758 733 826 551 583 388 421 822 170 313 974 778 386 674 61 975 341 777 977 73 761 593 579 154 873 394 938 715 734 977 117 0 660 230 105 409 
427 218 818 972 833 419 541 485 178 127 882 354 557 332 597 958 316 128 677 200 432 190 711 645 709 480 939 744 850 628 652 588 952 521 991 821 929 962 207 835 618 591 676 873 280 104 401 516 154 8 984 391 500 583 18 600 354 5 876 950 571 438 158 135 553 986 462 94 560 212 221 4 861 72 56 688 0 764 895 616 
708 113 62 2 294 856 690 159 261 963 689 527 73 93 227 478 944 130 640 619 221 27 260 525 948 755 767 58 928 15 228 584 112 62 783 223 351 527 486 302 708 66 78 127 986 340 124 229 215 469 398 920 264 321 933 737 56 844 794 490 395 517 910 774 495 574 496 588 60 529 67 311 816 302 970 624 601 0 48 629 
221 942 840 803 637 264 257 686 545 807 362 814 695 896 267 266 578 143 9 778 757 314 270 13 609 608 425 736 222 611 505 59 891 128 410 364 482 843 124 703 683 332 834 407 323 748 58 412 309 287 366 929 139 597 811 667 973 400 487 758 633 208 44 871 982 688 834 277 688 476 826 533 644 30 784 72 760 218 0 744 
434 330 156 725 945 485 566 898 721 112 309 91 239 722 265 150 711 897 920 461 984 972 52 96 475 544 214 446 308 401 547 938 829 328 870 396 915 257 558 301 111 191 854 236 323 424 653 207 747 628 524 289 518 220 441 91 276 962 197 905 793 689 796 117 140 31 461 882 0 938 971 477 323 390 420 528 397 382 875 0 

Depot information
1
1
1
1
1

Customer information
1
1
1
1
1
1
1
1
1
1
1
1
1
1
1
1
1
1
1
1
1
1
1
1
1
1
1
1
1
1
1
1
1
1
1
1
1
1
1
1
1
1
1
1
1
1
1
1
1
1
1
1
1
1
1
1
1
1
1
1
1
1
1
1
1
1
1
1
1
1
1
1
1
1
1
