Seed 124 - Instance: n75m5_1
n 75
m 5
Q 9999
L 2
U 17

0 251 678 320 904 842 324 354 325 700 900 288 237 938 891 305 584 895 250 337 965 685 305 789 687 449 528 304 272 292 608 925 107 270 185 469 82 770 481 388 650 178 273 87 772 931 695 221 422 757 630 197 334 494 806 275 935 801 853 687 264 995 344 759 549 992 996 332 80 557 918 539 255 142 376 981 730 397 364 855 
156 0 123 966 144 628 914 389 282 114 491 319 986 706 256 400 494 691 742 725 398 738 478 800 177 724 163 640 83 404 19 497 733 411 200 10 716 267 452 608 377 17 992 522 475 371 619 6 943 464 749 517 928 669 975 768 885 811 769 551 587 890 679 305 5 229 976 195 734 673 740 268 422 159 936 823 869 796 746 463 
939 995 0 938 461 304 275 419 794 198 412 698 664 906 171 409 116 552 813 569 160 472 597 964 166 660 733 737 226 524 802 401 586 253 784 369 175 703 614 600 782 406 579 144 763 105 560 561 116 527 129 969 198 532 998 983 172 342 578 400 75 119 430 458 724 692 551 566 551 815 871 423 298 518 214 548 559 649 614 559 
297 439 903 0 941 269 444 565 601 426 373 752 525 180 787 238 156 712 560 449 22 127 825 537 338 392 734 656 148 808 796 790 647 720 635 783 43 91 674 904 263 349 708 981 327 566 717 486 724 307 590 425 717 90 81 164 510 277 70 217 601 523 536 402 406 504 792 379 682 177 252 820 861 760 688 531 746 58 471 524 
994 162 743 115 0 987 472 528 367 53 501 707 220 442 454 576 663 432 888 141 458 757 55 16 515 214 265 46 379 565 313 881 790 460 831 847 522 6 40 73 119 143 318 420 734 19 213 768 205 883 628 103 775 144 476 177 418 122 350 879 377 748 713 593 777 164 809 721 358 467 476 697 499 804 868 951 792 865 150 583 
365 775 665 795 960 0 164 122 584 247 977 158 214 250 424 123 474 799 5 685 7 123 310 901 256 680 455 654 827 240 649 398 336 510 741 987 597 759 131 705 950 308 449 198 841 879 60 105 212 152 248 512 744 711 59 48 548 734 474 547 86 169 572 724 941 33 811 80 522 170 19 280 267 695 700 788 96 628 950 81 
828 469 788 478 877 280 0 151 628 147 55 612 739 658 689 361 175 612 853 798 308 719 772 335 347 630 606 902 98 955 179 214 795 794 375 68 200 613 953 613 403 199 519 894 465 518 888 923 461 224 97 801 643 882 336 487 947 913 521 286 59 811 70 365 462 195 141 686 195 680 213 81 444 980 460 368 718 594 379 977 
207 192 742 958 632 70 568 0 27 422 422 200 881 180 611 794 680 170 225 775 886 132 76 406 395 838 398 942 319 92 335 495 388 240 250 625 669 504 766 804 132 646 37 76 407 145 524 821 628 74 805 121 71 612 280 733 642 815 87 362 788 834 202 623 460 807 728 879 387 675 488 415 890 491 46 802 122 569 25 696 
888 226 831 449 680 846 552 496 0 463 900 172 868 180 180 581 938 588 851 532 377 800 825 590 78 214 638 607 677 422 489 143 872 410 134 585 315 826 920 793 479 797 699 217 194 149 918 548 81 606 352 182 581 858 619 820 758 315 67 219 855 215 457 635 951 797 757 510 0 495 326 483 101 363 988 945 691 243 61 854 
414 801 361 938 412 515 565 46 163 0 772 982 715 188 466 333 140 718 206 64 768 179 905 699 861 460 105 403 32 401 524 185 263 904 352 822 533 809 762 321 833 191 944 235 53 917 48 748 18 157 38 122 199 440 428 330 651 940 630 804 476 583 924 969 643 712 997 856 11 394 931 827 708 253 227 649 671 831 585 950 
322 878 844 196 135 309 996 599 351 824 0 511 704 585 820 741 702 362 347 651 330 837 353 982 117 672 743 711 217 911 968 365 328 749 422 365 928 101 748 334 508 343 585 772 92 965 755 919 437 838 748 345 7 682 817 452 917 329 639 489 761 952 900 80 265 681 967 617 904 842 611 958 220 264 694 251 5 733 776 466 
307 245 428 705 335 968 790 945 898 751 795 0 409 890 601 804 719 304 478 361 819 100 304 471 762 328 34 928 522 789 494 596 749 884 803 209 991 71 675 300 565 31 781 172 320 754 646 897 38 364 986 781 859 180 716 38 306 972 852 22 525 931 854 935 228 417 405 121 120 151 66 287 281 487 190 981 368 407 221 380 
185 989 856 61 638 34 439 815 144 894 13 119 0 177 639 704 511 284 494 871 415 904 409 391 725 743 65 57 925 502 588 351 305 131 565 442 235 15 784 371 773 765 891 240 476 893 316 162 600 999 501 152 386 771 6 688 20 356 748 819 599 102 345 686 47 51 639 920 490 467 870 33 809 725 217 485 469 775 118 100 
967 817 609 376 378 949 613 906 678 999 417 757 721 0 487 497 455 146 67 45 126 410 392 489 425 288 24 701 80 625 784 515 967 355 717 257 599 425 389 407 499 255 676 802 122 49 883 516 904 235 420 754 386 625 4 978 369 101 582 183 120 307 199 685 828 66 811 232 519 369 335 989 135 128 828 570 530 506 732 916 
877 542 597 505 744 950 934 854 335 267 665 350 811 16 0 753 940 779 383 107 236 150 587 660 599 824 309 314 875 269 950 332 261 944 20 675 369 92 734 678 247 374 420 256 154 841 725 252 805 229 491 640 450 546 613 432 726 417 447 990 614 835 457 513 670 890 206 512 404 998 659 103 562 289 582 264 128 969 753 152 
715 70 31 448 783 517 208 998 948 810 195 340 376 888 917 0 259 693 869 350 871 753 264 47 654 786 459 473 570 208 236 875 896 142 124 570 378 282 551 301 975 534 667 520 602 89 224 104 720 314 758 317 413 716 934 304 306 993 588 135 179 827 138 58 912 405 269 64 637 623 376 395 137 844 280 651 735 938 360 782 
878 228 230 226 596 662 130 782 159 162 905 752 424 953 837 499 0 137 269 870 456 612 280 957 104 863 172 69 372 11 983 0 955 999 1000 547 66 542 496 301 767 870 595 607 236 366 102 402 828 427 834 189 398 368 904 242 849 676 614 476 254 704 555 293 283 990 929 171 564 636 490 349 936 792 737 401 59 525 751 499 
651 456 613 456 762 216 975 665 292 306 898 428 63 398 294 60 196 0 956 97 208 654 491 17 614 108 70 316 397 591 101 17 316 939 508 480 624 350 514 453 383 509 380 252 380 886 748 867 834 665 982 203 116 999 839 298 697 71 1000 679 72 333 547 717 906 977 898 829 468 552 223 379 16 91 728 348 115 740 371 48 
293 803 753 2 21 542 432 235 5 956 502 907 991 199 289 699 153 115 0 36 395 368 949 905 405 915 824 56 969 833 254 552 384 393 829 336 923 928 221 939 57 531 531 624 254 675 440 283 129 622 299 557 716 27 329 962 994 144 57 51 959 119 563 475 966 730 990 451 250 809 271 753 412 46 553 804 216 28 470 69 
648 106 221 649 464 831 375 334 870 803 285 538 759 104 901 517 856 975 629 0 26 318 262 14 65 269 973 564 247 158 96 837 89 741 146 380 145 452 15 926 390 877 191 437 131 759 817 175 557 120 292 942 725 480 504 350 621 672 840 68 137 700 343 864 380 57 877 356 189 301 715 774 491 916 899 747 336 689 387 972 
469 379 164 975 442 851 131 457 516 889 254 49 344 822 634 15 313 544 681 797 0 467 543 989 829 885 862 784 280 356 881 396 850 591 161 969 869 437 696 928 117 921 231 430 512 191 313 249 807 145 823 569 612 223 778 401 813 854 963 446 702 307 233 75 928 996 598 816 228 560 98 304 151 279 600 24 464 649 799 347 
601 644 810 429 302 354 503 98 330 134 274 907 707 210 909 182 620 136 12 102 308 0 743 409 479 766 418 91 216 314 290 224 937 918 177 395 468 790 787 134 122 757 357 730 130 756 583 380 693 181 928 798 748 943 861 242 371 705 660 172 920 775 641 987 397 367 511 143 725 14 476 269 101 265 115 62 146 788 873 0 
805 113 535 735 41 811 282 844 266 959 17 505 127 14 755 325 378 222 577 742 529 132 0 371 428 931 43 606 998 402 696 998 909 101 906 686 421 191 700 552 19 374 829 591 843 144 887 580 12 566 602 586 319 539 458 115 897 577 9 343 633 122 76 608 1 76 450 271 585 487 167 689 988 698 394 578 299 203 182 848 
954 538 82 785 918 524 901 259 917 796 330 23 879 65 935 550 41 717 137 460 746 35 481 0 212 149 524 760 71 907 854 702 371 292 638 475 302 151 311 590 450 343 667 341 759 158 967 704 953 716 2 903 757 804 135 760 76 91 728 810 96 105 959 151 238 837 179 278 691 156 851 221 791 793 783 944 279 152 567 25 
149 14 498 419 508 208 741 653 93 679 80 749 86 195 784 212 408 651 892 741 5 549 26 537 0 450 873 997 620 289 509 776 657 391 598 84 112 695 402 888 807 45 570 3 834 963 48 318 995 809 667 935 133 921 23 428 283 636 979 328 106 76 583 291 811 368 322 271 212 356 560 854 114 35 638 447 62 265 353 837 
486 460 159 476 181 374 63 455 579 936 807 450 718 548 398 526 730 132 863 659 519 214 949 60 489 0 165 512 805 25 962 329 737 592 218 879 942 616 181 963 250 906 498 476 902 799 913 949 5 98 85 202 249 308 446 567 28 476 162 141 104 949 300 686 693 112 568 972 226 65 987 119 682 733 253 284 464 193 499 487 
234 176 737 146 143 647 738 379 804 534 737 858 711 383 291 880 703 534 753 848 944 290 718 452 995 883 0 766 733 417 870 640 455 440 463 772 714 317 28 128 901 631 630 772 224 646 127 885 662 205 81 174 248 103 479 516 238 488 694 305 169 894 66 597 47 785 498 682 944 990 159 329 79 791 597 747 360 773 606 945 
130 21 685 447 241 227 249 103 241 94 489 288 115 471 487 355 830 310 17 98 892 268 505 667 835 919 289 0 753 612 691 639 185 56 854 435 189 341 90 941 427 385 522 812 332 957 969 922 398 589 336 231 122 805 378 488 866 948 857 495 772 271 730 672 659 527 155 988 313 756 345 688 929 970 458 396 533 704 921 92 
536 899 768 110 769 689 196 473 350 453 51 808 563 122 29 525 712 734 455 418 130 971 532 469 307 247 422 84 0 69 973 570 473 663 984 968 57 462 309 669 337 465 921 296 350 762 295 862 528 305 758 894 971 35 65 464 208 313 474 188 400 897 354 718 67 736 43 860 226 499 643 923 837 380 375 714 806 828 242 599 
778 498 704 676 241 99 962 325 277 670 175 779 435 336 146 381 224 927 315 208 607 236 228 672 639 251 992 559 119 0 992 407 457 53 923 286 194 815 170 101 198 886 791 691 622 116 230 329 908 240 412 384 104 918 912 928 374 128 661 230 394 449 352 241 34 186 706 303 485 479 305 698 595 165 716 692 483 133 216 828 
791 796 110 550 704 811 774 119 345 624 30 761 251 579 182 172 728 281 620 264 537 489 579 235 193 478 776 90 371 888 0 561 1 319 981 30 834 185 108 372 318 107 950 842 494 356 155 802 255 92 709 453 699 826 752 991 106 944 862 342 955 138 726 48 624 558 547 564 583 923 468 472 407 94 518 527 714 858 486 639 
501 614 696 194 248 909 330 354 646 243 245 83 437 968 738 630 397 75 740 791 726 949 839 822 649 153 259 802 122 963 446 0 341 823 122 620 122 237 609 21 872 467 498 375 64 694 676 354 101 773 359 976 202 55 864 249 33 77 332 526 360 65 709 952 677 230 390 34 717 341 502 205 913 735 119 913 828 628 591 91 
504 544 878 88 212 141 111 999 85 640 646 166 584 938 903 471 546 123 224 61 971 666 764 462 894 781 269 219 97 960 257 274 0 962 783 583 173 707 405 143 85 115 501 557 811 210 238 289 154 481 336 797 832 174 838 342 502 124 65 833 797 509 984 78 61 729 167 58 67 492 92 895 894 39 930 877 696 15 959 224 
186 3 551 266 182 491 57 90 145 11 606 576 573 84 379 958 501 255 70 810 257 145 945 595 584 783 818 462 305 645 986 98 270 0 274 174 566 201 153 500 490 130 580 467 129 58 902 137 559 106 942 71 585 912 957 897 75 511 924 375 633 804 842 994 175 106 721 874 186 4 14 758 410 819 355 940 422 184 928 303 
112 20 318 687 330 378 412 569 980 896 782 905 225 272 413 327 858 159 408 465 215 675 424 185 759 105 214 550 380 560 889 975 693 859 0 930 651 11 60 27 59 407 525 589 619 200 953 345 37 889 684 655 539 190 829 738 372 131 804 836 151 843 417 971 227 603 718 182 340 951 95 47 851 436 402 611 392 504 983 439 
366 903 18 967 391 305 122 315 404 382 646 469 675 931 166 957 894 314 435 984 802 799 410 793 248 388 23 755 109 747 855 992 307 246 641 0 986 174 550 654 252 606 842 768 891 656 440 893 859 644 376 787 201 661 467 253 88 940 909 616 945 868 530 30 786 922 33 885 128 563 357 461 825 129 624 280 585 841 946 677 
36 978 924 177 573 192 639 718 361 863 346 735 36 229 650 439 83 139 794 960 270 552 385 926 85 635 6 100 777 204 796 855 382 291 739 988 0 9 54 230 66 753 742 393 34 108 131 303 597 26 979 924 686 330 813 17 196 947 460 255 60 646 433 175 672 878 996 532 810 979 312 927 335 103 141 469 666 891 103 430 
470 337 694 236 245 283 413 362 247 176 116 601 788 722 41 458 84 619 994 33 133 783 462 756 979 331 245 563 385 917 242 400 548 637 373 514 991 0 582 724 440 592 387 194 126 764 395 786 252 316 20 235 895 875 658 561 749 441 155 845 977 637 552 842 81 215 495 175 277 897 581 448 156 541 439 924 542 289 988 406 
558 388 182 698 441 708 449 832 254 584 320 928 307 428 955 613 985 346 434 306 606 135 873 949 284 415 26 347 112 667 571 907 405 733 375 928 347 776 0 810 237 251 665 794 15 661 805 905 700 890 941 817 190 926 286 122 162 825 933 443 181 311 468 334 178 190 122 903 641 655 944 286 5 965 753 232 414 324 283 608 
198 901 453 168 792 830 923 734 588 908 472 303 291 137 707 581 310 176 69 940 431 876 653 978 65 956 206 598 851 99 518 848 107 744 579 95 493 560 117 0 431 24 257 988 268 436 861 697 352 551 470 972 535 195 497 950 685 713 667 254 100 367 568 171 205 852 39 588 436 884 224 373 707 251 828 670 893 22 562 965 
148 15 887 979 439 879 599 806 157 676 399 938 676 930 323 510 991 676 265 223 789 327 828 123 345 591 106 763 791 796 405 352 966 161 715 834 919 343 375 234 0 96 247 596 629 279 259 24 697 298 235 359 56 804 67 292 145 249 726 153 936 308 38 385 614 466 522 30 389 295 932 728 747 798 396 59 433 4 43 828 
575 670 247 965 411 406 25 445 744 929 635 325 341 421 144 616 212 596 612 547 234 333 332 135 295 489 970 618 140 394 216 994 268 631 561 378 647 1000 992 741 917 0 50 180 779 201 991 998 567 661 534 736 926 594 626 217 845 442 414 741 684 382 768 934 382 610 960 524 814 91 929 936 327 879 569 666 4 463 766 523 
290 678 101 801 606 978 305 944 964 221 772 376 377 118 11 343 618 108 484 92 203 315 218 719 812 177 580 936 913 182 437 634 993 80 325 786 366 552 122 865 22 617 0 54 191 600 138 458 875 517 568 993 424 979 407 15 745 2 487 484 568 502 188 917 471 98 637 628 520 321 753 525 677 598 140 21 598 179 788 253 
999 243 505 230 240 742 161 563 815 883 481 37 106 244 330 249 201 536 755 260 15 436 110 313 372 480 592 337 319 266 788 439 927 233 905 585 262 501 763 781 297 762 393 0 245 354 663 411 927 483 536 123 52 647 80 955 32 105 299 532 635 382 499 811 710 48 991 627 546 856 440 597 132 433 493 673 16 817 852 507 
451 948 539 70 445 523 934 504 300 416 822 446 45 645 94 788 690 16 199 860 691 169 336 537 40 589 571 536 495 337 114 551 862 6 399 691 337 910 180 241 503 860 64 195 0 413 192 298 829 714 965 157 878 61 172 100 352 456 45 337 756 831 552 92 379 869 204 472 844 475 245 563 384 271 51 205 960 226 905 111 
57 912 754 371 425 119 413 919 20 163 688 349 613 809 105 716 567 146 348 464 907 418 191 821 707 32 180 558 6 929 742 147 630 984 238 721 171 446 933 978 929 534 220 488 994 0 899 479 817 226 387 662 985 446 477 251 867 256 676 665 538 17 971 841 981 529 494 833 620 619 568 94 907 833 997 107 141 936 774 938 
844 978 759 467 553 267 196 990 315 248 824 896 554 315 820 703 182 229 413 895 560 298 362 649 121 339 245 285 868 132 47 975 337 176 846 774 472 623 50 14 815 952 735 929 559 934 0 941 268 666 158 166 331 978 233 194 1000 668 433 716 822 795 886 987 581 370 142 310 700 228 864 716 524 600 999 493 954 20 985 860 
937 215 433 289 507 477 785 108 598 868 355 719 643 940 22 356 318 816 444 898 224 788 145 701 516 997 294 244 969 776 391 609 270 506 580 431 31 741 293 818 70 971 914 164 541 663 878 0 834 754 315 512 150 571 651 868 23 777 591 279 326 736 467 955 978 215 218 317 763 916 678 681 693 239 979 51 852 366 275 474 
615 750 47 801 506 331 523 871 872 263 449 514 471 551 954 289 363 285 891 554 541 762 136 106 977 505 40 222 361 737 648 496 314 737 54 837 387 816 223 133 754 176 91 956 153 408 430 579 0 953 231 763 380 566 107 158 84 752 92 733 313 220 260 340 675 732 27 871 391 756 404 380 390 425 754 524 709 685 133 203 
432 250 374 918 983 24 421 101 600 834 351 988 642 370 435 114 161 972 626 531 793 785 255 789 616 409 354 573 976 898 903 845 499 605 235 183 880 227 175 313 445 221 275 303 219 768 931 383 637 0 142 126 829 997 346 467 118 671 701 151 486 189 42 953 905 425 885 35 155 194 394 964 321 165 151 412 568 204 677 541 
629 195 829 375 609 176 980 162 826 780 820 36 264 408 108 128 632 736 755 99 229 66 947 286 700 874 500 579 778 311 786 611 620 377 686 390 524 269 74 385 987 803 2 29 674 439 841 970 672 90 0 364 658 108 221 991 396 155 324 62 813 469 84 1000 501 569 609 11 51 764 858 502 939 734 121 224 900 60 976 998 
677 399 188 514 716 28 756 47 732 52 716 191 790 498 942 687 951 631 47 454 978 887 449 821 742 743 20 456 308 570 387 686 30 700 802 584 790 929 542 376 413 367 142 465 486 46 109 554 284 833 939 0 625 655 808 424 147 623 90 588 775 5 648 46 304 555 561 865 951 394 399 44 147 34 303 469 295 431 917 26 
384 449 695 648 829 222 160 718 726 395 932 674 876 948 445 422 284 416 714 688 337 770 570 689 972 597 600 378 408 580 461 875 41 163 333 115 740 599 491 373 971 660 502 128 470 373 518 825 630 868 470 513 0 703 938 761 65 935 847 776 740 437 670 84 281 789 971 719 600 921 338 599 56 384 226 386 957 259 688 804 
695 203 251 415 910 656 241 237 645 945 433 44 472 800 879 781 874 485 892 481 751 727 963 272 243 688 390 38 56 809 614 92 204 521 264 93 441 745 522 93 983 570 602 810 671 995 110 473 848 564 584 507 178 0 139 959 356 549 482 278 642 252 241 904 174 206 808 141 541 209 422 332 448 569 602 747 380 689 928 643 
429 71 667 423 107 467 83 998 386 60 423 349 384 180 887 769 344 569 704 231 489 710 890 136 815 981 994 722 111 1000 393 557 25 617 707 797 46 635 994 900 217 119 900 101 402 481 870 285 964 883 100 839 892 892 0 475 553 297 896 356 328 362 303 953 827 891 697 527 697 347 819 23 54 804 927 782 972 654 777 827 
27 28 470 349 729 967 77 467 849 846 964 152 287 674 52 856 804 952 270 880 660 808 788 131 382 789 552 941 956 708 279 307 976 790 342 607 72 603 802 317 136 697 100 933 431 101 530 983 571 469 531 151 719 961 903 0 755 688 217 875 207 86 43 580 971 529 946 955 976 455 314 588 408 168 74 679 330 484 921 675 
558 702 886 878 801 93 352 30 175 163 447 877 458 173 176 150 64 482 295 965 372 376 828 568 338 656 549 388 432 161 155 203 164 399 786 389 554 971 727 970 855 963 271 506 435 798 91 745 213 182 461 23 110 492 554 706 0 606 758 221 616 211 485 879 44 551 195 112 465 13 967 669 938 415 696 492 261 692 969 148 
43 291 47 312 502 222 530 861 866 291 832 24 642 915 186 163 351 715 367 451 762 226 62 116 124 831 255 459 262 525 333 770 886 470 512 895 733 905 543 383 471 60 81 817 510 991 943 351 283 364 124 346 888 77 424 727 326 0 299 237 449 154 300 592 342 888 24 522 791 382 480 255 791 239 495 371 661 294 878 723 
889 767 989 92 956 110 969 16 676 187 95 660 644 145 286 227 309 36 700 589 142 425 796 970 779 951 59 709 623 967 659 693 270 697 271 568 392 317 424 12 124 972 789 438 263 217 337 335 373 289 82 746 655 615 529 215 361 473 0 419 234 251 666 137 288 449 908 238 366 488 721 675 878 401 756 441 110 871 287 495 
821 687 282 803 474 957 790 681 421 462 725 779 407 978 857 573 25 176 839 804 516 777 186 588 748 553 891 97 823 135 715 336 552 111 174 648 794 626 100 445 594 753 553 635 151 617 681 143 837 394 274 118 995 250 668 466 573 205 644 0 616 631 734 45 599 788 413 860 257 395 160 673 833 263 310 878 949 170 644 126 
564 925 45 201 615 923 492 459 499 605 453 562 923 61 329 569 974 883 644 888 963 676 273 182 768 314 293 375 687 149 957 681 437 58 333 690 796 985 808 620 786 807 919 117 300 196 172 670 28 475 839 419 291 720 546 225 681 710 221 723 0 210 103 614 994 79 901 311 868 320 974 766 344 709 766 839 609 928 710 75 
5 203 725 860 936 545 99 37 653 281 545 304 51 650 388 894 163 71 766 141 925 25 402 206 152 780 848 347 694 930 230 995 196 268 255 135 915 512 726 391 513 56 133 699 767 104 51 285 202 509 964 651 152 25 476 576 15 156 454 961 154 0 779 939 182 992 669 117 820 451 791 818 33 278 76 281 206 256 919 893 
889 938 325 355 98 222 869 603 251 67 467 446 802 799 455 284 743 57 216 792 205 659 806 417 310 645 847 593 12 431 539 274 687 640 452 98 237 107 95 844 408 358 514 636 442 200 199 90 625 936 872 804 50 217 171 439 179 486 157 790 456 950 0 432 824 390 81 219 71 419 950 790 863 658 514 858 356 657 534 911 
907 578 940 224 222 730 133 317 493 599 783 333 157 710 845 861 767 592 686 571 649 944 514 85 510 729 917 680 771 231 577 594 20 454 982 777 553 808 1 197 387 141 839 369 681 830 268 307 26 787 419 213 621 929 393 672 347 750 621 432 60 340 732 0 124 330 471 932 989 611 182 658 105 440 924 641 618 990 602 336 
641 344 731 996 364 41 30 105 794 403 48 913 305 162 246 306 544 389 615 514 717 522 405 317 927 414 621 117 655 772 266 587 980 723 200 512 741 383 65 674 199 533 30 238 565 110 1 650 974 549 62 352 553 319 40 851 477 957 426 361 116 361 468 925 0 920 703 747 270 586 214 611 675 472 353 198 52 536 835 422 
505 485 728 930 152 380 61 479 538 570 357 113 204 623 150 873 554 194 488 921 362 555 654 201 774 248 995 619 475 768 537 776 58 778 15 629 336 112 922 714 736 577 162 780 586 497 420 829 2 602 566 77 126 154 180 402 261 244 397 574 108 533 789 275 336 0 347 388 82 990 365 518 542 547 903 494 879 893 265 24 
109 786 661 695 996 682 624 728 352 364 76 848 527 953 86 541 72 538 314 892 356 870 861 323 204 764 452 631 983 107 557 12 708 375 831 992 463 303 256 694 798 473 249 92 294 529 243 31 390 861 445 420 598 394 200 224 600 961 788 325 687 472 101 663 653 407 0 417 448 263 189 790 856 705 6 826 832 953 871 113 
86 196 432 741 254 762 411 324 603 846 710 538 854 85 442 584 63 458 805 741 465 339 101 101 936 453 789 766 557 158 93 848 980 421 612 977 353 554 735 179 872 871 22 602 933 816 285 488 673 186 376 964 648 339 549 58 936 17 798 443 183 822 297 787 840 441 359 0 637 207 968 777 11 830 616 46 292 919 77 442 
448 815 973 294 357 230 169 391 57 470 467 86 632 568 255 728 3 367 160 512 66 324 803 907 695 491 818 158 416 901 663 748 615 910 675 781 231 702 844 897 50 846 535 736 44 676 954 390 873 450 792 849 241 401 710 774 165 898 789 377 91 371 43 1000 737 145 218 848 0 665 910 76 302 743 357 122 642 731 546 507 
216 52 307 585 136 481 56 677 446 510 782 157 500 770 865 356 903 346 499 515 510 214 752 450 648 788 70 165 301 305 232 383 488 418 594 457 253 745 498 399 405 750 262 36 966 160 799 405 421 878 881 542 954 52 498 225 429 713 841 228 205 26 427 663 716 551 193 880 666 0 339 394 808 184 703 541 465 240 765 287 
323 579 382 202 832 592 504 171 991 849 209 33 146 621 249 158 665 601 254 181 272 781 767 709 327 92 681 568 741 993 228 776 31 354 653 212 710 8 443 45 41 196 358 934 125 437 394 209 727 696 934 567 834 275 246 261 985 926 525 461 136 170 874 103 6 363 203 227 689 837 0 140 513 291 768 265 65 11 416 419 
34 485 41 604 585 398 788 656 780 100 636 271 402 192 71 913 183 651 406 753 521 537 857 907 526 69 697 941 13 815 557 112 743 154 866 211 701 29 287 686 742 553 295 301 191 863 153 798 719 445 529 431 920 10 870 546 953 264 294 722 891 969 787 804 630 646 924 452 274 604 751 0 719 456 958 937 206 935 614 407 
873 396 296 593 562 36 982 232 231 212 343 769 996 235 477 984 725 644 379 499 570 584 300 445 219 754 582 940 992 12 693 371 691 274 321 786 226 568 821 645 502 423 295 726 847 264 701 310 600 294 191 176 113 168 500 659 65 84 339 820 908 528 503 508 65 733 117 826 326 25 91 745 0 938 320 935 871 239 944 415 
893 683 865 844 765 432 646 556 876 346 482 296 480 417 352 559 269 801 531 273 214 877 704 181 748 96 293 571 523 771 93 848 45 340 953 68 468 909 361 265 834 313 968 662 801 699 835 967 249 504 803 823 266 484 110 596 251 505 165 509 917 410 86 294 133 378 630 613 731 759 513 569 669 0 339 778 635 109 296 760 
269 451 624 280 17 73 970 604 412 967 566 302 879 111 672 311 165 739 559 798 44 17 819 678 161 268 458 883 94 189 372 287 85 201 479 306 728 362 448 258 265 581 935 380 871 247 149 895 14 331 254 127 183 706 42 573 265 898 461 286 95 828 626 103 744 789 705 474 681 736 542 724 701 51 0 815 793 930 619 660 
709 197 496 139 494 203 797 508 589 252 526 221 430 778 871 160 730 491 415 480 5 728 586 999 116 127 409 819 842 795 68 516 913 703 328 571 448 441 720 180 511 377 864 239 44 654 585 791 295 210 870 54 39 366 11 124 457 916 672 750 603 664 507 30 496 664 794 100 847 358 749 212 848 685 710 0 567 293 106 980 
936 126 746 868 939 454 402 321 134 674 898 363 499 395 27 381 930 238 188 293 640 932 509 982 568 232 276 506 808 831 758 527 582 60 314 105 225 402 955 455 471 28 163 935 194 341 302 619 752 677 688 725 17 960 756 102 840 480 833 13 827 815 18 51 668 329 65 392 600 353 827 936 535 40 506 372 0 635 1000 18 
291 206 351 961 646 851 309 125 897 466 413 422 171 264 35 250 691 862 688 443 189 511 681 851 990 701 278 189 580 7 745 787 732 559 891 320 834 128 211 88 780 167 769 415 395 633 220 370 390 902 254 430 799 467 710 319 392 825 766 53 643 966 388 999 761 137 581 772 70 321 21 374 538 715 723 476 218 0 269 641 
201 906 383 354 936 604 760 617 464 497 507 960 75 894 7 932 489 941 198 520 372 35 767 148 252 838 325 616 98 669 100 818 3 387 356 965 706 247 98 174 678 122 408 14 253 436 438 942 217 258 837 541 188 276 109 888 128 880 265 46 325 233 72 864 359 872 196 225 563 511 623 2 157 748 209 555 965 522 0 219 
292 809 552 541 488 583 903 94 658 454 432 216 752 802 830 560 572 469 896 769 132 835 147 76 242 680 753 409 132 885 859 482 716 612 552 660 390 889 440 939 724 382 465 729 814 70 409 846 908 10 26 209 320 538 202 835 486 182 300 761 662 1 124 51 383 397 827 749 581 415 126 895 480 706 182 578 203 123 139 0 

Depot information
1
1
1
1
1

Customer information
1
1
1
1
1
1
1
1
1
1
1
1
1
1
1
1
1
1
1
1
1
1
1
1
1
1
1
1
1
1
1
1
1
1
1
1
1
1
1
1
1
1
1
1
1
1
1
1
1
1
1
1
1
1
1
1
1
1
1
1
1
1
1
1
1
1
1
1
1
1
1
1
1
1
1
