Seed 124 - Instance: n80m5_1
n 80
m 5
Q 9999
L 2
U 14

0 115 13 563 682 33 910 25 763 869 624 549 391 110 189 654 984 424 8 392 525 872 707 995 503 359 303 437 448 857 674 759 396 87 977 587 900 680 643 331 594 51 255 250 936 372 425 736 38 370 537 173 0 844 460 544 629 645 370 290 191 841 588 369 73 244 33 587 777 692 314 751 962 881 782 116 716 612 194 513 932 956 744 294 931 
952 0 122 667 547 188 499 444 549 547 461 320 51 203 609 105 602 747 421 228 718 482 508 344 679 885 572 89 83 946 458 713 790 391 783 679 776 25 167 168 865 307 686 81 217 634 420 632 252 193 313 6 114 982 152 614 40 673 287 737 397 257 736 811 869 650 0 503 869 477 485 419 483 4 743 79 299 993 237 438 602 798 372 581 150 
5 887 0 197 462 790 106 275 65 90 942 120 606 402 62 216 517 555 209 141 26 957 264 113 65 602 611 564 199 951 199 320 580 388 494 997 578 224 659 4 280 93 781 161 834 206 864 394 567 316 723 370 28 939 983 426 939 716 444 682 909 416 987 685 343 836 537 489 376 968 312 461 236 123 249 888 627 615 557 284 474 243 544 831 338 
896 58 899 0 476 744 932 514 283 68 697 835 77 746 369 850 639 930 516 215 885 537 502 627 930 685 57 651 679 757 406 258 972 592 708 459 832 541 829 918 575 465 952 39 713 537 587 689 249 106 745 366 956 725 310 759 151 782 234 588 914 960 827 174 476 765 634 999 942 157 369 223 349 9 745 55 14 348 302 791 683 50 405 646 497 
267 985 550 561 0 355 928 807 131 160 856 952 521 834 686 921 175 953 706 325 288 243 669 814 161 572 232 442 901 799 188 896 563 536 464 24 698 229 742 877 454 330 288 260 687 323 428 683 29 67 219 92 143 475 344 684 258 872 549 881 517 529 898 390 984 561 639 967 12 984 252 640 516 369 553 474 961 764 834 850 514 755 931 536 117 
126 214 869 645 382 0 837 578 915 214 971 3 648 193 38 657 91 802 388 989 700 911 28 165 508 724 801 352 37 507 163 564 104 770 137 724 83 811 566 615 185 210 64 320 233 205 663 172 786 33 529 105 985 185 432 81 461 15 977 608 77 193 548 56 820 153 804 974 103 648 796 454 178 946 911 713 963 885 471 358 711 428 950 403 17 
260 209 135 415 47 499 0 246 22 42 96 425 667 476 599 803 200 416 582 598 856 897 801 884 278 116 986 126 118 467 899 230 868 321 377 691 868 66 336 732 701 458 487 991 537 908 527 838 3 386 258 378 462 549 725 860 159 599 447 916 22 765 464 692 446 297 800 897 862 236 28 728 686 545 433 85 253 60 739 193 656 624 292 43 759 
705 337 943 347 115 875 550 0 191 632 638 185 186 172 864 264 137 887 514 17 262 72 928 944 456 579 663 993 195 700 609 140 644 476 358 661 678 578 281 757 742 110 271 323 965 273 764 150 429 311 379 437 523 53 650 586 838 740 217 3 860 451 279 994 947 600 599 237 736 733 666 148 180 72 672 802 150 468 977 518 60 964 161 554 128 
578 680 258 290 132 188 584 485 0 965 183 468 44 534 54 538 26 13 446 509 577 248 237 192 234 588 47 561 16 371 455 162 676 158 917 222 71 544 890 20 667 225 550 109 406 276 921 963 302 775 566 977 645 351 671 77 293 212 101 297 364 662 290 349 745 394 523 430 285 994 158 73 574 426 233 95 722 455 476 329 223 558 662 994 379 
317 137 348 290 100 985 558 55 725 0 515 774 995 620 247 207 285 439 61 246 17 278 564 515 754 372 814 238 504 497 960 456 913 641 490 252 615 516 926 433 451 493 100 848 552 531 156 323 398 714 681 183 99 628 315 83 379 401 529 539 809 36 172 144 848 779 288 911 249 802 493 291 792 254 90 284 300 722 867 361 474 949 154 898 227 
201 730 520 282 549 185 821 157 810 264 0 607 650 88 578 885 927 696 741 794 849 865 699 656 701 894 828 939 334 469 43 965 183 590 787 35 21 432 732 106 34 404 867 764 927 694 739 420 98 176 440 927 760 433 688 903 531 579 929 515 144 663 495 406 484 832 180 541 517 16 452 678 68 970 42 518 920 255 754 0 645 838 231 513 664 
640 222 698 83 680 719 417 924 555 947 343 0 474 856 377 643 984 893 632 452 101 266 115 826 656 800 622 690 593 103 585 912 852 11 87 90 89 172 400 631 378 781 755 946 153 275 13 477 454 802 14 974 719 433 988 261 368 454 719 841 688 262 356 452 309 683 41 414 644 798 390 62 660 579 468 944 175 553 690 578 21 258 467 182 958 
910 129 63 319 587 49 419 101 454 935 444 103 0 156 27 339 294 48 299 334 359 680 824 455 421 760 291 13 509 923 594 793 149 923 672 16 406 68 80 462 837 619 104 972 685 651 862 40 201 506 455 635 142 495 333 685 633 592 437 717 820 315 501 147 541 863 174 428 14 349 55 614 217 788 96 531 586 128 114 611 164 999 912 883 683 
59 571 348 337 89 43 250 756 158 910 378 332 965 0 567 534 594 417 943 91 11 449 56 549 369 79 747 719 712 700 792 558 838 564 936 13 961 25 246 384 686 597 319 129 586 168 511 733 966 916 955 645 789 480 263 671 830 361 487 274 793 136 613 959 529 618 103 160 551 843 24 718 812 855 825 984 799 846 216 40 276 275 178 471 740 
971 499 388 615 620 943 973 981 757 853 578 775 978 812 0 204 188 978 328 152 855 648 716 684 618 621 370 646 209 826 676 7 611 347 825 655 717 895 770 73 287 383 990 361 865 979 630 660 779 624 209 861 579 610 513 242 332 163 960 322 407 578 756 999 824 787 34 413 834 437 158 85 53 129 458 617 458 342 464 415 662 818 305 220 344 
216 584 785 244 106 204 462 724 378 260 947 111 31 106 120 0 378 481 379 660 464 144 965 530 253 917 521 920 553 313 150 743 533 415 405 138 267 46 1000 524 607 286 410 276 785 440 887 647 627 209 796 603 569 388 704 856 73 463 61 533 207 644 348 592 161 6 189 895 831 58 554 57 917 999 611 697 345 784 254 989 664 811 18 95 862 
716 962 597 169 381 552 118 62 437 26 527 861 695 658 567 80 0 709 902 946 121 672 892 97 236 19 303 860 521 835 125 474 695 117 887 954 791 498 933 466 833 329 557 953 26 482 534 890 171 752 857 82 617 819 654 515 110 83 529 285 534 570 861 0 384 351 780 175 413 160 464 691 112 69 109 243 434 672 598 351 326 851 261 423 677 
159 265 33 51 639 503 741 354 448 529 839 430 213 756 783 525 627 0 198 749 131 368 793 343 959 728 504 929 192 597 11 186 569 928 632 243 678 782 393 964 532 837 750 318 924 472 232 161 512 818 602 524 386 112 103 346 342 658 92 366 496 791 979 667 343 807 902 80 611 746 594 985 71 348 845 424 204 113 603 872 693 856 830 690 17 
673 396 15 948 541 487 485 165 391 255 337 79 796 326 264 325 188 104 0 646 171 81 590 104 912 521 940 654 722 548 592 232 31 693 305 401 760 831 571 571 670 109 81 270 721 362 54 970 816 946 661 729 105 209 772 801 769 927 421 139 51 200 214 988 538 202 437 882 154 180 996 407 769 723 234 201 504 287 468 237 260 907 73 343 335 
892 712 577 270 858 597 311 1000 563 405 263 714 902 122 52 682 558 492 137 0 975 995 41 457 294 830 810 967 722 48 768 808 348 502 166 818 701 124 67 451 849 602 588 272 615 892 269 849 144 973 125 291 970 839 167 989 797 422 458 739 393 689 656 554 244 436 171 633 544 176 251 573 801 465 595 312 665 38 754 486 368 114 53 656 839 
158 207 60 429 914 332 281 741 614 855 301 527 295 808 604 123 566 239 391 859 0 102 703 12 919 379 842 999 691 821 786 964 890 874 934 530 910 746 808 172 142 872 19 578 464 278 465 376 464 99 862 423 304 174 255 188 657 977 10 903 132 472 561 837 541 551 844 441 995 945 299 828 332 672 830 46 81 146 168 690 181 71 639 848 675 
106 38 345 965 338 682 472 581 544 887 923 197 153 20 826 124 649 819 835 518 892 0 562 559 171 715 490 19 627 482 431 919 173 797 29 952 826 684 296 343 260 368 288 335 386 348 432 575 362 906 260 921 755 760 240 804 475 146 385 432 78 809 654 599 836 534 879 759 731 482 665 745 977 80 505 685 445 642 319 241 800 787 256 389 790 
237 898 363 274 54 108 748 880 543 66 718 764 858 836 556 184 98 142 424 339 881 266 0 513 578 160 780 413 287 202 742 213 554 184 44 100 565 710 627 500 817 761 66 625 935 353 571 882 666 104 902 9 300 895 720 720 673 559 184 848 670 983 458 354 54 852 389 22 179 326 3 583 546 345 568 58 868 85 903 391 878 365 666 290 727 
453 364 349 15 390 237 968 216 546 495 77 315 358 528 207 908 52 323 311 805 579 17 886 0 132 774 642 257 689 561 787 152 459 483 532 612 53 795 834 114 617 58 969 570 689 744 919 29 223 250 770 143 937 151 57 325 642 179 282 792 84 705 723 841 75 661 614 922 389 301 923 29 217 432 733 782 789 530 895 78 943 268 139 642 600 
710 255 673 911 782 573 635 811 226 339 879 3 269 291 968 175 391 722 167 281 167 4 987 380 0 244 557 729 283 302 508 558 340 288 69 940 772 606 438 456 622 958 980 318 204 831 769 134 262 251 757 32 184 33 650 373 336 777 239 576 953 272 206 603 101 369 904 924 105 897 467 921 709 622 300 509 823 601 368 496 321 690 153 169 705 
182 787 673 182 576 751 660 852 406 638 968 420 860 479 829 200 27 728 456 224 482 369 4 450 687 0 470 217 761 991 215 677 687 547 365 117 980 851 265 182 466 528 82 188 232 485 60 47 10 152 870 592 611 365 710 240 273 536 829 718 42 400 645 638 706 4 342 464 270 114 910 594 649 982 916 745 355 989 168 249 537 928 105 766 569 
729 859 471 860 57 625 995 137 503 435 526 471 303 279 604 498 906 553 922 805 270 343 445 873 327 297 0 251 151 615 912 868 531 35 293 975 140 582 421 70 485 123 968 378 427 588 961 143 869 203 474 11 727 182 81 319 154 650 570 879 647 195 159 48 742 244 439 961 426 685 524 230 161 660 197 895 248 912 962 166 48 141 209 192 640 
916 564 681 996 567 817 112 394 436 266 225 85 471 699 278 963 274 38 629 817 406 754 246 285 571 430 164 0 560 710 599 181 780 172 952 274 519 758 756 406 821 759 535 698 884 928 969 555 49 868 805 957 538 954 668 29 920 275 403 236 284 561 484 976 876 775 630 912 414 316 243 308 181 489 225 115 834 263 457 914 969 106 65 642 961 
29 64 895 27 721 442 914 254 888 322 520 494 999 340 620 310 217 376 460 616 407 562 615 392 245 903 932 492 0 892 956 242 887 726 361 327 534 556 847 817 570 760 355 43 118 779 137 951 138 264 564 801 94 788 601 852 612 933 980 296 662 495 101 432 123 276 23 150 646 632 343 679 932 432 376 159 829 369 586 379 815 139 316 887 619 
454 447 527 44 389 409 452 772 950 46 995 478 687 3 3 829 261 247 554 355 454 161 703 60 527 218 38 149 918 0 842 597 295 949 444 82 227 151 682 804 897 312 948 343 895 939 332 953 98 367 387 203 461 69 23 651 89 633 182 217 195 92 11 165 555 816 339 142 586 935 270 878 841 980 735 368 997 31 99 721 204 595 188 136 694 
349 74 799 197 689 481 737 511 274 85 647 473 981 411 664 598 665 167 903 224 476 935 493 96 726 582 780 923 346 146 0 417 750 56 74 281 353 585 130 850 986 886 397 881 366 169 897 252 179 626 474 64 936 252 956 695 665 337 429 995 192 770 162 93 383 617 48 121 147 37 462 150 263 123 516 675 666 595 300 914 688 526 882 211 905 
66 917 990 617 3 183 578 813 396 956 962 955 102 917 266 672 752 121 15 995 400 723 480 282 874 226 936 326 620 359 303 0 294 984 169 615 198 695 361 628 147 147 114 978 107 508 348 45 16 805 986 90 25 420 704 382 755 922 216 736 250 946 823 207 409 682 293 678 724 402 280 944 16 561 652 599 686 774 257 610 207 503 960 364 418 
127 426 243 273 775 905 385 822 378 535 919 28 77 857 131 768 605 437 394 4 172 242 162 347 654 951 58 847 171 901 404 218 0 577 657 99 362 153 855 17 959 319 769 653 18 599 221 199 336 650 923 490 487 279 86 998 871 640 34 945 998 623 764 132 279 368 174 65 266 964 173 731 272 16 155 827 573 583 336 662 705 722 359 964 409 
728 815 347 375 344 227 236 989 68 103 907 218 33 299 590 136 163 171 164 983 22 843 303 727 313 557 495 288 542 628 232 418 463 0 616 140 488 91 836 757 639 31 761 346 807 22 835 649 732 797 945 28 937 26 185 63 258 470 790 797 653 347 832 836 699 148 346 266 210 869 51 142 554 581 937 204 561 14 177 318 409 394 34 323 577 
584 483 913 611 780 758 284 300 529 612 436 22 734 528 362 317 308 437 762 728 525 143 877 500 168 801 69 712 139 404 647 517 348 789 0 81 135 549 828 782 126 868 613 574 723 715 467 791 829 460 173 122 529 443 77 687 554 800 952 3 733 983 447 254 456 761 881 901 243 976 119 982 635 207 999 920 706 44 874 238 342 995 360 655 789 
738 115 737 623 204 643 499 190 787 433 663 580 770 537 249 132 511 188 569 676 571 313 636 90 892 296 353 64 910 687 623 470 118 588 868 0 596 815 592 62 2 993 733 934 571 515 609 256 679 770 888 745 647 8 39 176 19 479 390 60 801 853 3 903 803 323 959 682 354 279 670 419 124 516 586 501 8 373 202 815 852 840 273 749 619 
658 519 430 535 264 59 485 929 698 0 204 751 45 349 192 502 64 919 689 721 348 213 845 761 738 283 606 292 958 894 244 124 100 788 649 430 0 243 6 497 30 725 664 564 6 491 993 3 748 944 706 718 604 594 915 83 779 943 298 641 925 114 992 64 227 620 201 571 785 79 183 872 558 815 204 145 42 183 760 244 140 44 447 841 535 
612 599 176 640 668 209 767 241 586 119 176 587 896 332 9 993 805 195 479 882 145 759 895 985 383 865 919 143 158 520 24 70 109 16 193 131 901 0 616 767 638 412 591 404 554 11 7 178 728 291 877 438 476 876 876 161 677 371 251 952 54 334 710 457 552 114 549 624 583 502 843 688 830 69 536 982 380 541 43 725 577 953 280 729 638 
809 346 482 677 313 964 211 773 293 482 624 33 736 723 719 874 464 853 194 259 475 503 895 134 674 692 285 985 881 879 679 190 855 341 230 163 589 385 0 701 6 176 209 349 89 275 587 160 646 780 279 642 453 814 513 230 729 462 802 964 679 534 53 452 468 710 913 739 890 562 884 676 831 965 299 673 264 520 103 113 903 687 328 714 22 
251 41 749 841 283 731 489 229 661 938 50 769 435 596 150 924 661 394 356 476 317 325 527 223 259 211 180 283 101 490 195 399 815 87 901 42 959 603 771 0 825 985 310 553 539 250 870 624 858 832 552 383 707 365 982 368 271 551 317 988 805 660 45 605 740 257 761 706 664 272 590 387 640 441 619 889 692 379 519 110 901 26 265 512 588 
905 959 458 708 226 106 814 901 365 66 314 610 806 365 533 876 235 195 611 109 650 695 33 888 250 155 547 374 46 41 243 133 188 917 812 33 773 209 746 874 0 155 942 522 254 281 443 739 944 268 401 253 896 711 7 904 177 866 487 203 918 60 766 246 285 482 911 768 827 587 137 977 140 167 465 797 328 453 838 718 109 983 438 328 528 
670 431 334 356 257 836 920 766 391 98 3 701 939 485 785 318 118 329 80 604 631 176 261 781 859 687 34 629 227 27 185 515 345 198 630 735 535 114 756 188 782 0 600 755 358 424 49 718 426 779 175 965 411 389 372 281 301 537 683 94 621 481 991 411 819 647 964 190 922 841 42 650 670 207 382 761 65 468 832 486 670 209 298 393 912 
36 995 728 441 99 887 721 651 718 163 454 838 520 381 293 413 67 615 637 873 522 11 43 607 881 47 927 319 551 411 0 637 71 539 592 535 186 268 257 457 114 263 0 213 215 451 654 339 614 766 668 792 776 607 63 514 267 264 960 327 407 160 814 71 318 922 769 353 133 503 20 289 883 607 397 902 753 98 968 13 663 545 958 536 965 
623 137 804 106 378 931 797 17 955 62 501 441 627 626 258 399 666 83 559 399 512 584 343 48 238 618 74 878 902 803 447 160 965 295 940 377 763 281 926 327 869 591 337 0 435 946 35 671 611 362 494 534 604 498 278 779 401 671 1000 516 63 650 647 659 198 579 101 25 840 315 679 611 808 828 653 501 524 306 976 874 527 161 917 115 760 
61 29 72 468 753 288 875 833 796 996 225 674 84 707 917 386 530 148 75 615 292 181 967 855 407 590 171 562 201 830 684 920 231 506 89 679 164 277 914 828 400 504 820 142 0 48 968 512 882 269 157 210 342 108 815 863 873 546 609 462 825 610 632 559 304 593 573 883 644 332 783 800 275 242 523 950 883 684 554 712 540 389 800 712 8 
504 405 586 430 920 729 945 766 64 183 168 79 439 493 603 426 88 468 489 904 324 493 601 583 900 807 354 329 626 837 621 407 672 542 30 535 673 205 511 390 801 319 352 369 483 0 437 329 35 161 231 473 499 381 375 122 66 193 489 780 174 49 981 81 275 289 999 659 871 613 304 956 730 582 783 863 835 480 496 18 858 46 599 8 484 
364 421 67 119 928 455 713 256 986 836 525 358 42 735 145 347 964 553 514 702 157 423 869 891 182 634 736 668 136 182 610 406 353 920 911 669 433 543 472 654 114 763 750 952 208 997 0 176 961 747 471 35 319 656 217 483 619 738 943 704 89 100 514 286 143 633 88 17 753 920 226 598 601 159 334 265 665 704 472 173 93 283 882 815 890 
374 689 53 411 128 135 876 911 728 615 552 34 610 748 41 673 677 530 8 281 348 664 409 40 886 601 972 296 573 903 552 896 956 403 97 334 534 598 105 953 406 473 450 246 159 282 978 0 680 691 723 527 185 546 825 322 76 116 325 669 155 925 462 645 63 584 783 907 777 351 275 440 10 846 217 689 128 791 209 820 151 516 79 680 47 
754 423 42 180 875 19 809 932 879 251 870 503 317 870 55 660 942 166 472 581 993 249 48 826 991 439 285 774 462 642 621 283 763 365 79 264 890 263 465 121 939 149 572 380 6 280 221 264 0 396 262 551 564 469 677 440 64 647 607 297 48 46 780 698 146 286 581 186 80 163 910 49 351 274 885 712 651 402 588 605 105 211 10 511 237 
530 750 431 365 92 217 895 323 778 812 465 371 224 689 163 577 391 715 316 935 521 689 14 456 372 635 270 729 575 58 937 805 809 133 637 204 56 445 719 617 411 302 971 294 375 141 574 337 43 0 484 54 296 978 162 98 594 74 55 204 666 991 381 407 938 737 41 162 259 266 665 593 62 340 332 975 490 93 893 459 820 104 953 54 646 
487 550 267 276 44 377 307 394 900 468 158 56 877 233 888 640 839 799 646 663 15 293 793 253 632 650 976 26 109 540 71 719 895 538 799 822 203 128 376 996 187 319 81 797 630 349 321 626 273 18 0 552 381 668 585 743 260 373 112 930 734 722 109 688 679 744 80 619 732 207 952 660 733 720 218 551 553 599 43 491 465 362 693 467 289 
818 401 831 475 395 705 717 837 984 740 801 232 350 324 237 684 94 646 10 999 367 598 768 479 717 996 67 130 559 313 912 482 779 937 877 598 351 410 627 115 61 852 17 752 535 445 159 544 329 156 236 0 738 841 61 999 341 101 778 277 68 978 245 864 739 485 704 720 498 444 105 423 609 278 8 761 435 94 758 153 901 339 667 602 330 
587 698 63 778 272 390 454 869 944 563 258 101 918 539 250 517 152 704 942 71 966 304 662 665 369 674 765 763 952 579 610 74 689 813 999 778 695 905 324 491 346 152 29 710 903 708 753 814 92 445 914 65 0 559 538 752 553 776 5 64 63 195 497 969 152 467 889 823 644 379 454 693 140 940 258 834 546 758 461 338 679 698 121 855 342 
73 589 741 508 526 16 43 200 475 139 730 710 149 351 588 174 277 199 786 426 396 298 454 931 882 583 696 261 678 24 985 731 326 595 337 819 278 229 774 984 794 137 894 241 929 945 93 485 459 510 951 145 897 0 41 482 717 257 507 363 992 49 599 129 646 102 612 608 180 143 436 877 865 625 250 362 790 750 954 789 846 130 248 971 866 
381 323 996 703 298 751 239 548 703 492 611 102 974 422 129 556 605 526 402 662 442 271 449 443 31 281 273 13 855 563 747 661 85 279 806 806 482 630 636 90 313 994 359 684 31 811 266 308 952 163 445 826 205 196 0 530 162 283 258 382 327 274 162 866 578 884 518 823 324 238 661 818 259 291 820 88 969 497 43 105 194 203 317 759 519 
897 484 72 821 78 608 285 848 962 823 426 965 173 621 504 563 955 609 983 595 123 296 593 65 254 409 620 430 744 851 235 199 803 132 42 440 565 57 740 839 159 951 784 977 801 190 554 934 276 571 852 77 794 913 853 0 717 640 638 544 643 274 588 257 505 612 132 416 695 288 144 268 654 351 115 70 949 955 521 601 630 153 750 566 135 
685 810 95 398 742 472 707 932 754 441 548 427 617 293 500 925 521 675 121 522 138 152 392 540 541 382 531 3 198 459 923 40 375 905 66 933 119 719 704 644 7 630 920 464 865 707 273 985 193 981 783 288 0 271 656 102 0 70 271 156 613 550 609 696 71 703 30 81 318 846 651 970 777 513 675 441 394 303 965 73 614 797 539 317 927 
40 904 717 931 695 331 136 319 431 489 413 755 225 726 529 709 619 103 271 908 786 386 100 692 849 28 983 150 46 337 978 984 278 908 63 490 33 585 283 924 726 738 439 697 536 662 325 780 453 351 200 825 644 525 795 440 115 0 344 461 769 71 312 880 710 785 992 93 134 706 109 760 505 640 930 616 831 458 487 961 92 294 906 94 735 
534 378 944 437 926 208 20 768 499 310 53 735 173 621 837 126 514 185 975 607 674 407 947 383 684 43 749 345 616 667 61 91 860 29 488 707 596 416 627 633 993 424 684 605 755 394 60 772 911 849 157 716 71 803 685 180 76 542 0 916 321 764 932 819 319 411 8 663 733 375 161 650 571 242 182 387 381 282 401 225 410 849 124 358 77 
809 962 278 578 348 680 61 235 469 877 506 287 875 156 163 999 649 16 957 188 722 666 449 133 106 153 687 565 6 540 54 830 294 999 557 484 273 125 280 935 310 876 275 531 879 635 842 331 627 605 842 822 632 597 663 662 547 537 389 0 729 544 858 808 187 1000 653 196 510 800 209 674 131 950 915 880 822 615 84 831 604 797 705 295 169 
285 622 248 915 804 36 999 637 522 919 511 396 800 583 699 803 716 600 279 474 521 972 773 616 314 387 315 279 726 120 748 239 501 627 319 413 241 257 56 844 353 854 654 701 718 484 418 829 240 433 16 483 42 89 120 333 480 379 206 531 0 686 460 832 19 786 115 527 789 679 253 144 360 842 238 328 666 415 904 766 455 963 24 752 39 
144 442 941 911 198 724 774 133 24 193 205 8 255 798 934 266 169 99 90 812 462 803 351 593 275 529 722 209 304 508 125 408 181 549 48 861 766 116 303 515 206 979 211 277 452 869 516 654 539 44 844 799 203 138 190 431 223 355 329 630 52 0 143 478 122 768 170 693 185 816 328 591 693 957 185 650 862 497 612 539 165 876 273 858 3 
380 362 358 723 976 236 99 709 547 2 631 851 454 578 578 337 323 864 22 926 784 14 180 369 663 371 681 311 359 808 396 550 709 994 720 274 755 667 338 501 216 233 867 306 191 888 134 182 785 452 766 652 151 813 314 56 251 453 424 572 652 923 0 966 257 284 219 956 522 559 4 331 626 980 591 363 240 256 359 694 522 287 1000 127 194 
225 644 207 65 622 819 553 857 182 751 453 563 306 556 196 871 124 848 469 628 344 660 185 511 263 449 959 700 375 162 687 218 178 872 845 256 103 989 787 854 762 137 162 328 686 940 500 91 782 131 529 516 928 84 81 501 745 224 938 112 806 70 608 0 262 142 611 493 791 685 291 576 896 73 362 278 115 20 873 286 444 600 998 169 467 
698 743 356 788 414 40 893 80 652 622 932 225 442 309 394 100 545 36 622 553 516 981 562 952 647 539 395 597 608 95 985 784 643 348 633 110 497 234 311 204 329 407 504 387 778 828 741 512 754 718 513 520 47 945 622 293 782 269 538 787 849 3 903 996 0 137 43 42 650 44 365 623 576 62 264 122 852 403 667 476 313 250 386 619 216 
535 79 278 447 327 628 390 299 974 442 896 503 632 367 922 13 825 669 657 553 178 580 111 310 594 342 789 115 756 819 249 582 216 149 955 157 902 187 779 595 515 937 190 185 496 712 975 922 542 653 49 470 155 50 975 828 226 411 310 633 743 689 409 285 891 0 985 723 706 296 54 64 155 989 997 677 698 618 809 977 255 406 754 619 275 
560 309 642 422 117 366 551 319 930 580 566 879 553 753 432 265 843 990 768 584 156 842 843 690 943 208 930 238 358 251 237 781 699 187 64 9 662 481 992 562 687 50 912 567 924 1 10 38 659 784 500 206 496 653 948 201 256 820 912 969 162 147 45 339 404 477 0 718 21 59 730 121 356 645 984 490 909 469 213 868 161 628 204 130 717 
372 310 641 297 455 301 638 892 220 987 840 956 359 534 956 839 881 560 452 538 905 170 396 206 784 816 56 566 531 849 351 786 401 477 207 504 740 972 392 692 994 701 498 34 131 200 475 689 640 171 677 915 95 672 735 463 790 298 274 560 672 58 295 521 440 933 981 0 312 351 757 711 974 692 253 842 217 804 305 580 566 848 262 409 146 
762 222 774 407 109 450 36 837 345 593 717 293 849 693 623 326 374 55 439 167 547 791 911 986 371 573 586 379 307 616 376 863 894 570 326 11 285 689 719 10 88 342 677 122 467 821 258 26 915 818 348 527 715 88 61 21 87 961 758 867 845 371 722 619 233 802 734 871 0 936 851 607 38 418 339 62 772 343 232 641 346 191 831 229 208 
959 868 90 712 415 282 948 963 112 387 61 234 397 160 733 700 886 686 91 982 158 89 824 187 214 871 34 315 518 936 31 97 976 461 107 419 431 281 746 549 9 942 365 22 350 544 862 877 212 459 561 736 523 575 431 368 890 209 401 458 904 151 129 27 982 937 532 818 39 0 366 268 724 580 950 643 305 359 286 400 913 676 432 312 87 
597 501 552 131 891 211 472 648 805 363 690 364 905 139 207 583 44 430 248 228 254 565 128 186 70 715 23 188 138 539 998 517 907 538 390 388 287 201 955 202 864 730 662 341 906 831 450 449 152 998 741 26 805 609 850 886 475 969 683 474 585 610 98 939 976 586 688 248 345 45 0 988 704 645 257 385 485 518 100 101 755 280 695 880 872 
671 117 902 445 341 210 682 552 792 95 762 85 869 786 687 965 798 233 974 937 126 146 842 759 981 857 451 143 753 187 475 27 647 696 405 525 240 861 111 257 658 829 929 255 591 328 915 229 39 334 293 581 71 969 801 972 256 6 974 612 833 465 475 398 39 31 707 569 746 882 400 0 0 342 540 396 224 652 394 640 959 787 952 345 484 
49 270 812 205 669 394 308 77 945 376 180 683 956 327 773 617 231 224 512 950 557 913 149 827 582 879 949 229 396 240 755 475 410 604 89 886 521 584 907 446 744 806 280 773 64 520 788 635 536 227 551 362 141 875 56 397 611 185 9 40 332 68 455 892 807 658 836 199 962 590 741 900 0 164 359 732 572 680 41 600 635 929 637 896 769 
718 660 176 165 97 133 864 778 365 52 133 837 186 331 610 412 222 714 370 325 126 871 946 601 21 547 793 661 794 924 711 999 980 149 397 101 323 894 433 757 140 615 598 839 495 562 258 878 919 83 772 73 180 512 347 592 837 641 997 104 986 797 809 870 21 994 302 380 452 957 562 868 757 0 195 513 642 929 165 924 519 602 849 400 274 
580 393 42 847 717 263 626 846 778 707 796 474 274 934 435 388 544 726 991 671 841 606 73 113 103 750 773 449 960 90 16 315 8 87 994 510 333 565 796 950 809 93 771 289 473 846 419 509 580 443 70 217 477 730 953 668 83 897 707 614 256 283 665 507 868 40 161 770 40 78 205 317 820 911 0 581 603 216 376 480 251 413 721 703 871 
141 388 817 347 400 465 535 987 430 89 360 40 309 412 607 229 809 353 667 760 728 73 261 499 763 898 469 932 483 278 245 85 243 241 832 202 680 829 782 861 933 12 702 669 235 604 962 572 245 752 410 936 874 192 934 818 763 126 160 499 438 717 76 269 433 988 924 7 462 648 975 560 266 312 570 0 507 66 466 646 817 59 234 223 868 
293 962 85 977 135 458 142 997 982 122 753 733 830 522 890 85 810 91 971 78 633 7 346 334 40 12 417 446 615 574 766 812 607 906 490 261 611 260 168 406 321 987 800 874 148 128 173 396 179 774 423 260 747 903 365 943 26 295 581 196 554 223 970 413 453 694 64 384 522 497 862 401 926 240 200 109 0 651 258 703 659 70 489 611 911 
350 341 221 123 525 859 276 29 435 462 793 574 277 156 158 434 873 125 320 429 0 980 8 101 814 849 923 912 342 556 825 958 186 585 467 366 912 425 580 92 551 612 2 379 990 454 766 382 266 509 611 888 6 508 142 828 633 497 802 530 761 862 362 300 1000 988 947 531 826 440 594 46 315 29 231 165 990 0 5 860 376 290 996 256 737 
782 561 149 431 697 773 926 890 891 479 502 853 78 400 848 16 589 154 437 401 684 578 448 913 432 848 662 439 973 49 140 7 567 138 460 115 515 607 351 432 482 925 93 229 335 534 482 630 54 277 457 872 285 905 431 905 53 828 605 875 882 487 679 514 514 217 963 542 631 567 141 33 408 483 670 518 878 758 0 790 524 160 323 704 267 
847 964 273 11 382 786 974 614 62 162 987 435 43 983 435 370 709 694 182 433 185 576 916 649 953 191 937 513 852 489 589 486 100 813 324 509 170 239 119 432 966 775 652 599 789 813 515 367 282 354 830 56 842 659 665 915 335 416 685 413 855 957 894 696 114 260 325 772 786 837 823 188 225 785 614 946 528 139 708 0 462 971 755 42 388 
606 570 221 298 798 868 359 775 726 490 49 801 976 68 604 521 705 488 712 541 380 874 934 376 759 581 738 614 538 243 482 90 962 115 638 890 632 734 168 779 320 839 176 214 592 838 625 955 181 219 915 897 791 772 144 7 168 749 318 116 727 157 613 727 443 138 434 280 404 862 901 366 699 36 23 137 253 515 605 292 0 980 139 491 959 
697 306 697 387 219 719 999 230 328 968 483 447 433 2 44 147 286 309 509 938 195 907 966 770 306 16 531 791 87 492 907 741 748 130 162 628 650 510 1000 284 451 535 91 339 169 759 374 869 514 191 130 37 168 512 16 435 508 100 1000 188 682 391 34 884 640 925 260 235 244 900 208 877 332 202 974 714 851 204 397 483 894 0 456 394 930 
224 580 912 220 246 997 856 310 175 224 260 849 883 730 516 577 91 57 19 434 217 51 670 302 928 291 616 136 911 697 705 160 614 784 501 127 313 884 702 232 964 149 647 612 202 404 264 190 270 832 844 841 996 699 577 164 9 47 519 470 582 642 118 357 90 115 747 814 50 542 587 34 258 32 79 110 340 495 366 443 570 266 0 803 492 
687 937 501 237 282 553 704 699 665 203 990 801 717 843 57 818 124 505 862 904 79 710 339 417 420 185 62 63 165 784 578 9 820 303 749 273 251 516 87 695 613 413 775 823 562 689 364 709 601 521 9 648 202 245 749 263 760 784 923 6 273 900 954 567 679 735 113 559 551 125 643 601 261 367 675 908 517 20 25 347 597 353 965 0 302 
871 198 708 880 112 611 778 749 302 483 848 870 856 18 957 947 165 614 831 114 709 905 480 806 612 64 454 32 955 296 239 926 54 839 39 496 312 545 559 464 666 782 432 223 50 664 871 840 621 461 865 860 363 532 478 802 230 60 361 939 82 848 818 902 360 12 787 260 407 433 159 620 586 463 278 161 970 947 389 934 468 403 757 855 0 

Depot information
1
1
1
1
1

Customer information
1
1
1
1
1
1
1
1
1
1
1
1
1
1
1
1
1
1
1
1
1
1
1
1
1
1
1
1
1
1
1
1
1
1
1
1
1
1
1
1
1
1
1
1
1
1
1
1
1
1
1
1
1
1
1
1
1
1
1
1
1
1
1
1
1
1
1
1
1
1
1
1
1
1
1
1
1
1
1
1
