Seed 124 - Instance: n80m20_1
n 80
m 20
Q 9999
L 4
U 16

0 602 168 203 61 271 8 236 746 997 396 72 792 425 548 356 183 853 393 29 469 829 5 876 669 51 549 844 895 917 867 786 218 310 939 235 152 373 437 610 924 940 373 58 756 559 475 413 622 798 87 12 971 616 833 423 946 143 219 261 689 421 284 705 249 345 851 833 157 130 356 897 858 333 251 610 65 899 27 98 150 884 79 472 427 765 303 140 312 690 154 437 13 533 347 985 391 380 41 56 
102 0 632 240 676 439 784 160 857 868 390 171 241 335 729 935 606 865 438 172 149 177 641 144 438 554 347 310 773 347 124 796 413 218 714 497 886 666 199 989 928 277 381 386 860 452 762 697 498 279 368 177 403 919 485 281 845 467 380 169 858 908 630 514 845 271 929 156 950 580 766 621 206 438 88 617 982 216 122 456 268 78 476 74 911 157 842 405 779 803 604 839 411 589 781 522 886 320 785 259 
199 627 0 85 611 768 442 67 718 916 518 78 769 394 941 938 78 853 32 277 782 392 767 973 399 661 577 945 323 273 713 86 24 665 533 659 477 814 962 588 25 515 259 926 262 155 620 289 872 988 179 693 2 916 144 382 681 154 749 331 523 568 107 126 299 677 316 383 321 437 400 509 705 98 750 207 248 400 141 942 83 929 203 359 725 223 264 253 917 183 322 69 253 33 304 325 361 573 515 461 
672 36 944 0 693 345 954 610 750 701 29 70 985 30 797 313 217 714 918 176 782 245 270 562 397 445 621 501 926 435 762 156 833 26 120 604 754 242 842 369 789 559 177 760 122 731 279 249 742 909 320 608 775 738 496 540 369 642 429 368 13 497 716 683 72 131 782 292 765 94 949 403 351 879 660 112 334 571 777 151 291 879 275 398 934 173 857 249 896 897 83 66 709 208 868 652 218 667 172 840 
731 115 947 135 0 618 461 300 775 312 769 66 239 735 147 460 748 137 965 268 279 85 327 946 87 386 85 858 76 609 897 159 322 965 168 524 353 202 65 588 674 753 522 108 134 745 339 888 611 541 634 555 695 4 667 304 933 992 481 328 969 285 977 985 481 380 295 610 241 102 34 620 150 48 91 529 77 510 268 267 50 953 923 710 361 191 672 698 506 154 926 120 36 407 557 885 792 59 836 422 
129 277 405 347 727 0 683 779 937 272 507 107 569 374 57 832 674 370 659 386 293 783 404 8 458 224 86 403 547 258 515 406 984 527 338 877 401 787 140 154 361 128 215 294 440 740 356 58 232 106 545 517 519 240 802 383 557 967 49 680 305 46 921 225 737 555 985 654 631 463 188 75 566 790 924 29 85 31 83 55 981 71 746 998 75 215 651 742 399 388 945 794 160 167 409 315 420 425 279 855 
168 667 423 267 940 744 0 306 749 303 912 15 830 415 687 759 351 35 983 545 472 898 664 194 102 975 386 774 148 953 315 595 207 825 860 538 961 621 892 762 606 518 489 612 980 934 813 389 674 432 365 626 998 254 149 881 890 145 306 980 789 283 284 585 6 135 317 291 447 410 502 281 411 307 832 567 799 88 291 85 763 223 894 336 168 287 824 197 85 180 314 993 974 21 912 572 596 408 243 824 
698 922 872 576 988 37 788 0 443 626 779 237 354 519 555 373 981 668 38 821 621 595 328 145 816 959 940 948 899 609 564 550 835 864 49 896 515 891 710 260 986 712 775 452 211 302 554 709 512 873 991 758 966 3 60 511 742 886 168 741 49 138 138 591 227 865 167 633 78 354 776 587 934 389 669 640 115 514 309 6 168 507 206 716 832 557 686 54 561 204 700 560 453 890 140 834 298 436 890 7 
750 933 708 255 338 145 683 526 0 472 858 782 149 417 675 626 236 499 570 907 614 557 243 170 943 693 2 377 94 607 384 676 934 784 636 384 879 441 52 453 606 345 26 418 994 387 583 778 283 335 377 733 639 196 66 409 68 222 410 41 672 475 549 698 19 488 910 490 226 434 642 471 22 703 280 782 114 629 411 510 419 70 467 323 155 865 791 206 564 138 736 558 804 536 576 626 499 345 747 804 
590 660 926 541 502 278 634 510 490 0 500 842 366 684 209 450 83 955 671 632 725 95 137 879 374 16 640 426 734 153 824 684 788 672 672 274 318 22 98 547 480 382 207 381 374 406 158 225 313 379 235 576 30 922 378 88 832 884 295 992 744 135 415 23 611 619 626 355 777 644 927 951 129 8 646 293 578 588 126 990 591 480 647 576 975 823 118 196 912 411 969 137 989 417 130 828 326 23 751 282 
783 715 211 940 259 547 470 882 922 41 0 93 508 306 69 537 971 639 172 633 801 162 323 297 766 371 463 847 83 148 264 850 932 330 899 166 954 542 228 82 136 245 486 692 835 173 424 264 99 516 737 815 81 987 878 134 729 542 349 470 657 196 751 722 607 117 870 191 558 684 935 811 935 818 601 282 898 150 888 990 75 308 131 909 812 591 421 934 565 545 653 410 815 344 821 346 803 177 303 378 
793 547 277 12 810 168 821 294 709 770 885 0 1 191 92 25 150 819 78 52 753 973 791 969 202 805 782 245 955 770 320 129 180 720 927 632 465 499 449 918 580 315 280 745 146 662 371 150 309 491 594 321 446 64 127 418 953 49 941 502 403 441 54 74 587 390 947 383 561 487 656 599 544 371 187 336 383 959 89 193 798 451 277 657 905 318 167 632 581 521 123 207 704 17 184 930 788 477 893 441 
393 213 190 246 10 576 625 491 414 11 890 276 0 982 914 942 452 687 2 657 659 662 713 31 436 501 724 272 88 796 636 723 29 785 277 928 723 825 660 159 369 1000 834 70 260 422 920 443 729 498 669 110 795 840 35 15 346 796 94 532 808 594 973 328 369 193 825 280 444 468 438 334 652 337 601 177 421 67 22 596 642 884 980 123 939 874 420 472 466 233 850 186 780 475 318 247 481 566 64 179 
61 916 121 38 256 777 660 777 261 351 1000 435 547 0 25 312 76 666 830 919 588 376 721 36 226 131 528 436 862 486 4 622 485 446 95 588 160 676 493 670 785 100 399 587 601 857 400 406 409 5 379 111 175 664 482 887 710 987 162 730 370 702 308 290 918 30 753 224 307 105 927 103 856 493 868 516 364 567 357 873 314 365 592 717 73 132 998 266 64 4 332 414 785 931 714 956 466 389 877 207 
415 775 756 535 567 472 742 223 439 336 855 723 802 12 0 121 312 464 184 693 778 583 952 133 442 103 756 139 550 51 101 442 635 388 764 127 977 172 438 547 678 713 173 59 696 393 659 232 136 790 760 70 397 720 521 671 58 714 201 315 302 753 907 319 349 856 756 173 237 596 672 141 250 614 262 395 185 418 727 341 65 804 958 393 496 749 885 424 39 576 288 897 828 764 203 25 26 215 767 400 
165 884 807 74 921 859 785 387 400 732 384 966 718 841 906 0 695 290 687 388 450 298 870 928 900 882 309 140 160 984 746 209 688 825 954 919 867 268 951 191 870 88 243 887 320 504 41 227 719 330 52 451 569 343 280 923 124 923 230 593 655 562 434 789 1 214 971 639 589 941 73 492 909 407 220 669 752 786 253 706 987 56 137 574 301 148 521 359 279 537 265 501 796 337 609 936 301 572 55 897 
195 632 595 757 310 288 407 383 899 150 381 668 675 754 578 965 0 584 153 771 244 87 524 309 492 56 763 594 625 997 365 236 45 730 625 870 753 502 589 722 803 198 586 572 335 590 669 768 962 369 962 859 611 514 607 919 435 949 985 969 551 904 419 127 532 210 482 849 750 250 629 41 990 634 823 526 125 441 510 418 141 602 186 318 430 371 973 808 613 790 321 65 296 95 8 258 300 123 513 954 
283 716 902 398 216 126 117 848 764 917 611 116 161 954 275 285 756 0 879 380 361 700 622 13 651 175 645 204 321 348 501 126 156 781 834 330 291 782 936 623 228 98 97 912 650 45 5 308 866 192 48 543 175 374 960 494 627 77 429 226 29 582 445 853 873 722 428 451 417 565 715 81 120 306 505 615 407 519 669 711 834 984 168 957 656 892 685 785 223 964 728 254 12 101 993 67 503 333 416 669 
983 836 850 949 189 494 933 665 55 751 72 58 312 83 592 57 780 794 0 358 439 128 147 60 16 41 890 16 757 654 810 627 383 365 223 545 981 545 334 521 792 17 594 211 44 161 101 23 875 6 955 187 584 83 227 854 929 840 716 256 469 687 725 107 56 104 979 819 977 179 644 179 68 697 803 992 752 186 15 569 343 851 232 102 621 631 267 837 496 633 825 192 803 329 203 244 295 426 869 583 
40 300 316 602 222 692 436 296 226 79 509 910 658 0 413 963 453 582 575 0 431 270 712 666 909 422 689 892 998 48 731 485 130 815 304 199 730 814 292 971 271 928 32 748 296 826 960 499 94 931 208 240 849 540 492 34 949 292 243 573 544 966 529 693 735 861 324 69 402 711 704 823 875 890 646 351 240 486 650 846 816 109 455 320 534 186 4 154 240 254 162 219 115 484 767 420 354 374 570 199 
321 687 173 104 482 98 290 983 452 700 504 133 149 43 544 815 50 523 238 600 0 854 624 814 418 41 90 939 196 484 660 671 660 456 611 424 944 853 665 663 294 512 556 854 2 972 887 105 355 818 33 53 736 362 573 207 222 771 313 61 251 681 673 839 735 469 169 600 517 956 787 795 555 750 50 118 16 579 964 742 962 299 476 15 215 918 894 497 622 652 588 557 846 915 16 934 721 913 404 832 
593 338 110 205 430 208 80 5 501 435 469 736 983 322 830 29 484 775 747 289 425 0 431 803 97 996 850 915 361 741 106 777 978 276 469 315 687 613 701 356 645 89 867 818 748 397 833 226 683 641 694 289 90 550 464 643 690 132 202 421 35 878 882 486 744 942 933 452 729 133 425 770 131 126 202 986 866 175 253 528 95 232 453 212 67 878 311 40 740 371 529 182 763 653 595 371 428 452 473 357 
737 71 318 897 389 805 880 466 939 676 258 108 576 955 641 303 738 831 227 368 139 999 0 362 828 591 403 644 258 815 757 450 827 125 971 405 535 696 709 849 268 289 156 718 914 963 16 63 566 90 726 605 865 173 459 692 642 31 110 187 116 370 532 520 264 716 1000 743 584 915 584 812 666 979 699 231 481 94 96 759 519 484 802 23 767 281 825 228 99 167 341 853 878 315 566 735 22 56 43 45 
951 781 320 169 399 311 13 224 914 574 312 176 288 315 664 77 308 624 859 1000 191 268 917 0 293 214 79 547 997 967 610 448 694 103 188 174 104 531 956 766 426 838 0 641 106 190 486 506 211 999 242 827 343 813 294 407 984 675 815 737 428 129 517 392 172 589 655 788 172 872 823 293 512 155 556 513 524 602 148 397 455 135 510 477 844 280 949 283 552 439 169 807 255 705 566 949 621 115 344 313 
884 511 79 200 232 289 789 651 848 434 107 657 525 802 228 440 462 115 814 895 913 375 777 181 0 28 597 886 531 126 427 849 824 800 718 403 882 858 281 79 574 77 903 970 636 224 267 622 570 667 328 509 247 674 874 967 61 488 561 658 51 173 961 583 718 425 522 608 983 262 0 578 106 994 103 699 214 517 172 501 535 251 899 739 223 795 726 424 911 745 188 596 988 524 896 501 887 980 243 50 
531 845 584 626 456 654 819 783 40 108 595 698 579 573 733 4 371 915 591 180 581 662 489 834 391 0 255 940 474 768 206 499 70 956 703 829 990 188 49 823 569 366 720 833 585 177 301 366 406 840 22 430 739 642 269 114 578 963 852 353 191 356 478 466 229 28 338 785 829 86 349 617 483 240 360 198 785 559 880 168 833 749 1 305 268 119 234 886 172 632 358 475 502 714 144 179 394 925 296 388 
148 180 414 894 509 486 373 741 123 664 290 244 957 974 405 412 610 935 93 271 249 397 531 238 816 814 0 900 595 268 947 508 894 698 265 10 557 551 71 806 92 735 782 458 842 396 418 795 758 799 708 362 57 632 478 852 754 276 974 788 374 660 779 251 985 381 712 882 340 624 554 844 598 376 979 92 642 26 40 143 716 579 146 366 79 632 232 278 552 468 724 12 309 798 468 992 706 764 318 109 
791 271 603 761 549 667 287 867 503 609 322 127 470 466 512 986 937 35 219 214 991 863 299 1000 799 166 370 0 949 270 256 7 52 54 992 864 109 997 495 953 755 164 620 602 754 376 583 481 670 972 359 839 184 995 277 749 402 933 393 175 781 64 129 609 396 342 895 107 293 360 581 54 203 434 856 840 912 511 535 208 272 238 621 480 941 685 862 24 473 787 276 907 506 908 76 648 0 799 574 170 
532 544 671 403 354 763 884 444 447 140 366 817 399 160 582 983 942 440 457 18 900 23 11 604 779 550 437 359 0 249 400 9 100 594 111 476 39 737 436 956 453 348 349 942 737 464 157 373 658 774 185 773 365 935 449 673 201 333 446 429 507 852 727 819 100 694 759 104 844 492 153 630 678 736 958 680 975 208 486 924 589 937 265 232 13 837 673 536 882 167 433 836 651 916 480 902 654 818 417 404 
755 838 607 116 608 408 52 464 96 790 620 352 654 688 200 846 685 862 366 459 3 624 561 960 302 670 24 261 11 0 620 803 511 719 529 748 563 679 563 10 123 264 188 619 674 816 171 120 935 417 534 163 482 349 607 544 757 309 559 116 667 751 736 226 830 958 81 657 124 563 459 966 484 125 460 353 176 336 650 487 479 971 740 682 34 192 444 274 247 550 47 602 62 21 102 189 238 503 619 939 
448 868 786 506 556 213 360 37 138 940 190 358 857 389 764 454 628 937 984 71 151 661 548 437 128 965 399 811 932 353 0 377 684 442 686 110 506 227 395 125 859 340 56 943 156 802 876 463 513 697 154 352 700 593 837 346 905 462 247 679 272 358 498 784 489 598 647 210 569 755 363 304 618 686 378 978 678 650 656 717 322 970 173 731 635 552 347 48 807 242 317 633 593 420 31 516 988 528 433 729 
829 777 376 510 291 897 468 986 901 550 547 24 104 184 561 536 591 294 856 169 608 381 772 361 16 119 407 24 83 646 767 0 871 514 933 545 261 786 347 326 279 504 878 503 28 84 883 29 94 162 803 89 189 108 123 251 556 642 155 772 218 742 263 589 108 981 159 450 871 267 211 254 542 199 223 234 292 294 684 13 249 554 23 242 602 299 983 493 463 908 479 16 767 179 355 197 99 139 880 996 
794 335 243 29 170 294 61 117 8 818 950 936 510 558 359 702 933 762 414 638 723 549 228 375 318 198 312 158 258 742 359 634 0 759 755 962 438 665 991 59 379 397 468 304 14 709 442 783 619 88 70 617 331 363 179 784 831 483 689 826 363 670 153 373 480 351 254 248 623 271 662 99 47 46 835 165 499 355 949 949 16 68 775 566 890 972 686 602 715 182 370 943 331 559 366 589 550 785 98 312 
182 566 660 871 367 359 170 823 26 369 426 88 176 466 135 587 579 862 45 249 918 659 900 939 781 358 901 898 114 638 367 32 582 0 844 519 518 628 931 863 506 143 351 340 430 926 642 586 528 195 482 121 179 897 419 142 503 127 94 756 496 36 867 69 929 578 455 26 731 251 133 768 853 119 127 777 635 985 506 987 167 625 627 931 870 30 990 692 814 619 415 467 36 184 724 780 628 70 111 251 
42 887 239 907 422 342 744 148 29 553 316 323 857 330 847 448 904 904 137 649 419 177 68 542 213 797 223 206 160 836 717 306 897 537 0 574 610 993 683 726 587 821 166 324 509 649 45 859 681 546 462 964 128 36 661 924 649 993 549 450 286 879 721 702 252 648 455 121 233 987 462 727 755 607 529 394 464 223 133 372 938 656 524 99 895 225 711 593 775 813 810 548 444 489 681 717 815 387 513 734 
604 700 622 711 887 38 496 367 167 181 869 274 193 4 648 875 500 227 47 916 393 536 141 618 492 667 82 34 815 708 911 890 111 627 990 0 393 176 227 699 844 390 634 688 311 864 184 10 25 461 207 257 26 439 198 803 97 499 476 42 955 277 738 543 836 463 885 750 14 300 136 639 307 483 800 816 756 857 713 741 528 327 202 306 525 115 266 676 302 936 57 868 217 949 231 799 761 535 909 210 
253 87 807 984 757 827 59 303 39 341 338 538 452 541 398 110 195 437 392 789 349 401 955 707 682 417 909 368 735 910 383 967 997 450 785 575 0 607 450 982 18 216 642 420 67 809 846 633 959 111 803 544 380 930 259 997 510 17 106 777 925 435 150 156 604 787 899 618 658 946 601 305 457 226 897 68 184 753 833 785 949 755 474 490 347 19 40 571 14 736 4 659 19 944 621 32 643 955 512 537 
238 158 840 982 213 315 806 614 184 437 982 191 9 111 393 436 351 257 370 980 972 587 70 649 455 678 819 753 32 507 490 494 714 685 531 765 106 0 989 521 916 351 632 611 237 88 492 860 963 683 706 289 379 351 411 567 431 185 712 199 764 459 381 782 417 973 257 543 210 944 1000 837 945 593 926 919 345 865 632 893 854 428 939 748 35 944 600 405 685 703 508 463 55 577 976 9 611 786 34 902 
94 974 63 910 944 868 784 346 147 834 822 839 417 615 151 830 418 188 102 867 155 407 820 198 353 37 288 444 58 115 10 157 264 441 45 36 862 516 0 44 514 933 935 463 97 578 275 233 302 660 370 975 966 972 88 92 836 116 428 871 255 134 252 550 50 542 550 356 181 458 39 475 938 594 347 101 357 589 789 745 935 384 224 29 774 703 589 957 434 664 723 945 843 921 516 389 976 114 249 984 
940 164 983 441 437 146 812 578 879 153 773 312 994 665 399 872 792 217 227 202 248 784 592 985 834 119 909 309 986 575 686 29 660 21 345 682 31 103 989 0 158 284 592 107 560 50 934 413 311 376 618 695 1000 887 201 79 287 998 252 747 360 108 712 506 331 791 361 822 411 85 523 758 57 385 845 29 349 657 544 256 600 914 59 644 610 418 667 799 841 761 420 788 531 630 689 154 654 359 436 297 
556 887 326 389 967 789 74 484 810 742 39 758 968 719 3 576 84 436 724 962 97 426 39 260 237 579 9 728 360 669 734 512 668 378 584 220 479 914 582 733 0 309 851 586 105 153 949 283 84 341 659 84 16 671 301 88 878 637 981 867 363 348 632 509 421 975 71 230 557 424 406 145 285 283 369 689 563 619 805 102 309 852 446 710 488 538 999 425 17 349 250 575 951 219 637 725 448 617 759 650 
308 702 958 821 374 381 948 316 946 553 81 194 117 700 3 791 341 732 99 866 891 393 444 257 259 926 233 202 929 526 476 481 159 695 541 241 674 423 513 989 823 0 903 932 889 650 253 698 893 630 230 248 311 57 557 868 345 146 117 764 412 538 472 173 453 566 452 800 524 192 784 769 660 212 523 383 658 624 928 932 614 339 246 247 224 153 640 84 317 519 41 882 134 879 216 939 334 672 903 146 
994 792 654 900 630 383 271 89 462 990 943 801 782 603 804 120 480 839 358 446 170 206 629 158 451 776 600 530 501 701 889 206 848 359 100 157 129 199 763 851 546 997 0 481 773 595 595 895 684 941 250 189 715 657 118 939 708 670 672 301 683 225 701 778 698 396 213 209 810 332 101 10 562 600 6 71 99 461 590 898 254 92 190 447 632 894 698 754 712 935 547 816 557 671 766 952 894 413 688 22 
561 34 642 498 488 453 218 911 57 732 455 146 305 178 495 221 795 501 169 22 396 647 172 175 57 393 844 261 556 206 195 658 968 38 960 486 610 871 390 313 158 399 898 0 724 423 295 493 339 119 166 697 914 949 7 299 625 673 420 248 339 646 136 486 376 562 444 639 912 978 477 258 508 136 73 177 823 224 916 839 46 384 339 268 449 475 226 57 255 701 948 605 999 475 904 693 354 439 138 591 
321 655 978 837 578 553 849 178 367 3 714 369 450 852 215 629 192 252 304 147 501 784 743 515 845 935 328 863 257 965 717 678 536 223 551 135 893 607 974 852 407 844 778 305 0 502 795 459 146 87 165 798 211 360 88 35 960 382 865 805 654 914 739 203 627 549 145 672 673 255 583 638 4 145 866 577 997 451 718 829 477 576 954 453 637 939 490 650 452 256 541 837 990 961 476 546 101 836 81 819 
137 852 642 418 132 709 244 843 226 325 18 767 269 667 433 96 95 181 836 119 466 892 942 512 968 154 813 589 251 836 898 362 960 175 854 499 861 244 328 641 808 591 911 980 214 0 328 501 495 59 974 771 639 61 945 377 462 16 436 421 190 844 131 67 971 982 715 725 297 775 735 249 185 737 880 467 609 891 192 144 612 918 125 261 839 290 211 715 368 277 534 215 743 550 181 467 527 645 158 775 
63 810 943 922 94 36 188 391 831 267 452 196 134 809 29 644 553 154 577 654 207 971 596 840 884 379 431 50 371 297 193 561 906 143 575 798 498 978 266 971 791 46 712 54 582 542 0 686 124 486 479 485 871 689 50 401 179 459 79 750 908 192 90 913 312 343 228 560 120 582 538 999 779 303 93 919 233 959 403 508 623 229 96 370 500 805 446 933 264 973 269 876 201 818 507 981 143 133 190 947 
343 826 327 531 532 464 310 34 156 418 265 712 613 210 836 848 741 565 19 512 170 835 22 846 38 188 213 889 42 288 767 738 573 859 293 468 590 654 756 64 126 125 114 691 423 411 72 0 122 237 603 109 77 435 30 837 463 958 700 468 242 879 810 855 894 857 652 402 943 769 721 429 11 631 366 195 147 792 327 858 784 845 334 827 838 137 372 618 773 822 269 905 897 591 436 702 418 625 647 285 
184 89 544 843 284 938 242 412 270 830 560 252 83 736 61 486 488 331 37 910 462 72 494 937 941 823 857 572 182 579 477 462 605 978 272 215 590 478 847 504 57 669 479 805 409 882 604 300 0 924 602 427 32 494 869 326 803 103 233 177 391 555 644 904 142 740 421 253 939 846 673 827 77 468 911 107 940 83 31 942 698 76 813 37 319 805 454 42 25 332 398 995 272 227 218 913 362 924 233 384 
326 573 331 109 702 17 497 438 103 671 150 620 925 447 389 390 809 976 125 378 708 932 655 586 673 856 410 907 188 77 151 856 401 388 759 652 570 217 833 168 379 330 470 458 483 426 289 35 916 0 577 661 279 797 447 525 865 363 817 988 261 646 808 167 852 908 574 327 147 204 927 571 824 94 863 887 939 135 901 417 899 25 703 897 707 484 551 906 899 717 722 354 659 366 261 632 999 774 982 75 
620 686 389 19 965 467 64 209 755 757 289 811 262 644 443 527 688 518 986 254 446 262 592 750 329 580 656 89 240 414 489 841 594 278 90 783 888 97 403 393 222 181 42 361 350 878 831 767 202 382 0 984 670 249 234 125 647 158 597 444 255 701 321 526 750 302 650 178 433 796 923 226 309 776 121 433 25 255 325 284 8 496 390 901 452 750 788 285 632 131 166 992 595 550 77 926 456 202 621 495 
908 705 661 500 30 320 159 277 873 567 454 34 610 437 110 310 626 127 865 892 105 812 32 443 46 119 588 436 565 330 134 858 954 243 686 736 662 696 436 792 492 168 115 521 3 779 967 946 2 650 571 0 470 270 659 743 777 311 802 741 722 77 146 820 340 793 582 289 739 974 70 957 983 469 8 955 949 347 743 248 96 504 376 9 438 400 774 212 205 182 148 733 22 883 428 938 291 151 782 264 
592 687 490 651 583 488 939 627 277 485 741 28 605 970 149 427 290 183 123 807 815 788 102 892 11 917 81 820 256 989 862 991 85 229 349 745 700 862 710 944 189 738 647 580 241 49 395 754 283 203 627 103 0 680 357 476 607 416 534 12 905 327 46 345 577 87 394 594 18 113 755 112 935 334 381 427 0 146 651 798 657 274 766 358 236 385 388 256 544 264 93 641 266 50 382 76 323 270 55 609 
502 758 853 255 457 55 155 290 218 489 700 405 540 736 308 636 438 932 40 50 118 296 455 473 496 111 133 862 908 543 411 876 129 954 439 132 715 646 541 175 258 473 59 479 754 596 401 775 444 900 884 553 239 0 362 876 612 517 189 256 501 461 58 515 995 173 347 50 824 186 9 112 231 441 630 206 76 213 69 724 192 163 202 465 931 564 706 910 183 1 730 258 340 773 846 143 945 192 203 72 
718 166 686 112 132 210 224 643 366 573 231 645 997 470 988 349 741 611 82 925 59 401 969 657 285 544 930 786 626 773 43 344 325 812 578 430 350 806 594 237 385 99 516 537 649 362 503 196 971 591 895 479 292 39 0 747 176 560 354 260 15 882 931 437 375 541 347 973 909 575 655 0 509 942 267 237 938 315 372 382 920 62 336 384 200 611 294 899 390 305 589 179 234 750 131 803 463 398 343 527 
744 676 407 961 764 623 383 266 952 244 818 190 202 822 169 762 368 43 899 92 241 16 304 49 699 159 190 674 879 550 541 623 407 236 627 81 298 85 769 6 303 702 510 297 252 32 59 603 720 2 405 494 847 683 919 0 99 632 312 328 785 953 915 560 347 613 459 179 375 936 941 204 622 880 991 60 124 816 286 152 891 294 96 23 800 913 663 809 93 94 248 776 63 425 280 802 856 367 288 683 
491 520 548 863 515 266 904 148 737 398 28 617 399 623 573 330 345 224 145 633 331 75 262 415 902 13 546 248 353 482 636 318 307 152 241 53 613 360 575 306 864 906 412 361 77 927 991 715 351 449 177 711 549 111 378 700 0 789 521 662 607 222 57 708 626 680 724 887 63 905 715 843 645 105 746 200 981 971 176 265 470 951 222 147 641 79 212 588 404 781 542 930 263 640 673 28 91 173 489 420 
552 35 781 725 579 404 713 877 916 922 807 345 365 731 97 843 121 938 217 660 973 35 915 510 774 79 589 914 931 821 592 312 443 616 250 150 782 177 3 52 705 796 744 956 888 34 889 237 42 576 924 935 142 101 856 370 806 0 155 108 340 433 567 58 245 786 146 832 652 826 781 717 966 867 766 451 517 181 730 873 670 691 731 675 149 44 270 412 305 343 134 52 966 380 405 978 516 132 622 86 
459 624 682 861 698 197 435 403 67 126 207 615 509 325 214 974 270 552 802 675 199 55 511 70 71 209 526 541 632 783 641 205 695 295 814 101 744 627 795 784 915 951 48 131 946 548 747 589 719 77 751 642 806 112 931 29 748 661 0 23 135 148 693 898 641 310 458 422 414 151 892 876 555 70 114 575 853 878 402 239 400 92 420 154 888 109 747 125 465 100 110 975 520 125 822 31 509 576 21 878 
332 719 692 210 28 579 421 674 716 290 493 64 268 855 40 79 896 149 967 872 928 148 615 123 679 51 626 82 25 734 104 594 627 55 613 229 375 196 607 269 895 106 74 167 948 440 872 588 546 11 961 144 910 475 634 978 973 383 301 0 456 210 552 79 363 315 598 474 729 468 174 503 586 601 443 689 27 103 123 445 208 731 795 16 690 672 565 178 777 174 527 80 12 544 545 118 645 821 109 406 
980 863 270 81 736 399 782 53 985 670 271 867 321 173 749 465 604 123 203 263 358 545 949 181 191 241 49 397 245 204 61 976 866 512 240 449 958 569 91 685 129 501 754 615 186 221 364 848 554 209 216 962 63 555 50 371 550 404 950 651 0 577 115 366 580 326 512 744 887 898 300 544 808 457 62 286 72 533 467 901 303 958 845 653 938 67 80 814 362 664 394 378 614 782 360 272 719 852 580 326 
961 106 13 525 137 964 268 106 876 109 859 298 339 704 825 50 19 427 384 562 538 533 15 870 604 630 884 219 71 238 928 154 681 715 65 784 311 699 860 650 409 625 653 501 386 639 722 309 841 576 637 699 849 793 651 347 884 580 450 4 613 0 565 838 499 376 399 427 635 516 682 965 222 851 205 486 207 639 292 186 942 58 916 409 630 615 322 145 486 165 146 598 123 927 921 125 31 766 366 501 
25 323 301 821 12 173 782 608 946 677 304 113 64 519 799 612 395 627 726 88 982 868 970 487 146 484 604 323 558 968 352 208 952 208 506 69 693 178 887 794 217 850 448 113 944 892 13 992 900 755 378 835 134 47 456 783 485 22 949 351 934 747 0 428 506 978 657 513 887 954 539 491 894 825 67 339 618 567 170 160 651 928 306 420 669 67 264 621 165 763 408 17 951 285 499 750 456 1000 986 162 
94 278 496 570 713 61 524 18 968 850 89 906 715 904 243 950 601 510 697 737 132 268 180 258 119 494 890 716 68 827 517 769 424 233 479 947 544 256 577 873 162 913 682 450 248 538 355 972 808 723 913 583 72 925 274 527 69 733 566 199 989 671 237 0 418 261 970 35 165 369 164 651 109 476 704 921 255 141 861 495 914 575 744 531 441 694 699 955 6 955 665 340 742 709 5 716 160 67 973 713 
23 382 327 36 30 498 766 482 506 79 590 867 715 725 709 17 943 212 62 659 95 509 962 625 686 298 289 962 416 805 556 804 725 291 359 959 280 319 250 57 433 175 751 588 785 803 277 650 561 171 793 419 506 652 423 517 395 732 416 654 225 314 438 160 0 900 439 558 533 539 689 880 350 706 621 753 466 696 605 839 846 905 26 101 272 972 1 876 495 49 491 493 272 29 850 66 67 558 34 308 
22 771 794 232 781 552 345 859 158 600 260 359 152 873 810 44 447 594 390 286 221 450 286 338 383 356 200 489 427 370 159 321 807 779 85 697 850 484 673 498 297 790 680 432 439 584 177 582 703 697 566 939 267 374 102 110 59 411 488 646 870 35 647 493 5 0 447 925 698 5 227 138 510 166 363 295 6 109 523 753 633 683 96 531 116 11 663 6 78 824 236 160 867 875 435 943 535 208 777 424 
910 983 557 455 788 177 218 456 631 301 11 332 881 313 215 679 148 110 641 128 507 686 605 383 757 71 66 346 966 546 929 386 681 282 769 974 346 649 195 216 223 903 292 132 291 688 169 140 493 85 506 19 681 58 357 479 9 346 14 652 41 76 302 659 21 108 0 94 476 549 861 421 99 533 624 482 859 279 948 441 58 48 996 249 870 510 163 236 668 893 714 176 414 355 888 15 148 874 915 91 
109 215 2 23 637 4 496 103 50 531 178 434 756 788 326 43 537 339 944 339 390 637 388 616 749 684 448 914 697 614 9 374 508 595 119 239 459 434 461 536 60 186 407 696 150 426 612 802 964 869 214 836 394 323 911 42 275 820 0 117 384 482 69 500 337 491 122 0 720 781 46 623 279 433 417 192 452 77 446 339 532 9 863 818 247 742 10 330 535 280 728 196 563 365 990 976 983 735 996 427 
279 445 889 698 310 813 36 475 716 170 844 765 770 652 739 141 802 21 762 925 231 824 145 914 736 626 792 578 458 728 564 155 658 704 118 934 514 629 338 674 304 914 802 231 12 113 704 315 971 557 917 858 62 202 292 700 797 644 246 556 414 111 856 238 865 610 877 572 0 736 252 66 9 508 749 63 716 775 802 406 421 707 818 973 937 508 880 9 682 880 744 222 512 468 908 253 870 984 152 939 
556 325 780 325 698 904 826 282 280 99 114 244 170 86 186 19 688 740 459 957 721 448 521 825 0 667 455 940 317 114 138 754 483 847 662 404 753 754 540 734 933 986 127 610 625 246 567 881 464 471 674 168 40 83 203 121 385 371 47 764 915 246 325 539 862 944 174 153 34 0 469 134 64 310 959 379 560 343 97 154 815 491 569 171 544 242 362 912 387 161 67 113 664 38 68 196 224 779 483 776 
264 470 513 214 441 734 172 859 646 826 404 759 158 402 124 170 462 745 968 694 390 878 305 303 937 861 394 959 794 69 337 349 850 118 394 1 617 244 737 289 969 259 749 486 230 881 915 797 261 789 638 967 55 833 365 748 618 605 915 602 363 432 544 894 200 662 679 129 37 950 0 933 434 130 183 904 577 449 205 797 78 554 958 436 518 771 293 207 580 908 995 528 370 251 435 895 998 441 162 667 
83 20 349 738 287 864 233 690 731 891 649 216 557 223 450 927 0 922 971 640 159 605 861 996 720 671 933 201 18 151 475 225 179 353 11 721 911 293 98 90 655 973 986 759 927 557 706 821 710 771 11 250 745 166 617 149 418 796 609 185 736 283 779 82 939 756 388 817 360 428 405 0 701 590 56 922 530 486 4 19 530 314 306 273 276 748 601 929 713 72 874 49 955 491 618 407 598 800 738 329 
96 194 328 293 619 320 271 131 57 281 422 482 74 383 211 972 711 445 637 345 916 162 516 139 448 614 716 595 697 842 116 790 955 391 769 530 853 910 327 828 160 670 859 874 392 838 668 709 304 978 343 461 13 934 877 135 253 536 854 349 448 233 620 742 271 666 323 565 132 969 870 840 0 689 689 527 222 501 850 454 554 130 550 18 95 564 985 749 931 457 654 42 428 688 781 627 81 239 569 145 
804 3 648 317 832 239 826 124 996 73 465 337 923 753 821 717 519 879 799 212 143 829 311 944 389 887 596 581 662 662 302 851 845 324 584 506 729 931 102 64 952 712 456 512 398 738 935 921 830 47 227 949 508 271 850 886 560 559 127 891 938 58 366 607 951 888 611 661 444 295 713 631 749 0 725 933 472 673 612 165 936 244 164 828 545 57 608 508 767 215 590 741 121 932 134 856 262 952 758 802 
548 149 787 476 780 916 50 266 219 186 705 607 977 27 300 134 823 376 241 467 619 250 760 150 561 701 492 145 22 256 934 667 417 322 362 447 696 359 319 126 796 497 500 836 645 214 151 117 990 966 533 594 702 344 447 105 72 80 423 86 857 897 228 643 538 470 317 829 264 945 285 97 445 240 0 165 890 560 7 532 694 468 787 801 513 914 447 804 90 329 741 426 298 163 857 119 257 288 199 666 
936 838 89 432 826 257 771 559 912 688 618 114 673 833 983 587 638 531 261 457 378 191 557 873 36 493 84 747 522 841 277 449 366 530 758 859 529 769 338 964 215 339 797 786 106 391 530 452 52 829 930 498 316 780 118 837 617 896 264 990 578 357 156 900 789 445 7 901 502 617 482 36 687 426 195 0 179 422 524 57 216 681 440 16 238 698 330 393 251 611 814 451 148 366 465 32 300 381 129 697 
341 244 266 346 487 425 480 282 436 164 337 19 787 494 632 923 692 868 94 999 41 76 676 171 72 730 503 862 370 826 222 889 742 475 655 942 122 227 793 808 342 819 222 568 607 830 64 79 193 639 861 977 8 108 38 777 857 900 454 242 846 256 31 831 172 175 853 807 250 605 755 266 288 156 93 326 0 636 702 158 815 2 965 362 852 313 138 507 464 653 520 934 831 145 995 451 332 815 358 164 
369 575 133 618 59 329 764 418 811 547 966 273 241 261 897 599 943 813 374 3 433 159 204 329 271 715 4 762 483 267 176 132 306 824 624 476 75 903 723 986 631 380 742 589 906 2 454 470 405 454 478 428 778 662 476 785 933 254 347 850 490 31 991 323 809 621 901 756 945 871 888 641 984 110 64 386 336 0 345 883 82 111 83 724 181 840 583 166 428 654 46 222 224 464 70 8 433 146 15 716 
906 333 844 747 932 77 928 278 369 327 780 401 576 309 83 796 465 585 496 331 190 287 50 282 337 601 928 56 409 942 922 453 678 379 816 374 284 813 127 835 135 123 798 780 349 799 745 823 501 732 814 236 449 27 459 738 474 633 125 180 465 807 895 270 568 400 129 841 108 277 373 481 449 195 301 127 56 566 0 148 169 74 263 428 101 163 931 939 770 362 188 795 27 350 634 916 871 707 821 801 
219 359 299 639 642 759 760 455 465 643 154 247 870 428 578 386 482 581 541 719 993 783 907 846 526 46 402 222 652 465 646 113 762 117 638 495 871 626 79 276 807 234 638 53 177 452 861 533 228 766 274 825 1000 703 252 188 61 245 807 48 806 699 319 966 97 324 62 621 266 240 315 715 845 64 278 690 76 171 572 0 405 908 873 277 348 154 149 962 631 466 369 2 781 317 120 196 415 134 665 33 
342 575 70 795 173 327 578 68 180 843 25 554 479 481 252 581 919 748 990 149 760 688 918 405 368 77 696 283 136 465 479 977 129 434 263 611 306 603 198 958 757 715 506 650 782 168 975 526 197 681 22 78 140 766 845 584 67 939 125 299 735 682 548 821 994 415 800 267 535 551 1 59 197 203 92 74 328 475 332 42 0 31 906 951 352 486 59 970 974 884 44 798 502 433 564 791 613 765 665 690 
614 72 206 711 283 911 897 118 262 913 832 643 930 501 589 240 713 699 215 809 44 810 570 422 600 375 971 107 14 713 801 953 977 185 181 257 699 440 264 658 38 503 608 716 139 415 194 71 675 352 201 0 837 586 597 927 688 391 259 741 363 86 772 814 663 975 16 158 522 813 404 468 392 406 719 509 780 552 120 808 621 0 354 388 485 969 101 798 310 712 305 338 689 650 784 304 851 87 146 603 
13 152 35 837 143 20 106 237 326 38 963 905 906 944 718 162 648 683 745 627 170 939 345 132 548 317 500 297 96 134 220 283 443 425 740 681 246 978 404 718 195 241 759 26 394 45 548 291 927 648 187 983 164 692 921 536 986 761 193 138 645 536 422 908 772 649 219 244 501 395 260 835 182 374 877 467 258 322 471 952 314 974 0 549 449 861 403 222 470 102 549 777 213 946 633 470 516 6 808 17 
30 196 659 90 510 21 948 174 895 956 962 260 53 247 234 875 982 582 109 284 989 693 917 66 373 430 449 136 852 864 33 450 129 192 75 41 625 356 581 278 450 596 819 570 690 195 619 808 372 196 303 799 950 978 913 446 454 228 268 879 384 677 484 457 608 924 191 638 339 901 920 527 709 497 60 851 534 405 604 204 299 802 928 0 185 868 847 883 311 771 274 304 50 659 874 831 705 898 729 149 
34 966 141 590 893 703 905 399 887 556 938 5 777 684 590 771 40 809 493 223 335 829 125 705 316 665 488 415 720 769 940 940 183 674 741 929 452 73 836 517 946 76 398 776 471 878 136 464 476 230 777 706 818 397 853 848 202 78 642 398 358 953 611 539 51 182 679 974 513 386 172 791 711 593 701 931 594 657 433 694 460 718 344 454 0 636 155 695 483 69 322 7 317 268 297 34 699 540 402 120 
522 674 510 705 509 501 495 353 929 301 326 243 308 588 701 320 228 82 369 753 631 226 449 860 770 449 976 3 232 894 492 712 317 337 62 73 315 530 526 349 506 362 175 936 758 209 125 798 31 830 967 10 159 358 522 385 277 608 783 484 75 516 82 939 429 327 351 609 566 831 494 824 697 641 180 476 454 710 362 276 567 871 963 490 61 0 927 125 918 585 766 512 500 602 673 137 548 85 86 910 
232 839 452 376 750 826 226 902 912 632 803 119 23 955 196 110 357 209 415 302 570 209 962 181 770 575 844 200 551 235 277 520 510 438 18 874 15 637 749 843 768 95 361 352 368 820 862 603 877 192 881 633 170 180 974 338 971 381 310 267 480 999 162 519 579 443 121 620 766 431 613 243 781 546 635 926 118 577 421 234 14 121 258 638 212 185 0 501 622 750 12 126 344 510 797 269 863 127 950 817 
249 901 12 820 501 639 959 998 827 294 494 73 88 998 521 43 942 971 361 708 570 606 78 34 384 719 782 814 524 835 104 140 607 364 284 553 699 816 199 424 607 413 962 802 156 918 890 562 876 713 955 166 403 232 670 606 595 624 972 169 287 379 18 342 739 345 39 72 216 152 461 327 180 54 162 135 535 21 166 749 648 687 907 0 600 960 465 0 484 555 425 186 924 321 417 954 692 407 94 779 
751 60 168 244 521 656 786 83 534 25 147 714 493 835 89 553 420 110 667 208 188 614 923 817 469 883 589 887 234 137 651 157 244 251 268 703 983 436 4 923 28 371 670 929 137 855 406 832 725 804 187 350 472 433 821 882 571 478 50 430 685 839 798 284 5 695 620 902 705 596 473 587 907 920 140 208 373 543 232 928 463 166 321 273 953 560 856 631 0 540 394 151 530 730 479 129 827 356 554 395 
188 34 256 373 928 67 989 141 401 107 713 453 849 91 641 648 784 550 1000 222 156 827 977 218 478 632 97 793 512 690 320 303 408 914 846 786 733 662 661 947 718 370 992 165 147 181 580 163 602 289 611 99 57 262 263 964 944 905 52 791 753 588 89 360 253 63 231 165 595 739 483 778 634 854 219 699 978 411 591 939 593 613 337 876 868 328 302 600 17 0 634 55 478 7 879 475 153 580 848 161 
125 290 640 677 541 704 76 44 266 619 971 199 160 296 713 697 614 173 625 661 516 511 456 983 170 361 549 275 158 772 356 474 945 572 28 332 31 660 985 526 683 773 629 569 719 481 283 831 550 32 436 604 914 989 549 614 526 494 624 785 214 307 190 735 776 858 978 727 1 659 301 452 975 328 575 335 767 213 828 937 770 513 701 389 169 314 46 545 240 27 0 480 346 406 971 999 605 967 217 578 
163 982 922 617 488 99 346 51 978 597 415 686 385 106 615 233 970 158 870 23 802 35 256 999 6 316 160 395 916 28 356 669 213 103 520 505 187 102 297 746 50 185 484 541 947 629 200 220 856 250 441 440 564 820 79 451 323 50 393 654 86 720 252 221 325 687 482 555 460 309 652 619 875 59 670 631 939 781 719 386 8 570 443 125 21 377 200 613 118 556 17 0 448 430 814 715 216 869 297 41 
174 474 376 751 398 350 470 388 210 68 82 124 736 14 184 770 864 440 475 850 34 20 818 71 557 352 244 939 523 982 832 211 22 452 94 330 77 358 987 162 111 641 277 625 927 192 817 935 42 662 355 161 331 15 37 847 607 337 988 557 7 433 777 977 429 858 970 746 422 616 195 192 526 191 169 374 78 418 769 162 904 552 375 404 523 908 6 23 644 419 749 11 0 174 86 477 54 993 496 681 
952 123 98 698 992 775 810 877 616 95 635 468 865 915 208 767 390 198 91 255 866 445 872 105 358 265 809 838 851 104 948 89 47 234 90 796 464 251 760 562 395 209 248 685 845 214 584 37 304 36 246 153 226 44 440 719 951 663 407 122 493 54 23 882 251 77 288 640 363 530 930 6 129 69 390 854 741 194 2 299 160 87 435 251 723 880 421 823 777 861 188 959 907 0 123 807 103 118 409 301 
405 954 893 508 64 322 926 699 130 577 70 520 72 500 805 449 711 758 585 297 850 237 888 962 758 558 114 548 140 388 29 305 570 126 569 467 189 896 725 90 345 985 71 134 804 33 891 68 461 539 395 501 276 282 156 508 780 451 982 172 928 966 399 706 552 634 465 3 868 886 437 686 751 146 693 974 949 19 789 547 204 612 979 117 850 7 456 654 99 947 121 617 423 745 0 167 652 541 925 615 
970 609 936 998 316 998 890 10 716 595 240 485 975 479 639 772 133 654 72 698 309 881 37 35 460 296 860 966 345 604 686 459 149 590 356 43 996 545 714 125 896 796 639 329 226 148 934 605 438 202 974 538 777 462 413 157 599 729 184 75 440 648 152 755 346 55 939 926 254 675 480 181 540 900 287 28 995 704 245 828 700 738 609 3 235 874 998 776 492 754 613 644 898 218 799 0 130 802 636 339 
784 91 630 406 568 503 95 299 871 113 224 218 495 111 352 936 222 338 581 444 119 193 272 992 499 247 540 457 865 564 58 813 251 204 498 790 759 335 787 508 135 450 264 15 355 684 649 274 722 103 911 182 173 771 76 842 974 714 213 212 569 681 629 738 797 921 12 924 965 371 215 304 828 263 864 405 909 589 184 315 330 550 901 104 416 529 899 983 484 896 772 37 695 485 348 900 0 747 313 2 
299 45 953 1000 276 312 25 391 550 323 732 574 857 612 221 759 170 549 619 645 213 901 430 662 963 29 576 548 460 531 109 751 206 454 219 415 954 638 569 586 253 165 844 101 122 918 425 196 284 889 422 903 475 773 979 963 717 783 120 293 566 484 18 36 342 163 808 983 345 175 150 134 825 319 864 103 117 959 124 688 547 879 498 824 506 531 93 462 988 904 256 33 482 157 993 303 594 0 224 717 
2 80 828 736 486 588 761 83 320 280 968 362 4 971 571 86 176 885 580 972 962 383 328 6 500 854 860 230 965 918 602 58 273 53 189 832 272 853 721 874 524 397 148 715 860 708 934 297 763 884 844 543 90 344 931 417 224 866 773 474 485 556 972 469 352 939 695 525 54 698 480 411 350 754 921 743 521 447 440 377 840 485 223 798 196 118 462 140 200 51 233 404 343 646 716 411 147 638 0 139 
810 285 610 20 12 267 53 358 190 844 523 438 534 149 183 613 979 155 967 115 488 116 986 455 111 694 598 361 65 200 732 465 245 648 838 134 246 278 230 180 601 779 823 983 837 747 437 951 762 356 192 765 38 750 882 695 814 140 910 646 194 89 113 271 903 976 75 124 354 873 995 119 354 694 862 570 218 129 20 722 448 840 73 48 322 164 112 833 870 566 951 42 135 19 854 835 464 671 323 0 

Depot information
1
1
1
1
1
1
1
1
1
1
1
1
1
1
1
1
1
1
1
1

Customer information
1
1
1
1
1
1
1
1
1
1
1
1
1
1
1
1
1
1
1
1
1
1
1
1
1
1
1
1
1
1
1
1
1
1
1
1
1
1
1
1
1
1
1
1
1
1
1
1
1
1
1
1
1
1
1
1
1
1
1
1
1
1
1
1
1
1
1
1
1
1
1
1
1
1
1
1
1
1
1
1
