Seed 125 - Instance: n80m5_2
n 80
m 5
Q 9999
L 5
U 12

0 150 67 92 353 41 293 92 180 556 212 479 237 638 281 307 400 125 919 154 788 919 443 323 135 115 294 803 696 839 397 512 47 160 608 471 172 116 410 809 832 326 614 416 422 269 334 797 943 875 53 492 988 338 726 635 576 718 872 675 468 754 117 834 14 294 795 357 604 817 330 439 830 510 518 842 716 500 427 819 283 469 334 140 342 
793 0 391 82 84 657 787 622 703 118 263 353 586 702 564 854 156 637 45 70 878 695 222 474 770 158 575 504 110 655 396 954 971 708 670 331 926 707 553 556 364 455 273 928 807 590 977 780 235 603 455 572 366 470 616 575 166 873 606 366 524 909 358 613 117 126 390 707 897 378 912 561 430 414 874 966 391 154 308 803 855 933 155 36 500 
458 696 0 129 114 5 786 184 316 952 413 627 206 219 818 679 468 188 649 967 715 659 251 67 917 891 148 78 303 365 777 197 20 117 363 712 378 932 401 23 166 619 244 227 547 695 532 75 767 233 588 260 573 77 432 415 154 162 760 196 790 856 454 491 708 47 536 642 6 584 312 461 9 851 568 305 309 295 763 120 183 71 638 913 102 
525 272 112 0 557 132 884 461 673 338 389 118 855 529 792 131 833 941 708 198 128 356 639 25 530 863 887 809 667 13 640 359 190 226 404 254 528 294 498 551 631 63 179 358 413 655 349 214 804 694 74 69 98 886 796 619 965 339 974 904 49 488 138 763 994 195 893 369 334 605 846 612 629 88 114 309 687 24 817 519 403 996 866 586 819 
728 501 211 963 0 961 914 957 802 504 398 474 350 849 961 564 722 870 972 295 535 87 362 269 979 594 393 148 609 235 771 648 555 231 744 778 869 233 238 957 618 233 70 6 123 329 13 201 96 612 609 308 529 102 3 393 797 151 364 252 203 839 908 494 504 337 860 21 83 143 976 937 566 848 10 994 407 914 119 683 209 332 611 867 174 
113 757 871 501 412 0 214 67 491 954 650 540 684 316 11 845 442 416 997 114 252 865 385 3 482 983 52 777 851 405 408 324 800 222 401 389 199 20 680 161 191 386 664 752 316 893 37 8 910 6 559 185 478 955 366 331 821 785 477 357 750 875 304 93 50 375 366 627 721 19 20 688 831 112 655 873 10 547 596 307 194 49 863 421 612 
983 706 189 857 567 270 0 312 465 19 564 755 113 219 804 975 573 356 547 853 926 20 327 43 797 222 828 495 543 795 612 808 739 79 214 390 256 1 942 93 240 913 889 231 620 329 1000 127 108 603 59 906 130 412 969 571 423 982 528 375 255 560 956 695 713 962 225 83 825 370 825 674 857 150 497 433 546 571 564 27 383 953 94 676 804 
746 490 709 409 634 804 771 0 395 721 338 893 681 434 575 642 338 119 951 487 123 50 372 978 981 610 416 584 17 28 841 678 74 880 345 628 529 445 593 905 739 750 739 255 656 88 305 724 589 256 200 592 564 397 760 683 356 763 779 860 377 125 16 692 970 792 270 583 803 873 587 370 560 658 840 829 842 230 690 595 650 889 91 985 634 
409 599 860 14 652 679 745 461 0 539 457 1000 743 201 152 86 637 682 941 80 166 690 389 694 966 620 98 83 337 406 700 270 58 711 513 833 7 316 403 508 317 923 958 596 886 987 454 239 908 54 269 507 583 587 84 675 76 132 783 118 892 892 434 248 997 45 528 366 560 852 437 26 80 549 650 798 158 563 242 429 664 903 959 751 718 
648 193 921 775 303 99 533 920 216 0 883 579 157 780 304 357 754 820 945 670 430 930 872 575 569 270 734 139 274 668 532 487 716 162 351 529 484 102 315 245 977 432 520 428 301 412 494 513 141 433 560 256 810 506 674 173 540 818 625 213 371 850 50 914 483 675 166 397 362 179 876 979 914 331 233 762 8 961 257 337 102 630 62 260 86 
996 158 593 781 33 636 320 899 743 564 0 753 760 169 550 293 165 659 574 992 978 61 37 231 140 479 260 306 717 69 473 113 854 585 485 438 871 252 526 481 44 884 505 410 571 493 116 778 488 511 134 71 50 99 542 217 675 181 934 435 526 179 839 670 775 665 305 175 566 474 829 834 825 636 53 312 480 544 169 321 160 557 73 745 128 
13 272 772 286 246 550 840 763 848 127 701 0 408 445 746 105 611 838 37 503 546 862 864 690 787 905 287 523 174 762 567 931 774 206 54 613 368 893 991 468 213 441 485 589 503 810 678 800 324 244 933 250 671 550 404 97 331 788 245 377 506 192 18 695 250 279 167 661 531 994 553 899 262 202 306 615 567 424 357 694 21 935 95 637 532 
942 481 919 690 248 626 479 846 734 377 621 195 0 53 20 934 327 739 787 904 255 114 512 658 904 32 238 257 463 400 721 754 6 140 679 799 456 28 722 35 975 748 929 473 341 156 388 158 104 175 733 21 534 326 576 809 361 239 639 565 842 420 689 508 320 582 841 8 365 506 347 783 441 460 502 418 165 470 551 310 999 791 761 165 948 
229 104 421 336 840 166 415 181 932 123 813 365 894 0 673 801 75 209 200 306 294 830 265 477 133 696 322 75 620 898 906 349 535 582 684 128 856 680 593 767 901 929 337 43 372 562 241 564 844 44 298 587 150 832 344 243 607 205 981 91 435 572 966 307 811 537 730 905 709 619 276 330 667 169 433 109 172 980 478 166 479 25 249 930 703 
205 697 71 697 474 95 92 790 701 899 638 604 119 613 0 431 588 577 984 206 841 460 129 715 726 595 237 317 43 64 393 597 834 575 826 102 127 828 793 587 663 243 783 971 197 603 283 304 37 650 197 68 220 170 890 362 781 300 545 866 891 465 838 361 925 85 876 326 662 407 973 883 893 578 100 311 273 810 658 817 592 284 684 738 572 
115 570 922 703 796 483 871 464 409 565 139 925 306 825 529 0 163 203 957 293 263 144 592 877 725 409 50 238 410 451 550 129 379 471 862 905 560 8 1000 523 349 636 207 475 385 983 138 849 202 724 543 210 559 186 258 2 180 987 308 104 542 322 417 436 37 338 335 639 493 461 139 613 411 613 536 311 602 824 875 332 688 982 630 519 430 
446 336 963 545 468 135 537 173 763 712 91 732 226 633 627 556 0 820 894 495 820 800 367 157 682 938 743 719 518 384 249 321 886 782 543 927 248 657 72 750 806 928 409 15 953 432 0 171 632 183 723 281 2 578 468 188 833 767 843 453 222 491 26 4 561 530 978 844 87 678 788 158 433 163 980 689 582 324 540 234 987 54 432 439 843 
268 626 595 15 885 527 771 240 334 442 386 603 700 570 720 108 176 0 671 502 464 541 306 724 787 695 508 229 647 488 855 437 303 767 54 952 83 307 920 55 937 619 14 626 108 229 853 807 840 972 787 980 920 274 29 755 373 825 657 351 636 124 287 21 506 129 281 722 213 784 930 62 615 839 132 677 643 773 929 874 666 957 147 646 366 
839 382 132 990 502 272 705 267 646 693 581 361 345 208 116 996 746 863 0 548 24 841 824 102 173 896 239 399 713 314 20 875 495 796 487 264 262 762 469 863 299 84 626 101 775 552 29 735 686 978 179 104 75 402 1000 397 665 476 506 917 823 910 266 872 609 197 707 381 842 929 940 96 681 895 49 484 986 197 171 637 429 809 283 892 708 
155 518 813 929 193 118 764 607 229 427 82 90 443 92 799 475 317 945 544 0 218 697 255 118 701 106 153 268 410 3 546 710 369 476 220 228 864 920 78 53 771 712 133 345 171 275 751 239 553 532 66 991 559 850 450 376 542 988 12 7 511 851 10 363 510 627 586 281 73 248 722 952 900 959 728 529 102 391 748 378 719 554 856 638 139 
735 759 203 936 413 61 364 958 787 240 676 791 459 664 850 16 357 203 642 142 0 652 421 528 404 731 700 410 712 736 746 532 888 274 522 336 318 789 353 302 717 841 701 785 27 108 758 683 442 84 445 756 826 257 63 870 251 180 211 66 413 669 354 709 330 642 3 689 756 462 692 696 665 269 610 32 35 970 946 376 22 699 407 244 260 
527 840 824 656 151 232 767 167 18 786 352 458 617 20 484 216 210 497 502 263 544 0 544 839 954 721 577 78 554 696 212 172 460 535 325 425 736 607 187 594 13 52 756 809 595 855 330 410 321 879 178 69 17 156 11 574 251 601 804 68 726 551 483 871 616 715 999 546 723 559 89 586 610 25 936 631 243 18 566 70 842 15 350 250 833 
192 722 232 787 805 107 165 91 947 175 80 861 61 222 379 83 64 960 841 156 606 725 0 928 170 764 447 401 25 206 367 343 450 862 373 337 16 390 886 646 521 359 758 699 814 556 788 614 452 62 617 751 495 109 741 559 434 778 604 118 347 819 508 978 688 309 499 748 196 739 542 685 186 781 595 301 197 717 278 937 647 444 428 339 912 
924 202 688 383 244 24 246 31 249 393 948 728 540 82 739 258 778 295 547 946 817 819 708 0 533 642 244 296 444 48 766 508 189 648 411 922 732 945 121 21 639 650 913 399 257 955 949 612 865 406 839 451 511 520 267 360 399 244 558 562 459 7 77 808 698 358 961 76 905 867 619 718 25 892 469 944 116 542 335 885 876 832 707 217 588 
438 367 183 355 257 117 220 959 952 865 224 591 302 200 725 683 800 185 330 975 201 698 157 631 0 191 300 548 572 635 164 393 765 730 501 1000 155 250 956 665 360 647 493 686 707 955 184 948 292 792 873 766 817 583 160 80 848 498 215 281 899 655 837 788 590 674 590 623 955 386 268 99 159 856 324 36 695 941 827 170 509 287 510 990 127 
234 632 811 105 432 571 682 827 682 373 66 249 642 491 626 806 44 275 82 253 794 947 325 101 501 0 206 954 448 120 970 994 690 651 935 0 191 466 506 60 555 905 677 993 623 133 859 110 992 745 832 924 475 616 182 399 144 251 869 790 833 586 686 876 388 197 994 809 544 431 932 574 877 643 137 674 417 775 457 901 922 108 846 22 102 
754 141 955 795 25 211 880 483 372 442 718 783 529 789 422 719 450 745 105 449 163 838 725 11 679 481 0 945 233 658 272 112 828 606 677 325 6 872 340 391 232 786 762 312 944 383 770 451 446 526 574 71 418 377 515 835 478 193 554 491 654 176 686 692 369 436 724 132 870 614 669 628 34 856 954 696 117 736 290 738 652 225 14 301 57 
660 888 340 499 73 715 288 847 704 675 681 39 430 181 452 648 791 946 225 217 149 734 593 666 534 259 263 0 693 815 384 976 560 553 302 414 763 855 780 527 525 472 624 277 815 515 558 550 626 932 77 332 795 192 478 12 194 409 448 878 863 217 18 327 795 654 707 82 266 799 200 404 780 612 659 236 230 397 118 335 642 365 539 212 742 
216 297 48 662 321 928 10 285 230 107 437 908 930 606 866 717 16 519 46 208 218 242 131 215 905 454 315 247 0 86 83 802 459 428 970 591 304 674 230 868 693 808 520 837 464 58 980 174 268 772 827 99 379 898 111 999 593 755 886 985 971 722 766 596 322 976 134 233 683 759 529 913 779 290 667 528 308 571 251 69 858 903 544 900 502 
690 162 712 107 265 49 506 342 887 980 880 838 8 544 179 794 424 968 539 516 98 823 641 133 304 409 481 646 49 0 339 938 678 314 72 808 163 925 683 670 402 733 341 999 433 563 713 426 37 136 153 467 239 157 686 217 999 936 241 359 669 812 21 918 178 880 951 833 79 932 37 459 613 4 41 835 959 445 254 934 571 430 782 321 274 
166 128 265 969 83 916 63 808 185 387 157 88 131 662 606 582 168 68 393 227 752 935 397 121 773 641 683 76 881 85 0 724 41 423 166 241 798 244 577 433 934 403 902 252 53 708 316 296 984 727 433 645 620 895 64 511 726 972 954 162 566 514 816 764 498 357 648 52 361 98 40 513 231 299 330 940 570 159 348 394 680 225 1000 24 393 
68 115 60 33 3 288 551 238 992 872 276 987 906 529 494 76 18 591 217 374 45 709 66 523 303 918 149 596 573 381 657 0 775 117 857 836 475 832 929 310 866 867 899 237 506 505 503 242 135 961 820 151 302 39 289 734 709 280 709 883 520 467 400 70 713 636 305 538 948 309 536 894 257 463 768 967 200 791 670 938 488 85 786 294 354 
0 536 159 789 630 37 521 459 522 240 546 900 944 118 742 793 133 395 762 938 722 205 458 77 231 406 245 17 943 458 953 553 0 603 137 864 334 639 686 802 95 349 134 511 381 329 869 532 682 890 58 302 834 381 995 192 393 872 550 148 180 689 264 113 782 896 528 430 593 240 787 182 266 512 26 759 396 28 375 932 412 872 317 830 20 
665 631 266 325 379 609 408 261 353 391 451 449 35 439 622 245 778 368 315 140 634 392 685 321 767 247 225 594 685 526 340 48 432 0 216 272 116 219 763 650 669 639 445 385 407 255 641 817 30 865 105 513 750 710 678 204 788 377 224 26 123 596 642 54 989 801 555 492 527 961 420 150 429 443 134 896 56 272 697 265 517 675 601 523 691 
486 333 523 618 607 983 303 153 419 254 78 26 599 764 456 566 169 887 280 322 11 898 882 761 334 671 624 537 115 911 337 136 37 816 0 352 317 971 821 15 264 289 805 676 63 145 147 252 139 92 564 881 3 866 721 253 623 232 417 606 349 458 419 485 608 276 311 880 234 401 936 652 170 404 302 702 645 239 905 384 644 726 693 143 777 
503 560 765 282 862 811 609 439 565 961 106 108 925 188 844 276 346 100 171 383 771 376 124 470 592 140 762 317 811 923 798 236 42 402 426 0 145 301 633 596 785 586 649 91 608 234 119 663 738 781 956 803 757 986 424 417 38 841 809 881 742 167 548 236 699 970 489 51 580 432 583 465 345 124 812 69 191 790 386 448 632 536 312 995 158 
489 982 76 499 994 968 820 499 663 964 797 392 72 846 746 251 355 306 186 162 651 141 852 79 491 267 34 386 964 762 697 598 540 133 322 450 0 796 319 904 813 221 203 859 562 354 366 338 900 810 694 829 878 609 494 954 398 35 102 550 904 872 199 914 400 616 866 918 557 310 740 421 872 904 760 344 442 113 893 739 239 407 22 597 909 
292 709 620 565 220 133 488 908 285 144 962 846 754 464 800 113 266 946 984 890 657 367 912 264 817 50 856 71 937 953 519 143 189 643 138 170 609 0 46 276 39 491 859 771 802 383 878 352 210 387 952 393 737 264 70 772 665 569 826 406 224 701 711 219 897 212 13 316 546 722 489 865 734 881 384 227 390 108 502 990 89 399 180 782 9 
723 873 113 711 288 28 565 314 141 932 585 490 594 742 587 721 471 957 548 268 102 160 639 775 932 290 770 26 23 632 170 93 150 214 198 275 160 524 0 419 457 952 82 80 796 686 408 974 488 304 681 229 896 550 253 502 688 203 488 388 92 379 89 566 358 394 325 26 756 811 586 337 252 984 913 154 589 645 619 519 328 169 118 47 877 
301 43 148 397 893 552 918 591 87 735 149 252 911 70 720 938 743 722 737 717 953 268 721 657 318 823 773 150 988 288 10 451 610 173 43 449 174 680 81 0 600 593 542 524 93 136 432 385 493 52 777 800 206 469 726 808 197 333 436 763 633 707 3 421 917 819 882 782 203 540 736 967 619 81 699 804 836 141 388 620 314 983 401 292 386 
859 109 11 971 137 876 225 994 820 492 47 258 598 30 154 171 786 181 295 346 399 704 631 257 75 341 757 39 948 657 549 853 515 689 277 163 914 417 566 728 0 433 730 393 938 69 188 974 723 837 172 173 879 690 920 719 875 731 906 114 951 690 261 76 553 48 414 548 829 112 425 606 950 230 273 208 871 119 339 76 58 492 762 955 452 
620 909 766 886 306 964 634 38 526 859 792 548 391 169 996 659 574 901 885 523 795 750 254 868 247 337 376 66 436 436 999 154 782 248 914 962 899 418 268 376 121 0 847 592 155 960 506 102 412 862 342 75 594 657 260 839 51 437 967 996 785 721 737 222 630 478 81 622 851 581 808 869 7 796 963 629 260 150 417 934 663 388 992 963 714 
475 267 193 885 525 681 56 807 633 828 589 616 666 708 246 956 451 750 560 252 251 170 597 593 747 13 119 490 416 798 226 446 990 624 138 796 467 171 53 731 406 309 0 433 601 383 426 374 842 300 7 390 459 69 539 72 478 37 568 775 318 728 76 366 84 981 562 889 302 341 813 842 678 875 273 785 53 927 420 615 552 428 826 42 873 
901 917 574 870 554 894 149 277 653 832 496 274 229 167 393 903 52 482 776 738 502 570 483 491 57 184 935 822 810 75 773 157 971 391 115 299 800 144 595 51 567 619 328 0 881 249 131 533 702 447 383 1 903 476 370 276 731 344 728 918 240 594 272 733 167 733 628 805 36 850 615 849 634 895 746 2 95 350 494 322 971 339 0 729 355 
585 407 741 842 290 352 581 351 679 895 130 181 428 817 833 442 76 437 70 822 52 168 266 457 258 830 384 330 141 917 633 836 386 954 741 929 615 119 639 335 668 744 292 816 0 881 968 462 301 856 633 799 12 215 446 547 176 295 311 322 141 347 916 836 961 944 206 906 769 820 431 125 572 612 673 524 667 498 187 121 283 646 263 371 516 
574 264 61 740 769 268 303 995 473 176 764 703 312 603 665 131 231 874 288 705 503 822 207 466 997 377 410 852 516 579 330 922 758 373 787 993 621 713 890 517 218 222 780 324 529 0 706 781 163 272 728 243 674 166 183 644 310 835 692 354 519 53 730 695 791 198 714 519 502 87 432 685 747 596 964 964 361 710 835 104 797 97 86 193 968 
722 7 409 616 97 748 693 289 455 694 749 893 363 587 907 698 729 241 55 264 549 743 860 320 431 154 304 383 390 459 242 598 832 862 84 577 255 449 177 260 695 63 893 514 608 229 0 130 821 48 119 385 82 651 28 86 619 522 135 379 933 851 997 533 922 591 686 158 815 435 757 545 688 771 266 309 884 517 693 888 491 768 860 185 397 
642 94 911 540 301 967 606 419 718 513 261 365 602 936 312 563 940 426 904 463 452 847 776 439 724 614 702 873 536 796 262 279 562 635 37 92 808 366 208 339 980 836 749 304 285 292 390 0 49 845 834 962 990 834 511 490 951 641 523 769 469 119 648 692 542 288 915 79 544 124 684 186 216 220 869 46 128 893 502 930 678 898 456 892 41 
43 852 283 918 388 30 879 540 426 710 805 806 222 306 912 844 241 975 295 787 599 670 421 898 211 765 34 108 293 826 337 102 771 67 165 173 791 858 69 561 958 937 33 671 505 921 157 837 0 186 767 621 930 763 118 334 3 322 631 643 48 596 708 863 918 59 909 538 762 323 384 680 506 553 543 704 115 362 914 121 604 26 562 365 898 
883 444 491 513 541 668 432 919 357 307 776 359 620 285 467 653 808 480 24 677 365 293 637 199 946 894 668 874 528 637 354 62 602 953 843 608 320 528 206 649 402 119 510 405 121 269 87 708 287 0 390 866 678 359 342 299 566 6 779 183 388 473 904 959 493 390 113 313 351 146 504 585 717 866 695 757 193 190 679 668 666 350 893 215 653 
435 97 206 452 747 196 340 500 627 608 593 89 965 708 842 263 640 887 628 642 396 614 701 45 628 695 531 908 331 697 482 0 891 996 852 461 429 430 251 148 989 574 230 206 116 471 268 841 675 423 0 927 668 61 322 231 62 972 384 108 460 527 604 460 799 136 177 987 879 348 92 602 584 345 627 478 332 686 592 255 997 981 409 592 117 
382 568 164 65 615 928 954 992 783 381 468 882 108 114 446 406 150 840 249 654 863 666 549 533 149 792 974 637 466 595 910 586 245 60 676 826 386 4 920 604 810 993 764 409 238 990 650 778 841 655 672 0 294 153 141 86 718 715 930 102 120 184 574 537 629 850 462 831 835 523 396 125 555 644 157 845 50 24 35 241 246 637 147 674 392 
565 630 754 747 966 127 684 372 369 347 837 932 530 798 597 26 546 927 151 390 687 339 764 831 104 158 216 852 824 53 636 601 606 618 389 974 234 177 895 127 882 97 753 860 460 318 210 743 359 816 627 120 0 808 140 465 428 585 377 751 912 291 473 954 557 118 238 878 114 336 906 833 780 374 289 295 209 93 785 718 323 552 780 427 19 
459 966 284 400 580 962 414 32 352 546 49 539 201 167 641 41 671 415 574 293 844 423 854 46 192 907 982 684 521 595 14 415 410 319 636 249 267 711 880 884 385 584 702 373 790 235 638 694 130 371 863 150 721 0 882 569 526 739 506 543 636 920 109 214 86 951 950 346 413 0 439 934 148 360 938 172 977 306 662 922 269 715 204 218 585 
138 35 119 382 274 359 994 632 489 629 683 446 653 81 361 727 54 421 164 252 657 785 157 447 381 924 306 48 637 402 482 252 288 910 326 903 41 886 750 885 186 57 667 179 237 855 922 370 230 486 264 14 975 764 0 924 482 931 562 491 815 754 640 688 359 851 515 290 881 296 529 819 471 861 344 787 48 611 378 538 454 560 748 693 247 
916 904 911 815 90 575 446 232 106 242 107 191 897 376 818 921 932 265 47 560 792 298 166 402 459 534 587 972 604 190 706 58 688 342 468 388 610 896 254 581 946 715 27 564 961 59 537 19 500 136 187 412 314 613 367 0 71 403 863 719 875 894 511 76 677 493 67 131 887 16 758 794 732 312 818 148 260 447 270 480 131 862 276 78 238 
46 836 34 67 566 337 559 798 339 379 239 938 183 121 191 897 998 917 137 21 319 647 551 287 953 742 786 937 693 106 868 407 953 414 884 925 661 670 810 301 263 858 977 104 680 151 226 882 684 297 521 117 562 166 256 511 0 275 495 552 29 421 180 472 619 343 506 606 384 582 434 354 820 62 502 306 265 885 331 239 434 416 192 42 376 
240 1 432 751 471 836 400 963 741 360 20 676 305 70 205 16 320 272 149 829 764 683 33 306 935 519 28 372 491 162 934 543 561 835 271 632 252 205 173 695 344 66 845 563 611 753 62 924 28 295 243 901 989 570 338 51 48 0 444 385 572 998 716 595 770 845 461 132 623 73 44 735 825 263 722 252 353 432 144 187 688 486 784 312 238 
674 934 719 854 156 839 263 872 128 806 288 604 594 561 357 193 183 721 772 901 537 652 536 669 74 169 63 562 107 560 220 246 820 967 978 412 722 375 340 506 294 950 761 507 296 658 976 377 194 66 792 478 721 411 111 731 298 633 0 805 308 536 485 201 447 624 455 353 868 89 21 379 786 884 947 17 359 619 545 673 57 236 392 766 421 
675 608 271 203 224 995 88 241 239 910 830 100 799 168 624 178 600 884 288 734 33 936 284 60 542 551 84 62 474 982 552 993 172 673 791 430 649 540 468 225 540 765 969 372 671 640 366 708 906 518 827 151 793 100 391 289 178 656 212 0 278 277 877 995 321 224 412 691 79 340 857 630 960 459 166 958 999 813 474 714 643 652 531 53 186 
371 113 319 634 116 934 151 556 738 57 334 866 807 446 22 781 558 370 501 53 287 529 603 716 936 667 606 694 823 118 528 597 99 997 788 889 22 447 683 64 971 231 696 243 320 953 184 78 491 901 129 402 334 838 163 840 891 773 694 142 0 531 354 424 754 58 899 745 166 644 611 188 701 656 930 924 398 267 406 258 156 884 757 112 150 
727 771 914 961 268 779 76 696 243 528 436 589 166 481 93 391 561 781 835 743 738 340 0 168 701 944 836 756 309 429 293 971 167 785 803 824 867 561 370 837 224 276 149 607 159 903 632 667 957 569 729 321 148 497 606 745 252 633 509 175 470 0 126 414 922 872 811 104 423 999 566 352 276 893 321 865 43 142 701 598 693 737 864 630 582 
39 236 56 436 924 444 779 385 623 454 336 537 447 852 747 415 173 344 402 445 652 954 265 442 316 70 814 289 459 187 44 501 399 608 469 521 162 733 243 626 112 83 483 66 628 55 68 891 246 546 905 576 68 404 391 104 923 695 337 739 469 671 0 660 229 424 775 647 43 618 178 238 595 802 997 86 82 796 579 774 823 706 526 654 808 
350 707 248 290 497 841 625 355 16 117 757 918 136 744 321 8 346 479 229 301 689 108 780 608 389 790 619 136 799 707 108 623 952 748 902 522 669 333 876 498 225 588 134 420 770 139 367 924 153 630 182 922 246 182 591 979 412 76 335 605 621 626 519 0 261 477 202 95 47 7 775 760 500 316 183 905 438 290 30 374 43 206 845 137 634 
151 764 924 323 509 984 950 880 412 144 198 445 220 787 924 364 44 945 215 579 228 280 632 664 857 404 385 832 848 903 517 64 660 574 585 479 395 170 302 823 981 357 566 948 13 923 939 939 775 651 866 670 522 987 495 250 489 866 398 538 332 38 370 121 0 916 809 281 303 336 165 523 614 956 93 907 357 377 562 711 721 161 920 777 167 
536 251 523 885 710 18 712 315 158 800 991 863 769 912 900 668 787 573 316 282 333 314 301 263 681 733 962 110 236 752 843 709 795 625 271 45 572 163 834 642 381 179 616 875 314 480 724 342 415 45 242 560 721 75 547 352 173 580 47 312 479 180 634 129 938 0 323 413 764 157 125 574 98 733 668 750 221 382 394 696 552 134 143 918 741 
532 155 521 255 111 894 842 300 416 295 15 510 307 881 499 716 908 478 478 834 576 227 809 317 482 415 645 880 998 664 362 235 391 547 77 582 291 197 318 13 264 562 469 472 380 342 366 233 490 291 359 721 148 951 438 656 421 432 16 217 839 711 727 376 683 295 0 887 581 558 55 190 939 764 271 185 719 156 46 174 885 16 445 70 529 
997 582 164 234 517 292 941 99 872 425 520 372 169 605 828 437 67 34 869 268 594 988 710 122 122 121 63 662 400 734 27 396 360 699 135 330 67 412 677 348 725 13 119 204 864 984 429 79 927 848 520 441 911 520 326 43 253 633 861 206 784 926 975 478 435 809 981 0 676 516 418 726 301 640 374 656 907 647 892 228 408 819 249 293 735 
383 841 21 826 474 188 210 776 731 685 292 674 73 618 855 314 329 281 4 264 695 51 399 172 202 865 282 267 75 393 411 270 407 189 726 18 941 375 528 551 489 807 739 214 953 692 505 918 513 437 685 794 974 54 567 707 504 4 194 151 661 240 488 608 629 694 191 206 0 876 471 9 149 964 972 574 715 802 93 659 570 995 292 815 395 
926 258 100 978 579 936 463 382 281 548 734 410 761 48 495 897 934 881 616 371 745 21 23 344 323 982 212 358 278 166 972 784 878 877 59 991 112 667 791 182 259 999 717 437 231 94 750 107 249 687 132 988 879 186 688 180 326 714 761 317 76 826 259 223 514 121 707 661 99 0 950 718 833 970 721 102 787 916 462 412 181 367 37 762 602 
482 109 305 162 308 9 361 410 280 643 203 449 855 149 54 272 596 362 371 970 463 845 122 78 816 12 501 563 759 156 327 306 234 340 899 694 637 19 324 168 25 688 371 170 155 556 300 6 273 578 282 836 216 409 554 540 325 310 1000 658 923 486 763 1000 395 168 166 915 279 523 0 61 196 358 714 409 742 37 948 357 973 910 184 217 198 
290 742 2 229 145 497 604 310 32 808 584 534 101 655 740 2 145 304 216 547 902 408 729 289 939 592 522 358 699 161 439 838 144 810 113 117 147 924 111 829 167 737 857 151 697 363 776 65 996 881 309 590 14 30 231 395 870 116 485 705 40 206 273 735 899 784 43 332 703 84 506 0 940 973 79 720 509 949 834 387 579 640 388 833 546 
964 508 713 308 265 63 12 412 461 753 917 186 440 802 730 682 487 601 372 866 673 256 753 123 621 19 553 161 70 208 204 158 281 709 493 469 614 873 864 798 739 426 246 408 569 244 683 734 707 34 323 109 873 922 882 366 94 606 336 82 278 580 586 545 799 174 37 818 457 698 838 382 0 766 84 518 644 781 733 888 44 220 734 37 944 
151 516 687 700 242 911 446 113 347 23 697 84 636 809 835 678 786 800 554 335 919 825 8 323 433 299 645 278 14 935 691 963 523 701 696 441 826 825 352 447 285 761 980 836 234 226 169 675 107 826 388 795 677 647 992 822 737 522 873 162 581 556 921 129 968 594 526 786 427 428 557 658 331 0 803 443 330 308 694 832 490 72 461 448 955 
879 613 199 326 495 552 318 871 806 701 173 659 638 883 310 423 340 194 504 388 266 88 277 417 579 609 251 846 776 634 114 651 205 24 335 633 457 77 876 514 218 955 343 265 781 995 283 604 560 211 206 756 440 554 435 980 628 784 991 296 520 760 296 389 505 653 352 381 533 569 852 73 459 70 0 964 106 136 178 798 12 156 930 924 973 
997 257 129 676 334 708 901 353 297 669 838 197 727 569 924 992 859 159 408 24 374 584 504 324 919 400 773 804 301 626 708 964 213 862 749 598 588 993 676 765 730 963 153 731 56 145 400 441 455 801 381 911 843 947 494 556 709 417 538 368 296 191 531 428 242 420 402 223 115 907 794 674 631 65 923 0 491 660 748 546 588 254 749 774 467 
429 654 872 381 162 835 498 415 181 329 728 841 486 659 928 32 477 27 382 198 834 110 608 632 353 516 459 446 911 764 532 202 818 553 705 317 157 137 685 915 131 846 866 49 949 65 828 481 165 989 575 709 573 14 629 930 668 147 246 733 771 391 670 761 246 113 616 966 469 140 874 421 542 896 435 683 0 496 37 344 148 256 981 436 642 
1000 888 458 442 920 43 972 992 906 721 655 566 321 760 686 55 986 443 708 804 351 679 607 732 636 967 692 419 303 978 42 834 989 836 976 154 388 187 907 407 793 674 2 444 671 694 629 569 801 885 534 429 537 406 410 811 451 666 278 776 295 35 701 85 215 378 796 948 69 381 397 369 395 249 738 309 885 0 580 447 785 279 862 891 664 
501 623 531 111 22 767 426 16 327 4 327 115 622 118 677 491 641 45 148 108 99 654 902 934 439 938 275 546 211 477 404 784 98 10 909 350 368 381 976 24 420 944 415 746 798 304 611 84 956 149 353 433 59 210 294 377 437 514 858 94 433 188 600 148 697 785 52 835 390 356 78 110 461 595 488 850 373 171 0 161 296 32 469 724 572 
264 357 445 462 316 428 181 873 788 447 288 765 813 367 896 251 901 867 136 480 877 451 461 224 170 159 797 29 416 759 753 715 561 971 485 166 97 860 967 301 695 102 214 381 443 566 905 58 993 79 466 436 463 833 505 976 968 799 912 162 282 980 386 499 703 853 754 873 403 73 823 502 474 691 51 672 126 380 568 0 656 308 995 548 475 
406 185 472 142 272 906 589 213 612 294 101 399 946 102 124 139 515 642 329 408 522 568 961 295 630 844 563 418 553 28 873 740 180 435 785 10 796 328 835 162 185 827 545 224 842 504 403 303 333 930 623 778 850 375 350 661 870 472 481 649 232 112 883 870 270 591 500 746 547 342 213 395 563 95 489 44 17 416 243 560 0 768 237 752 835 
542 569 723 706 55 348 554 834 228 560 526 589 283 8 359 859 760 940 1000 376 307 500 125 919 734 497 804 397 41 501 996 231 568 54 365 723 447 389 607 951 528 973 281 653 249 306 4 435 408 520 54 234 30 538 404 73 328 329 142 754 760 243 787 318 863 81 958 743 575 600 300 140 650 222 209 78 897 205 963 244 20 0 14 756 637 
564 16 498 241 125 143 487 303 836 603 203 957 256 552 928 133 254 328 424 836 760 170 939 207 906 135 844 734 573 657 424 751 761 144 634 336 518 887 103 364 540 461 583 814 636 792 327 112 332 887 601 369 492 901 817 980 50 929 413 933 669 647 869 415 782 958 270 145 25 182 903 140 472 639 775 754 962 597 172 601 886 823 0 10 273 
902 303 756 218 151 482 619 915 425 146 279 764 909 271 745 470 721 730 782 356 641 142 940 670 613 162 114 75 648 910 554 576 224 307 619 157 489 809 16 740 610 922 811 18 532 515 613 62 92 935 794 532 428 517 178 957 209 631 42 212 516 107 836 479 380 811 590 790 416 501 316 434 979 715 984 528 741 311 3 287 362 285 621 0 776 
19 859 820 886 487 811 126 240 433 249 195 537 728 403 569 454 259 575 943 71 674 227 2 527 529 423 499 318 147 366 431 49 495 768 106 373 399 923 711 279 316 440 123 17 159 530 894 599 85 448 123 633 10 405 550 894 458 300 667 433 401 911 399 752 385 522 51 752 897 535 3 623 536 257 84 495 158 351 449 712 696 259 40 149 0 

Depot information
1
1
1
1
1

Customer information
1
1
1
1
1
1
1
1
1
1
1
1
1
1
1
1
1
1
1
1
1
1
1
1
1
1
1
1
1
1
1
1
1
1
1
1
1
1
1
1
1
1
1
1
1
1
1
1
1
1
1
1
1
1
1
1
1
1
1
1
1
1
1
1
1
1
1
1
1
1
1
1
1
1
1
1
1
1
1
1
