Seed 123 - Instance: n85m5_0
n 85
m 5
Q 9999
L 5
U 14

0 946 297 275 790 218 111 630 783 351 759 880 700 757 397 347 968 252 856 685 825 10 373 873 686 513 88 205 377 437 17 839 32 832 135 820 445 153 39 797 300 649 878 246 612 916 246 189 750 479 928 830 680 699 848 722 375 414 387 510 841 772 301 516 657 446 310 72 644 700 696 273 800 990 451 526 703 938 791 865 356 274 931 598 821 147 586 636 443 419 
392 0 724 238 267 719 113 879 167 538 64 912 124 417 438 553 588 661 474 863 474 644 32 728 982 968 471 131 11 70 328 383 378 426 473 858 848 779 375 379 564 768 187 852 4 717 565 165 706 289 680 64 467 949 840 438 887 656 84 818 84 344 381 550 117 721 828 222 852 892 335 511 885 943 205 676 39 168 508 539 861 301 558 102 957 417 89 68 751 252 
264 15 0 23 202 310 349 741 753 935 562 810 956 19 496 545 509 911 682 888 40 358 141 902 356 172 795 181 460 463 545 693 901 726 956 941 889 763 356 315 504 730 83 279 791 170 111 421 21 33 64 970 207 44 106 913 516 175 508 760 326 482 797 580 910 913 6 948 483 358 488 132 813 793 675 5 191 23 421 75 784 254 640 530 308 651 723 558 508 622 
294 201 119 0 814 742 210 778 182 353 931 939 437 389 929 12 697 237 825 412 534 541 611 898 119 930 823 400 690 509 355 889 315 543 218 657 238 389 605 959 404 670 146 971 172 162 645 285 289 910 104 846 884 374 883 791 532 52 889 619 149 137 578 637 277 981 725 462 209 215 318 396 423 204 891 604 416 214 412 858 499 423 193 267 352 283 981 104 608 209 
499 325 752 772 0 101 90 408 889 278 166 938 360 232 172 116 806 331 639 795 368 9 79 180 161 475 463 126 634 124 573 272 402 520 161 707 186 598 130 807 984 973 122 881 486 182 936 293 708 830 623 768 730 837 525 954 676 371 697 858 209 621 278 484 496 812 231 909 193 86 898 329 743 950 274 875 502 133 399 175 523 541 972 11 969 808 595 279 891 940 
837 536 550 57 33 0 819 782 615 464 696 881 840 294 742 331 434 449 686 213 703 670 241 754 394 240 33 846 652 849 85 92 474 976 590 203 553 710 930 353 474 306 637 903 563 191 63 851 929 769 547 106 773 470 138 331 333 886 834 263 586 127 424 14 508 25 816 649 495 322 323 369 314 527 916 140 970 739 717 544 869 433 726 704 641 183 973 292 321 23 
73 793 519 456 486 205 0 512 871 422 649 380 127 762 531 25 865 792 523 580 506 36 514 276 575 938 487 786 391 950 611 854 256 770 834 249 4 380 985 453 129 432 793 88 965 425 272 293 558 217 90 530 542 206 847 699 16 351 829 578 174 843 100 768 431 140 57 455 941 345 954 469 981 285 931 527 597 765 26 338 739 190 945 609 178 17 979 162 54 867 
90 398 760 318 684 459 505 0 689 543 843 761 898 250 998 90 166 509 300 290 903 288 278 693 568 265 640 972 757 494 207 703 538 327 109 773 468 303 136 688 434 738 765 105 374 215 175 474 885 271 528 742 698 663 597 968 458 912 750 742 222 810 543 393 708 684 45 329 227 711 840 867 246 788 348 286 90 712 212 338 735 867 402 248 889 518 72 205 701 270 
954 331 794 921 326 741 603 835 0 497 446 708 163 0 595 417 85 298 457 5 22 188 739 938 780 29 639 893 894 604 853 933 738 376 228 955 197 40 864 727 814 828 791 176 503 255 472 104 937 961 732 943 806 529 332 92 888 450 632 790 520 573 270 425 912 910 964 959 300 916 882 868 986 596 698 209 190 173 168 905 483 600 266 919 67 49 181 765 532 670 
270 873 233 968 781 933 142 725 940 0 239 244 404 843 732 311 550 249 609 92 295 370 586 963 862 676 793 713 98 530 747 306 435 249 783 564 297 963 595 849 264 22 284 249 162 2 813 936 198 467 115 290 16 917 681 649 812 744 548 956 577 838 472 267 950 216 775 510 873 351 536 268 480 540 702 404 100 774 88 265 919 203 279 404 871 796 4 446 200 86 
404 756 437 192 455 991 32 62 615 311 0 59 762 745 468 840 166 772 686 9 495 418 209 954 319 595 381 182 727 695 996 97 440 78 824 601 424 470 943 268 675 559 72 588 295 924 893 1 234 756 51 560 371 664 778 568 74 566 801 309 589 691 544 910 153 366 968 684 312 644 780 447 571 721 411 619 285 379 542 112 953 239 315 419 46 614 561 246 973 334 
469 445 347 704 323 580 265 289 903 4 66 0 341 926 506 301 126 118 537 596 63 572 464 707 352 22 484 557 91 742 684 563 585 219 461 884 858 969 162 558 678 307 690 846 599 86 631 993 999 857 107 349 331 983 298 21 877 388 369 644 867 722 140 841 796 616 110 473 223 127 716 896 15 426 773 497 882 875 560 117 916 538 441 164 648 112 145 267 85 361 
849 12 810 253 124 167 371 443 120 65 672 586 0 901 812 808 491 332 608 402 187 6 289 656 34 138 375 104 307 93 977 200 959 715 35 793 126 268 111 926 162 444 123 226 791 584 51 833 707 877 567 271 501 449 530 545 593 1 887 762 440 737 548 562 847 548 746 73 437 611 30 690 32 25 197 254 481 930 199 396 464 623 326 890 218 586 68 338 286 677 
131 29 332 477 71 408 322 405 427 5 767 44 501 0 65 144 287 881 485 858 602 240 803 567 121 604 857 400 417 946 23 688 366 40 664 770 358 53 442 527 143 642 447 210 7 181 752 234 543 883 160 952 814 863 402 552 287 309 397 323 11 41 989 829 955 322 125 998 248 899 847 995 57 560 138 110 468 18 345 13 857 714 701 243 968 234 325 704 724 678 
234 208 899 869 271 36 579 111 52 998 30 388 642 811 0 799 244 72 247 646 901 284 483 127 555 570 628 628 333 928 220 817 228 851 631 151 31 845 577 730 231 565 142 625 730 28 847 762 370 511 287 132 1000 502 406 681 528 52 202 468 928 486 442 540 740 195 320 551 18 376 642 33 973 251 232 933 12 863 191 976 680 753 717 726 595 388 776 747 807 431 
498 736 151 232 243 924 676 267 504 244 938 373 199 460 547 0 154 722 244 470 63 785 459 46 12 489 352 714 134 890 726 291 522 919 51 852 464 453 17 107 787 261 61 638 310 774 322 273 266 184 680 10 462 241 268 734 663 217 91 644 850 852 39 195 661 429 484 64 328 47 673 839 92 616 627 533 214 600 580 226 899 812 317 1000 927 981 321 206 528 188 
745 350 809 647 778 934 501 184 531 75 462 622 721 446 976 572 0 903 301 261 519 801 521 829 107 507 104 474 835 937 618 161 102 969 256 195 183 76 783 246 419 412 7 160 221 608 104 707 362 631 128 650 368 519 26 449 183 10 322 163 90 673 654 16 862 797 397 171 251 538 11 474 66 650 637 862 127 135 754 490 748 921 417 912 37 276 470 623 399 643 
48 811 953 604 334 774 601 500 756 170 862 978 502 704 416 571 292 0 294 652 314 204 63 182 522 127 546 525 940 878 633 163 152 671 121 840 174 123 559 770 519 138 206 35 913 461 334 693 722 103 740 377 845 257 127 284 114 455 788 557 202 461 193 257 74 915 876 650 142 667 960 652 833 802 990 68 147 344 821 303 567 115 504 282 207 72 237 83 912 127 
180 565 573 928 925 769 905 395 964 721 767 369 899 836 850 173 325 63 0 464 45 201 243 952 444 463 868 884 456 657 626 229 345 900 965 240 669 25 972 92 824 231 953 391 711 68 120 106 954 286 696 999 762 185 205 568 159 954 622 35 118 188 256 925 530 668 173 303 783 503 183 513 606 898 767 655 293 228 67 998 453 498 587 910 844 263 951 764 100 292 
872 247 363 494 564 554 380 409 677 298 956 379 594 824 445 892 181 797 815 0 610 840 487 37 883 708 787 899 294 936 132 372 551 997 214 494 722 936 737 871 412 822 152 642 548 931 876 821 838 872 210 594 761 482 729 684 370 269 354 703 659 316 994 555 728 986 894 817 164 388 143 79 367 721 188 276 812 543 865 904 547 669 928 454 224 436 290 21 620 328 
143 115 858 405 551 129 271 958 840 573 440 870 634 183 6 52 513 129 308 666 0 838 699 359 318 783 523 710 396 502 979 616 371 259 303 490 63 275 755 298 92 54 433 704 609 617 562 130 561 864 759 664 536 336 863 932 181 756 834 388 610 694 242 130 799 273 512 63 833 149 679 219 562 57 68 767 959 231 680 407 88 752 125 321 765 278 752 428 958 280 
271 475 803 641 801 111 25 303 753 337 60 452 925 785 400 47 839 4 710 131 650 0 394 45 224 773 464 521 101 72 782 986 65 211 860 934 806 268 344 915 43 670 302 263 838 17 428 600 234 920 37 915 804 234 878 786 249 922 463 330 259 971 449 157 741 487 472 856 882 118 653 783 426 44 967 222 726 835 950 330 460 651 960 185 285 255 621 757 603 99 
185 812 266 273 679 977 444 626 59 316 403 742 876 148 259 639 473 324 816 648 0 622 0 973 408 524 720 998 98 164 809 745 891 285 65 974 229 54 10 408 932 628 773 873 637 565 602 445 400 665 657 829 470 410 337 793 749 457 307 192 924 933 578 176 653 680 374 641 951 163 110 60 105 149 366 210 839 68 920 999 631 107 398 973 399 410 212 286 241 599 
524 882 424 357 968 68 870 469 330 490 299 126 259 801 743 653 962 224 539 622 353 226 909 0 337 626 79 655 503 668 445 330 27 832 669 388 729 492 663 680 222 505 238 864 173 747 736 377 687 825 11 725 872 859 427 67 0 358 121 434 193 249 19 300 348 317 632 776 966 729 441 861 499 922 970 218 700 89 229 125 907 238 104 317 265 764 45 30 328 62 
638 48 259 595 575 331 480 587 34 208 561 553 358 948 543 342 382 55 52 171 691 783 446 6 0 861 636 346 88 630 976 730 833 723 455 117 128 874 225 38 838 858 92 880 768 275 882 939 374 312 631 80 296 282 715 246 433 366 593 130 958 722 521 234 789 955 158 315 276 718 221 152 210 770 708 889 127 651 565 725 655 732 512 400 941 525 471 768 416 22 
19 792 813 668 379 524 740 954 877 432 295 863 482 700 903 688 184 576 815 747 808 485 799 836 283 0 81 71 976 984 768 100 362 344 126 99 694 838 869 524 163 547 812 654 775 330 513 87 730 381 331 266 869 79 136 991 485 273 458 403 654 797 948 426 241 284 548 413 681 328 553 746 215 451 243 503 295 377 631 359 82 339 310 713 878 666 608 229 30 120 
443 884 418 345 978 701 677 118 619 511 494 475 636 174 297 330 402 947 879 491 29 861 918 201 612 526 0 442 633 6 352 482 325 31 134 295 428 320 692 519 656 599 235 135 96 245 999 126 161 529 410 349 722 511 80 418 783 542 842 892 893 9 150 58 134 134 607 559 22 673 622 569 943 663 16 376 46 44 527 895 310 98 414 501 342 307 259 459 865 983 
923 435 858 372 136 670 734 799 66 923 45 345 893 52 682 127 546 684 802 297 264 17 355 6 317 195 552 0 932 860 466 782 202 808 108 598 949 558 430 772 755 456 436 445 246 110 413 966 217 997 166 526 212 218 911 16 223 804 192 809 666 64 74 789 777 469 740 533 491 681 708 713 589 29 403 380 68 807 914 462 309 637 842 772 533 123 180 918 238 896 
899 610 617 563 363 241 218 512 364 11 729 430 841 695 842 383 574 96 560 80 972 814 838 7 637 441 585 604 0 969 360 10 710 155 900 557 633 134 326 906 243 598 430 274 213 741 793 669 280 93 932 180 696 858 983 434 629 186 687 765 746 853 276 332 40 413 854 858 748 292 506 807 872 93 968 317 470 36 489 991 375 654 564 283 115 559 999 24 177 622 
835 174 148 371 433 478 284 505 361 860 497 343 51 25 360 134 459 452 491 313 716 733 626 115 676 684 630 3 711 0 918 18 704 939 517 731 389 616 729 367 153 394 871 109 900 389 563 66 173 818 62 799 503 880 790 805 189 666 910 848 979 981 8 376 421 945 205 685 440 74 765 858 551 0 560 668 279 752 828 645 529 43 251 720 447 693 920 710 568 582 
319 115 176 430 750 788 204 430 421 37 175 162 470 950 495 790 687 880 64 56 238 652 284 105 655 111 831 460 984 916 0 875 125 794 353 274 449 206 402 371 338 268 860 516 895 550 962 683 270 568 243 199 183 425 691 795 818 843 254 21 552 248 722 122 759 178 641 404 171 979 800 720 892 670 414 210 402 843 394 208 799 681 338 26 656 817 110 603 884 573 
147 926 48 215 339 281 267 149 684 327 367 756 84 204 409 394 156 184 398 369 538 897 23 957 770 80 657 350 754 919 897 0 791 783 681 26 477 4 182 116 13 629 957 183 809 552 706 26 307 579 164 87 180 355 598 192 278 225 612 200 664 910 436 790 663 445 425 10 455 958 247 223 329 950 317 289 95 647 819 355 683 823 61 894 332 557 264 697 794 449 
198 644 49 993 144 639 101 306 228 887 565 777 647 151 755 787 897 29 846 115 515 186 623 286 979 220 208 5 183 242 8 752 0 160 677 355 530 551 560 211 380 899 420 589 493 651 682 405 430 984 221 27 909 53 794 866 286 642 525 311 912 585 516 276 227 187 124 476 515 386 781 808 95 116 226 392 25 188 728 57 488 934 281 695 227 719 601 730 594 536 
345 364 504 92 792 411 453 970 658 132 153 464 94 319 248 469 179 505 574 550 89 22 653 361 839 344 208 696 554 170 113 524 351 0 820 858 291 126 281 769 486 580 845 781 236 706 732 467 760 866 23 84 34 531 152 287 459 248 955 478 157 439 758 372 403 57 914 320 819 690 553 776 957 593 537 443 104 17 127 406 375 609 12 578 550 201 646 563 611 626 
932 689 773 864 522 620 860 130 413 129 689 273 483 480 29 212 629 333 601 482 20 398 818 885 893 549 93 729 110 489 640 68 801 909 0 491 518 275 811 621 611 644 335 215 969 19 400 735 417 362 181 942 834 973 654 184 595 472 417 302 984 449 360 511 149 887 324 625 520 56 94 959 542 916 617 497 955 117 528 749 254 972 491 945 236 811 838 935 386 69 
236 376 720 9 797 501 508 972 878 880 204 592 59 427 359 302 717 798 346 403 410 853 895 889 814 37 40 874 53 889 950 986 285 309 30 0 216 488 943 894 354 303 595 658 359 727 213 542 825 387 105 48 851 133 143 742 753 822 455 704 233 694 792 362 933 532 538 897 890 627 169 38 78 878 668 866 999 553 740 2 619 486 732 519 694 770 643 268 691 982 
334 168 546 204 623 364 677 455 520 282 752 484 843 59 932 992 310 965 481 863 948 288 462 828 310 701 954 816 780 150 908 40 135 308 679 874 0 365 911 733 54 484 262 745 755 254 281 175 603 803 926 175 833 139 803 643 679 542 734 554 946 421 15 245 62 521 474 829 112 260 305 716 542 454 89 355 207 907 458 771 897 905 79 434 391 860 982 807 241 615 
244 487 268 583 966 177 631 691 878 387 90 358 657 762 654 906 152 331 800 132 462 225 412 594 867 846 847 514 375 882 103 136 937 385 694 856 844 0 920 497 309 171 583 674 790 39 189 987 735 681 524 610 697 97 283 119 805 526 868 158 672 382 344 835 975 529 223 760 801 575 761 15 84 570 698 140 282 283 916 164 805 321 443 970 437 839 35 794 634 911 
371 768 48 606 565 330 667 792 583 406 29 462 979 149 151 211 429 386 804 856 431 663 209 326 360 629 929 923 341 478 194 901 457 904 608 540 60 693 0 177 663 181 711 61 999 490 865 209 59 90 567 686 861 680 351 458 876 316 878 211 198 366 720 464 902 701 59 414 897 46 305 615 332 920 23 792 905 859 486 69 38 367 662 553 926 90 878 195 291 235 
146 230 831 705 882 804 398 438 173 262 402 65 686 925 536 850 474 268 999 957 79 784 168 620 782 819 688 668 314 134 492 717 542 228 899 896 276 600 801 0 550 223 604 411 902 762 324 323 590 740 841 885 225 517 524 938 60 144 572 544 892 87 318 936 770 391 689 109 681 517 24 230 161 439 277 849 789 982 41 814 328 268 669 225 549 410 324 682 405 40 
105 579 718 789 928 945 368 27 127 374 490 477 823 187 179 92 580 806 163 162 719 471 912 318 826 569 59 273 772 125 128 700 338 812 193 170 633 29 539 977 0 46 438 103 979 981 821 442 992 731 796 698 764 293 831 298 432 609 57 261 248 716 523 386 431 82 616 476 464 949 659 760 525 261 244 703 677 898 204 734 544 699 343 254 76 100 598 151 516 668 
997 999 701 626 259 123 127 225 327 358 792 394 815 735 777 972 489 723 297 824 495 158 325 306 653 430 474 269 747 714 550 153 152 318 631 423 881 524 242 373 432 0 632 177 428 929 823 39 614 99 106 421 658 813 816 283 993 568 946 843 333 350 898 732 654 71 942 590 534 870 155 321 853 342 263 1000 746 929 478 901 952 247 712 664 982 489 314 2 831 252 
170 316 20 966 299 953 342 569 327 434 678 967 299 149 526 446 94 420 317 439 180 73 1 760 427 651 27 345 623 387 93 119 734 702 226 740 545 381 545 921 546 192 0 176 34 16 870 297 678 553 251 869 8 466 59 391 126 95 347 527 199 657 136 599 393 148 771 230 493 699 849 998 646 641 747 718 490 169 506 421 398 603 431 822 998 628 286 604 870 153 
105 826 150 953 690 223 767 632 932 591 366 556 427 143 980 788 654 104 174 300 24 0 386 450 130 929 124 283 468 999 626 80 385 285 305 451 94 946 501 269 32 0 483 0 241 46 252 439 908 198 739 196 426 745 329 67 500 199 554 91 634 191 144 120 373 828 234 832 798 5 820 541 74 456 148 278 394 203 43 989 173 461 791 584 84 615 973 19 419 654 
548 693 978 602 551 566 904 337 105 79 207 837 609 429 407 252 283 970 342 689 824 701 331 917 202 762 311 625 930 372 692 68 803 430 621 499 257 65 412 135 486 170 570 961 0 409 270 547 47 983 34 490 646 838 45 221 614 988 904 512 141 683 333 615 96 518 964 637 533 108 37 583 247 165 196 616 632 189 524 870 550 386 367 949 477 442 305 367 56 717 
57 80 674 593 927 774 562 466 934 69 179 917 89 368 958 816 846 285 133 254 227 468 799 655 106 749 912 705 702 816 868 190 295 494 539 17 255 307 763 41 352 623 86 129 548 0 233 509 557 337 983 558 303 246 253 824 406 67 825 945 936 236 144 77 503 520 960 662 394 26 637 359 962 637 675 16 376 366 225 337 498 288 895 602 845 184 601 50 239 74 
669 657 849 439 623 436 17 310 166 76 974 682 516 811 458 401 1000 64 778 248 7 95 982 410 871 909 860 36 806 628 691 712 907 67 716 10 453 390 393 68 322 748 789 194 947 293 0 129 847 810 197 456 939 964 980 853 789 567 878 380 435 431 378 201 919 931 964 300 216 876 238 908 216 523 470 137 475 913 934 429 416 710 9 578 903 662 263 434 784 789 
469 392 802 391 775 951 49 752 367 433 758 473 146 17 530 905 813 227 675 814 502 902 43 99 931 345 833 608 838 979 603 784 601 68 897 217 144 131 1 585 272 523 733 303 187 428 320 0 922 485 798 510 72 157 617 371 370 659 432 426 658 635 293 296 53 784 905 730 554 269 133 291 456 509 727 622 231 171 37 977 223 550 166 420 441 246 606 338 270 148 
730 29 791 265 687 190 835 219 218 900 466 180 366 404 838 649 680 49 383 539 173 117 822 816 550 301 240 27 427 301 737 709 247 228 535 783 100 95 826 274 340 60 863 977 990 911 61 75 0 191 673 663 846 18 234 927 542 414 519 938 156 619 117 690 99 344 988 105 380 809 432 76 308 924 134 25 115 255 919 364 582 342 72 297 308 39 582 766 203 404 
433 267 186 499 193 324 811 64 80 646 35 911 87 972 954 154 367 147 29 617 747 552 725 595 49 978 724 277 142 119 635 19 293 609 904 882 965 233 719 705 132 387 485 643 449 33 766 186 831 0 389 314 272 351 734 110 508 351 39 396 539 991 871 555 185 937 556 403 494 925 601 869 106 265 142 941 343 284 67 490 379 2 910 464 808 223 468 145 203 929 
589 617 328 639 782 921 833 689 931 179 520 902 412 620 393 925 852 977 725 383 692 239 132 289 47 721 341 350 553 396 908 720 717 161 356 982 498 161 16 782 328 601 983 861 308 412 582 905 151 500 0 557 189 842 244 678 196 565 124 811 484 685 472 937 856 151 210 443 702 315 776 715 502 245 683 287 750 799 269 112 945 985 6 151 206 923 127 537 422 972 
995 717 350 342 543 560 767 333 351 278 243 678 658 396 30 695 845 592 604 462 555 415 684 64 839 626 696 414 844 945 407 301 132 924 751 367 148 259 550 750 578 980 856 989 789 637 912 113 352 672 808 0 989 819 823 552 9 21 783 621 600 337 99 450 36 667 623 485 855 355 954 407 856 891 222 61 507 432 777 638 190 994 349 537 182 675 357 812 145 92 
441 891 797 413 540 741 38 153 403 347 539 752 159 355 360 129 167 405 824 412 388 997 513 819 45 176 258 178 645 167 94 649 36 314 636 82 639 39 166 992 648 154 906 96 288 718 212 223 945 26 737 214 0 127 738 918 650 755 581 565 307 752 854 877 516 405 976 952 412 770 499 697 659 152 379 867 615 372 442 634 447 516 241 166 722 803 950 153 676 202 
184 102 234 950 476 494 501 495 21 211 473 413 10 647 400 70 6 591 836 224 129 673 747 132 560 255 429 145 109 289 829 416 365 140 511 973 583 498 179 466 765 67 909 975 642 644 625 460 331 323 219 78 437 0 680 890 518 459 219 820 682 538 209 297 241 758 61 291 673 227 736 732 851 235 880 622 322 438 463 769 871 396 998 866 159 3 767 114 456 139 
352 25 271 503 502 426 903 801 80 470 720 138 923 403 69 163 58 902 302 452 640 424 553 604 169 477 347 846 19 250 260 994 217 649 918 602 839 116 518 742 650 40 289 991 50 161 240 258 13 866 532 557 153 177 0 601 935 896 373 838 265 409 387 888 971 320 814 902 724 537 441 464 332 838 275 591 187 690 608 258 183 332 736 568 18 118 643 407 288 96 
225 59 68 294 537 415 87 866 806 892 519 235 640 601 428 740 593 229 39 547 251 751 733 2 281 731 63 371 23 648 405 930 379 393 720 255 15 302 210 15 402 514 727 227 973 522 825 130 727 642 512 519 849 356 855 0 954 956 139 542 130 325 594 486 107 582 386 223 705 383 949 650 270 812 37 438 209 304 487 812 924 296 220 153 485 398 555 687 244 499 
228 144 10 716 376 166 170 178 308 70 782 894 821 213 914 709 881 756 429 369 297 526 468 738 508 670 144 715 687 401 147 908 156 309 287 402 404 867 67 182 753 746 606 15 176 957 752 72 361 431 29 548 306 523 492 589 0 359 421 955 177 306 565 663 696 721 258 275 681 974 311 471 289 947 85 605 374 912 344 687 25 214 92 291 230 49 79 469 816 860 
495 555 837 986 804 81 149 163 916 646 740 178 728 804 821 251 674 720 536 52 47 133 486 349 832 896 211 962 917 67 654 326 900 772 848 840 830 204 530 391 830 633 238 862 946 572 285 82 613 397 698 120 340 296 97 857 39 0 45 651 292 217 757 933 114 185 778 256 566 455 958 154 78 710 940 406 501 492 457 318 410 608 161 893 824 207 142 984 183 794 
920 233 628 123 710 168 419 687 287 959 549 642 88 339 885 755 183 963 921 12 649 712 85 738 943 318 276 522 572 874 204 22 848 695 443 445 810 207 0 747 938 815 527 439 401 882 199 356 137 840 738 239 409 955 358 857 560 332 0 292 153 635 230 720 399 137 380 614 550 204 126 357 151 873 776 757 914 942 384 276 741 707 195 545 254 63 501 708 626 654 
549 688 913 538 183 859 717 98 850 143 2 160 204 384 245 336 583 284 874 635 582 641 558 534 49 959 172 101 877 719 327 738 450 184 643 603 737 331 641 774 906 212 139 179 473 627 360 273 805 205 534 756 62 243 69 182 162 443 1 0 720 779 605 408 438 825 298 623 805 175 560 223 795 938 737 889 212 635 665 277 930 328 881 953 483 541 687 746 317 64 
703 92 217 249 573 424 314 975 763 662 462 935 354 402 483 228 164 792 944 964 411 893 999 410 894 73 313 861 480 668 406 846 147 333 398 473 585 235 976 648 678 668 262 275 911 154 340 503 103 774 99 426 524 840 849 174 623 170 237 33 0 669 311 138 212 361 473 763 507 39 769 471 955 46 688 96 52 963 189 994 825 447 110 492 749 246 102 964 116 454 
951 582 253 764 572 173 823 475 829 120 18 831 412 769 343 53 573 224 473 500 154 953 983 781 133 131 83 109 182 403 35 560 205 153 957 503 0 102 679 415 27 180 137 913 437 414 724 902 364 488 74 896 194 651 179 682 702 947 984 287 208 0 504 632 103 561 555 463 974 601 96 722 287 751 412 729 122 156 973 995 498 71 677 644 720 648 714 415 954 460 
3 922 411 491 787 543 30 91 290 111 967 752 296 789 851 118 448 279 967 862 242 366 876 86 793 463 899 613 740 411 985 24 538 876 606 737 355 33 670 811 54 86 393 714 796 565 239 86 11 745 902 164 101 638 718 155 225 672 311 807 387 751 0 761 678 823 396 551 327 282 302 867 199 531 712 613 957 133 537 137 783 717 111 206 514 426 922 384 666 399 
224 109 102 781 442 16 550 776 342 514 899 184 370 979 193 235 528 955 985 671 215 366 829 219 799 942 86 904 880 849 520 183 939 796 253 886 212 364 945 458 58 435 781 926 200 927 135 242 882 395 93 581 433 412 812 476 313 605 551 234 434 536 199 0 406 112 725 989 352 64 539 393 907 552 657 38 922 407 910 327 348 66 359 856 614 491 322 953 980 29 
306 639 64 850 441 150 391 762 38 380 133 791 153 954 634 260 682 72 718 456 863 150 206 364 613 818 535 421 246 892 193 20 292 463 15 510 98 56 632 473 312 561 284 694 734 285 218 658 209 436 914 195 8 163 125 973 711 488 173 326 121 744 178 417 0 292 695 425 918 931 268 201 465 76 11 235 685 440 227 121 372 725 227 715 926 513 730 253 697 491 
515 340 388 351 900 82 721 482 907 300 706 177 251 323 110 327 960 312 37 148 252 186 459 118 466 41 404 25 343 691 324 227 445 625 952 835 522 296 338 771 475 613 590 639 421 967 132 802 546 834 735 10 313 810 963 481 760 198 412 92 931 281 770 65 257 0 589 851 373 310 30 89 66 326 249 746 760 376 725 53 461 352 44 322 950 451 665 862 704 513 
693 367 286 971 90 457 831 89 623 871 917 366 792 953 200 66 997 396 710 375 553 143 283 801 191 10 258 278 997 585 937 848 475 173 29 358 921 457 780 799 591 734 682 859 838 387 751 710 684 235 902 227 853 844 45 921 736 448 689 828 744 590 878 165 271 893 0 673 616 42 402 50 582 169 244 759 498 773 507 759 215 953 644 1000 440 243 966 362 452 982 
698 541 99 324 244 640 90 790 760 554 183 492 853 450 661 955 879 124 939 790 590 728 428 132 481 972 484 166 280 459 555 626 494 585 430 416 748 7 366 116 964 872 622 185 749 136 167 568 301 988 449 674 791 701 478 142 138 971 663 247 839 818 257 642 477 652 78 0 800 871 727 732 938 535 472 481 154 59 781 947 578 842 250 438 40 973 991 963 422 688 
990 443 222 96 354 417 868 760 587 701 755 157 379 257 146 933 331 153 629 964 524 262 465 591 582 473 552 894 315 105 758 896 744 526 895 894 640 683 468 14 159 903 259 0 637 612 80 287 690 13 846 637 226 270 843 50 19 346 590 551 615 54 683 47 868 182 64 482 0 600 780 590 293 93 624 498 465 933 956 280 972 102 209 414 998 583 781 827 829 924 
368 652 784 959 797 997 798 744 762 784 569 140 766 455 942 916 617 256 484 97 194 239 128 31 393 560 259 383 240 483 326 627 124 740 785 242 526 117 17 449 904 555 390 97 742 799 114 447 785 19 484 275 16 502 92 740 420 675 107 832 267 450 824 532 769 842 159 40 860 0 722 811 897 544 563 592 752 678 801 336 391 191 235 434 455 556 855 894 990 695 
432 230 668 981 311 877 47 176 978 401 513 349 258 951 560 147 353 390 727 580 192 465 325 866 710 504 647 755 501 707 869 411 141 777 102 876 325 143 583 504 538 163 140 189 518 994 588 701 810 690 159 745 749 461 859 853 696 469 155 754 768 677 302 630 105 537 249 746 2 337 0 667 245 320 241 816 303 307 780 243 16 827 799 308 186 192 515 991 698 468 
115 242 306 89 308 508 940 773 860 108 627 340 157 522 137 855 693 467 760 252 564 74 822 543 164 941 594 494 438 294 932 697 337 135 292 396 534 469 94 236 361 23 108 981 83 873 383 416 183 146 861 622 288 26 373 23 118 314 220 248 312 735 566 424 243 559 586 960 686 783 502 0 668 27 790 74 146 331 578 798 801 808 832 539 862 968 471 481 637 494 
554 104 443 466 697 134 166 192 673 428 642 602 738 295 543 608 756 597 393 81 346 623 891 430 867 939 60 35 568 600 703 620 417 737 547 75 755 263 778 768 481 756 304 325 263 955 130 878 716 962 843 855 926 957 79 414 517 283 425 449 939 456 911 778 985 295 961 115 722 666 485 371 0 343 637 807 339 570 735 633 426 428 743 390 221 546 682 377 90 396 
658 38 979 432 612 672 299 357 719 438 654 347 105 2 954 340 200 503 888 102 510 761 890 740 57 561 408 265 550 243 417 575 23 485 138 175 376 326 540 681 40 859 790 253 298 379 608 470 793 960 194 28 789 474 984 39 52 316 757 515 625 923 953 374 96 311 166 135 640 764 421 853 551 0 495 366 654 391 324 412 590 994 394 23 697 311 467 649 325 76 
244 754 11 185 344 651 994 379 793 607 435 16 573 559 675 221 959 332 849 229 153 258 262 308 678 136 112 318 786 743 889 831 113 574 844 509 636 867 664 162 303 466 780 685 712 51 98 819 193 562 871 397 407 822 797 211 965 825 470 995 222 333 503 233 493 502 321 848 91 553 774 579 10 465 0 172 421 590 904 402 969 509 960 143 605 186 288 437 135 461 
292 460 642 147 359 489 896 882 964 333 775 119 173 766 812 848 376 511 595 120 386 108 504 706 965 226 471 600 188 616 509 815 709 190 530 130 393 889 918 351 109 76 514 182 467 825 344 231 557 193 777 872 298 10 795 288 173 242 896 89 384 156 175 538 360 787 539 572 424 679 883 557 925 884 78 0 848 668 226 770 148 771 554 11 161 975 83 556 23 453 
573 816 295 334 809 267 904 51 201 235 97 672 986 96 226 901 852 65 98 149 296 1000 11 468 813 397 408 70 433 458 200 900 586 156 931 718 896 481 743 980 974 595 324 53 290 821 326 714 916 165 513 857 835 140 604 237 658 438 303 469 861 147 812 332 579 559 59 346 992 698 54 500 431 304 24 902 0 779 603 565 281 303 47 631 866 100 893 506 466 973 
77 304 757 878 130 315 753 180 601 435 755 545 837 82 320 983 677 990 429 178 704 417 191 951 670 651 449 944 214 973 735 957 851 68 919 387 49 969 734 326 523 8 141 30 303 898 452 855 458 387 932 990 564 730 72 235 894 112 26 420 549 94 478 800 722 959 320 123 430 685 125 228 970 352 403 794 622 0 118 449 609 720 788 321 749 152 19 520 904 540 
329 729 973 209 978 576 670 764 124 748 675 319 330 775 457 911 171 556 399 598 755 551 241 945 712 219 153 607 786 247 848 728 616 791 135 838 675 861 925 839 951 922 329 140 549 473 421 888 933 755 549 93 737 482 64 644 302 341 761 797 8 613 522 408 623 492 943 547 397 780 549 615 635 532 855 507 335 214 0 400 438 834 884 616 760 42 901 558 110 805 
954 102 887 112 441 519 555 569 81 324 153 795 598 494 720 79 789 900 984 478 898 946 721 719 675 437 54 396 11 94 403 149 554 431 872 177 895 781 271 657 127 417 680 525 66 871 641 6 110 625 678 529 904 579 959 831 899 637 136 645 542 388 593 203 42 269 574 31 286 664 443 415 60 779 161 87 403 907 487 0 194 992 691 834 706 799 735 352 779 324 
972 242 143 43 150 881 411 694 376 537 619 183 503 654 827 617 940 941 570 947 100 844 631 14 697 327 783 839 725 86 324 207 848 994 141 282 100 349 717 365 103 721 335 716 993 493 633 240 148 76 487 874 375 956 744 473 106 856 641 850 645 900 62 361 542 625 469 768 381 534 947 670 636 718 5 702 541 150 534 720 0 256 391 70 693 507 909 351 169 64 
797 839 996 741 375 196 351 721 853 840 533 513 183 996 511 310 438 868 933 372 854 42 921 614 641 759 442 615 117 193 783 174 614 65 132 37 702 562 154 784 514 495 901 614 131 405 136 519 321 670 38 205 348 142 986 50 483 259 72 897 793 35 979 594 155 16 240 423 369 636 811 497 372 832 777 684 964 79 741 327 232 0 58 527 96 435 570 635 381 675 
240 261 839 728 510 804 663 361 711 96 124 792 305 176 525 493 197 904 826 502 201 145 574 174 90 439 907 893 227 706 549 462 961 446 111 351 712 201 131 588 656 396 857 198 54 751 134 202 970 195 176 47 106 427 249 18 336 940 215 272 237 83 393 67 221 232 593 179 803 966 674 351 818 915 670 490 784 60 120 42 859 604 0 230 26 248 192 601 71 453 
503 140 945 366 488 786 70 156 751 940 272 322 759 819 689 315 524 269 963 975 152 41 694 639 952 441 927 100 723 632 289 167 720 862 530 56 648 666 759 459 328 880 480 28 437 561 552 28 194 617 262 0 779 119 444 250 141 730 18 299 411 393 51 837 818 342 440 81 805 598 409 503 708 582 77 23 734 211 228 779 838 391 256 0 798 742 450 274 105 298 
437 30 982 516 133 920 194 232 611 149 928 885 966 334 9 947 177 589 758 752 935 362 697 127 937 740 893 99 57 727 228 172 247 704 523 489 946 809 460 278 788 392 468 349 290 316 991 999 851 690 286 790 361 132 988 640 768 749 613 245 489 814 396 223 452 905 250 554 275 960 259 553 571 662 464 490 470 998 711 3 888 994 726 738 0 747 732 87 282 538 
671 488 937 481 916 986 250 279 651 889 143 416 252 362 344 586 558 999 683 41 947 783 777 656 74 937 525 618 150 518 379 42 251 612 988 562 989 517 941 943 773 688 110 485 743 848 670 514 901 62 359 847 353 508 751 68 72 368 205 361 676 312 44 58 675 616 887 468 583 265 86 55 359 274 448 314 506 693 463 50 898 624 843 910 698 0 597 346 674 46 
896 912 143 739 207 836 988 211 873 344 67 91 31 606 52 618 105 307 404 263 373 816 528 769 714 968 187 818 553 933 760 238 304 591 413 237 774 806 332 767 740 194 44 689 492 223 771 485 834 439 309 39 635 11 412 136 356 584 511 12 779 403 180 132 697 764 885 571 933 185 428 660 709 972 309 490 196 394 749 23 533 335 772 364 514 889 0 780 635 148 
495 87 953 924 172 362 498 141 647 592 599 215 468 412 794 935 151 295 716 252 494 279 865 185 930 501 229 807 683 10 839 953 48 192 745 933 71 70 375 737 786 753 527 633 248 716 685 910 171 158 408 621 944 792 637 600 398 876 743 383 650 923 276 479 28 658 535 489 888 50 48 343 515 567 177 159 679 784 752 402 520 806 694 30 83 874 726 0 757 209 
301 927 665 214 218 817 614 362 291 687 959 706 385 167 402 62 335 449 424 679 426 997 432 470 94 678 403 654 498 12 864 472 904 270 273 294 462 973 457 635 845 861 688 321 738 391 101 133 105 546 494 159 632 430 193 616 764 288 255 190 873 768 712 225 191 683 512 674 560 88 535 798 36 28 632 568 63 524 159 683 373 788 523 591 440 219 9 561 0 285 
331 166 954 111 842 790 874 628 848 412 190 909 185 414 995 218 818 995 518 506 467 1 558 14 544 771 15 914 730 742 631 526 114 323 496 654 177 339 609 949 835 781 731 655 450 897 264 845 741 67 57 151 603 206 364 606 907 741 390 779 354 592 284 316 577 157 616 548 936 323 274 99 715 194 385 122 188 869 222 867 680 383 757 946 987 192 476 543 109 0 

Depot information
1
1
1
1
1

Customer information
1
1
1
1
1
1
1
1
1
1
1
1
1
1
1
1
1
1
1
1
1
1
1
1
1
1
1
1
1
1
1
1
1
1
1
1
1
1
1
1
1
1
1
1
1
1
1
1
1
1
1
1
1
1
1
1
1
1
1
1
1
1
1
1
1
1
1
1
1
1
1
1
1
1
1
1
1
1
1
1
1
1
1
1
1
