Seed 123 - Instance: n90m20_0
n 90
m 20
Q 9999
L 6
U 20

0 482 807 614 620 804 308 538 826 664 602 229 179 284 849 486 967 389 547 707 697 274 485 194 564 577 765 546 55 444 676 703 871 775 634 292 421 219 970 678 240 646 867 193 573 193 407 465 648 197 830 500 313 918 796 479 551 820 860 706 829 271 704 129 504 311 392 103 893 77 514 900 639 612 760 968 958 725 434 56 2 25 712 823 431 225 898 804 235 805 309 925 604 292 26 562 747 577 158 967 465 889 585 242 233 121 387 812 975 33 
769 0 686 683 984 577 348 863 629 683 909 94 228 922 596 2 706 160 42 779 251 469 896 896 58 720 300 839 413 331 186 357 133 918 84 668 361 402 309 600 178 651 851 566 919 154 106 17 31 275 101 250 908 655 547 629 816 3 556 135 773 601 610 115 923 856 857 992 433 237 954 557 170 487 897 480 757 833 893 911 343 281 340 992 355 470 258 904 176 26 636 194 305 594 180 785 668 319 715 838 551 970 368 912 237 947 581 744 687 92 
506 12 0 672 18 544 468 703 153 690 132 592 63 187 199 751 301 381 429 241 144 691 156 665 779 282 436 721 719 435 254 605 818 181 181 667 237 651 880 707 3 129 689 700 40 199 913 373 390 586 1000 761 878 763 316 333 403 630 743 141 927 317 803 535 211 449 927 562 422 342 875 905 488 85 535 370 536 9 782 832 423 735 171 703 949 849 76 926 280 214 910 796 90 682 244 398 551 954 275 520 755 946 773 323 148 800 80 500 13 292 
841 404 299 0 113 36 760 921 934 360 415 470 787 725 645 44 207 599 161 709 359 626 750 305 448 220 21 698 477 468 965 608 410 286 467 120 465 150 656 996 539 718 791 501 678 177 180 214 680 605 48 694 864 246 195 546 34 552 155 453 33 835 454 359 22 846 996 37 182 373 455 976 602 807 17 377 301 831 206 798 173 309 818 122 938 600 49 868 170 711 63 880 850 525 776 22 187 458 451 29 600 981 17 356 241 435 581 763 54 586 
964 437 168 154 0 597 367 670 487 84 688 998 491 689 339 667 209 910 942 763 166 989 598 833 691 398 568 560 660 898 721 25 755 745 989 519 432 628 140 48 622 6 414 811 70 844 269 935 390 266 884 992 742 328 292 389 742 78 913 214 609 13 269 229 79 271 670 507 388 159 928 254 259 373 449 680 486 117 467 775 523 316 872 563 355 92 409 283 254 161 147 840 551 270 351 745 141 258 150 140 634 106 778 698 162 470 574 287 467 104 
454 367 774 696 387 0 221 856 110 282 265 141 785 732 338 23 165 774 123 804 463 853 209 747 196 643 264 764 758 430 243 131 340 695 226 416 72 83 433 951 502 408 881 190 652 825 66 710 620 755 51 374 133 506 525 175 400 351 598 840 304 613 846 63 229 811 850 213 842 353 624 419 780 286 744 79 86 626 367 570 230 216 355 382 804 107 72 356 27 371 507 172 716 425 861 987 769 567 643 601 84 733 773 14 111 587 139 844 184 316 
111 476 586 309 245 961 0 909 743 651 36 988 436 695 203 743 809 748 980 505 691 950 938 685 841 409 70 495 462 935 327 736 363 220 448 498 126 153 432 645 790 875 413 876 259 928 595 419 409 108 448 168 355 165 489 614 785 888 195 323 695 211 623 195 264 993 450 640 580 131 262 680 149 947 714 645 507 124 215 809 304 779 485 863 260 805 504 407 380 525 615 432 883 853 372 181 354 41 553 621 254 906 954 48 931 230 205 373 134 671 
644 810 500 847 918 872 1 0 10 159 910 364 609 753 439 914 654 122 194 183 42 800 441 806 389 684 218 899 52 37 536 377 275 864 373 733 75 606 748 137 502 31 482 628 127 548 432 86 788 659 499 432 434 902 489 763 479 500 15 188 483 435 903 778 212 105 728 570 503 615 711 829 619 118 946 412 896 267 396 724 361 867 487 763 841 479 858 134 134 566 459 71 926 463 157 771 908 994 499 126 31 636 252 423 53 195 55 877 118 788 
155 382 469 162 951 674 682 476 0 614 909 210 138 544 671 803 9 872 771 638 603 365 945 166 186 125 746 755 499 290 388 929 593 105 203 373 645 823 618 744 510 667 173 556 639 82 122 536 557 936 250 935 208 970 233 14 310 769 20 568 452 523 439 522 294 453 665 462 318 181 327 76 447 968 2 802 958 106 387 586 812 475 448 375 993 367 932 869 124 165 452 709 111 964 652 540 144 567 155 954 448 678 251 31 221 448 983 350 956 221 
848 644 220 178 744 729 368 499 363 0 931 173 250 368 622 425 496 779 580 961 479 310 311 77 73 92 94 467 54 728 323 120 921 475 303 613 465 165 256 533 402 423 568 466 662 909 841 477 549 166 674 348 908 311 790 123 178 389 842 310 79 476 699 907 185 362 649 631 149 758 64 272 228 372 678 578 303 798 638 842 199 291 383 534 249 940 41 376 997 483 140 283 29 418 204 305 207 691 197 169 8 363 760 113 373 814 406 326 983 758 
708 945 835 983 733 569 579 30 525 481 0 869 691 444 608 85 921 69 980 516 219 360 179 947 221 559 294 651 365 230 792 563 427 363 567 97 344 240 15 851 147 380 540 73 200 330 459 606 758 72 3 238 406 600 494 12 100 747 4 399 607 700 979 226 501 429 410 465 91 828 950 51 510 988 402 991 38 148 552 323 562 357 17 259 437 491 317 281 827 228 391 697 378 99 946 683 536 885 556 488 646 460 690 250 962 316 777 62 313 225 
778 900 470 486 491 91 673 8 945 987 26 0 146 980 169 194 458 12 839 616 7 58 962 398 161 287 999 81 502 191 504 843 88 632 827 494 420 966 932 907 266 856 383 527 703 103 885 938 308 928 890 749 420 706 366 357 189 644 442 749 336 976 291 785 439 659 205 546 42 889 103 462 460 764 573 254 789 696 970 685 141 700 530 249 187 380 515 459 570 789 378 551 33 697 948 578 117 468 774 1000 254 128 632 833 678 212 852 5 710 926 
959 829 222 68 420 838 49 781 237 636 238 985 0 158 392 244 51 576 605 856 817 553 7 135 186 686 448 580 25 272 634 530 473 590 421 54 105 507 150 133 581 543 330 132 81 480 572 540 608 767 36 844 87 785 960 718 609 677 394 124 942 270 179 917 571 308 999 484 866 537 12 450 997 424 653 849 8 870 797 930 974 685 402 731 61 475 585 967 905 935 754 677 609 110 796 993 104 960 765 343 36 586 855 90 972 118 908 979 946 77 
852 968 171 885 430 760 964 125 577 912 90 767 573 0 58 463 85 885 768 108 454 128 653 864 593 127 98 231 547 181 667 36 638 429 560 561 614 188 572 130 341 113 435 310 467 354 405 496 75 653 18 292 36 189 12 694 993 554 0 423 589 515 348 306 349 255 618 974 690 613 984 718 455 435 369 195 495 937 365 243 464 403 406 167 428 577 978 814 515 87 200 494 973 238 456 645 76 95 919 545 919 95 811 109 524 333 310 427 166 667 
722 310 285 313 539 50 898 886 712 446 202 945 639 298 0 621 216 922 890 46 756 242 957 265 924 913 839 694 206 376 399 643 490 497 775 187 955 966 670 422 543 930 978 647 18 140 806 250 873 94 757 734 50 63 712 240 557 307 340 270 884 878 650 570 221 870 903 495 954 506 851 42 287 508 88 369 57 895 11 842 856 331 578 875 733 104 489 979 558 180 646 484 174 444 756 504 875 714 795 102 444 130 645 464 365 349 508 781 265 658 
983 390 64 453 182 241 790 764 878 166 693 234 870 428 752 0 938 162 822 936 490 305 796 329 380 6 583 986 401 545 99 706 731 102 529 403 840 834 61 88 603 935 486 533 710 243 875 345 459 85 183 100 835 411 539 776 397 372 689 55 957 942 393 150 184 288 292 440 904 510 644 850 681 235 867 147 479 927 205 70 621 17 472 872 180 146 810 208 463 307 404 193 557 664 4 465 106 986 445 283 825 732 586 374 250 955 725 44 523 632 
504 695 30 248 325 418 147 772 459 343 480 222 242 245 6 66 0 641 622 768 450 759 475 730 355 596 417 887 774 117 83 431 825 335 75 458 609 314 799 840 142 691 364 848 265 965 941 836 177 790 548 791 114 486 934 945 879 46 905 8 877 158 169 352 431 788 413 833 592 274 151 958 538 446 500 899 702 962 108 645 365 870 113 316 366 925 754 761 334 561 145 466 302 871 569 86 629 315 581 599 3 599 763 529 633 795 999 113 526 450 
730 771 912 329 424 236 293 150 374 743 174 304 216 582 939 104 742 0 238 773 261 639 829 283 80 763 331 191 472 378 430 156 70 729 745 503 453 729 749 558 300 789 788 752 647 830 938 425 305 341 705 70 415 41 559 585 330 96 671 589 219 610 626 686 884 910 641 401 991 460 285 398 33 603 343 500 804 712 813 975 445 398 844 336 854 849 678 817 507 646 734 844 950 194 980 913 736 136 534 852 186 400 283 153 950 358 343 117 871 851 
150 568 378 83 760 994 163 537 597 631 867 459 804 474 411 419 411 887 0 177 271 371 391 835 895 249 616 432 494 853 601 421 576 27 649 918 494 971 285 381 211 923 143 351 581 136 437 964 347 965 346 590 456 980 514 816 789 317 747 993 8 304 553 371 453 798 325 376 915 811 822 782 752 551 186 670 172 235 145 139 615 37 187 664 623 772 956 792 642 545 803 963 135 687 845 660 114 779 920 920 178 850 11 488 968 342 396 39 233 213 
752 383 170 288 68 970 808 519 853 862 791 552 468 770 381 674 16 3 140 0 747 471 770 114 277 824 525 823 655 623 754 961 697 874 205 121 789 748 948 230 713 256 122 776 366 76 129 247 382 871 953 649 551 69 876 617 357 268 515 381 10 190 179 954 569 279 812 373 800 524 898 627 699 503 860 219 279 340 212 124 56 14 91 58 478 454 491 438 420 474 442 432 401 724 670 673 274 781 614 705 811 92 368 393 279 740 935 767 334 610 
369 287 570 977 714 619 199 710 825 936 788 746 628 608 915 913 155 873 911 862 0 561 14 19 692 480 750 431 432 452 398 77 357 994 278 256 776 414 714 157 626 284 744 791 691 891 539 943 426 813 873 371 480 951 570 809 484 993 355 28 773 622 63 577 384 19 461 916 431 882 418 142 968 59 162 174 713 746 984 948 691 50 73 897 851 992 442 888 374 932 273 595 824 589 826 38 198 379 323 252 237 994 366 976 337 867 320 301 995 61 
396 147 347 699 292 434 275 777 505 322 159 934 74 907 976 273 811 690 516 637 776 0 524 458 45 868 27 476 287 71 799 735 560 467 79 162 901 886 935 5 818 332 163 409 972 104 961 272 630 487 623 329 663 882 625 717 857 446 719 340 822 364 972 824 753 959 870 491 977 765 846 650 159 489 436 501 880 356 15 816 462 951 330 912 178 527 116 143 999 228 387 397 929 717 153 539 499 338 640 908 903 77 412 963 866 911 815 678 655 907 
191 58 148 841 434 153 72 54 34 879 456 101 233 276 859 480 524 117 179 939 357 97 0 530 235 212 162 349 196 866 505 690 256 208 726 449 874 272 741 57 164 241 267 888 901 413 447 711 726 789 685 55 580 640 314 898 439 673 571 406 360 473 677 561 786 545 707 918 248 422 54 421 8 846 60 844 502 392 131 513 797 17 512 816 520 949 926 295 29 183 321 69 522 664 176 158 433 366 839 870 393 526 407 97 595 5 971 422 269 854 
703 633 871 793 592 472 622 997 359 906 13 474 511 976 28 373 342 517 821 579 700 524 150 0 222 428 846 259 671 165 610 782 793 494 206 760 648 60 739 231 31 973 828 101 707 569 817 426 964 369 245 221 421 860 109 295 182 489 518 986 332 666 130 4 870 237 996 18 574 205 627 114 927 995 397 685 459 595 496 511 331 564 572 659 824 578 79 249 915 281 790 847 485 176 95 95 131 131 913 359 746 289 12 514 73 690 445 365 382 220 
381 716 690 805 869 228 59 280 877 293 404 436 251 316 787 645 529 688 32 213 830 766 288 854 0 108 269 441 404 73 727 16 392 526 535 160 593 210 670 767 222 572 557 655 24 645 615 610 367 669 313 533 6 757 96 918 26 654 787 375 461 226 582 811 706 198 631 781 227 148 896 553 759 589 746 418 861 266 538 973 75 626 137 80 557 393 244 833 857 99 866 57 573 548 494 420 157 694 911 860 723 246 231 731 24 827 544 305 279 705 
520 370 76 220 761 158 338 80 891 285 474 114 276 483 30 528 164 316 62 398 986 470 296 59 301 0 788 194 229 562 182 522 993 657 765 989 219 21 918 806 213 631 876 431 898 580 976 853 897 15 472 292 321 803 153 747 58 525 566 852 792 998 882 682 289 622 522 533 435 338 80 990 904 859 698 232 559 131 365 584 313 593 734 169 216 942 596 392 127 596 669 291 805 737 659 180 368 65 245 123 903 500 800 496 903 955 304 178 354 65 
429 712 632 285 18 966 672 469 203 824 233 430 234 548 483 851 410 11 913 69 851 639 310 855 29 252 0 904 153 741 523 89 315 670 422 132 329 150 245 232 19 323 993 69 116 556 935 894 720 512 986 804 994 189 927 91 603 417 133 382 356 588 694 549 234 607 886 340 178 336 556 407 286 379 63 661 22 797 145 320 264 683 381 728 594 984 593 982 946 266 543 286 131 49 887 754 500 342 487 489 254 783 91 532 874 215 204 648 496 80 
383 178 638 12 779 515 468 837 7 414 387 237 725 598 877 91 322 761 253 145 630 437 161 643 658 837 911 0 243 334 640 512 778 434 131 237 118 647 296 547 352 822 754 84 616 587 175 700 828 554 994 786 46 769 358 129 256 505 983 921 866 103 595 66 782 343 613 644 614 157 906 191 785 336 395 47 711 425 908 399 488 167 797 6 989 234 852 65 1 22 834 273 404 155 544 442 962 424 54 680 688 379 113 328 109 987 627 12 268 894 
855 390 650 578 434 464 168 278 479 878 500 750 152 335 226 949 571 261 238 663 905 901 817 4 870 318 757 889 0 612 101 198 354 348 984 317 121 266 845 336 497 343 600 444 902 803 674 197 155 890 6 385 346 435 266 676 585 710 378 51 555 36 973 348 661 313 144 956 582 46 438 352 174 387 966 597 246 52 798 641 409 462 146 596 73 878 293 582 712 534 771 283 880 149 977 995 7 976 947 93 444 661 477 609 472 563 673 531 846 192 
869 943 796 357 545 247 816 837 604 946 598 582 788 776 744 873 500 149 882 939 380 343 745 931 924 98 636 571 528 0 759 293 156 146 820 872 440 640 697 403 488 184 223 216 462 683 749 951 712 299 636 633 454 274 853 894 234 201 186 680 801 142 642 535 293 373 457 452 445 643 433 108 605 889 833 172 26 186 943 772 399 693 1000 399 876 115 964 939 595 416 240 177 33 922 180 866 410 368 189 706 142 77 246 415 569 118 269 844 448 237 
425 19 323 521 174 172 339 822 745 9 720 715 841 443 802 766 16 291 387 309 167 410 559 992 608 146 221 97 590 875 0 716 126 315 151 182 793 743 549 646 463 876 834 540 5 343 316 623 191 313 235 728 125 889 537 83 398 431 425 513 173 416 870 991 693 914 999 499 430 244 339 878 991 714 331 777 73 385 311 17 737 117 777 662 685 254 992 691 531 178 152 573 767 936 368 349 339 2 457 764 620 373 316 274 448 658 370 780 360 47 
464 964 231 785 537 293 546 21 480 338 845 69 20 235 982 753 673 734 781 102 626 700 433 366 737 678 866 433 92 598 88 0 794 588 571 214 672 146 950 483 264 85 271 300 286 825 45 511 116 35 361 650 964 531 718 53 940 441 439 573 897 317 787 812 913 142 373 43 611 856 692 276 229 929 325 962 659 314 530 586 561 401 526 491 301 412 253 602 280 8 130 269 30 702 848 449 33 287 993 142 450 740 234 927 292 337 432 611 161 642 
115 276 274 206 660 922 722 145 205 847 627 354 469 642 515 215 498 878 193 21 757 395 84 929 316 766 749 352 74 34 903 564 0 854 25 527 778 732 247 58 13 197 768 445 24 742 241 870 648 490 706 556 701 816 943 330 752 889 144 874 833 796 640 416 868 673 118 386 788 463 819 45 684 458 449 748 62 149 821 269 464 906 41 814 98 539 17 303 964 699 14 567 984 330 23 481 666 257 533 946 12 535 755 420 778 478 807 854 437 908 
62 649 896 4 916 778 929 74 635 52 914 470 625 476 716 415 802 897 328 12 17 177 165 996 177 828 673 301 864 838 636 754 302 0 744 29 861 785 158 582 238 544 373 124 486 65 515 250 881 574 406 920 524 804 842 72 682 546 889 672 307 623 564 724 802 293 404 712 791 174 18 687 249 879 561 527 291 413 874 8 713 248 393 407 713 716 303 339 814 547 339 205 529 107 952 339 887 168 445 111 766 737 713 339 991 163 384 585 389 481 
335 984 883 776 221 843 522 691 268 600 671 978 42 137 244 895 984 340 305 186 423 232 106 602 747 572 688 421 224 547 245 581 460 978 0 230 880 794 933 630 370 85 373 908 38 970 38 586 70 127 552 799 456 511 543 758 824 607 903 31 950 808 837 171 166 439 876 864 753 958 551 188 37 710 210 966 917 941 93 787 571 730 521 584 995 611 330 733 992 646 739 562 726 792 984 487 22 549 610 793 575 726 77 444 971 791 684 940 372 372 
56 715 933 505 641 965 7 337 277 848 384 292 8 444 9 686 788 705 723 317 983 778 799 817 214 523 177 321 868 910 187 850 243 373 995 0 720 38 824 838 997 270 144 383 210 42 255 8 5 248 597 187 151 597 350 156 246 326 731 829 297 871 689 448 802 858 476 175 455 511 898 416 170 315 749 524 646 974 591 796 957 476 759 608 628 634 625 502 907 743 54 965 321 427 762 707 570 957 908 808 713 108 397 483 443 602 346 444 38 399 
620 689 460 823 918 988 632 196 565 47 438 347 937 112 380 803 269 767 159 672 179 195 271 776 150 534 958 388 759 882 94 519 652 85 541 11 0 889 388 269 618 252 102 190 669 449 72 110 144 644 225 445 379 706 131 208 255 847 531 925 156 748 473 557 804 446 5 149 999 793 383 606 774 122 835 990 687 482 501 127 69 635 188 285 426 49 672 444 363 648 423 612 461 577 356 524 382 725 216 788 469 402 256 188 431 195 251 178 163 915 
598 556 223 730 90 81 430 800 687 749 683 670 916 964 726 952 957 435 807 984 281 799 813 667 487 628 61 78 659 471 403 811 842 436 817 764 290 0 379 511 474 526 533 211 855 429 37 923 769 803 138 9 209 217 102 800 831 264 332 177 87 405 166 156 339 675 937 432 865 460 232 545 804 676 263 161 408 32 78 218 800 625 297 637 197 906 349 919 753 882 509 177 818 469 223 675 481 519 105 242 461 563 673 329 985 200 425 243 319 758 
319 913 363 177 463 714 954 854 12 88 646 438 449 984 160 803 458 931 286 398 627 186 899 285 886 56 889 561 695 131 160 74 380 645 436 268 78 696 0 790 606 514 103 776 502 828 987 455 489 545 301 504 582 699 749 793 59 468 381 32 596 544 639 668 750 513 287 844 615 304 596 361 980 513 720 744 76 673 396 358 610 88 915 309 792 837 565 105 908 278 105 272 68 18 746 788 307 170 570 21 262 546 271 454 149 423 319 672 75 315 
877 438 708 537 290 32 531 706 233 656 891 141 22 46 456 883 596 328 389 656 772 680 148 900 325 340 407 742 926 358 735 255 774 604 748 602 725 481 288 0 22 660 604 114 714 601 215 506 884 711 773 25 771 754 840 639 784 512 14 311 424 989 228 618 7 940 299 307 213 907 345 827 787 904 805 23 974 185 467 540 735 716 727 403 593 632 268 358 808 213 394 772 392 337 262 114 955 859 719 511 824 722 92 204 54 809 963 280 597 288 
563 908 376 880 740 579 994 648 115 445 717 468 152 992 49 356 168 704 911 754 720 408 162 78 548 285 469 126 76 174 930 47 244 946 890 610 945 246 946 149 0 53 988 311 179 447 437 472 862 828 133 980 852 238 280 856 532 116 584 204 665 131 978 612 818 193 640 380 647 208 117 527 565 130 174 775 145 986 752 440 914 503 664 491 440 3 898 539 229 984 543 422 50 577 120 955 684 685 635 109 789 204 188 542 317 636 314 243 752 5 
422 861 673 198 634 664 606 750 344 362 997 891 373 660 487 669 56 734 718 2 643 680 106 895 247 624 103 841 615 249 794 803 972 7 875 995 886 912 977 745 190 0 298 376 630 47 950 437 789 140 793 382 286 269 644 309 183 62 346 875 677 344 112 141 452 504 971 40 660 38 522 376 388 768 469 816 887 365 25 949 370 648 528 656 635 87 745 410 645 183 160 965 699 101 391 107 102 129 630 409 317 74 156 449 32 403 856 990 270 750 
162 1000 459 714 734 568 621 804 996 674 701 664 933 462 116 453 582 12 138 58 212 87 185 562 463 115 969 538 1000 303 684 548 489 17 345 384 440 813 6 882 339 118 0 318 474 328 331 307 174 312 750 767 715 698 582 507 869 703 328 796 993 710 456 899 757 129 134 608 42 217 145 159 686 646 162 85 168 530 861 480 273 903 980 561 425 947 225 537 481 2 900 386 369 348 509 111 514 316 553 618 714 954 410 38 696 307 137 45 711 51 
535 271 551 193 194 222 926 722 998 654 491 334 812 75 960 597 669 113 680 914 909 426 172 346 859 738 514 495 416 540 788 318 677 704 877 806 748 141 49 35 891 3 334 0 38 567 219 762 291 758 671 500 940 73 673 220 423 791 789 23 799 101 529 0 256 772 859 124 433 773 937 153 739 722 933 366 231 274 468 518 513 507 979 906 505 943 996 25 195 587 130 520 60 897 748 482 545 618 953 64 706 814 481 810 152 780 508 54 940 909 
95 243 528 636 960 236 66 445 105 327 123 196 844 245 924 560 587 256 11 253 244 610 510 205 157 206 245 366 153 178 188 338 25 253 620 1000 90 913 753 98 288 194 473 149 0 935 332 151 967 980 96 898 158 139 483 753 369 644 752 740 975 201 626 409 718 719 729 317 919 304 215 568 332 64 785 708 867 858 312 752 629 780 814 145 988 211 630 588 476 3 842 267 910 333 239 903 715 243 235 787 214 159 370 602 961 412 267 824 593 418 
3 272 767 728 791 154 441 809 766 302 389 336 886 80 505 479 808 968 896 11 959 888 578 984 473 841 489 420 3 973 49 862 776 248 579 899 692 598 117 957 609 470 361 928 711 0 572 584 425 235 993 855 408 937 341 161 736 351 603 873 669 937 61 409 747 593 33 961 964 172 393 266 833 891 371 33 117 891 848 233 136 715 28 314 209 452 766 352 962 819 675 578 521 693 164 683 542 671 626 174 430 408 60 229 584 361 646 137 58 500 
131 921 216 177 941 578 39 326 210 486 833 848 397 195 664 105 20 641 251 958 519 613 346 961 12 649 189 433 696 218 133 963 584 533 607 600 580 235 944 909 767 907 28 148 726 705 0 521 492 551 91 855 219 973 380 155 771 42 140 501 581 284 308 854 259 917 128 658 92 467 807 636 890 142 120 633 701 581 970 642 909 179 733 779 379 570 299 589 177 703 962 3 61 295 855 764 191 937 556 442 360 195 994 274 817 963 505 397 310 691 
996 833 836 404 88 844 412 674 92 121 934 804 666 453 63 23 519 940 499 573 194 153 171 37 801 385 298 170 345 458 731 406 434 308 405 769 760 644 501 556 424 787 419 672 232 502 574 0 84 418 6 370 235 801 320 437 724 436 867 431 172 218 890 498 980 114 989 25 561 743 630 266 769 848 734 237 408 129 231 59 74 486 646 987 766 977 493 118 477 506 825 880 830 727 132 762 487 596 988 908 66 699 267 301 380 927 989 618 136 808 
519 525 719 105 149 595 534 601 417 666 220 418 448 220 749 377 953 940 871 722 95 533 48 182 311 481 39 597 83 967 947 954 707 63 742 375 85 296 697 897 943 730 322 784 148 972 392 911 0 627 175 203 285 839 350 9 80 753 877 343 734 367 799 829 281 71 372 815 305 391 697 167 989 506 685 261 756 159 161 321 91 837 167 3 369 174 882 617 294 81 503 888 808 945 991 527 49 654 198 699 872 900 588 548 355 320 111 947 388 818 
314 27 900 598 473 147 299 509 576 100 234 312 183 748 292 746 226 811 660 49 542 417 959 342 364 730 627 524 129 863 961 545 403 234 991 314 424 252 447 344 52 703 961 991 150 527 859 251 597 0 995 809 831 981 936 739 746 95 177 676 388 417 432 914 963 695 832 675 719 320 907 685 654 85 794 779 627 410 286 688 245 861 713 255 466 521 134 155 965 535 402 671 711 981 406 137 584 71 757 194 801 768 886 472 648 6 785 842 717 685 
756 967 102 938 136 829 436 305 198 377 965 578 760 35 171 953 966 456 877 884 107 779 878 253 342 807 962 292 506 910 911 350 725 392 322 907 180 414 907 892 235 346 756 339 26 58 756 982 612 259 0 332 839 73 496 515 891 155 80 108 714 835 206 847 892 863 576 74 455 700 120 619 679 875 119 343 508 468 685 188 986 86 474 200 772 937 97 206 942 445 764 703 747 768 451 7 876 486 603 420 222 839 472 552 653 490 275 618 974 28 
56 198 442 332 225 940 729 367 241 354 107 934 942 713 608 411 620 49 620 924 989 809 957 512 145 815 704 272 588 814 907 632 466 802 385 264 948 239 224 960 161 546 359 516 966 723 145 303 971 279 447 0 579 344 47 553 561 610 896 84 623 348 866 838 358 465 282 151 44 316 405 257 889 985 106 758 175 617 225 14 546 865 333 743 959 739 208 177 686 857 466 319 309 283 438 500 886 569 728 253 415 567 735 452 307 224 257 631 245 298 
529 759 529 744 702 374 999 178 824 755 886 566 376 878 681 331 0 317 650 463 317 327 548 505 604 212 928 418 896 543 298 116 785 130 442 613 350 765 207 479 392 273 642 851 496 847 250 191 344 213 89 967 0 574 327 253 377 486 747 338 510 298 246 885 775 584 1 153 592 747 921 976 871 406 887 438 843 800 122 194 721 806 2 984 606 993 28 920 600 854 460 359 915 17 30 170 44 51 268 734 555 349 260 507 318 124 142 257 251 515 
759 788 417 998 152 897 992 442 964 748 68 21 954 380 642 707 482 483 409 459 833 681 720 462 124 667 228 360 688 12 486 730 68 958 894 326 172 542 581 224 215 687 615 968 377 424 895 500 816 348 501 748 50 0 647 821 716 340 143 735 785 881 593 440 85 913 640 597 507 395 343 451 510 461 343 35 991 608 403 111 602 11 22 93 821 741 910 404 912 648 400 168 776 434 122 923 243 675 486 127 964 927 561 178 330 852 946 201 296 772 
213 647 76 130 52 809 234 862 172 953 749 465 783 740 948 872 461 504 500 451 550 981 207 339 874 545 871 309 611 599 635 101 782 687 437 273 941 967 404 921 734 241 760 624 284 113 969 900 624 337 824 788 30 43 0 41 29 468 210 276 452 986 688 824 630 77 735 221 35 453 538 98 780 130 464 410 30 122 74 492 471 140 272 259 250 370 954 638 203 832 728 239 663 606 266 171 641 975 117 421 306 898 333 191 367 439 550 335 309 14 
784 536 74 999 579 59 595 409 229 595 218 285 96 8 261 789 235 738 804 436 813 167 988 654 602 962 874 421 399 399 608 739 353 575 35 486 358 329 571 311 566 306 881 658 632 218 510 258 548 640 217 79 212 38 53 0 478 925 446 895 303 508 323 341 221 677 978 323 428 370 607 784 310 342 236 253 218 859 531 122 151 727 909 495 182 547 957 389 667 552 65 289 919 889 719 989 970 226 77 782 379 493 583 179 641 241 71 284 582 71 
713 47 580 887 796 769 219 692 613 273 401 761 18 677 211 102 606 859 994 884 329 639 679 678 224 829 187 778 21 513 497 164 265 118 804 78 642 144 96 482 99 677 610 621 421 94 663 542 452 449 907 408 765 926 661 784 0 945 737 238 268 831 133 953 605 355 496 786 593 422 165 495 737 45 167 466 547 14 876 523 473 822 770 14 552 567 152 448 480 940 855 820 622 322 977 482 403 282 293 51 832 732 728 96 500 38 153 566 188 992 
467 213 473 626 474 84 571 259 114 783 143 232 915 880 46 278 672 386 483 321 776 154 655 791 26 942 923 172 514 298 307 545 236 224 48 25 215 880 742 762 594 383 89 314 445 113 353 581 683 310 691 759 906 817 695 355 382 0 298 635 212 98 731 389 378 833 489 329 243 169 576 174 968 439 163 423 739 939 99 383 659 716 958 189 87 657 612 696 610 205 182 487 25 777 904 562 689 960 784 77 163 439 754 110 715 973 348 228 80 120 
28 205 57 796 226 869 467 933 3 442 176 585 578 402 673 977 357 995 749 628 658 889 897 784 922 880 583 505 789 55 819 295 690 561 372 282 217 611 370 754 704 585 603 7 850 721 782 806 271 578 918 67 344 833 567 179 869 947 0 544 50 736 848 636 13 290 922 874 641 115 685 264 794 385 199 802 476 992 559 747 562 578 488 655 199 39 721 3 885 265 636 414 420 417 627 910 733 822 385 818 416 478 668 194 382 709 163 209 365 393 
928 968 863 470 368 115 163 780 100 165 836 239 949 725 765 724 428 649 242 823 43 158 561 513 171 87 640 125 356 462 244 980 899 235 947 614 224 34 830 873 318 917 457 840 713 378 124 10 758 424 244 459 293 54 656 153 865 252 90 0 362 423 22 977 664 855 190 408 721 304 21 897 895 991 136 829 671 864 424 680 7 165 97 397 580 45 534 159 778 824 241 692 300 341 18 769 734 687 680 449 892 409 691 272 888 974 101 849 517 376 
288 140 358 847 120 645 797 728 46 92 329 579 732 495 518 48 430 158 228 474 993 966 217 898 193 332 823 852 246 385 788 317 866 246 399 46 596 924 448 121 631 228 955 655 298 628 101 815 310 517 328 239 666 421 879 702 334 909 650 734 0 367 136 835 465 336 828 353 771 837 511 639 574 150 620 356 274 523 744 345 474 245 729 414 917 585 625 152 785 710 467 849 541 708 94 279 488 135 856 287 126 957 952 916 681 771 403 787 812 107 
243 28 159 586 833 591 667 163 902 266 5 189 313 867 743 730 241 99 497 802 909 458 295 169 577 850 367 756 385 326 166 983 903 538 831 217 841 102 507 788 706 171 120 950 496 555 96 514 878 432 891 733 609 239 664 243 463 349 546 908 386 0 647 10 601 914 28 350 456 500 666 568 890 783 562 168 48 910 698 237 472 804 267 600 194 307 415 941 601 380 973 96 964 359 135 578 233 901 80 257 664 199 418 81 891 290 250 797 256 13 
395 828 616 388 927 136 253 182 923 414 585 987 201 88 999 835 872 116 453 952 104 315 506 502 697 237 672 260 369 470 53 293 491 392 336 898 528 682 870 56 950 851 574 673 902 309 632 894 265 284 197 19 920 516 704 535 511 209 671 20 689 392 0 171 186 17 836 569 981 141 404 168 861 67 243 243 486 138 200 109 685 600 128 711 2 11 818 448 357 652 99 754 362 423 463 376 915 684 131 387 587 39 326 229 749 236 967 297 188 46 
296 50 652 449 41 779 465 919 987 415 441 963 892 529 751 732 373 487 269 47 253 55 856 319 176 34 567 188 460 411 454 859 624 860 713 912 42 274 328 78 260 35 720 237 618 364 140 971 161 109 822 449 572 163 808 58 482 823 911 242 70 160 735 0 597 579 799 461 73 235 427 808 355 962 143 900 849 627 103 642 391 828 277 697 686 406 817 827 277 870 476 388 679 970 970 129 116 143 949 317 19 554 616 904 289 773 544 378 930 172 
818 576 439 589 38 651 777 541 615 136 358 417 450 227 360 402 227 992 577 950 194 642 315 252 77 416 413 979 347 452 529 143 984 379 536 957 910 694 902 342 344 903 416 522 357 599 341 515 785 17 795 119 201 620 917 367 72 644 301 600 324 822 877 434 0 461 419 147 258 820 258 321 361 269 893 57 841 131 182 298 231 774 495 447 569 704 908 767 897 660 382 354 969 591 375 863 985 430 184 900 14 875 855 631 491 773 166 74 595 489 
203 864 266 934 623 590 282 290 961 971 726 191 298 69 474 367 879 565 9 50 2 602 774 410 72 539 427 557 621 501 266 165 547 634 389 28 895 324 107 974 92 657 944 65 355 697 814 204 811 192 53 428 572 916 291 149 5 791 920 541 361 757 924 897 233 0 919 68 86 829 702 221 127 145 694 820 529 224 845 155 529 190 117 222 626 356 165 763 16 530 67 300 871 584 455 30 636 790 951 767 750 604 168 252 479 907 361 703 186 293 
663 672 488 307 10 123 892 963 139 808 87 999 503 157 97 173 217 53 864 493 572 973 666 240 283 980 681 656 773 9 106 175 507 391 234 304 349 290 300 861 897 150 229 857 974 838 625 84 887 597 681 687 937 459 647 411 948 196 525 660 565 993 573 645 270 494 0 950 63 754 373 849 480 551 614 578 841 210 453 452 761 424 974 405 738 415 969 975 36 372 983 424 576 568 201 150 668 106 118 626 981 366 194 532 842 396 787 447 94 155 
78 110 269 36 835 359 175 858 87 965 603 451 7 710 898 798 977 723 507 753 452 739 445 726 599 431 185 167 473 684 118 686 740 478 359 47 251 856 602 421 760 775 886 312 539 882 668 701 708 856 69 491 755 836 819 374 548 827 502 776 229 235 852 21 479 388 279 0 498 607 478 317 31 637 120 991 264 584 666 657 388 393 830 430 680 598 541 856 496 21 809 599 971 420 506 408 971 653 346 525 766 49 362 984 759 429 186 644 46 744 
11 513 727 315 495 728 191 751 799 583 769 909 248 511 760 904 441 518 173 685 454 698 512 870 925 224 427 954 870 260 799 546 447 333 943 210 232 735 865 528 241 864 73 497 508 251 949 203 42 102 189 577 947 833 662 325 657 356 40 427 519 349 902 607 478 497 799 841 0 433 836 261 36 837 592 534 691 568 907 496 324 456 294 172 645 724 367 961 182 300 39 302 20 891 950 908 571 709 126 251 207 960 31 513 74 555 761 955 533 230 
320 100 39 840 302 153 451 39 154 803 949 757 239 427 0 857 914 601 674 40 238 23 773 978 119 87 280 895 799 5 988 331 419 369 819 550 7 382 65 43 937 901 673 116 586 631 514 380 898 19 647 813 8 809 36 2 218 390 814 681 465 335 339 565 214 908 188 370 257 0 845 791 312 161 764 710 97 30 971 355 87 444 534 543 999 934 990 857 751 30 340 309 242 829 453 54 876 232 773 131 654 136 979 78 45 559 199 87 214 657 
565 675 23 679 209 299 700 746 194 793 841 638 670 560 178 925 338 933 683 561 588 114 125 666 977 977 88 49 966 399 453 494 513 55 811 976 955 875 297 825 191 106 617 402 136 63 103 450 413 324 512 544 10 559 205 39 466 258 219 281 235 855 156 659 678 267 404 285 90 635 0 638 661 516 336 906 302 929 967 778 963 144 350 822 994 407 989 851 440 397 601 367 185 271 8 283 607 282 472 957 703 298 137 780 539 490 504 623 756 108 
668 613 372 379 783 982 424 332 609 69 592 307 828 82 261 6 951 292 90 364 678 863 547 968 644 912 539 135 816 832 434 641 433 647 354 746 724 166 764 932 25 803 816 96 653 926 637 320 96 568 822 80 837 609 757 960 639 892 180 680 729 472 33 962 419 770 983 847 967 676 381 0 704 516 30 223 158 182 873 203 823 799 146 129 854 678 961 776 710 75 546 745 421 14 764 122 480 807 809 861 382 108 947 586 600 895 452 86 22 233 
500 26 371 539 668 410 813 33 157 613 624 609 231 781 874 103 621 905 434 91 688 487 61 870 36 788 822 580 454 548 225 430 291 672 241 610 403 681 599 858 818 973 923 839 559 282 988 452 177 268 518 16 6 976 263 786 142 40 604 253 562 640 925 387 161 128 52 971 47 984 636 922 0 716 884 430 582 128 684 213 334 717 987 991 539 414 18 638 143 529 381 918 664 849 527 250 936 72 558 410 320 722 636 361 24 564 782 23 556 186 
752 823 513 751 686 554 86 404 439 594 34 372 121 350 70 635 483 798 305 12 436 336 998 564 902 745 367 108 438 445 371 287 135 758 36 343 629 586 782 427 153 211 614 184 121 17 905 476 584 823 389 166 928 688 5 392 270 21 748 321 475 628 737 188 935 768 284 21 671 365 86 992 799 0 136 853 181 845 467 327 479 998 451 290 726 945 434 518 418 826 864 323 925 188 861 283 318 349 975 925 533 695 131 953 828 465 545 698 386 27 
548 294 430 124 4 521 27 530 213 659 881 963 980 133 565 699 696 215 133 908 545 484 611 844 423 275 744 198 526 103 809 163 433 849 992 988 549 25 854 734 871 170 409 833 340 461 927 400 133 751 325 208 49 92 772 362 121 381 956 767 673 188 676 121 502 93 445 27 114 963 228 654 135 496 0 170 144 777 761 597 918 775 254 617 469 149 516 676 690 96 979 619 382 496 551 40 904 307 381 948 697 779 99 941 408 141 381 96 551 863 
579 113 559 608 149 345 946 211 658 34 490 557 877 809 397 572 665 859 166 694 451 776 491 611 589 797 929 577 959 244 159 639 332 298 360 586 332 343 290 42 221 908 847 866 896 506 519 370 746 740 422 233 357 730 915 665 110 299 219 137 603 323 861 786 380 758 715 874 401 496 461 659 411 318 810 0 423 388 631 520 315 20 519 601 959 791 167 460 855 293 158 852 105 789 22 277 499 567 42 499 360 913 261 698 774 566 165 479 403 949 
173 143 979 157 186 122 713 509 495 893 202 689 130 510 573 758 667 185 411 670 949 45 859 419 527 467 756 38 705 135 448 752 577 662 346 889 997 835 66 507 490 455 256 114 344 697 496 550 551 442 231 5 952 866 146 695 103 709 436 603 333 106 454 441 721 339 696 466 417 923 74 939 64 755 103 749 0 437 375 538 773 830 399 215 230 594 135 979 413 714 90 943 435 639 928 647 475 464 930 806 56 612 699 351 578 878 851 40 316 730 
410 5 286 472 825 162 726 727 538 297 305 521 467 768 823 428 929 990 423 69 439 937 202 748 216 238 404 652 452 503 428 921 864 92 768 519 437 841 681 276 356 535 29 304 818 508 385 833 166 560 265 926 707 848 358 625 806 214 642 380 309 321 252 79 270 870 28 918 448 20 7 928 618 386 187 134 498 0 875 668 995 965 983 641 886 436 265 341 712 829 532 36 580 136 194 55 296 172 413 213 412 793 70 4 959 500 761 489 779 114 
515 416 997 129 95 395 331 785 700 596 389 803 327 896 155 706 758 659 935 850 755 837 800 639 163 732 100 161 425 24 923 365 902 707 629 138 681 881 681 491 365 194 158 974 537 360 627 120 804 516 241 151 797 51 353 361 796 15 356 86 254 86 440 411 832 489 202 607 667 811 589 620 726 534 339 77 845 11 0 530 550 487 616 736 762 89 6 476 839 693 899 815 829 999 779 227 161 622 575 519 707 295 447 227 559 420 298 404 14 685 
166 4 993 938 229 783 784 233 373 647 467 896 116 32 656 160 696 845 411 701 145 190 633 513 310 383 786 530 995 479 630 97 621 302 471 234 513 360 532 813 761 143 191 886 186 291 734 484 682 549 746 876 709 922 5 430 119 993 639 442 136 715 971 357 746 158 547 437 929 648 220 625 507 150 337 135 997 102 351 0 260 805 759 956 421 792 156 86 646 297 734 459 461 185 581 393 310 338 667 412 263 855 64 214 227 29 942 998 201 379 
259 563 768 623 508 712 451 558 540 854 886 373 432 884 593 167 777 926 129 812 877 946 591 320 44 652 129 785 4 424 398 168 771 304 631 137 301 721 656 77 825 733 793 980 784 493 373 125 840 997 450 112 127 993 59 192 355 255 290 753 699 310 413 855 494 453 549 554 391 378 487 790 47 701 722 914 336 99 810 115 0 888 505 451 122 821 974 164 15 388 595 823 145 443 946 654 741 819 722 737 743 332 818 975 693 400 436 396 649 808 
235 123 246 840 356 480 626 993 217 684 395 139 943 986 213 251 472 953 620 990 307 836 298 399 275 358 594 126 839 444 231 328 330 406 588 346 230 53 240 169 724 435 942 344 528 995 482 53 782 427 919 858 739 985 748 980 196 811 667 654 711 598 11 4 174 690 410 112 745 194 54 150 15 265 826 332 389 619 695 439 386 0 830 845 543 114 27 207 710 243 635 926 519 519 101 876 888 490 686 403 42 399 729 209 208 539 848 772 127 920 
812 190 800 434 733 276 262 779 237 857 449 411 5 500 987 343 100 343 736 722 781 846 912 747 692 460 755 754 753 688 292 14 665 480 649 436 548 17 824 329 492 506 345 845 648 397 384 166 677 960 812 119 374 599 883 740 196 174 448 909 37 558 387 677 902 913 529 323 21 175 961 484 401 959 344 137 985 965 967 310 922 745 0 361 212 418 706 798 798 374 307 986 899 343 414 471 541 38 101 640 247 247 81 452 462 37 506 507 104 523 
746 304 462 474 915 833 22 150 143 788 518 331 921 386 380 988 480 646 241 748 131 465 770 347 981 593 778 294 245 468 251 425 550 591 678 798 926 908 535 2 739 366 965 19 923 326 842 300 630 99 916 836 102 712 622 3 312 208 696 896 546 89 196 497 233 100 414 412 683 989 842 902 620 740 382 139 437 96 605 881 755 466 521 0 355 75 10 995 332 591 63 702 279 677 551 162 262 434 800 358 412 183 182 682 432 180 999 402 199 538 
5 410 935 44 878 943 513 551 406 700 168 747 865 602 357 229 490 604 7 959 26 643 401 224 556 920 94 812 579 695 676 314 439 853 69 238 41 988 197 283 990 561 538 168 161 967 742 134 250 453 600 410 904 919 39 241 801 419 860 483 302 965 601 773 743 722 129 288 57 906 361 485 894 281 112 26 504 88 457 128 724 268 234 812 0 567 128 535 915 836 3 383 619 808 534 956 534 862 992 433 604 299 382 891 331 292 77 111 634 267 
297 542 426 831 530 514 956 424 722 955 133 80 70 21 794 973 409 817 353 6 513 586 589 434 11 265 619 397 607 421 477 130 420 965 670 327 111 739 213 56 17 334 430 267 501 758 673 879 12 67 802 252 613 847 675 402 248 307 522 617 496 303 692 871 207 546 135 539 992 982 525 178 608 944 934 376 216 74 992 977 791 36 419 252 647 0 348 777 464 592 861 522 272 866 551 730 191 169 103 44 465 996 748 230 440 810 467 12 16 760 
93 213 835 494 874 57 575 499 519 773 544 217 576 832 327 373 474 420 961 322 48 582 757 769 870 181 142 885 66 781 33 0 993 202 16 735 586 42 425 344 12 960 839 990 285 551 357 504 504 521 625 521 883 307 788 312 269 535 974 932 746 171 78 918 192 559 876 817 133 346 845 742 305 513 188 336 437 204 299 926 721 768 602 170 490 396 0 536 701 197 638 972 868 549 231 659 434 129 300 172 314 842 55 215 675 495 934 673 578 786 
781 34 891 837 800 125 524 646 942 300 452 672 973 138 392 267 159 919 696 900 398 705 473 685 37 96 79 659 550 264 58 816 646 526 913 437 412 232 980 506 139 311 63 312 678 829 530 143 275 758 113 500 234 22 970 591 300 928 878 139 247 593 66 81 468 179 865 858 120 74 657 471 456 554 593 292 83 62 918 9 837 731 399 588 791 332 833 0 245 596 656 880 952 615 178 827 460 375 834 61 183 34 125 251 123 710 49 251 327 830 
423 267 956 873 408 449 764 341 833 353 924 591 512 522 102 909 854 502 65 649 470 358 354 977 763 430 338 929 877 283 537 260 274 58 770 123 214 880 935 374 138 273 213 139 247 238 698 116 148 510 195 99 759 186 372 619 556 2 385 979 823 474 67 335 608 294 825 443 662 279 935 674 938 338 129 541 428 972 116 330 466 643 311 737 687 20 244 104 0 305 482 40 252 489 657 570 861 457 946 844 193 159 583 425 36 963 247 977 191 351 
325 373 387 446 377 847 200 394 111 806 752 564 564 590 571 870 905 627 355 303 225 921 991 85 335 522 304 876 376 124 380 549 683 286 263 826 303 963 799 307 472 12 959 661 897 602 684 185 69 367 448 699 30 176 588 41 694 508 483 554 148 561 888 156 797 715 764 604 121 709 563 7 584 158 374 273 198 244 467 273 552 478 608 113 38 654 276 393 208 0 399 434 929 345 800 761 145 417 517 634 961 30 247 171 94 773 483 814 950 805 
302 723 717 254 770 379 29 975 120 606 7 795 841 919 899 68 104 989 152 113 555 572 498 451 975 186 928 49 120 328 327 727 205 38 644 383 42 32 990 50 875 45 63 656 409 669 46 750 274 288 991 814 166 985 498 549 27 90 107 687 251 630 11 459 990 917 274 584 279 523 610 700 931 667 132 759 11 631 21 41 678 507 154 469 505 653 593 647 203 800 0 693 649 769 473 857 160 674 641 264 816 296 832 997 729 89 693 160 250 405 
67 352 544 723 510 877 300 360 228 45 963 673 912 794 77 514 234 899 443 297 977 282 736 123 875 595 497 38 609 830 573 632 463 916 670 11 977 321 872 462 171 291 701 779 400 784 319 360 258 883 911 908 304 451 448 758 117 314 119 141 817 926 760 196 46 455 577 525 679 603 292 264 899 466 492 229 529 838 319 448 112 215 806 647 946 152 150 169 813 954 50 0 506 897 777 475 490 600 432 970 786 620 216 467 820 475 200 607 550 833 
233 614 53 939 682 941 734 115 409 673 332 325 987 249 771 873 517 249 594 918 620 956 804 329 346 483 882 868 416 983 992 473 808 812 448 550 748 839 116 23 365 969 1 328 11 80 403 43 760 773 480 573 425 745 920 216 835 159 712 794 340 307 721 936 963 60 872 753 459 298 769 604 176 489 370 501 746 253 978 983 503 43 632 20 414 731 777 803 111 889 223 989 0 934 539 156 650 359 122 17 4 296 508 876 516 182 922 604 534 399 
15 778 271 758 732 455 612 675 277 371 862 755 722 136 843 702 669 262 830 241 490 41 185 387 40 412 694 62 419 63 314 736 434 142 914 650 939 780 857 289 752 122 380 21 513 803 62 705 687 80 797 375 445 470 553 320 776 257 338 239 978 605 184 511 608 654 509 752 977 452 958 587 451 656 552 217 274 172 485 913 264 438 96 180 761 65 40 783 845 929 700 774 309 0 631 785 788 212 384 980 151 467 294 34 739 492 704 799 435 657 
516 175 339 885 950 284 618 35 988 626 611 476 672 916 259 320 51 571 210 361 191 688 268 448 946 306 411 694 636 506 534 624 164 84 360 917 304 753 385 427 6 510 823 939 352 929 71 802 942 489 670 540 640 809 152 583 561 668 160 174 768 982 656 662 306 112 533 409 149 599 467 500 626 635 851 509 767 85 36 823 58 884 27 70 662 124 385 496 138 454 422 557 400 692 0 814 138 967 347 227 513 235 734 314 274 507 549 407 655 344 
195 905 341 483 749 459 40 871 373 369 530 347 678 938 592 197 197 856 474 263 126 28 318 709 35 729 742 204 259 777 827 513 715 865 745 195 432 410 419 614 681 932 664 338 492 106 709 998 165 322 127 936 481 802 55 165 408 910 584 743 839 290 157 619 618 248 354 937 319 940 172 794 298 373 391 132 131 731 792 298 850 795 792 439 969 599 823 220 827 619 421 409 631 639 619 0 473 87 190 567 638 257 434 237 700 855 860 885 115 176 
356 868 572 314 419 626 818 177 691 536 72 918 881 469 327 677 178 518 424 214 974 172 783 959 388 500 942 509 331 75 806 854 409 599 562 78 88 910 364 182 400 70 133 162 912 571 480 254 867 968 441 927 431 440 460 202 400 381 48 159 370 285 914 905 81 285 360 798 327 952 581 382 924 136 682 338 346 956 946 534 741 959 80 78 885 850 848 251 129 932 926 104 549 513 208 296 0 76 186 49 81 950 792 1000 329 725 704 610 97 979 
109 486 954 487 127 535 674 570 333 152 778 232 224 553 641 808 455 971 137 496 241 989 258 536 985 675 602 694 227 183 975 639 103 674 917 321 88 296 11 109 256 270 408 921 270 166 959 888 134 9 79 502 188 16 732 864 782 675 397 155 376 494 431 422 830 725 44 916 612 308 538 7 177 158 269 470 495 755 413 898 414 960 762 322 787 381 739 926 598 907 168 334 126 406 473 636 97 0 368 844 377 4 793 13 471 241 293 928 124 772 
578 76 828 162 237 121 729 604 377 297 62 845 313 881 749 156 530 996 694 44 238 622 605 343 508 271 856 120 24 512 424 257 488 79 952 924 540 48 786 16 96 711 127 551 667 732 192 895 120 537 510 537 556 464 589 671 346 610 784 779 911 64 967 532 149 911 551 696 130 468 291 531 853 975 959 597 498 105 1 297 290 318 685 392 941 158 257 139 996 803 764 102 978 251 380 266 140 572 0 602 959 144 44 504 317 614 65 778 584 705 
957 978 842 447 25 639 913 231 502 238 32 748 204 527 71 153 944 494 968 531 389 276 599 863 285 180 511 658 791 830 565 231 321 168 364 69 968 108 296 189 13 364 326 806 855 620 830 320 895 524 316 80 96 842 947 827 377 509 497 125 442 203 793 291 187 311 527 653 178 675 564 50 333 807 368 127 719 179 132 357 761 511 939 976 256 698 832 278 413 399 560 908 866 922 579 730 344 122 625 0 457 283 849 735 44 477 874 701 674 276 
900 20 702 905 949 205 719 671 907 384 439 440 17 893 461 640 456 67 561 962 769 417 684 459 407 921 700 556 62 784 248 257 95 764 837 168 258 682 726 161 908 638 635 938 298 262 862 335 360 67 533 846 795 361 482 979 408 818 189 523 680 310 444 516 12 136 152 474 879 364 563 283 610 581 871 258 728 12 272 334 277 539 643 934 409 905 550 324 624 674 885 590 108 270 691 296 751 833 188 960 0 309 116 568 513 421 679 721 346 316 
711 808 276 271 667 114 268 284 751 773 302 74 529 784 635 532 592 791 67 45 293 794 847 829 255 69 114 104 503 746 443 400 524 942 304 772 794 460 255 773 398 347 417 288 503 758 334 992 148 620 507 992 467 990 979 437 504 796 226 500 20 946 750 742 979 2 871 537 89 445 911 867 829 701 78 222 618 544 340 967 658 791 275 30 546 517 817 530 174 959 349 834 720 665 238 957 240 738 177 670 18 0 419 527 471 349 122 96 341 13 
569 813 698 906 185 803 489 722 69 618 905 979 670 118 758 511 484 809 117 839 379 344 807 602 601 235 719 939 432 372 284 90 976 13 637 188 482 319 545 51 252 180 182 501 671 597 953 552 422 556 68 242 616 98 567 758 833 206 330 818 557 593 288 842 978 699 718 250 709 143 235 647 390 244 779 105 622 624 981 629 792 481 191 342 153 114 561 398 261 197 934 452 220 678 723 797 138 619 408 880 693 377 0 332 595 560 388 431 636 606 
349 9 25 219 95 857 131 838 271 129 214 566 741 323 2 306 977 10 435 863 751 620 511 718 238 602 666 490 992 383 530 409 798 503 727 283 831 312 696 717 689 843 426 175 183 663 624 642 100 956 172 12 618 374 731 708 660 71 110 387 606 167 637 237 595 903 189 613 176 110 79 280 33 89 377 709 990 906 389 637 820 2 41 947 64 551 977 259 275 613 358 700 418 157 279 998 941 948 193 357 934 501 850 0 67 895 822 944 846 806 
590 262 386 941 800 748 145 871 883 886 649 566 938 430 302 586 110 622 801 62 97 161 617 131 198 747 872 904 999 764 381 680 974 963 186 329 876 970 263 265 669 465 312 623 679 867 964 654 625 212 950 830 376 374 532 723 575 274 920 172 567 482 899 491 423 384 516 361 982 883 695 750 354 872 973 519 298 53 854 462 640 575 978 679 916 709 637 13 184 932 914 52 926 69 312 651 475 865 560 353 796 964 494 694 0 58 387 104 881 92 
929 115 654 241 791 591 140 76 231 16 689 897 906 96 410 224 223 202 588 421 619 793 71 204 243 539 61 331 220 572 750 403 682 588 676 608 471 79 563 89 593 583 438 753 835 939 477 479 866 804 291 324 656 581 467 377 437 907 870 39 160 748 289 563 862 566 674 431 124 984 767 703 553 966 903 666 889 977 772 215 57 764 137 387 174 873 82 704 414 336 206 48 326 774 239 147 842 13 680 357 421 428 445 853 822 0 965 330 945 345 
401 487 834 125 665 612 390 817 59 303 839 480 346 93 753 64 799 885 861 985 734 648 118 758 226 932 995 320 473 317 568 187 247 44 584 992 252 278 695 713 696 376 513 237 825 616 120 134 268 699 59 837 324 274 402 834 140 341 371 932 567 453 786 973 190 875 235 510 966 156 507 714 564 783 965 395 372 355 936 47 88 819 609 209 500 763 782 229 524 341 513 978 336 1000 340 580 767 616 905 884 733 659 483 767 857 570 0 241 213 272 
835 995 64 355 102 435 1000 129 780 259 982 681 156 481 723 402 250 380 84 121 748 52 514 305 706 76 743 854 481 995 276 986 925 60 528 67 752 656 393 890 485 441 754 70 968 20 773 983 648 744 254 866 598 230 430 165 990 573 831 702 466 287 818 723 352 747 154 287 237 955 307 979 38 34 893 357 674 675 636 804 281 203 423 484 799 167 22 661 499 552 395 101 210 131 600 822 918 244 81 860 897 276 955 201 656 429 856 0 842 241 
437 671 506 742 304 602 590 413 352 167 483 810 772 656 581 808 549 62 476 346 903 775 174 84 41 192 788 10 949 781 918 639 229 508 976 566 480 818 848 724 516 711 823 633 883 539 144 266 732 279 454 447 821 796 569 993 965 585 531 589 807 346 459 47 927 70 118 515 869 231 506 5 580 642 718 910 141 965 719 818 190 277 112 85 859 717 939 377 484 695 798 962 897 578 891 347 484 883 628 116 362 243 552 862 184 115 814 882 0 326 
275 702 498 262 605 421 528 178 899 860 919 314 277 791 74 38 850 696 352 263 429 46 513 979 282 76 801 769 673 127 529 654 756 11 846 966 865 688 736 770 629 695 347 258 663 605 253 616 682 784 16 415 896 748 788 141 138 114 855 346 744 978 31 411 718 13 4 707 894 818 797 992 237 593 94 424 598 745 479 564 405 80 910 964 695 585 649 713 761 341 610 644 849 500 245 372 850 118 239 713 340 121 242 511 39 437 356 963 947 0 

Depot information
1
1
1
1
1
1
1
1
1
1
1
1
1
1
1
1
1
1
1
1

Customer information
1
1
1
1
1
1
1
1
1
1
1
1
1
1
1
1
1
1
1
1
1
1
1
1
1
1
1
1
1
1
1
1
1
1
1
1
1
1
1
1
1
1
1
1
1
1
1
1
1
1
1
1
1
1
1
1
1
1
1
1
1
1
1
1
1
1
1
1
1
1
1
1
1
1
1
1
1
1
1
1
1
1
1
1
1
1
1
1
1
1
