Seed 125 - Instance: n90m10_2
n 90
m 10
Q 9999
L 4
U 18

0 436 798 943 929 891 1 513 924 942 701 698 321 102 264 267 399 721 78 253 14 651 484 440 454 321 814 472 215 114 727 189 807 503 426 825 528 322 657 675 719 780 246 670 680 97 939 78 269 136 199 8 308 326 798 1 458 593 224 746 8 663 992 57 504 336 552 460 513 500 264 667 954 282 630 547 444 787 24 980 791 105 892 131 383 548 50 780 737 615 393 786 563 947 466 880 811 943 245 1000 
448 0 5 470 90 762 70 578 688 265 453 74 651 548 565 345 909 418 478 165 360 93 380 460 418 234 221 867 715 862 294 49 856 888 986 365 21 429 728 631 122 181 751 231 0 880 535 175 149 37 342 47 331 84 215 160 572 174 571 468 790 478 253 840 472 384 487 732 690 262 608 168 967 938 630 582 645 379 381 43 605 403 0 740 801 151 557 313 315 205 762 824 275 551 549 862 295 19 379 134 
480 39 0 992 996 533 739 199 259 570 182 112 906 824 258 166 371 100 544 550 530 269 547 675 606 96 921 174 626 526 542 719 220 816 287 807 94 445 250 759 610 901 686 518 157 166 557 576 393 330 644 426 913 781 105 311 198 886 87 544 964 233 600 946 473 136 287 462 21 209 817 599 620 817 155 219 867 97 35 302 63 675 636 598 439 178 896 585 407 639 649 764 258 265 852 172 683 748 330 373 
635 276 759 0 689 908 564 622 730 458 732 597 757 471 908 716 762 507 822 35 619 314 482 843 37 794 527 275 220 986 270 579 142 785 824 787 372 214 667 599 945 74 890 879 781 165 153 851 413 253 878 970 324 65 53 790 794 278 339 902 74 374 145 529 636 768 624 522 554 982 503 321 71 500 710 458 360 83 915 158 884 567 346 336 500 407 440 521 623 475 221 414 533 530 52 127 296 330 207 254 
924 581 392 985 0 277 202 661 401 281 858 448 868 750 591 989 652 69 91 524 28 220 193 454 913 555 953 699 598 89 990 893 577 433 315 674 477 570 690 983 101 479 802 81 684 880 848 54 609 490 816 945 374 362 701 633 228 147 210 141 485 802 518 649 231 373 343 706 569 600 693 111 729 680 376 362 601 673 381 409 649 342 454 983 701 708 690 277 336 209 667 938 25 753 421 534 337 75 707 752 
830 543 68 886 285 0 572 876 393 384 919 997 36 674 154 242 991 860 610 435 282 78 856 475 664 833 218 973 331 93 945 496 85 650 815 616 776 488 408 385 195 682 202 513 286 787 623 743 135 993 449 735 451 163 118 189 10 593 796 69 625 541 234 844 353 254 392 30 257 689 236 627 309 772 306 821 495 563 390 752 696 434 151 399 179 780 400 482 197 604 670 136 557 474 456 148 241 274 286 378 
28 677 217 183 122 997 0 323 360 826 661 423 999 236 717 669 632 99 866 430 3 378 463 819 880 942 384 671 7 82 794 202 395 100 539 511 777 212 41 792 73 126 196 882 867 299 101 203 770 952 743 966 521 298 831 388 604 922 369 784 766 519 948 228 145 198 618 666 496 999 405 402 538 257 555 641 941 207 619 37 217 679 933 320 87 455 518 720 82 713 22 726 869 455 6 665 503 873 610 346 
998 832 648 448 908 115 659 0 936 271 860 543 625 97 388 633 331 978 849 381 421 726 20 778 211 554 563 677 106 954 752 711 288 832 413 577 258 528 707 598 26 276 9 708 803 936 334 237 235 902 241 490 23 888 33 403 432 329 362 297 191 491 562 973 27 997 513 418 544 336 707 224 136 580 35 259 569 166 983 804 123 798 737 554 577 35 646 777 98 479 749 297 66 753 189 349 270 162 128 231 
534 902 192 812 368 539 359 874 0 804 537 287 704 893 141 691 867 36 364 99 54 216 840 560 677 373 146 594 85 938 373 633 898 922 185 768 783 743 885 582 302 970 741 278 486 229 408 460 694 134 595 349 96 970 3 148 278 164 625 851 769 330 788 382 371 239 311 31 719 215 597 71 275 316 699 408 875 136 209 507 952 285 518 809 510 15 216 606 848 773 34 658 20 10 798 614 238 665 929 520 
814 528 724 566 746 305 728 851 504 0 445 66 737 275 489 500 485 915 497 237 770 752 623 819 753 938 871 950 627 455 134 95 693 632 693 294 697 511 337 312 116 537 369 726 464 463 154 266 635 526 63 931 744 972 826 18 776 298 194 941 212 818 58 583 389 510 546 917 149 766 790 220 8 559 385 710 102 267 248 751 515 918 430 917 584 547 168 407 285 599 251 336 355 560 137 465 309 965 641 184 
148 894 82 32 897 465 824 646 439 344 0 65 31 497 41 967 472 911 705 76 177 459 108 961 841 459 80 481 689 831 95 676 230 13 829 205 392 573 117 365 809 237 764 254 798 408 93 876 265 472 585 845 183 36 653 56 408 735 521 269 242 400 285 686 616 357 633 627 526 375 281 875 76 530 514 277 247 913 120 201 679 992 150 184 23 494 952 83 393 337 289 135 885 673 847 394 171 130 140 782 
294 275 278 210 871 13 704 926 276 715 735 0 533 907 777 905 555 694 944 100 600 963 263 526 143 326 741 165 978 249 242 544 848 960 919 617 708 668 392 338 995 538 974 425 574 229 227 106 287 233 340 742 850 10 621 246 862 672 188 804 306 628 750 803 259 122 886 583 96 807 194 479 828 254 359 969 473 656 70 3 626 409 181 888 288 724 386 324 543 456 44 360 592 377 181 352 798 659 769 465 
709 197 175 195 174 587 70 22 613 919 634 750 0 829 797 857 228 172 863 451 103 456 613 9 9 330 23 336 914 999 719 705 98 605 220 500 598 650 718 943 383 333 357 708 334 158 445 165 691 765 635 658 329 692 710 828 625 556 612 819 791 939 147 274 153 915 475 594 919 889 906 535 450 749 494 419 943 362 991 510 430 36 531 463 519 741 705 842 700 350 486 762 561 282 490 92 653 513 861 513 
373 452 121 586 597 538 301 670 808 969 1000 69 157 0 527 499 976 753 395 986 658 14 603 393 220 376 412 647 338 686 880 458 918 725 677 100 757 168 374 35 677 438 854 653 339 469 864 951 274 794 655 232 76 771 679 992 441 649 632 322 785 684 771 693 620 577 394 294 83 668 156 902 748 228 886 984 253 172 418 859 831 235 927 499 974 106 34 391 483 14 955 680 523 56 330 665 416 287 906 513 
458 764 129 334 287 757 595 793 596 385 176 580 557 625 0 449 836 695 243 960 909 914 714 606 3 981 313 419 490 642 845 985 198 249 469 347 531 409 450 11 605 476 549 811 222 161 936 632 457 792 326 511 54 86 891 224 780 23 640 629 547 170 620 770 788 938 869 213 898 925 931 715 621 615 258 545 535 191 20 458 699 822 780 684 409 555 592 542 189 479 496 88 964 579 510 489 914 284 968 467 
188 66 766 910 847 184 940 204 72 410 368 625 481 169 630 0 400 68 36 303 79 718 706 13 391 336 403 0 542 126 353 933 980 914 901 998 927 448 86 659 960 360 941 230 551 779 546 715 690 799 247 815 416 991 160 631 471 325 707 396 29 427 945 942 249 487 445 870 785 650 436 180 362 676 339 625 147 398 823 909 977 285 872 917 215 893 409 367 108 234 654 427 528 665 267 501 145 263 951 568 
508 715 899 925 624 763 290 647 56 316 74 96 732 870 730 385 0 996 184 205 41 782 310 685 749 341 943 941 118 667 559 919 331 837 164 707 225 303 728 1000 611 148 637 862 197 596 95 207 640 939 868 56 505 675 641 865 430 966 466 706 890 86 605 505 377 422 832 67 439 833 166 300 92 661 163 518 377 463 811 358 907 676 695 429 328 586 135 652 248 955 651 453 689 129 670 723 749 53 720 826 
208 331 883 663 489 250 850 988 974 802 916 563 700 936 301 14 183 0 559 871 172 647 666 939 516 914 580 503 848 829 536 352 514 431 492 71 351 66 450 369 389 959 450 194 713 434 545 298 190 613 455 934 698 634 257 412 34 808 401 882 622 931 14 7 201 476 997 588 691 11 620 715 397 212 368 464 592 998 699 604 572 889 553 639 703 41 963 692 163 661 178 105 973 417 634 40 516 136 364 18 
314 896 777 538 684 338 311 983 677 939 25 890 2 756 617 253 20 723 0 138 80 921 216 7 810 770 972 49 215 943 674 429 396 421 462 400 737 884 108 841 139 229 273 552 229 939 727 919 997 400 650 186 556 143 381 431 112 612 523 609 962 422 644 316 350 966 578 518 838 739 774 857 257 895 893 800 627 108 298 24 768 169 687 983 492 260 877 87 988 478 523 444 206 116 575 307 98 432 498 778 
538 754 746 763 300 643 446 749 240 555 637 38 157 914 263 170 347 989 109 0 834 970 139 848 90 703 469 773 742 755 384 534 175 259 365 956 157 629 814 363 667 495 540 147 639 163 256 72 915 789 471 208 88 442 914 559 143 380 528 680 916 339 135 135 531 304 204 743 424 290 210 369 690 599 858 40 586 430 626 9 905 66 134 131 169 851 85 523 130 47 374 723 507 211 64 312 626 138 670 688 
935 971 213 664 824 284 846 875 858 231 859 563 443 294 434 840 271 255 291 910 0 597 828 212 859 312 535 843 36 773 654 631 424 577 236 43 481 665 954 596 598 645 611 812 205 763 593 819 488 781 676 511 667 371 790 596 617 536 76 22 994 707 15 595 927 955 940 911 922 424 216 522 732 393 962 107 274 72 153 195 856 817 980 565 856 69 847 209 832 424 551 490 894 972 38 931 135 755 920 966 
962 744 9 741 673 517 523 719 72 862 60 882 595 407 186 476 327 655 91 456 678 0 170 138 155 111 463 639 808 280 473 348 654 773 729 673 317 478 659 870 494 781 788 467 635 913 645 20 482 731 997 84 82 299 700 634 907 88 530 988 166 893 386 511 891 501 69 772 645 459 691 623 565 356 965 547 826 520 633 744 781 912 524 339 805 710 575 701 6 252 938 295 645 45 732 744 125 291 894 702 
521 227 688 175 616 868 900 227 817 218 860 747 622 323 13 720 640 766 414 826 395 928 0 306 693 634 782 987 303 462 547 563 368 559 408 237 532 123 235 945 750 874 347 511 712 763 787 11 678 275 985 890 313 213 442 980 644 663 577 880 196 773 885 806 510 674 134 822 196 302 53 89 319 974 650 7 734 321 257 814 4 358 514 866 375 202 225 345 886 875 683 717 685 188 403 477 968 181 367 708 
127 996 221 888 306 549 169 686 226 536 423 720 957 538 824 995 792 38 67 18 131 95 617 0 603 829 333 441 287 951 28 453 111 27 65 352 338 376 217 841 248 341 267 171 422 696 453 522 466 779 714 255 42 656 877 600 324 476 876 234 513 486 408 617 146 477 461 544 443 708 130 444 283 243 176 972 756 772 237 482 627 717 593 795 879 590 949 486 577 564 594 257 33 489 424 597 141 473 352 850 
337 124 43 626 311 973 613 611 312 749 583 355 411 878 456 306 433 920 825 287 114 912 769 286 0 841 90 719 644 39 456 330 681 950 110 779 228 789 925 115 677 476 501 408 429 339 414 973 378 138 63 841 649 114 871 898 628 715 396 471 932 489 459 818 638 614 96 655 430 350 627 623 683 970 585 969 455 781 936 434 7 97 129 823 451 166 37 892 880 811 234 354 800 471 427 482 938 520 333 689 
167 955 856 616 417 528 916 21 597 29 156 339 37 117 815 281 282 303 996 176 496 632 804 29 777 0 146 618 388 822 961 884 373 912 389 414 9 872 536 639 537 972 982 718 8 58 897 917 852 653 306 978 981 195 600 232 546 793 494 54 659 564 757 609 529 395 612 873 203 617 366 822 809 292 387 691 794 795 683 38 471 463 1 984 274 156 882 188 207 915 954 140 484 873 943 894 782 115 746 411 
617 940 87 814 126 773 432 306 776 115 220 313 818 372 669 604 955 261 203 311 262 541 216 489 771 566 0 965 46 715 577 85 272 355 637 6 945 789 846 79 846 682 164 721 748 298 53 370 440 377 255 947 765 463 21 877 554 958 449 310 220 472 559 896 529 154 22 242 670 559 785 741 183 987 36 82 125 568 311 18 791 772 686 600 946 671 574 596 99 104 300 911 353 567 821 431 311 574 279 938 
666 29 501 379 641 745 534 162 22 687 953 596 916 337 310 190 332 406 683 897 740 637 992 447 851 399 41 0 223 707 211 976 69 820 343 546 696 352 513 913 23 412 813 749 602 989 194 746 558 268 638 366 151 578 994 759 967 119 569 696 405 553 753 712 784 733 304 8 220 275 519 720 940 216 195 782 726 994 698 2 606 221 745 15 564 249 70 664 620 289 196 202 914 780 104 138 989 667 0 755 
917 852 567 920 884 666 512 702 594 574 308 115 21 381 451 765 185 814 855 322 999 50 814 771 210 244 201 540 0 813 598 998 333 653 423 245 513 238 346 983 591 104 774 800 795 690 109 451 583 22 205 907 178 338 37 876 347 70 581 290 479 973 15 631 739 278 894 341 124 637 629 103 981 340 310 510 729 103 409 851 342 318 30 67 539 424 412 783 63 519 347 116 967 580 449 105 956 551 634 557 
915 807 541 595 773 879 944 627 9 510 595 408 430 844 159 420 790 835 973 927 95 418 794 173 87 40 810 796 601 0 523 287 970 510 371 386 814 149 165 359 352 503 644 195 135 300 36 533 185 425 682 846 288 695 164 446 558 952 884 17 847 830 611 51 130 734 178 66 88 850 887 998 826 75 301 440 474 666 675 734 113 20 995 82 837 968 818 386 287 80 553 163 51 441 680 179 297 333 106 945 
225 318 987 451 880 569 445 235 877 8 335 409 226 282 504 472 151 11 286 199 139 763 544 255 814 599 641 151 244 972 0 469 498 128 984 797 717 862 514 34 328 766 150 51 967 945 803 160 182 65 759 666 656 846 833 192 392 6 880 750 223 267 737 198 835 794 765 474 271 647 777 455 931 935 270 746 84 521 201 149 950 352 420 786 821 75 357 101 641 820 403 791 814 622 63 50 922 344 239 119 
381 326 996 963 688 903 905 855 488 148 302 737 105 360 335 798 199 593 495 344 118 171 802 845 586 107 893 575 626 719 911 0 984 457 108 992 748 664 307 488 570 669 161 7 621 164 953 152 80 662 305 221 43 621 847 221 997 131 349 594 521 527 398 517 786 433 289 949 400 97 680 469 370 636 651 379 522 329 825 29 6 10 363 421 463 1000 354 362 376 47 911 962 803 280 269 632 205 279 459 200 
225 388 380 178 986 408 331 18 934 812 307 862 481 560 302 524 22 551 360 365 637 875 239 734 602 562 459 578 182 436 293 89 0 85 629 142 575 732 19 479 265 776 297 260 332 533 886 675 560 437 615 408 4 475 424 47 610 913 609 196 775 27 594 867 654 524 350 872 935 100 273 615 906 498 329 781 748 692 17 218 391 873 810 139 847 645 269 294 461 675 349 862 857 393 620 134 969 492 495 254 
54 164 351 917 21 283 470 760 379 351 37 290 871 552 555 124 153 505 530 816 398 921 280 214 544 449 266 963 400 3 953 599 473 0 145 367 747 627 833 611 640 595 334 195 514 734 959 423 397 838 967 296 785 326 123 796 751 105 579 945 180 927 345 846 625 241 125 899 155 569 237 54 440 408 598 722 669 920 387 818 458 779 158 412 713 60 229 43 497 280 61 402 93 802 867 452 166 372 506 520 
154 655 267 342 759 313 405 440 778 954 820 734 481 772 64 184 327 264 528 46 286 457 373 949 453 713 863 60 923 81 307 625 629 87 0 941 759 5 783 421 748 90 982 444 51 338 190 918 33 69 326 855 339 461 93 633 129 388 413 952 237 594 618 77 640 469 664 878 344 120 176 567 138 196 400 247 439 244 788 496 870 733 539 407 738 428 265 693 724 879 927 478 235 706 810 740 519 679 68 504 
177 687 552 770 420 211 178 661 661 664 302 668 246 737 259 707 245 715 67 760 511 250 398 540 607 582 185 635 525 385 635 615 318 733 338 0 377 839 467 483 455 820 149 992 171 206 453 471 658 483 268 585 887 403 561 651 246 195 679 485 282 650 690 393 975 713 759 680 407 519 730 719 379 44 816 774 681 240 671 342 310 129 45 16 253 380 356 538 840 884 424 718 194 938 823 680 26 122 604 77 
912 763 199 617 508 461 368 554 461 546 874 977 252 538 810 849 565 194 188 696 740 920 369 860 278 578 381 21 486 287 401 399 714 825 882 467 0 41 629 485 581 142 534 200 888 788 946 416 36 855 360 883 651 701 698 483 65 846 433 111 726 399 803 433 237 436 989 133 12 265 494 467 912 636 217 349 33 915 338 413 402 800 382 845 537 657 711 447 4 678 541 880 625 915 875 517 131 777 557 335 
334 502 437 111 235 863 231 792 41 589 912 622 89 621 82 142 166 326 820 753 619 127 169 480 900 589 12 438 848 232 907 136 836 94 366 779 357 0 138 115 514 734 277 317 636 687 264 881 769 483 483 662 280 462 101 662 42 845 219 667 464 454 799 647 522 775 898 719 207 622 964 186 151 988 637 499 762 784 958 936 187 112 50 379 893 263 753 108 974 772 863 83 152 371 250 740 774 495 127 593 
243 406 458 651 102 735 3 599 690 730 639 555 999 981 880 943 249 341 407 39 216 731 310 47 641 274 733 535 635 802 801 463 774 638 881 611 610 377 0 553 414 262 863 565 498 420 662 769 606 930 990 383 967 679 556 546 726 309 866 998 862 856 775 891 711 285 127 770 40 237 983 705 167 256 511 630 304 358 441 9 711 70 687 673 537 537 217 314 653 146 77 831 405 404 562 673 201 60 126 905 
979 759 842 504 348 275 821 952 174 877 754 174 927 891 410 708 861 771 647 328 281 585 468 310 497 964 911 650 300 404 891 429 992 664 406 718 158 831 460 0 974 257 727 366 881 600 219 957 233 638 398 127 570 42 37 66 414 771 73 255 448 454 883 774 948 945 898 371 248 435 786 67 993 240 398 199 266 234 509 297 723 877 924 53 404 250 123 109 586 41 396 864 301 172 946 104 687 573 796 475 
412 160 848 862 310 450 431 381 310 129 372 905 508 913 132 323 999 267 751 973 955 478 596 228 768 525 836 997 627 585 33 164 414 332 476 858 840 913 67 884 0 485 856 767 45 157 115 25 105 376 647 208 106 991 547 823 920 911 144 698 280 95 458 138 250 219 695 101 180 275 509 502 224 848 996 552 410 949 775 1 865 164 958 238 49 814 693 400 76 995 759 4 440 26 832 536 991 890 398 352 
832 810 40 755 724 361 561 181 624 66 865 39 142 442 208 541 71 557 845 926 348 602 926 498 719 202 184 318 530 772 660 637 94 450 192 590 554 784 630 289 488 0 632 894 613 130 127 632 612 607 708 689 332 751 671 336 379 276 961 533 483 335 866 66 415 938 221 219 800 34 352 652 340 417 196 842 333 797 618 478 720 818 560 315 398 133 222 815 263 693 366 431 550 138 53 984 213 505 23 805 
520 29 571 335 360 143 466 142 452 801 178 191 584 820 727 473 882 711 877 764 110 104 429 413 851 400 285 31 380 66 594 309 955 806 944 706 114 157 541 267 420 132 0 182 523 927 502 935 908 854 356 80 711 301 365 740 572 835 944 249 588 703 824 296 199 702 279 368 261 179 773 123 456 702 954 881 563 378 948 218 316 633 479 931 788 735 165 84 873 857 307 317 731 476 162 263 201 260 73 992 
988 736 755 934 845 612 607 456 919 784 96 156 657 651 901 54 33 791 172 195 488 404 708 486 895 61 515 650 966 988 365 725 287 3 125 576 744 247 531 260 462 680 746 0 913 831 535 943 351 633 549 707 481 689 282 624 244 161 872 572 813 22 367 947 897 151 510 989 914 461 872 370 894 361 30 708 881 850 455 670 489 276 979 20 109 53 581 949 216 931 238 991 564 951 907 249 68 535 674 464 
161 593 602 718 809 117 281 862 816 287 554 241 675 945 234 268 599 820 622 154 101 105 205 103 750 129 546 336 256 285 57 810 341 806 968 526 823 213 137 472 847 247 622 30 0 278 110 999 44 982 536 509 344 387 571 422 964 993 383 982 259 34 355 414 855 387 227 98 978 952 451 324 637 186 544 290 992 946 750 380 461 752 530 150 570 875 802 51 837 801 485 926 536 745 94 549 86 276 505 984 
496 800 305 570 254 783 924 97 338 108 946 965 414 500 429 453 906 504 730 715 186 613 723 822 812 970 924 267 716 706 529 813 725 808 387 98 249 990 997 180 442 65 220 673 164 0 492 201 924 197 836 769 968 836 442 35 585 146 80 452 323 168 712 472 246 998 572 809 442 194 323 688 98 287 694 626 514 955 824 495 235 190 365 260 137 794 154 511 130 185 335 847 571 299 323 684 943 180 869 442 
273 731 949 723 593 779 29 803 789 237 719 833 561 730 515 61 638 381 81 395 655 918 554 494 635 970 321 621 465 199 497 902 39 313 712 347 994 989 674 526 245 448 519 345 820 177 0 518 101 900 862 148 366 599 635 490 578 108 94 382 405 241 411 189 746 20 293 358 335 873 780 891 980 870 836 589 997 163 708 703 877 787 894 438 136 473 998 879 535 992 403 801 948 2 420 703 896 663 638 248 
430 294 90 95 844 640 611 227 301 959 434 924 402 478 896 405 124 985 471 614 721 860 282 739 112 70 946 316 951 673 36 963 752 398 970 842 193 454 524 609 72 338 746 587 813 985 733 0 15 396 344 895 43 13 591 416 533 39 807 939 42 311 182 115 215 523 88 512 89 789 887 566 100 930 123 894 622 496 201 542 20 17 122 651 478 94 344 43 767 546 962 160 134 8 525 203 994 200 632 340 
97 676 588 515 96 945 501 807 441 394 219 630 60 66 541 542 671 131 87 130 756 276 73 554 407 314 980 756 250 504 324 371 336 41 941 497 469 574 986 991 539 59 209 832 732 941 851 320 0 597 519 496 319 102 340 339 619 63 953 733 264 729 776 913 202 864 697 966 107 47 487 339 710 16 924 100 117 242 939 554 480 336 232 693 232 675 4 427 901 358 16 88 815 762 392 657 69 853 349 305 
26 174 185 305 26 954 706 100 658 943 647 587 643 511 854 700 486 186 625 180 894 840 966 69 285 544 923 465 130 535 239 706 465 683 618 697 712 643 73 603 472 478 178 332 210 384 188 266 716 0 925 807 477 624 647 506 718 185 313 780 855 178 50 760 581 466 54 714 94 640 285 701 736 887 217 613 551 712 58 998 381 935 761 136 822 683 932 746 452 361 317 519 549 200 725 800 272 272 827 493 
170 923 795 98 351 250 698 44 720 778 533 132 505 328 228 13 572 864 511 42 742 872 410 105 277 814 256 112 697 928 201 170 213 693 259 917 650 937 385 503 735 220 887 722 247 201 340 302 605 727 0 548 155 619 0 863 202 41 58 548 624 574 897 586 328 843 828 208 283 323 294 819 852 15 918 187 530 372 207 181 38 965 569 682 210 347 303 939 417 152 936 582 936 862 285 417 442 486 132 60 
637 81 977 432 299 949 96 42 484 454 628 418 128 463 922 350 349 945 20 225 279 555 260 241 755 871 879 520 158 714 603 514 22 358 905 578 193 216 915 721 92 442 833 367 969 270 20 502 700 211 993 0 941 358 19 138 305 229 26 897 161 287 273 893 948 578 947 491 235 268 218 782 726 192 219 531 895 314 498 684 809 187 578 311 1000 697 89 674 562 891 183 669 333 524 58 211 583 235 764 949 
750 510 823 857 508 838 382 895 707 675 758 560 216 0 56 633 9 111 863 994 644 953 375 15 486 15 328 580 671 17 803 645 779 330 517 723 490 676 427 848 131 630 919 921 426 199 687 969 362 245 355 560 0 135 178 738 210 962 973 945 707 601 605 635 41 137 677 568 848 358 601 36 906 64 853 267 859 99 672 308 917 606 433 422 53 284 661 303 136 419 890 896 216 542 854 201 875 127 812 856 
126 838 925 562 129 322 917 800 72 956 733 338 29 228 27 859 13 40 356 848 300 488 643 955 162 352 656 24 38 778 13 798 972 41 850 74 113 124 655 557 129 951 885 133 290 588 856 485 949 112 118 458 264 0 175 85 907 982 505 786 531 587 152 174 448 779 773 20 712 806 617 66 733 362 989 808 687 121 573 603 380 400 210 32 519 878 869 910 977 534 454 272 50 40 13 802 22 704 528 927 
439 6 137 863 749 896 878 364 252 557 597 633 138 664 967 465 912 882 570 835 146 807 852 107 541 85 260 507 77 94 963 13 661 250 660 395 474 766 805 233 721 392 0 632 613 139 610 178 610 512 637 71 520 533 0 481 170 36 814 703 619 724 125 907 502 379 744 343 952 829 177 677 983 582 898 122 468 929 213 36 985 928 593 162 927 157 584 288 833 300 289 554 217 56 95 360 484 596 259 370 
323 545 293 580 468 198 78 403 764 531 264 553 510 611 564 47 205 926 823 862 274 389 233 690 657 600 733 119 208 329 972 536 547 140 314 793 280 874 704 186 716 592 357 462 182 836 241 122 362 624 899 401 938 293 110 0 124 302 583 517 184 748 700 191 0 278 663 856 312 527 783 593 671 942 664 657 555 67 666 157 688 201 569 63 784 483 407 620 860 542 655 337 651 151 406 696 71 565 363 828 
754 159 65 689 360 602 406 62 669 719 792 234 744 576 308 159 200 743 218 437 649 825 483 953 465 667 402 718 996 9 612 125 478 115 818 851 854 480 477 740 88 335 10 303 360 145 858 599 195 902 225 597 3 474 618 947 0 726 557 412 233 780 340 419 829 381 147 541 181 660 967 658 309 539 339 982 166 115 281 674 681 317 870 661 748 375 374 226 28 486 810 312 4 463 878 15 345 91 420 855 
902 465 209 316 285 969 547 577 335 764 617 935 913 66 337 148 536 750 841 73 24 941 806 226 298 177 217 710 161 401 396 27 394 667 797 967 719 445 826 876 561 923 902 61 259 769 187 951 28 992 721 962 271 912 292 83 398 0 583 731 948 580 214 122 255 750 360 820 478 768 224 213 852 184 832 939 76 85 808 52 189 840 524 110 908 947 786 930 866 87 690 578 589 670 633 449 169 331 957 339 
946 337 986 894 464 847 503 590 840 599 956 3 920 131 764 589 844 553 49 378 956 931 472 964 488 285 603 913 475 199 910 755 811 473 371 69 946 21 234 443 971 529 309 134 358 871 136 659 859 541 895 47 973 105 664 743 958 290 0 81 541 46 270 358 70 670 420 438 904 920 893 679 909 107 9 835 756 46 767 917 201 987 652 543 563 421 388 190 378 306 695 172 683 449 546 269 569 639 520 451 
423 274 447 582 674 974 690 859 78 963 65 733 822 533 143 817 802 267 532 719 618 46 243 717 329 210 959 179 169 723 537 930 521 519 640 432 931 296 319 846 22 786 556 174 66 514 754 689 302 587 781 955 53 917 294 402 422 678 416 0 714 697 383 867 20 596 73 765 4 877 401 884 267 617 87 736 529 563 395 186 2 438 9 618 65 990 348 60 533 651 26 441 136 799 510 721 396 81 93 713 
420 90 918 476 295 758 372 166 212 116 263 96 890 11 227 66 73 707 316 517 108 122 997 244 90 877 481 876 189 828 178 654 63 815 617 853 388 565 158 52 617 833 374 830 426 272 280 326 928 822 258 365 745 981 763 398 854 772 507 420 0 621 280 218 379 612 772 529 915 741 852 37 223 86 101 223 962 457 489 690 200 411 466 184 90 888 880 581 53 325 768 657 600 468 116 369 405 184 680 357 
900 471 675 89 653 964 854 483 543 72 86 915 30 613 409 405 471 996 89 409 793 764 755 521 759 570 792 249 833 457 929 421 813 259 514 985 28 280 216 160 215 788 812 915 344 913 514 782 796 586 355 337 940 539 382 999 4 141 878 345 547 0 466 657 149 524 89 707 513 114 924 370 906 778 799 436 25 167 512 697 254 698 496 22 392 495 48 192 590 849 144 50 549 510 485 627 626 33 855 397 
346 841 153 761 313 976 50 674 57 705 486 466 510 416 32 801 446 584 560 775 975 114 505 586 873 832 450 607 929 385 87 373 735 635 938 867 435 728 981 824 569 413 494 88 376 553 941 930 888 890 963 19 847 889 277 133 36 776 271 160 456 438 0 500 73 230 570 313 424 627 454 126 164 957 719 379 615 685 911 287 721 485 684 538 888 335 128 908 559 910 715 197 56 748 970 760 666 174 853 900 
125 446 243 273 760 539 793 133 667 795 891 496 619 131 188 798 342 757 909 188 387 384 136 858 275 981 846 616 222 21 47 812 509 803 151 654 387 887 531 443 626 816 713 80 990 926 459 754 873 567 238 944 138 357 636 266 300 654 978 734 625 327 376 0 612 788 443 129 320 335 663 547 914 831 731 481 37 206 946 935 485 168 274 429 588 425 937 14 938 256 939 807 158 555 858 976 178 206 558 310 
481 890 988 922 521 164 13 903 586 760 829 147 651 373 505 445 455 38 965 656 764 576 622 3 149 517 703 884 235 10 833 54 892 341 120 506 137 317 39 387 479 460 590 909 640 652 796 960 457 992 83 649 650 249 114 381 354 500 87 975 567 906 907 397 0 264 672 461 388 629 645 664 806 881 436 850 872 444 777 896 633 358 937 42 238 641 362 479 118 17 222 71 715 899 699 283 844 657 597 360 
193 499 219 657 195 303 1 862 50 123 574 833 820 671 745 441 408 249 179 467 346 677 415 993 46 873 596 672 52 881 677 232 14 762 114 990 912 986 466 564 937 53 978 755 342 533 435 195 584 161 960 716 236 924 896 233 714 719 984 159 151 592 432 654 770 0 931 394 238 588 854 318 628 939 548 792 4 248 310 401 657 445 230 393 995 314 811 363 133 58 453 108 639 419 242 736 939 547 38 977 
364 469 41 221 728 674 772 10 821 32 394 800 205 342 832 63 929 152 25 693 514 217 901 688 355 843 734 866 20 655 643 279 608 102 967 804 527 545 813 419 474 346 714 639 204 400 460 265 217 150 907 211 584 827 386 411 333 238 392 413 810 598 34 356 2 785 0 389 483 308 845 782 792 3 927 283 861 389 708 82 843 170 432 837 390 864 344 809 982 725 310 614 399 524 420 348 0 29 292 254 
296 937 545 88 888 583 664 283 789 163 274 443 778 38 302 396 98 272 490 997 407 409 795 472 22 281 57 904 119 79 153 718 767 422 729 618 990 948 897 0 202 745 875 165 8 370 219 531 296 52 829 223 13 5 376 380 339 987 428 126 35 160 602 885 388 468 927 0 705 903 804 227 359 238 653 170 735 729 149 169 295 743 633 471 174 990 451 784 794 982 683 183 675 863 435 464 52 480 912 828 
655 343 242 797 768 444 214 130 495 775 256 624 468 122 481 721 746 436 989 254 877 897 913 19 505 784 11 745 743 948 873 200 452 364 359 878 888 100 549 519 230 684 541 3 221 874 892 982 834 362 9 174 862 868 357 838 543 668 608 58 528 710 335 420 939 289 523 426 0 833 33 992 773 964 586 793 426 203 967 223 580 969 330 980 627 314 874 845 916 674 121 714 782 837 167 245 126 766 971 807 
633 224 788 754 213 633 10 665 78 968 808 41 236 126 995 835 465 487 932 247 707 464 824 10 552 489 431 122 191 164 929 707 376 578 189 774 764 160 254 488 784 884 695 301 702 364 957 505 57 655 400 784 476 850 75 475 577 626 127 352 948 291 614 188 783 156 749 826 201 0 167 554 573 355 449 880 733 631 961 379 165 787 340 168 981 528 594 329 875 751 866 281 952 465 916 684 154 425 673 138 
757 588 432 880 67 172 124 398 268 529 579 759 642 578 97 814 472 297 162 168 983 382 287 869 433 999 669 356 906 654 588 104 178 424 400 641 193 267 873 749 830 9 427 448 143 904 581 750 351 452 831 715 307 444 12 816 312 631 550 854 574 410 251 469 882 21 388 890 937 861 0 218 680 701 982 342 505 493 212 49 293 795 349 286 131 726 131 801 386 6 265 896 538 978 944 216 246 633 581 170 
89 83 272 960 18 632 173 218 726 247 827 193 598 808 37 6 729 253 554 876 369 578 84 611 271 832 706 323 201 838 634 617 631 533 183 607 344 714 383 659 169 826 220 173 121 78 234 220 396 957 29 128 874 880 479 478 1000 79 0 967 308 541 825 637 420 626 164 378 431 956 176 0 597 416 221 216 548 208 766 950 831 982 311 506 227 587 684 512 831 254 256 230 133 304 481 229 559 521 911 168 
332 646 21 634 596 590 400 962 692 125 985 912 164 430 392 966 757 880 708 827 55 947 716 716 905 186 162 536 802 66 1 412 863 375 417 18 709 192 361 259 975 973 306 663 351 574 787 817 825 561 844 189 394 117 753 175 591 839 740 907 17 606 0 952 337 829 563 833 342 390 555 46 0 983 936 434 231 796 668 895 409 61 426 682 207 128 615 426 663 905 471 276 442 270 461 471 972 447 877 641 
687 733 191 356 693 202 892 303 401 240 624 964 168 445 933 794 182 297 825 443 81 516 159 319 293 461 521 811 748 95 842 667 394 519 479 765 762 632 634 290 457 962 327 21 445 803 433 723 510 332 220 472 80 939 331 203 699 516 456 127 962 486 634 909 477 412 588 757 581 367 524 171 428 0 690 91 645 623 224 550 807 932 520 158 303 970 546 737 990 22 513 622 955 38 220 630 75 992 293 139 
462 10 275 958 773 256 937 590 489 984 987 575 855 310 927 792 364 716 477 164 984 565 198 589 661 318 725 657 224 280 990 953 47 655 13 870 414 853 533 975 399 510 624 510 89 388 439 617 949 902 127 33 356 21 252 142 705 877 388 795 678 525 863 370 78 634 818 958 80 135 404 283 683 48 0 794 860 8 501 669 124 530 588 181 945 541 954 844 728 249 587 43 436 763 860 98 3 822 394 416 
997 533 611 218 483 16 493 430 527 597 394 648 590 537 221 122 354 882 739 298 399 115 887 935 819 475 201 744 662 885 170 788 355 223 588 962 855 742 246 166 287 240 1000 89 1 745 475 997 820 557 776 594 238 282 824 769 792 323 199 423 494 597 237 467 8 35 645 790 362 910 903 152 3 797 369 0 744 787 960 850 512 785 998 588 417 114 143 44 447 292 913 721 827 292 344 374 938 986 664 976 
664 601 337 638 415 780 680 594 28 93 134 763 219 493 134 99 493 285 522 872 760 793 145 615 496 248 804 280 915 532 17 480 694 847 689 517 185 808 115 436 267 264 579 139 52 496 188 459 106 230 941 502 256 556 494 841 908 914 451 180 117 199 384 597 442 391 349 634 208 590 747 519 732 271 358 528 0 993 612 231 139 168 210 625 847 507 50 403 22 616 601 1000 900 131 164 579 29 672 193 218 
706 37 295 534 742 480 241 199 751 687 399 358 286 225 179 395 603 593 516 801 272 95 292 969 213 831 498 120 573 882 462 260 66 851 904 893 456 729 393 405 221 590 95 888 383 164 827 537 687 31 503 533 676 738 435 630 594 424 68 250 102 150 470 120 388 638 596 562 745 377 702 718 946 959 353 738 616 0 101 677 764 924 44 869 964 184 982 889 970 316 67 549 996 91 227 10 577 843 396 476 
871 541 911 87 555 410 392 49 312 609 951 439 313 963 234 692 60 763 894 113 99 779 703 242 559 71 528 761 360 808 856 39 153 723 474 458 957 210 641 820 679 93 180 866 854 461 901 863 604 759 839 111 955 813 489 68 290 621 728 201 249 646 893 591 385 851 562 447 255 204 518 351 270 227 675 969 586 829 0 62 926 158 646 959 509 437 371 923 122 670 86 294 312 790 24 119 164 167 435 142 
536 155 45 442 752 379 266 392 633 532 0 836 546 171 497 386 906 409 884 707 70 551 486 669 813 572 236 341 613 852 441 835 782 284 311 265 151 274 566 692 281 317 34 590 401 775 521 205 783 250 867 543 601 81 375 571 517 129 894 738 894 794 773 338 969 902 180 859 310 589 647 257 766 587 842 480 217 95 183 0 278 334 307 500 60 81 615 56 699 705 990 907 23 291 995 283 198 552 467 196 
175 885 888 414 213 209 880 999 794 831 122 169 86 913 57 784 650 274 270 672 910 554 130 555 643 319 841 772 75 329 7 148 501 24 158 645 779 519 943 74 562 434 176 356 795 537 829 192 375 374 319 173 106 820 222 793 66 67 517 289 166 81 23 971 591 624 596 799 970 75 542 350 691 900 911 131 482 355 419 874 0 673 529 381 292 941 409 160 408 10 683 512 261 286 740 688 338 353 230 276 
757 430 731 341 796 833 623 405 819 232 630 34 922 141 814 731 755 962 586 227 882 371 230 45 14 222 849 565 984 517 97 833 564 101 304 658 695 758 248 337 509 464 275 530 308 2 194 712 397 102 711 604 824 129 741 807 564 738 389 156 989 408 306 856 271 680 248 584 360 633 582 99 309 29 916 806 27 396 528 811 1 0 515 497 267 810 645 70 307 120 446 288 549 366 86 9 365 268 10 63 
526 389 940 44 735 608 681 328 314 531 626 987 831 829 978 151 269 910 618 501 335 124 432 475 625 29 648 586 314 550 767 885 938 749 327 139 578 361 685 232 93 495 977 297 996 166 443 809 968 312 29 850 830 986 270 990 335 913 19 235 392 439 533 420 75 495 418 64 611 761 987 478 370 55 552 57 766 392 259 885 61 453 0 186 127 64 176 758 164 184 892 154 242 664 595 795 581 751 954 19 
12 813 629 979 828 796 527 475 246 783 68 827 523 886 569 368 615 34 776 690 45 682 912 941 217 827 859 949 130 998 572 866 876 597 874 976 490 906 669 648 217 517 143 440 61 688 651 208 748 209 434 714 942 109 747 866 291 835 567 645 539 964 827 175 774 872 407 987 408 225 557 993 248 616 624 106 397 491 545 400 830 774 262 0 29 435 486 885 552 776 513 28 845 310 142 714 113 689 88 269 
413 755 318 311 989 809 449 753 714 803 728 77 255 287 197 109 586 561 507 903 401 581 595 218 667 335 445 693 843 749 942 672 796 268 117 558 672 265 631 277 457 677 745 409 225 9 216 88 508 500 162 466 701 804 504 402 809 192 738 571 67 181 616 602 414 193 420 894 885 854 881 412 102 45 603 72 702 0 464 495 6 821 911 877 0 251 208 391 181 316 349 921 87 23 168 546 737 761 344 943 
467 797 228 903 691 185 886 284 665 902 694 576 669 506 320 275 538 680 224 389 139 526 365 486 497 93 511 498 888 579 613 502 793 492 788 282 976 145 565 943 264 910 890 49 623 255 966 26 21 410 112 788 990 277 859 191 990 460 666 877 770 656 145 936 955 207 506 165 261 481 703 321 391 958 109 0 336 350 725 684 431 706 203 836 919 0 739 994 609 868 819 716 461 297 748 591 610 8 527 684 
173 690 569 179 515 930 578 903 981 156 673 633 86 53 376 959 752 642 480 406 275 84 296 676 347 968 857 743 578 562 594 881 473 167 669 257 465 395 828 900 858 519 281 608 582 125 542 949 39 479 527 985 277 979 403 703 299 819 414 319 665 705 417 350 932 408 101 464 423 870 756 207 842 500 501 253 628 155 576 446 907 164 96 175 490 600 0 489 640 679 159 756 169 649 460 172 133 301 952 373 
193 729 10 248 425 899 628 611 863 482 684 569 235 381 446 835 300 588 486 971 193 979 27 888 365 742 37 937 412 253 395 592 253 940 611 287 811 994 511 112 818 961 708 965 964 465 951 632 331 42 889 850 965 499 263 459 502 17 427 140 12 106 180 993 692 826 658 892 652 949 66 421 951 359 236 63 630 493 797 431 262 312 933 862 322 84 983 0 42 865 441 175 983 709 302 168 170 746 376 965 
261 2 910 374 592 555 774 4 429 262 371 147 568 118 899 959 431 526 301 571 636 724 251 756 403 155 81 646 4 57 774 144 873 785 256 876 613 744 345 766 914 688 345 419 736 632 203 607 75 867 604 764 238 381 262 658 760 120 831 453 836 953 377 680 704 123 47 640 823 592 916 395 937 407 968 55 370 279 410 864 147 556 849 966 710 752 458 820 0 47 896 212 416 955 498 325 379 546 623 224 
680 716 660 389 618 999 286 745 631 692 359 855 151 50 175 392 110 81 21 643 274 728 976 839 944 247 904 968 882 588 141 105 700 190 459 482 536 831 387 498 782 951 492 834 865 93 182 659 457 234 747 451 929 235 954 324 567 775 58 48 543 313 601 373 968 393 803 870 937 499 104 745 644 276 885 788 325 457 743 449 740 66 696 107 333 842 479 709 758 0 652 475 431 833 597 378 742 132 483 433 
725 921 19 226 807 445 577 552 735 161 103 198 394 548 311 0 594 815 927 817 565 21 588 631 150 705 784 112 979 369 991 936 859 370 748 497 752 820 202 119 93 260 100 91 423 990 49 615 313 639 202 1000 550 725 460 859 298 366 133 455 71 484 410 990 362 567 958 35 606 890 73 761 366 338 613 175 659 379 501 885 144 845 54 977 79 535 516 7 954 56 0 860 765 579 216 643 743 350 781 984 
468 558 283 500 449 883 866 288 188 625 140 942 539 288 155 302 538 452 635 747 80 308 16 731 21 235 394 823 672 478 572 235 796 359 753 75 641 360 768 717 955 505 298 824 503 712 501 899 211 770 810 792 272 356 702 402 222 138 30 911 57 570 696 915 242 135 39 530 941 573 506 960 983 954 738 24 246 703 224 26 363 15 582 622 69 25 502 413 380 333 774 0 123 389 288 883 298 602 651 754 
633 997 926 705 599 602 59 752 979 248 899 13 819 353 991 889 753 398 128 209 881 596 532 439 841 34 745 700 792 12 111 485 595 318 919 86 633 174 394 242 979 550 509 999 804 119 586 452 758 713 604 482 905 224 838 161 362 48 936 278 412 226 296 798 379 206 20 620 517 182 517 238 169 951 526 23 339 521 514 794 1 37 294 383 314 917 383 743 610 366 136 410 0 44 729 996 130 182 887 397 
266 739 908 747 745 257 397 9 946 499 648 438 905 254 270 829 265 277 612 166 33 982 868 229 661 411 27 934 303 720 963 208 944 656 823 398 993 186 313 104 574 180 647 16 432 743 840 677 430 980 533 427 294 798 129 777 935 120 609 226 720 844 660 396 844 622 492 694 760 691 842 732 460 571 922 894 709 946 167 73 311 169 68 421 654 572 322 364 494 644 824 328 589 0 224 107 364 919 610 393 
730 140 759 412 627 916 605 750 146 893 548 369 708 808 811 601 651 832 142 246 726 1 329 957 225 101 284 398 661 431 755 33 0 50 923 991 40 554 646 246 505 517 90 663 732 917 344 727 287 160 561 501 936 988 738 356 569 264 762 661 367 61 175 898 903 122 89 544 234 654 502 409 881 158 511 941 484 949 38 441 593 476 833 842 315 679 525 777 543 144 229 214 198 601 0 457 479 158 570 837 
500 857 105 789 948 783 233 367 25 54 252 826 316 993 227 584 300 491 944 928 607 887 730 584 999 890 25 791 806 541 19 893 568 369 365 520 658 906 629 454 804 438 334 857 127 545 938 891 558 558 793 7 520 193 42 376 186 110 31 825 960 107 606 47 222 611 683 539 523 686 575 148 732 827 578 421 719 648 624 254 177 166 790 659 472 67 232 300 259 546 465 493 188 753 557 0 492 118 529 992 
334 232 501 964 403 902 406 410 222 490 524 137 985 667 623 46 947 26 983 815 639 857 369 729 524 730 88 479 948 649 874 935 421 163 43 122 299 303 29 287 669 971 70 34 750 961 312 846 741 57 399 3 844 293 612 551 414 768 625 806 143 894 467 837 750 21 425 940 921 203 485 783 304 716 639 226 743 274 403 631 195 128 276 221 428 280 69 648 235 843 805 578 610 859 447 882 0 215 561 612 
678 948 28 783 531 748 204 597 532 496 661 386 987 983 533 744 998 33 527 211 834 75 687 766 47 503 52 945 285 145 865 686 151 854 610 39 416 677 78 345 979 926 189 247 470 647 980 645 593 84 397 594 298 105 773 51 748 838 351 290 62 234 797 848 982 472 662 603 897 874 967 775 89 16 196 926 760 821 483 324 188 688 392 790 151 932 506 184 16 566 232 300 328 7 808 210 80 0 771 7 
637 585 928 162 576 262 824 381 299 838 889 681 954 266 445 213 882 245 478 712 543 702 73 685 863 582 518 335 820 453 243 45 831 452 520 192 440 249 846 102 630 151 985 833 832 951 605 615 368 133 730 266 68 855 928 750 91 889 569 209 850 183 446 652 370 519 824 246 729 412 16 963 561 466 923 619 192 894 342 776 267 637 748 357 727 892 160 475 313 958 312 770 711 193 438 748 621 907 0 328 
888 989 426 965 695 18 114 417 42 471 299 762 367 372 73 919 529 472 301 412 269 968 873 696 842 10 58 235 306 174 977 257 256 823 936 556 19 786 318 826 811 581 375 872 64 156 631 613 728 777 670 854 972 815 113 870 163 594 455 153 107 172 934 603 533 752 336 472 457 495 110 957 414 415 870 827 852 461 283 445 312 979 996 960 825 279 629 383 928 666 215 183 867 96 282 921 369 27 864 0 

Depot information
1
1
1
1
1
1
1
1
1
1

Customer information
1
1
1
1
1
1
1
1
1
1
1
1
1
1
1
1
1
1
1
1
1
1
1
1
1
1
1
1
1
1
1
1
1
1
1
1
1
1
1
1
1
1
1
1
1
1
1
1
1
1
1
1
1
1
1
1
1
1
1
1
1
1
1
1
1
1
1
1
1
1
1
1
1
1
1
1
1
1
1
1
1
1
1
1
1
1
1
1
1
1
