Seed 125 - Instance: n90m5_2
n 90
m 5
Q 9999
L 5
U 18

0 879 741 578 911 426 464 434 54 895 662 0 546 985 880 3 199 184 434 264 911 292 247 735 767 936 847 69 47 967 530 179 623 795 190 707 809 937 735 696 721 71 577 742 748 152 795 825 175 100 868 444 319 36 33 171 965 406 907 882 322 445 605 56 63 799 871 868 995 85 124 862 242 988 329 112 688 929 87 135 834 132 891 439 947 869 858 852 950 52 147 538 389 702 383 
5 0 308 626 332 268 886 174 288 172 867 332 959 996 319 889 725 218 454 146 291 949 15 585 19 934 443 774 844 943 351 832 632 206 312 360 784 187 400 40 546 817 973 896 818 630 468 861 569 830 860 471 440 767 509 949 856 869 316 462 236 662 805 930 433 248 1000 264 862 70 508 688 313 802 977 72 143 713 697 768 766 630 823 995 976 925 226 97 610 791 36 825 615 201 164 
769 609 0 789 480 357 19 800 474 66 612 25 22 605 827 494 414 258 487 979 468 868 410 486 218 142 916 178 744 64 883 761 771 37 950 884 931 463 546 930 865 843 831 824 966 624 492 322 531 401 342 505 678 217 527 191 434 323 25 942 629 507 365 1000 303 3 965 790 610 573 492 839 165 799 998 320 698 723 915 239 531 507 299 360 331 342 462 933 581 706 304 696 63 872 319 
441 161 963 0 204 993 339 941 975 222 453 975 529 297 405 526 478 521 499 93 558 219 251 971 62 630 628 180 923 704 816 916 675 168 898 738 835 880 986 948 640 2 594 1 602 5 276 837 513 950 441 233 901 594 897 750 358 279 53 243 239 476 306 695 483 615 813 597 671 713 28 763 302 800 872 286 63 57 834 698 431 496 0 67 893 233 131 15 719 471 428 446 22 953 772 
398 220 340 945 0 647 252 125 439 813 95 99 818 445 956 859 730 166 161 848 508 347 375 684 552 131 894 786 615 157 164 788 96 738 868 994 732 429 417 367 992 221 670 426 48 458 876 953 311 880 91 550 299 902 616 353 463 441 680 258 8 122 376 411 896 566 232 909 195 934 628 994 503 300 637 355 542 815 582 665 28 498 363 511 496 185 632 347 441 263 804 819 91 674 40 
203 190 426 67 840 0 804 240 474 820 344 958 142 912 579 459 496 257 551 593 260 372 482 408 860 861 392 646 844 766 404 101 564 318 289 76 535 875 939 526 868 580 605 879 952 207 410 382 71 543 199 342 790 601 443 213 644 47 682 481 907 924 737 156 289 646 333 992 43 380 710 764 221 198 215 667 973 253 775 408 619 616 357 422 160 277 572 595 156 149 606 122 578 363 899 
328 522 857 18 196 485 0 424 999 72 617 976 414 451 687 808 169 53 856 745 705 425 198 264 70 817 156 62 496 599 261 797 624 170 322 215 413 523 153 561 370 750 756 962 182 912 599 690 168 192 74 163 162 508 445 504 606 59 712 974 55 821 173 324 619 726 143 851 194 859 382 364 549 519 267 363 618 578 261 510 294 883 853 704 222 852 876 615 109 391 820 877 117 909 643 
452 566 960 205 145 398 348 0 375 461 140 164 576 506 933 973 561 942 206 619 219 816 266 257 119 571 671 553 23 523 174 80 697 660 611 755 950 808 534 202 680 186 369 159 957 629 207 302 372 388 770 918 60 842 824 773 334 939 876 509 164 72 184 59 437 31 496 356 759 549 226 145 858 177 262 405 619 224 568 621 769 163 328 791 384 648 421 696 473 921 983 950 551 423 728 
131 812 632 643 186 974 580 39 0 427 823 250 150 809 252 825 267 759 190 820 158 850 130 877 42 494 288 582 289 152 708 200 777 208 154 57 879 273 432 389 960 446 774 840 260 426 522 421 759 451 399 991 297 379 518 900 315 459 643 666 592 658 446 949 502 502 961 382 243 501 87 721 15 53 6 357 0 172 399 644 438 861 806 131 541 690 497 380 47 710 602 269 713 227 172 
303 937 385 570 62 260 185 174 702 0 86 817 247 896 452 877 994 15 154 763 905 717 833 76 947 553 363 355 388 576 335 228 194 193 525 873 458 735 817 445 985 661 963 226 814 316 627 442 260 952 882 293 213 477 624 5 61 877 325 348 525 907 1 376 670 627 617 935 630 56 526 977 948 351 890 514 175 340 379 682 775 464 408 555 126 968 741 500 187 577 113 916 198 259 2 
59 327 26 789 658 279 899 338 133 552 0 192 239 691 669 877 847 941 441 767 307 882 514 322 948 435 7 741 980 554 885 972 783 363 832 83 258 412 204 916 458 434 555 175 412 687 163 857 321 115 469 9 868 803 701 699 383 364 240 197 144 989 725 474 23 738 533 364 249 555 50 673 231 319 447 477 69 709 509 441 786 916 641 642 978 285 146 370 41 839 942 816 990 655 594 
473 125 247 75 826 865 10 29 923 977 31 0 790 705 829 199 160 566 135 409 711 78 257 620 612 357 108 881 726 981 777 643 700 1000 970 699 87 556 303 543 159 57 925 364 953 238 626 27 740 744 133 563 413 292 713 390 214 276 180 728 781 80 273 348 277 645 436 591 802 509 19 360 975 115 178 849 76 1 417 861 671 904 336 524 115 893 12 793 611 906 443 494 82 855 604 
411 887 888 653 493 226 762 645 234 741 141 733 0 525 469 690 260 435 377 838 426 416 645 958 572 341 581 766 888 493 37 133 586 440 875 934 397 900 856 405 856 644 571 468 620 552 797 876 865 939 573 269 763 186 724 101 246 911 174 651 90 178 672 806 548 537 744 893 159 75 809 307 128 318 594 871 762 975 240 82 961 964 905 493 615 478 916 262 488 218 476 444 787 803 977 
524 994 951 549 456 337 186 737 397 236 186 835 996 0 70 795 917 491 966 46 960 977 58 922 636 777 883 14 204 7 61 220 339 894 124 645 606 618 960 78 863 772 627 252 434 335 461 972 761 772 584 49 713 961 417 318 809 940 192 158 982 198 317 19 531 166 306 351 507 475 701 277 706 180 184 104 1000 478 429 125 36 425 422 124 724 930 984 411 928 612 40 109 998 336 531 
176 623 686 260 258 886 669 851 942 605 843 587 601 391 0 385 117 338 777 7 421 807 911 506 896 551 165 711 852 965 34 245 359 799 291 445 714 25 970 290 326 820 359 639 323 326 503 972 755 161 116 124 937 837 719 644 376 849 463 637 398 999 357 586 129 624 31 917 454 825 19 159 233 902 334 283 644 724 29 212 240 538 179 825 912 935 542 878 624 538 314 195 376 437 881 
257 810 552 958 506 474 845 502 945 971 927 639 351 33 250 0 950 243 113 723 686 652 207 159 720 273 549 652 103 756 231 52 291 550 261 621 258 168 79 163 955 745 194 46 748 299 375 10 31 955 999 745 202 375 377 623 197 632 120 725 253 18 356 60 887 73 205 684 4 740 579 396 317 208 933 189 911 623 649 803 743 738 649 236 260 791 329 668 684 974 817 395 526 313 609 
703 207 957 300 0 66 421 830 108 656 955 83 550 537 725 340 0 374 569 731 491 807 324 699 519 626 754 648 694 826 521 16 237 648 214 675 305 630 450 958 686 920 581 432 431 310 371 420 756 855 828 635 516 32 794 996 179 595 101 877 559 59 428 245 490 951 745 766 377 329 863 49 191 931 202 369 207 350 172 582 269 456 816 626 79 741 330 602 851 934 787 310 347 313 854 
605 875 974 225 408 951 585 515 42 957 533 578 113 139 252 606 882 0 430 811 947 177 53 927 310 341 831 718 455 825 452 188 908 726 41 722 658 153 844 208 384 998 998 444 822 787 987 488 120 942 40 407 588 745 832 272 728 437 369 932 726 779 797 211 308 689 557 892 219 900 843 622 368 341 17 47 438 986 215 512 937 747 200 567 355 365 263 405 544 494 811 433 501 407 9 
694 489 120 685 915 413 178 346 143 366 292 729 324 624 21 732 520 721 0 964 782 300 905 654 730 960 625 807 452 301 768 145 220 643 402 986 341 330 631 399 905 377 450 953 990 388 231 263 453 542 6 300 791 178 4 39 828 315 281 95 299 104 621 369 754 109 797 698 120 99 827 76 523 530 920 711 194 833 779 506 517 734 718 814 454 819 22 387 809 326 449 884 527 167 643 
823 92 980 918 38 893 429 280 856 790 443 118 84 234 761 777 126 633 248 0 161 505 32 174 218 163 256 533 100 505 162 981 584 105 36 325 737 885 80 651 958 478 627 735 999 932 315 422 336 642 287 266 453 929 171 878 906 505 922 445 50 322 7 925 934 683 385 310 22 38 672 131 620 183 704 257 577 558 43 356 813 683 28 854 652 683 806 932 824 773 981 416 640 853 255 
754 790 179 589 428 827 946 714 298 306 384 796 705 625 244 733 974 390 774 256 0 883 764 517 475 709 614 653 189 611 33 118 373 196 975 9 72 381 450 798 203 569 986 425 693 309 67 168 89 391 565 752 141 440 126 610 801 934 360 174 796 416 288 466 369 639 805 285 807 42 895 313 988 704 898 823 584 35 363 229 200 434 696 270 684 900 355 438 611 463 514 356 747 236 142 
866 663 522 468 718 947 158 251 827 226 951 770 108 246 506 325 91 169 151 800 170 0 813 249 290 798 705 139 440 167 408 834 275 33 508 165 367 159 531 6 59 0 978 861 926 725 579 996 367 479 383 232 137 484 981 951 648 604 81 257 345 456 639 935 335 744 167 543 472 553 7 267 942 144 981 799 72 952 313 465 857 109 251 89 159 36 822 140 964 610 748 820 670 410 418 
67 700 421 453 545 998 546 222 765 345 5 27 881 933 635 426 900 293 61 650 556 498 0 421 285 887 763 902 891 123 368 36 283 828 883 746 306 235 578 795 572 461 170 25 702 751 109 495 72 906 635 424 706 393 799 356 683 215 988 807 776 608 681 803 851 857 404 191 782 273 554 972 989 753 360 182 110 527 750 264 38 339 911 487 663 151 820 341 682 990 856 389 341 880 751 
769 520 835 564 28 214 282 68 581 294 752 197 118 505 86 882 463 152 166 879 883 780 969 0 249 140 537 409 565 154 767 837 770 310 381 818 292 319 740 635 340 258 683 846 585 698 966 267 670 606 351 816 298 313 669 139 885 880 341 335 277 428 588 909 453 8 748 133 224 827 346 672 581 30 934 127 183 629 618 354 750 109 2 241 37 853 737 1 984 717 47 53 875 497 656 
652 759 762 557 950 699 284 810 437 302 759 920 866 67 325 690 414 641 77 499 104 120 412 758 0 376 293 161 900 580 273 56 237 306 756 887 682 680 713 241 330 34 659 688 566 558 856 406 931 698 997 577 718 135 64 256 368 898 40 317 447 163 704 125 633 115 0 156 927 115 681 962 802 1000 783 882 776 621 584 662 863 971 28 204 663 765 341 258 61 102 177 415 322 256 209 
709 765 570 945 768 343 352 207 870 836 395 355 288 565 494 902 138 71 18 616 384 847 811 265 954 0 379 848 20 488 986 809 472 783 74 516 347 791 809 548 395 426 855 170 760 536 747 64 72 333 771 179 954 61 605 412 646 332 601 875 208 364 397 28 982 748 257 926 671 350 558 117 818 619 139 175 206 960 242 625 513 552 35 83 930 557 645 469 892 923 260 100 53 221 851 
733 645 154 822 105 548 959 60 560 964 829 565 298 853 559 765 190 973 622 469 626 228 980 790 630 508 0 75 941 584 748 972 679 755 993 760 331 760 733 85 994 626 453 654 118 554 799 523 427 72 216 441 351 794 500 529 338 106 517 388 754 734 422 551 243 242 378 151 50 154 993 594 911 185 476 590 252 39 807 624 537 806 622 355 646 727 472 697 860 668 201 711 780 327 122 
907 344 538 929 578 370 132 559 795 799 632 45 30 617 749 754 264 64 220 918 617 356 250 130 848 440 633 0 298 515 172 749 379 658 870 980 499 321 747 683 139 559 287 706 465 264 259 343 615 630 62 155 998 658 634 89 28 171 767 365 763 432 268 199 905 694 812 170 30 590 894 3 554 174 499 801 669 16 605 87 151 875 274 354 76 333 363 336 14 406 573 760 482 830 81 
247 465 338 753 795 224 868 329 673 302 435 758 855 127 212 459 363 265 74 52 767 517 213 141 996 555 328 395 0 212 348 205 998 511 296 220 924 315 906 541 181 673 349 407 281 554 555 345 934 628 305 312 535 237 98 799 149 619 15 985 578 356 708 333 312 715 501 932 413 271 177 289 10 527 338 119 599 219 320 263 561 110 206 603 591 508 311 377 272 899 150 40 937 890 275 
20 963 811 433 417 513 837 237 154 985 879 826 903 151 465 423 926 526 478 316 353 341 993 337 172 904 266 197 662 0 936 72 433 771 6 323 553 403 577 317 315 449 785 384 252 146 594 490 453 196 784 129 715 18 906 577 810 637 16 133 433 204 697 519 212 870 58 170 858 798 66 411 747 723 889 798 433 706 577 854 237 870 556 622 121 282 161 986 678 327 446 899 988 180 986 
281 115 753 393 873 314 271 243 747 961 553 659 33 179 12 463 449 989 777 387 528 841 546 184 532 52 457 824 155 669 0 624 899 739 944 477 376 579 841 48 963 999 219 285 835 936 374 181 219 895 551 166 1 233 352 211 67 298 602 156 786 652 163 302 827 888 235 846 101 517 131 910 395 15 518 732 146 364 405 788 117 684 161 324 677 721 45 774 718 996 885 563 111 874 695 
759 144 215 30 55 189 16 865 821 780 678 787 142 949 252 473 817 563 977 419 659 753 271 330 538 183 741 804 170 262 706 0 173 95 862 476 338 307 499 631 778 543 445 93 729 283 753 749 555 517 467 601 344 215 919 840 725 541 545 236 106 371 588 616 693 223 908 261 424 5 475 160 655 11 665 331 380 737 257 842 607 456 995 921 744 918 765 898 743 926 528 252 12 532 874 
92 257 796 426 517 127 457 353 627 566 110 645 349 246 279 125 59 122 369 738 469 393 564 22 917 151 396 429 412 689 436 704 0 865 668 61 273 760 535 219 992 156 435 466 89 245 167 335 273 496 384 972 446 395 969 276 939 3 175 608 329 531 67 36 510 125 93 336 581 333 494 473 389 706 303 31 847 765 600 381 9 388 90 242 181 864 524 890 574 371 546 281 389 600 549 
476 214 541 787 367 566 320 204 774 810 861 336 535 232 265 396 196 783 683 80 304 124 339 464 220 260 243 784 760 290 514 389 699 0 459 884 567 235 776 207 942 389 91 1000 575 731 138 443 274 130 163 992 390 52 325 186 661 144 759 719 792 322 61 432 571 111 722 53 779 335 124 89 253 918 694 743 822 709 947 440 802 535 904 500 407 226 717 723 149 427 582 411 242 648 397 
78 269 237 392 535 401 641 298 508 670 976 75 801 191 219 674 445 33 842 753 782 223 34 124 168 311 759 244 927 854 598 825 747 430 0 364 977 709 709 660 109 227 495 638 630 524 746 584 981 364 229 73 659 270 821 664 768 606 908 238 869 623 928 410 65 269 689 417 324 935 571 264 836 897 392 759 598 280 654 719 627 807 142 162 244 358 653 338 647 429 615 116 467 712 792 
169 598 813 76 760 786 758 437 409 338 301 377 370 498 272 220 774 65 382 475 191 778 953 555 613 323 30 117 49 817 435 568 421 254 105 0 994 638 178 657 938 790 501 412 382 502 26 60 909 222 766 897 966 570 174 925 44 916 535 89 670 595 58 250 854 107 10 791 201 272 328 559 644 728 111 674 340 819 660 565 778 719 664 178 271 217 950 289 436 514 189 866 152 500 758 
320 612 209 281 990 385 840 839 850 326 542 655 953 839 572 464 283 132 955 122 505 444 685 649 298 761 189 9 612 531 454 720 943 849 649 564 0 184 48 608 939 338 597 553 908 409 847 92 421 395 681 800 1 464 419 989 493 968 930 283 686 107 805 362 351 716 340 313 661 242 845 200 886 1000 376 567 674 391 462 63 477 966 392 898 236 700 846 460 979 859 859 665 169 570 748 
96 291 79 601 914 745 85 213 458 980 718 316 351 690 39 661 606 698 52 667 729 580 431 153 42 955 695 45 816 166 47 994 205 313 589 75 809 0 865 205 6 21 1000 260 695 308 345 378 657 436 782 425 912 450 64 814 364 824 598 407 49 311 531 968 61 889 94 638 487 709 228 752 91 273 888 56 300 750 12 694 111 486 869 893 874 485 824 511 330 868 419 16 625 426 897 
991 37 124 255 996 961 332 598 219 304 984 1000 708 3 133 873 83 227 67 378 932 234 640 712 278 414 446 457 291 108 955 106 348 31 674 986 564 238 0 380 289 797 861 105 47 369 74 783 256 572 292 257 920 346 230 96 35 391 433 612 666 979 863 482 633 15 488 977 42 220 702 36 982 253 190 889 423 686 301 80 246 478 10 884 155 416 906 632 244 680 800 334 846 379 978 
160 180 997 178 5 120 794 536 422 660 422 974 739 850 597 436 739 933 218 388 49 676 574 446 734 158 228 191 369 103 736 303 144 493 175 528 874 290 839 0 837 381 532 612 323 626 246 417 860 791 186 57 518 243 596 855 813 992 743 106 290 122 630 137 330 287 398 150 226 890 700 64 719 940 513 488 965 935 282 175 408 208 538 569 12 790 335 753 388 305 965 237 97 629 815 
461 845 39 32 183 853 423 388 50 165 240 873 212 824 609 453 469 431 359 899 57 242 878 239 223 246 237 422 899 813 551 913 962 89 776 382 396 147 220 773 0 407 281 513 606 854 889 211 933 41 681 790 628 19 933 576 849 13 114 832 852 96 386 187 69 866 106 331 560 823 559 743 405 420 582 705 530 915 854 54 711 249 228 332 580 646 496 521 73 811 855 131 580 320 7 
7 681 206 772 400 729 679 476 450 155 600 341 496 436 583 390 711 936 928 618 964 645 397 214 994 192 990 645 108 384 125 718 370 779 853 168 714 133 94 312 885 0 178 720 992 759 966 327 730 432 571 714 117 25 659 570 870 858 852 100 512 851 281 428 603 285 582 715 767 129 116 360 90 870 867 456 561 221 941 191 305 931 38 320 863 530 825 137 711 591 347 31 799 679 769 
36 389 759 973 901 487 140 888 214 419 715 876 182 358 866 93 76 228 657 555 638 975 135 385 602 243 245 718 682 443 812 448 902 219 993 6 504 783 371 705 645 10 0 678 190 598 796 999 530 544 341 672 179 198 846 919 660 893 382 795 132 846 949 43 499 458 477 754 882 804 130 538 523 908 428 956 140 25 121 447 28 935 261 452 760 524 266 310 767 44 605 391 973 800 635 
548 931 481 145 761 67 216 352 466 51 942 686 32 507 279 28 466 881 845 47 179 64 129 217 467 618 818 558 266 519 907 263 84 210 410 913 934 488 728 983 109 208 406 0 225 32 956 66 834 943 53 81 156 135 482 732 280 113 835 354 135 173 268 511 452 294 365 397 191 943 519 791 139 66 936 490 152 491 896 974 208 330 721 344 98 278 727 393 122 655 429 647 716 455 789 
591 512 746 361 607 836 541 99 197 554 245 926 278 901 113 761 493 674 607 234 965 988 511 968 467 676 715 251 505 665 424 791 441 327 327 191 578 948 153 520 614 990 574 254 0 94 744 868 956 160 456 164 452 138 857 877 354 66 982 112 15 670 931 235 1 810 440 178 257 866 168 992 786 972 618 364 717 342 394 541 432 701 256 736 560 386 673 101 669 401 952 296 995 411 573 
3 96 689 852 505 410 708 519 990 781 83 295 681 703 413 612 627 587 739 654 682 17 782 210 634 163 874 945 71 790 768 327 75 780 768 51 366 200 429 148 707 115 616 67 809 0 316 36 982 470 568 932 258 840 557 609 908 847 595 626 63 758 705 762 417 846 346 23 650 870 540 927 539 178 382 612 62 649 250 782 582 304 936 845 651 806 785 602 256 645 238 137 719 579 42 
220 39 74 305 404 227 188 470 445 574 450 131 787 155 475 548 354 542 350 703 487 9 207 165 121 411 338 677 478 910 280 846 896 601 20 818 503 944 646 508 555 161 261 477 476 261 0 302 199 629 997 178 550 642 523 774 448 152 731 892 457 217 62 642 332 753 85 885 100 876 364 809 313 426 773 935 944 473 867 951 781 209 813 456 950 632 344 920 370 313 825 87 194 727 370 
305 894 266 249 128 182 21 985 108 284 80 280 187 801 701 689 628 649 177 468 865 759 124 841 370 372 864 955 739 545 271 712 39 927 741 820 454 9 302 195 930 655 195 884 54 18 793 0 945 273 379 353 216 962 654 209 654 840 861 734 88 266 797 666 127 540 646 640 541 553 797 722 778 201 921 946 926 150 980 817 734 841 141 667 454 469 354 933 871 909 957 809 459 547 888 
435 644 425 94 326 802 236 71 858 576 785 353 156 312 665 307 145 58 581 438 926 33 620 546 961 658 321 323 62 775 708 787 774 450 271 632 620 41 920 272 536 223 275 801 386 479 601 681 0 846 11 955 767 745 345 290 800 410 425 358 751 45 636 440 588 823 301 63 959 546 31 676 453 157 628 241 444 448 121 631 432 304 759 967 178 731 511 802 441 217 374 651 678 181 913 
897 87 323 568 720 53 288 80 208 450 423 247 426 652 860 847 807 511 670 916 488 493 354 217 213 543 77 126 514 819 783 52 290 804 200 422 849 202 694 776 929 15 614 161 201 16 944 851 751 0 758 859 790 993 684 274 974 220 951 958 494 732 307 691 435 967 117 344 624 116 793 536 87 454 482 836 655 35 313 540 836 858 495 399 401 59 611 341 943 67 809 61 724 430 191 
277 588 705 404 146 153 990 502 763 608 184 111 609 272 834 455 486 562 781 458 807 3 913 976 397 375 508 648 519 717 527 597 426 498 92 731 805 882 730 537 772 258 125 187 50 273 831 114 411 356 0 867 728 225 135 427 557 615 945 281 941 491 685 318 890 985 769 279 11 376 268 855 658 399 619 627 994 497 884 574 814 921 649 548 427 408 878 332 889 263 859 187 775 278 57 
581 149 240 918 404 741 335 315 34 447 399 679 68 908 694 510 704 1 213 44 316 455 728 415 737 499 710 200 678 740 229 176 666 236 233 453 115 855 384 301 925 154 794 466 361 701 225 815 513 628 720 0 439 613 722 283 879 366 796 878 934 49 63 462 811 471 808 431 314 85 483 140 15 539 468 55 668 198 403 691 737 454 697 696 347 383 97 569 549 30 90 603 566 391 546 
629 456 655 558 732 905 15 923 606 472 784 377 690 184 146 984 802 821 451 690 981 315 992 173 370 231 643 603 372 864 687 603 404 930 486 619 170 832 455 228 374 169 262 671 158 150 363 871 254 784 863 617 0 812 71 796 527 968 131 543 250 439 740 22 444 592 763 124 604 977 952 916 461 55 709 430 550 738 520 3 777 970 756 636 147 181 205 887 42 656 453 25 447 308 412 
998 926 853 74 462 86 93 355 485 709 473 258 846 723 20 218 632 407 258 892 591 537 801 187 47 642 869 252 810 650 719 623 375 733 971 818 327 18 484 356 423 564 324 224 404 384 932 754 858 856 700 948 878 0 609 380 819 964 61 693 696 874 599 746 785 785 513 570 15 509 377 169 632 215 713 707 881 596 10 600 389 88 737 977 635 139 426 663 34 531 463 13 472 195 688 
72 918 986 118 825 110 762 410 446 377 487 562 14 320 761 345 938 250 273 157 452 465 45 728 772 54 84 493 683 31 674 39 896 478 397 720 385 495 726 7 864 492 854 219 968 401 122 689 844 225 572 432 722 520 0 226 858 219 245 1 598 706 622 102 619 137 855 57 289 522 229 477 947 5 701 535 65 529 470 702 62 421 574 498 998 902 805 739 917 102 160 20 45 507 607 
406 301 810 814 989 447 400 449 426 435 705 502 510 430 372 281 215 915 98 793 686 272 141 429 385 446 740 113 614 94 442 148 512 44 759 374 262 494 996 974 14 96 345 868 758 232 396 69 606 874 109 552 199 360 666 0 377 392 392 47 902 481 103 13 29 463 174 455 157 429 72 914 332 942 857 559 40 505 876 885 568 290 72 498 441 741 309 317 265 848 822 884 967 237 495 
535 761 988 95 371 67 389 823 417 563 184 143 534 862 594 32 926 282 285 185 728 587 752 853 631 862 1 456 574 822 272 556 258 969 208 245 733 414 972 624 674 148 542 866 427 48 251 949 898 499 473 428 712 818 631 960 0 18 917 166 873 614 533 750 810 923 603 340 737 389 120 718 31 938 152 736 535 739 547 867 199 174 56 75 882 785 655 176 234 346 400 92 190 188 745 
199 910 103 945 976 739 442 249 228 575 746 939 791 48 512 211 531 980 833 789 297 116 224 124 803 869 452 253 551 440 98 672 392 542 0 368 855 873 870 259 120 250 319 681 850 530 834 274 138 70 484 867 164 906 290 949 856 0 758 551 820 668 943 825 678 838 266 801 284 471 162 286 80 161 83 869 662 388 113 555 757 739 419 861 76 212 1000 940 181 525 481 618 531 136 630 
80 282 493 75 701 579 660 707 588 847 763 779 825 544 779 106 411 686 752 850 604 141 843 398 862 771 298 786 78 10 758 908 31 231 625 835 259 395 542 62 728 398 106 431 54 941 579 989 655 291 913 339 201 907 221 326 73 669 0 884 89 981 320 171 576 523 16 910 246 287 770 837 332 312 210 929 694 220 661 57 250 946 255 441 433 609 670 667 366 528 585 863 49 154 455 
476 899 837 264 398 377 741 37 493 82 51 250 881 260 136 905 952 294 584 487 75 681 480 740 420 964 998 298 587 924 1000 504 752 208 748 25 634 586 147 139 323 756 177 423 115 970 60 652 346 408 734 803 957 385 651 44 255 619 633 0 874 797 221 653 180 352 541 468 347 637 75 742 678 966 264 553 670 524 64 446 488 29 151 234 161 371 113 614 845 77 490 430 370 570 169 
661 186 431 384 407 752 714 770 31 844 397 944 86 371 451 487 867 995 840 911 299 814 529 599 454 452 932 143 270 634 178 700 518 124 88 611 301 642 664 770 664 951 882 95 420 359 180 511 382 251 973 333 190 600 979 836 756 506 462 711 0 34 410 385 374 803 215 631 543 372 606 512 137 467 779 404 762 710 62 897 707 38 322 81 691 318 867 460 677 75 546 290 146 94 104 
818 522 746 423 70 674 463 288 164 677 64 160 699 401 697 697 959 556 536 26 858 806 233 282 839 481 467 431 512 107 924 345 859 965 314 195 22 356 486 692 821 94 403 331 67 988 912 468 105 687 197 588 152 830 735 150 579 767 185 368 130 0 767 299 807 586 309 729 596 221 371 689 601 327 211 929 434 638 696 308 583 866 835 53 595 25 186 783 503 89 488 305 706 16 144 
9 627 684 561 219 969 56 819 761 856 309 145 253 628 202 641 82 85 717 558 677 776 515 769 167 925 738 300 751 523 760 54 134 371 441 820 60 87 167 245 491 265 64 862 717 268 22 628 974 327 215 374 718 501 954 702 195 915 776 545 20 608 0 842 682 365 640 441 775 176 969 502 14 889 830 849 657 35 871 358 283 783 28 835 764 638 468 317 999 125 975 832 470 123 563 
835 615 647 799 805 912 299 585 356 296 809 448 750 257 832 387 809 864 772 246 979 47 385 327 86 240 973 382 782 786 11 543 591 574 41 323 153 827 329 679 95 503 270 956 50 393 350 831 661 244 35 408 688 966 730 146 381 908 492 858 332 75 654 0 494 83 793 838 314 95 58 3 843 672 394 15 506 553 748 495 59 122 383 612 140 223 928 1 111 802 882 805 203 100 27 
158 176 778 576 524 652 54 343 425 274 204 566 841 382 906 459 580 187 793 886 494 39 884 749 801 818 758 586 272 235 198 646 675 365 733 481 100 498 252 117 314 587 767 347 673 497 609 890 295 420 359 663 451 423 920 993 585 68 796 748 791 609 700 364 0 832 919 635 657 243 337 756 398 524 419 555 161 766 458 414 661 250 419 926 453 432 295 108 782 294 616 654 186 543 158 
117 167 399 0 136 753 263 98 680 514 839 378 806 229 808 279 257 525 813 565 88 701 785 327 180 433 504 760 536 887 427 598 859 474 77 696 56 981 956 66 750 843 530 522 152 450 46 947 278 161 63 500 709 149 716 291 619 436 952 380 290 967 551 71 24 0 725 208 486 710 549 546 952 186 871 503 375 181 328 760 572 670 34 350 514 533 93 298 651 719 50 134 993 324 149 
29 164 962 743 290 141 244 12 603 76 872 950 820 624 28 261 399 986 920 96 216 386 46 865 794 300 53 178 182 642 171 234 529 192 494 600 348 524 180 640 612 838 983 475 34 884 415 789 692 705 864 754 716 998 947 52 188 422 453 328 565 612 988 685 577 749 0 572 597 830 144 180 420 712 546 848 522 362 287 910 990 154 99 122 890 407 77 102 259 149 290 684 109 314 399 
964 113 758 710 761 121 33 871 176 673 659 686 727 25 557 433 726 85 321 460 495 265 696 67 647 593 721 485 990 404 186 18 823 865 710 896 630 369 978 182 407 981 609 483 739 848 109 206 343 912 976 258 894 664 304 656 541 466 13 933 447 832 181 925 248 373 742 0 79 345 6 793 850 726 357 882 691 534 681 342 819 550 119 994 439 275 416 232 288 193 608 511 677 259 311 
198 646 464 254 294 483 826 369 856 792 991 217 914 264 714 549 6 708 599 489 664 265 869 746 372 891 439 109 506 960 464 334 620 783 186 816 944 929 574 718 515 750 153 157 866 636 832 256 731 733 508 565 606 810 687 167 889 76 198 9 847 344 432 414 355 647 191 319 0 734 993 377 639 519 550 716 179 476 210 311 389 626 286 731 86 420 646 765 143 543 927 36 108 603 294 
108 547 909 600 570 230 745 869 138 793 332 22 904 627 82 392 402 598 234 300 279 160 869 786 2 725 735 664 832 957 544 635 680 518 64 301 782 936 351 109 114 39 990 705 624 331 998 939 253 800 267 466 530 500 433 225 45 481 636 302 823 241 735 181 594 12 453 731 630 0 122 310 459 419 399 167 290 597 269 825 34 170 252 274 622 686 452 871 430 559 975 767 407 969 932 
136 856 586 621 679 631 376 98 70 84 211 646 317 891 454 531 922 810 50 855 999 783 148 474 732 468 466 32 622 849 511 55 998 253 657 877 811 145 533 486 332 819 944 930 76 175 391 406 170 854 749 896 655 752 745 769 147 9 59 983 12 565 580 813 53 680 363 218 271 641 0 934 275 510 521 864 812 436 208 743 7 43 555 825 842 646 259 920 115 566 873 532 39 488 894 
344 759 141 493 329 465 151 239 420 636 515 373 320 430 555 483 554 20 583 922 236 606 643 120 995 642 102 458 158 908 299 890 806 168 900 995 962 21 43 417 574 337 195 995 839 806 445 966 993 347 12 801 73 138 957 513 682 342 416 827 136 105 40 322 218 781 619 288 290 228 214 0 972 855 649 272 269 384 191 150 381 97 11 967 73 152 320 441 238 978 722 302 790 299 761 
889 446 15 852 788 506 669 294 905 612 622 282 492 837 395 0 630 218 786 55 646 375 854 862 760 56 774 382 209 504 171 947 174 116 776 629 785 670 29 678 871 811 320 8 202 136 672 693 786 295 108 465 451 458 571 317 860 167 137 339 137 544 403 721 760 930 471 729 575 250 495 458 0 299 331 951 279 388 875 736 334 273 669 529 763 114 950 249 65 176 827 776 986 311 790 
299 16 642 838 385 62 993 899 811 147 105 609 901 296 521 195 39 276 172 224 244 267 404 921 828 31 570 828 783 312 41 491 56 952 868 518 365 381 948 652 492 956 374 884 655 915 880 91 361 465 850 338 257 613 675 624 369 250 71 157 265 749 758 66 208 971 353 28 400 891 315 201 501 0 218 411 638 468 785 300 987 800 739 54 17 118 69 18 900 380 312 332 48 487 731 
790 199 703 391 183 986 515 921 5 701 474 467 685 615 392 347 655 618 495 287 595 909 392 668 466 303 782 932 519 726 101 85 503 942 761 962 702 776 934 305 290 35 697 654 806 186 369 917 436 527 106 363 344 457 495 0 478 342 602 830 59 802 52 783 673 595 12 774 707 89 623 619 706 977 0 46 518 660 498 916 48 464 602 456 293 694 311 966 94 882 116 410 530 955 817 
861 267 587 884 442 469 450 894 421 160 200 793 567 835 951 559 547 922 321 680 195 831 951 629 556 888 929 344 97 577 389 368 737 635 781 830 996 244 542 221 450 218 723 772 302 67 822 339 707 733 603 819 26 560 331 825 87 264 392 62 125 455 835 329 969 141 344 45 485 300 660 0 294 299 362 0 634 193 778 15 997 378 209 603 575 444 637 95 45 235 926 311 631 976 615 
644 396 80 781 763 116 157 670 190 495 652 447 84 843 318 499 996 210 868 620 788 401 202 902 327 863 684 371 978 859 954 946 902 632 595 57 196 554 7 879 942 373 220 20 58 47 610 705 921 441 584 369 851 975 800 587 429 403 902 666 788 838 136 522 669 776 358 970 706 540 776 860 996 435 203 150 0 688 161 361 8 715 199 213 410 997 571 419 682 723 183 658 5 330 618 
199 314 152 670 616 248 997 48 102 509 70 211 862 432 454 512 503 322 4 936 178 172 657 317 819 671 989 453 431 208 466 256 109 835 304 926 698 652 210 172 362 411 673 332 626 905 655 256 950 320 53 746 729 902 548 501 278 179 645 270 47 875 509 881 215 642 223 88 282 181 316 870 267 617 111 828 506 0 61 752 56 413 875 25 11 750 678 457 322 845 592 496 830 213 266 
403 648 152 698 236 322 309 467 691 5 790 768 267 67 234 707 404 550 175 81 163 148 28 450 750 46 75 758 617 1000 232 381 250 791 346 506 936 115 758 999 393 346 850 750 291 287 151 646 873 373 859 174 22 641 258 221 313 818 727 478 410 366 850 735 910 329 871 246 421 604 297 183 839 973 346 989 370 652 0 425 877 766 481 335 866 561 147 428 67 592 367 534 709 917 168 
690 514 635 197 424 667 119 588 457 319 656 111 106 710 459 760 739 24 45 77 723 570 915 850 193 406 686 396 32 71 344 443 222 134 320 64 196 480 435 307 842 658 147 733 247 632 46 777 678 948 162 231 451 609 944 346 938 136 676 130 872 792 579 712 312 703 589 350 974 628 475 2 911 915 662 270 954 330 385 0 220 120 403 502 577 104 464 861 384 732 624 903 481 877 331 
648 675 519 35 104 874 799 895 647 755 650 675 650 296 832 916 172 569 759 934 228 794 341 855 548 176 838 613 718 676 427 572 269 103 766 49 877 60 875 46 470 868 504 782 296 856 569 4 249 156 960 111 987 495 967 428 973 458 521 32 94 634 741 711 310 112 288 408 663 658 489 966 727 477 248 47 459 762 787 736 0 19 99 935 688 314 704 326 548 675 175 861 85 614 752 
927 163 976 531 984 578 499 645 0 347 777 824 79 782 611 575 233 275 141 931 176 380 688 198 148 362 821 582 718 641 53 921 153 656 905 743 287 321 6 259 634 354 13 239 208 890 67 391 960 734 966 224 986 385 776 195 545 971 798 258 665 940 805 976 256 40 408 795 555 716 914 44 67 315 992 163 120 784 89 27 720 0 66 587 613 487 736 545 892 868 958 49 218 541 909 
917 254 202 739 184 137 754 26 371 201 275 277 857 584 269 35 267 268 531 864 634 125 297 293 704 197 200 125 156 364 375 599 257 454 788 266 28 233 753 601 296 475 324 184 41 95 476 747 95 379 634 948 164 948 918 736 28 828 15 771 920 850 21 914 812 306 877 847 152 990 236 763 579 894 823 362 818 209 997 282 47 275 0 363 41 461 782 469 54 842 373 524 611 377 886 
333 631 245 969 99 501 371 190 253 390 555 346 614 770 164 629 386 268 861 740 917 757 956 470 994 906 317 135 933 537 29 282 486 230 265 728 376 203 201 576 577 297 155 675 223 34 996 515 14 760 883 682 159 272 954 573 56 781 925 84 568 409 282 957 849 24 749 415 653 535 280 752 729 381 955 266 707 233 878 453 567 43 67 0 177 970 100 750 686 916 216 706 88 988 203 
831 317 639 835 204 480 50 158 717 314 443 105 99 175 848 167 184 798 21 158 672 993 262 842 562 740 547 281 607 825 323 975 128 148 678 509 976 585 130 171 658 617 859 206 926 188 122 67 824 569 813 946 847 160 77 547 525 770 748 825 95 877 675 578 681 756 123 785 568 814 856 449 894 796 81 951 621 313 320 29 916 330 558 309 0 801 338 428 398 331 32 994 570 837 774 
109 392 265 310 291 220 709 858 88 637 988 785 629 334 39 595 700 473 79 651 556 98 917 635 703 312 784 568 448 595 656 458 460 959 662 374 886 362 691 719 532 346 30 847 776 545 100 524 982 55 501 861 318 716 125 207 756 332 632 713 443 170 545 365 564 195 328 823 775 456 822 447 810 563 807 743 717 906 447 301 851 828 317 611 257 0 926 389 340 747 945 229 220 187 616 
357 359 816 80 990 839 226 930 895 123 989 942 686 833 577 49 533 34 27 918 410 259 709 702 568 88 210 742 488 29 83 28 250 524 319 47 14 806 46 560 162 86 615 811 766 456 100 660 866 719 248 266 639 12 652 94 852 193 399 871 168 304 420 333 15 594 819 322 598 761 641 7 530 594 271 302 426 630 559 777 810 39 372 516 65 13 0 710 870 444 311 139 585 791 303 
733 905 762 16 945 766 332 524 660 524 334 464 988 31 944 618 14 171 243 8 400 840 983 169 793 172 59 409 640 305 965 599 787 89 373 936 153 657 523 31 871 914 451 123 7 466 754 138 879 722 659 220 936 758 695 198 141 117 289 782 455 23 650 586 684 384 703 830 633 296 22 760 969 173 547 275 264 643 998 244 973 910 662 888 825 487 385 0 517 239 390 840 431 598 687 
681 285 200 415 679 962 809 610 660 507 758 81 382 595 688 43 606 505 516 936 816 296 886 769 810 197 44 611 724 732 468 594 41 728 654 284 889 222 177 596 381 215 660 419 842 692 862 28 970 625 887 569 303 133 725 141 997 942 159 915 36 607 284 18 615 692 236 171 692 579 860 413 204 835 406 182 129 102 17 508 938 2 61 741 525 428 491 253 0 272 176 47 928 456 695 
603 823 393 133 405 811 14 205 194 759 160 565 53 801 110 377 602 697 8 454 79 280 106 684 21 846 320 488 407 448 809 509 657 101 287 800 658 150 446 904 126 634 648 21 965 23 36 925 16 530 374 811 360 461 739 399 257 178 799 609 640 106 772 741 203 423 992 882 267 957 466 522 834 205 418 164 743 107 325 514 135 957 691 711 598 865 765 805 651 0 319 46 719 394 545 
533 712 332 890 620 331 124 262 301 140 58 482 575 325 76 603 514 520 427 47 946 674 898 610 441 370 302 439 733 940 317 213 757 138 66 803 738 504 591 173 536 264 268 169 874 255 161 338 907 283 903 200 295 383 707 606 807 198 411 473 31 458 501 112 353 62 268 542 553 367 568 164 293 57 8 120 898 281 487 396 822 392 934 120 772 714 363 753 302 925 0 578 368 342 529 
164 462 402 146 961 875 499 996 827 342 613 601 668 476 494 272 21 801 159 984 153 322 405 1 889 888 252 260 164 732 595 43 374 573 37 972 303 965 469 372 93 995 322 830 909 825 494 432 405 382 912 705 193 209 707 514 560 949 844 10 506 103 701 311 968 303 147 972 392 115 978 278 872 836 468 46 501 4 642 10 329 992 669 9 392 460 745 206 166 221 845 0 312 39 611 
576 162 850 897 380 434 978 983 151 809 969 118 184 625 585 108 745 712 817 1 575 257 107 386 5 80 840 979 313 876 341 515 647 146 190 452 846 484 6 254 670 451 32 740 754 391 736 352 679 9 316 698 170 656 589 464 527 422 804 509 779 955 382 199 903 489 730 698 234 873 336 100 387 659 330 155 147 164 553 928 950 368 169 344 356 64 751 717 421 38 412 362 0 75 813 
629 178 758 25 22 906 99 710 706 747 879 313 218 747 22 110 846 926 481 559 925 501 109 189 757 76 573 165 393 888 469 193 333 552 346 313 637 872 22 332 660 563 892 326 79 128 183 693 401 582 790 287 183 566 838 910 159 826 417 747 436 648 438 60 133 847 745 422 955 283 597 443 658 371 414 14 222 744 120 836 187 182 492 171 635 281 192 353 531 862 750 816 935 0 895 
627 336 225 910 500 641 742 588 644 574 758 56 979 22 694 560 899 398 810 412 565 859 858 793 619 516 644 789 986 144 231 293 996 570 662 524 346 556 355 616 782 11 439 135 890 693 100 556 570 862 369 158 818 588 203 49 428 73 548 40 8 537 642 156 634 315 999 711 652 212 489 733 588 780 700 687 474 615 184 567 397 187 387 725 717 184 50 795 809 488 40 799 373 922 0 

Depot information
1
1
1
1
1

Customer information
1
1
1
1
1
1
1
1
1
1
1
1
1
1
1
1
1
1
1
1
1
1
1
1
1
1
1
1
1
1
1
1
1
1
1
1
1
1
1
1
1
1
1
1
1
1
1
1
1
1
1
1
1
1
1
1
1
1
1
1
1
1
1
1
1
1
1
1
1
1
1
1
1
1
1
1
1
1
1
1
1
1
1
1
1
1
1
1
1
1
