Seed 123 - Instance: n90m10_0
n 90
m 10
Q 9999
L 3
U 10

0 367 691 884 586 876 234 379 88 569 523 837 629 48 80 960 567 318 258 729 489 556 11 784 189 808 832 742 721 149 281 683 504 358 162 55 983 449 124 720 243 229 528 337 707 302 120 958 460 127 166 371 335 338 266 820 563 445 223 978 455 836 932 128 623 236 29 920 857 249 232 290 217 22 157 96 445 9 558 367 88 79 709 439 559 866 512 949 662 680 819 429 255 803 861 814 742 946 334 503 
339 0 224 221 406 442 645 148 427 83 904 68 822 494 145 469 429 56 843 391 56 793 17 689 643 235 927 692 23 681 383 938 559 922 168 81 892 926 751 703 200 930 351 593 743 627 232 932 544 542 390 268 926 27 412 307 287 279 750 206 18 293 930 698 742 878 217 165 780 563 703 550 103 634 199 223 827 879 660 101 593 202 365 228 877 249 291 435 666 828 357 850 366 849 971 787 266 813 551 982 
727 159 0 532 257 102 137 786 776 532 410 62 980 694 831 189 35 736 144 717 798 489 459 396 706 117 489 282 995 497 779 840 285 203 557 384 96 137 990 526 609 900 139 63 519 331 191 215 983 658 226 769 724 618 577 52 771 458 926 766 59 338 821 407 88 568 734 894 176 646 429 577 236 851 668 580 593 301 834 949 407 359 660 83 972 976 457 316 15 49 256 258 920 999 739 976 229 109 931 138 
109 224 651 0 513 248 158 335 406 488 10 971 643 994 275 445 705 886 646 1000 758 796 742 57 144 842 752 717 63 246 763 235 791 757 366 345 482 293 787 956 24 39 567 75 569 192 853 511 726 169 833 311 294 517 768 698 959 746 399 408 387 987 234 895 592 446 210 106 681 817 1000 338 680 941 201 116 352 92 755 832 77 0 853 463 488 237 403 387 535 695 790 642 279 211 634 50 736 699 464 882 
303 563 184 943 0 726 761 550 259 961 410 854 767 794 677 949 759 769 519 857 637 64 832 792 797 581 869 696 885 30 234 914 425 955 957 601 406 324 743 606 399 250 587 830 578 972 134 378 660 972 313 95 748 566 211 111 838 244 684 810 252 382 290 555 219 21 144 843 404 225 943 439 481 733 317 201 612 134 513 909 930 804 454 484 357 344 176 204 875 766 542 632 793 9 972 66 30 744 218 432 
735 219 819 988 316 0 330 47 357 197 475 3 930 790 116 699 860 975 656 499 625 186 369 64 321 87 339 42 822 953 697 444 765 615 604 933 39 640 754 959 41 938 686 840 887 8 752 531 411 914 539 932 971 997 275 244 431 383 363 465 570 203 507 356 931 727 627 869 337 223 646 644 303 240 977 971 121 636 122 160 804 91 940 271 484 194 380 831 528 151 11 532 294 383 373 842 708 151 247 520 
587 268 39 784 710 7 0 800 938 68 259 958 126 297 995 715 743 30 819 366 497 194 818 159 416 869 523 864 33 148 92 467 772 804 543 232 841 349 661 161 990 982 878 992 224 989 19 517 550 759 705 921 398 584 797 38 130 525 324 399 424 827 815 947 303 755 858 494 161 946 22 878 110 102 375 790 80 346 607 375 378 475 485 281 105 132 566 571 536 650 625 391 674 357 785 328 513 729 432 463 
695 827 185 385 804 70 17 0 866 781 646 777 522 904 166 763 787 951 875 80 26 912 47 818 791 485 9 466 546 547 691 834 817 4 218 11 418 165 64 544 566 989 210 205 499 927 462 686 518 344 337 477 778 54 628 531 217 797 162 414 502 897 46 295 366 886 366 448 139 107 758 496 153 845 425 935 250 50 684 868 362 29 889 730 274 419 526 148 303 640 946 758 725 608 126 743 225 439 574 492 
360 122 569 761 489 699 199 375 0 42 861 909 218 455 382 545 446 278 645 920 733 383 647 210 552 747 390 55 815 144 617 660 671 166 420 392 540 589 598 627 886 494 959 326 228 867 591 736 975 546 738 201 99 1 101 149 797 299 24 558 549 169 844 566 894 313 644 636 460 823 919 920 394 145 834 672 110 936 350 209 611 295 122 2 812 376 630 857 829 814 757 364 731 412 43 899 459 996 541 230 
230 194 15 937 458 101 717 8 740 0 412 378 208 693 822 251 215 818 581 483 458 240 290 796 163 816 293 118 986 426 696 411 229 702 947 194 549 105 205 649 271 859 784 363 749 595 976 528 709 270 174 119 643 81 634 522 47 36 985 610 546 655 741 619 351 667 156 981 103 208 350 39 335 890 65 248 817 568 178 423 868 179 545 80 30 644 935 576 612 674 586 284 283 924 277 139 823 81 448 933 
654 120 690 706 225 260 577 969 96 561 0 323 697 265 41 615 214 1 556 11 475 750 366 638 688 339 591 922 804 478 913 882 245 825 763 823 418 435 326 496 432 831 800 709 904 920 187 922 10 549 871 410 169 471 552 136 125 588 246 10 593 396 974 676 563 120 827 289 971 602 498 212 590 283 57 981 845 215 75 991 302 269 591 746 691 331 249 769 809 1000 842 793 74 900 688 711 297 731 471 198 
596 711 749 870 804 867 707 425 31 385 885 0 987 480 909 838 696 482 411 135 14 447 836 962 382 911 884 637 744 97 530 729 452 731 337 220 671 172 163 548 685 846 208 996 912 194 399 536 500 773 677 987 590 323 737 522 158 510 44 250 618 641 115 517 389 418 187 20 258 554 706 163 275 750 135 259 844 439 819 256 359 886 930 482 787 582 469 398 73 60 677 197 884 71 941 734 909 567 649 806 
426 595 721 396 976 276 963 49 989 91 571 534 0 880 62 514 559 696 428 271 658 0 610 113 190 465 979 309 161 279 131 486 435 357 913 210 79 598 744 528 98 212 603 467 436 883 273 80 724 992 471 933 127 93 26 1 970 616 986 223 111 40 864 887 522 979 87 791 56 955 148 500 995 951 522 145 26 985 433 692 951 974 923 77 893 190 269 24 129 906 331 496 964 281 234 399 709 528 801 876 
657 176 323 812 905 426 387 139 222 44 1000 71 674 0 828 907 578 551 309 482 254 864 576 898 4 397 815 537 44 472 832 966 775 55 320 963 67 416 711 745 188 114 47 483 228 481 635 100 46 280 576 991 389 723 335 770 594 512 171 575 53 932 598 527 784 355 744 924 956 924 93 953 627 277 665 999 154 775 163 909 712 345 90 620 257 111 937 142 791 634 626 367 577 141 11 386 850 342 710 809 
332 913 230 401 723 837 734 60 199 616 658 952 212 181 0 82 208 358 867 117 577 907 361 249 608 644 965 384 844 708 203 798 458 359 173 43 647 644 128 603 264 444 218 592 500 39 7 140 410 731 554 738 227 992 545 250 150 150 474 531 603 664 956 425 762 176 212 279 888 321 21 934 934 114 791 866 689 774 209 405 648 639 973 119 879 940 222 28 949 188 842 780 595 669 443 163 62 466 905 133 
57 96 485 242 228 476 614 560 313 127 164 550 811 13 541 0 418 492 531 425 762 67 703 68 189 699 492 302 210 155 120 849 57 342 459 795 418 574 600 93 861 595 237 889 435 263 743 7 170 331 250 292 666 391 669 647 939 468 423 468 825 63 218 935 387 691 863 612 834 562 775 70 984 726 809 885 82 361 72 970 590 829 677 124 116 723 855 825 692 130 887 284 538 125 268 126 649 374 571 744 
165 84 332 961 803 356 492 310 251 896 978 351 205 256 258 67 0 324 139 299 829 448 266 46 994 257 3 448 532 149 653 105 843 432 737 384 411 751 41 397 234 240 80 56 154 648 989 387 312 347 845 853 662 455 551 719 317 198 503 925 72 969 723 107 197 399 266 293 948 701 57 763 858 338 454 902 846 79 982 61 847 530 755 671 131 600 870 219 371 248 663 669 989 251 66 758 146 901 616 539 
195 331 423 497 55 905 79 238 444 472 202 72 913 353 373 513 615 0 459 432 142 674 962 221 691 873 749 584 711 833 735 176 902 615 406 981 91 918 512 6 975 831 789 609 101 478 575 130 525 570 290 318 334 444 849 11 707 245 6 295 879 352 833 688 708 953 963 805 956 346 427 154 424 304 723 911 218 313 442 67 779 718 713 36 747 660 336 590 573 487 229 308 114 898 706 40 200 953 239 661 
979 405 472 574 124 773 301 810 559 85 597 327 496 182 140 662 73 903 0 292 297 420 711 640 874 823 554 37 420 273 757 483 560 123 937 607 194 342 557 932 302 957 980 68 570 394 166 558 757 825 666 31 706 461 113 541 251 720 926 854 468 765 560 859 162 242 491 608 189 0 750 356 260 59 469 993 409 384 104 617 994 522 889 50 858 426 242 638 70 648 338 237 872 141 96 299 847 171 706 422 
882 280 843 401 783 351 38 552 859 407 878 632 724 448 692 253 916 508 720 0 402 929 461 326 653 863 928 419 69 654 138 266 260 40 915 921 331 553 609 82 796 440 55 488 375 411 167 535 757 263 375 840 147 766 236 822 436 807 971 49 508 544 395 310 166 195 142 40 974 346 740 87 214 997 213 239 850 225 549 499 930 109 423 672 839 92 465 168 830 471 561 679 324 322 406 175 203 77 506 404 
625 834 598 516 87 865 776 360 728 681 318 814 837 586 500 595 875 563 983 878 0 466 435 834 243 394 62 519 381 748 773 20 558 450 102 893 506 207 732 575 709 695 521 641 909 311 542 128 312 715 858 996 651 553 864 271 230 467 691 679 492 813 528 955 349 289 628 240 73 541 354 404 965 104 926 690 799 694 126 461 851 569 148 939 797 989 615 744 568 325 530 76 870 530 87 520 242 991 659 597 
985 135 636 340 975 536 923 360 172 393 13 826 852 729 268 127 952 462 377 815 832 0 67 449 878 263 751 999 763 331 923 876 456 114 165 648 722 267 624 776 241 723 163 312 994 610 16 550 7 358 737 576 450 293 492 495 138 665 297 506 410 716 632 324 283 722 774 176 518 498 508 700 902 629 463 602 508 779 203 664 637 331 152 256 329 344 189 398 318 706 303 250 684 589 408 301 267 167 320 125 
218 458 326 694 101 801 851 663 849 348 924 573 851 632 274 707 256 142 963 806 759 486 0 219 309 267 493 199 313 903 269 860 1 172 243 151 811 636 642 804 982 171 614 933 875 121 292 686 90 408 953 300 695 598 286 334 444 544 196 489 329 741 239 719 542 449 120 859 142 15 799 707 749 630 763 150 445 526 512 422 492 756 777 217 719 60 18 176 274 657 849 228 37 869 396 463 170 830 461 172 
309 85 312 970 341 201 799 655 413 343 623 234 996 846 62 69 133 840 802 810 560 507 56 0 843 126 53 954 93 903 787 45 685 850 906 490 163 196 226 688 118 796 516 658 946 75 487 973 198 690 430 98 732 585 174 761 566 321 533 530 546 573 215 421 901 610 220 751 174 385 287 96 768 296 36 410 381 305 929 214 426 746 398 733 192 19 115 660 714 31 103 443 433 204 250 411 518 112 319 202 
19 21 276 116 923 717 494 466 909 534 55 815 175 111 353 59 339 591 237 596 555 228 322 26 0 825 566 120 75 819 435 37 721 305 297 403 612 337 596 789 279 78 279 243 354 85 42 504 684 423 482 103 691 712 541 518 541 187 941 445 166 17 29 450 512 861 816 546 289 476 761 852 964 326 505 618 524 456 496 462 686 809 808 946 305 611 655 6 887 548 238 672 35 739 170 31 66 974 331 958 
155 113 69 305 341 279 154 75 719 489 624 812 483 942 490 148 465 698 876 894 549 193 785 525 530 0 17 395 6 835 969 348 209 366 339 801 77 949 708 329 110 238 311 530 638 900 262 809 918 110 517 109 328 602 778 629 524 562 192 553 775 596 751 808 548 391 60 873 396 567 271 705 4 984 317 812 181 212 950 856 550 573 683 89 107 259 848 179 464 539 877 301 395 265 742 976 622 746 463 193 
984 819 819 766 791 23 945 0 436 885 741 114 955 945 546 445 229 325 852 684 733 734 87 393 809 582 0 566 811 88 601 81 876 214 803 6 734 845 996 888 13 51 100 113 523 843 245 837 500 973 496 655 793 290 540 18 171 531 910 403 177 765 600 629 154 714 468 969 535 194 349 301 615 467 238 87 816 174 75 706 122 650 132 362 775 968 667 879 113 812 762 870 197 841 212 524 287 854 830 123 
153 129 20 576 410 9 505 129 197 31 391 430 262 477 438 446 112 574 652 187 473 364 717 159 440 144 301 0 490 184 989 927 13 902 609 679 596 428 921 453 869 500 439 406 59 875 97 76 507 308 110 422 181 915 424 484 909 387 853 971 945 258 87 19 304 462 680 316 17 458 129 674 475 185 787 415 594 991 736 998 551 514 15 362 10 23 166 674 627 548 331 555 21 702 564 724 688 750 268 531 
43 219 730 21 814 902 167 155 25 997 221 653 17 101 388 547 956 420 552 5 778 952 49 581 304 864 741 929 0 528 802 783 71 716 222 982 255 983 492 197 532 891 405 722 593 223 495 116 986 886 885 937 552 972 52 593 289 256 712 830 538 475 394 192 160 973 476 890 490 454 892 87 230 617 914 127 738 588 370 957 126 755 897 670 312 620 712 562 50 864 898 77 259 800 164 822 949 819 162 368 
418 84 642 557 583 908 435 616 488 177 856 300 779 893 146 39 551 456 920 384 733 576 806 705 812 197 426 591 919 0 661 927 46 889 106 607 298 200 320 73 219 363 779 264 930 68 86 589 723 121 652 984 330 713 313 813 218 881 490 411 282 954 221 991 840 129 717 401 112 873 357 108 770 756 988 105 255 169 118 678 225 965 687 779 649 681 148 561 83 666 153 36 75 682 279 491 479 829 305 472 
876 786 139 823 762 471 473 152 812 444 148 578 910 207 67 450 337 895 264 62 22 543 589 488 332 561 918 313 603 90 0 840 410 460 190 505 656 122 62 729 501 673 708 836 514 809 436 327 815 800 198 274 579 355 754 530 467 715 950 291 406 597 596 268 907 610 484 421 277 539 278 875 156 940 386 141 229 506 565 642 984 495 232 775 84 169 410 223 951 473 363 687 188 808 499 59 843 754 129 393 
634 659 691 230 712 683 356 826 328 407 62 550 497 541 377 282 784 894 150 354 790 478 257 382 475 8 264 396 515 322 112 0 123 190 119 793 22 513 797 742 209 449 275 158 515 316 511 820 682 612 737 704 326 356 267 981 73 631 339 579 497 310 364 956 918 59 415 93 843 232 692 324 209 383 761 302 106 468 807 225 849 474 628 928 719 258 5 398 183 899 0 441 24 892 47 656 811 129 551 860 
492 385 856 490 790 478 948 93 493 519 954 52 859 864 810 504 887 635 831 340 744 76 133 991 775 507 197 510 231 306 586 6 0 389 730 220 663 14 983 743 571 763 87 553 316 279 570 187 280 924 417 438 921 188 917 64 804 321 864 260 553 885 317 428 754 974 606 409 522 279 630 989 220 450 526 607 865 219 539 675 473 390 437 288 19 956 197 67 680 305 525 286 124 895 216 812 125 454 269 290 
405 914 320 107 171 318 889 92 669 250 33 490 757 333 911 268 431 651 935 617 429 969 331 76 518 286 612 201 918 731 66 211 606 0 26 145 563 894 61 13 9 490 743 23 228 921 528 268 776 288 750 834 844 217 351 670 229 835 136 496 346 929 137 357 746 389 563 661 606 914 143 138 809 54 475 479 517 841 852 526 300 823 879 253 882 772 705 305 477 452 149 129 535 204 959 150 57 847 685 981 
330 468 358 491 292 16 822 110 536 362 719 764 112 298 566 166 132 524 879 676 868 127 571 719 842 273 209 515 992 822 25 208 989 378 0 386 182 263 415 844 258 622 425 305 507 497 225 961 209 440 933 125 502 640 28 373 137 727 878 820 230 33 615 25 63 210 45 752 728 297 91 233 134 480 502 228 792 992 939 596 914 870 480 310 482 0 721 424 204 302 233 574 868 283 129 828 377 71 230 177 
31 701 377 992 120 528 302 243 844 36 21 797 146 169 806 980 638 689 693 81 16 576 805 470 695 812 214 468 192 163 271 79 542 618 838 0 577 271 666 156 977 328 525 370 509 970 589 613 177 952 831 911 711 241 825 261 882 24 784 498 923 262 551 790 97 166 829 793 555 932 58 407 548 716 547 216 389 586 765 256 543 861 199 257 793 63 249 566 107 952 38 377 463 165 372 62 190 953 510 556 
349 957 606 69 924 368 929 783 597 1 804 520 184 860 612 483 639 243 71 274 192 702 475 37 144 52 793 490 368 701 331 62 36 241 777 876 0 505 876 718 980 486 630 999 109 22 209 403 220 298 803 341 123 348 771 778 547 449 895 120 59 194 720 165 232 663 190 700 335 286 522 187 25 998 84 628 144 98 793 763 409 789 190 494 692 582 985 107 557 282 485 897 734 308 684 793 950 608 780 402 
736 546 253 115 577 517 773 989 686 701 661 474 149 313 29 585 774 256 948 277 967 995 984 478 757 500 975 542 961 878 739 911 646 48 610 443 611 0 63 989 102 697 511 519 826 673 577 661 937 370 390 85 291 47 582 688 444 640 515 187 39 918 921 472 623 943 587 824 906 123 61 502 702 973 101 20 816 436 293 936 288 273 878 428 716 923 539 846 603 165 364 680 433 738 774 172 221 181 426 327 
198 155 483 354 450 142 266 299 541 161 10 290 179 494 367 15 930 326 267 321 263 110 612 969 924 817 916 550 443 553 54 243 650 227 594 800 12 775 0 196 756 50 97 370 357 308 619 989 121 511 962 213 304 166 642 650 710 551 612 162 55 1000 866 798 174 383 872 548 47 697 633 135 552 214 21 346 898 209 754 2 211 845 655 856 105 818 955 365 396 689 43 802 43 202 509 212 524 889 249 802 
3 388 875 789 174 592 828 612 589 916 688 236 210 442 340 66 155 247 948 798 905 502 343 528 858 983 52 153 260 267 460 921 438 398 22 763 273 484 645 0 331 446 317 153 720 999 934 831 435 171 489 406 969 747 339 538 423 147 866 256 880 69 532 85 447 981 404 814 333 240 503 943 963 178 503 25 44 370 420 860 98 436 495 259 434 293 383 94 50 229 683 606 958 511 484 86 707 777 378 814 
429 784 305 80 785 658 641 17 103 764 638 106 833 888 671 169 73 482 329 206 741 14 718 712 220 989 629 221 480 858 437 49 161 312 652 118 532 692 199 276 0 910 482 430 297 106 721 825 479 988 274 114 148 584 284 475 386 363 327 204 868 348 155 422 249 14 109 881 126 514 757 79 235 268 139 71 936 922 752 861 647 69 40 368 445 3 820 686 708 395 143 358 29 813 991 792 846 447 748 856 
160 147 672 320 85 347 154 8 806 265 677 832 264 404 636 619 490 561 565 54 202 20 918 359 988 617 300 530 652 421 612 945 94 350 334 258 11 236 976 586 125 0 310 944 353 821 570 316 629 677 787 37 299 754 40 233 672 955 256 144 363 39 969 165 339 745 62 227 179 59 562 459 733 266 362 312 917 312 930 269 476 331 413 798 604 845 315 658 427 178 779 793 139 332 526 818 237 442 41 169 
440 807 77 78 335 402 978 331 830 36 415 832 182 875 864 25 923 265 911 720 5 995 120 267 548 215 525 353 397 757 543 583 389 399 749 133 697 464 48 386 99 118 0 287 429 47 149 530 269 788 145 627 430 430 300 565 624 927 697 647 413 739 868 537 557 887 694 377 171 69 8 680 141 882 390 889 648 272 670 767 713 884 174 327 278 437 346 112 627 963 878 515 922 726 588 475 726 284 469 796 
445 377 302 324 856 67 367 671 724 48 804 874 374 767 199 803 216 937 613 21 393 876 645 248 461 812 858 521 632 320 184 284 842 532 818 977 462 912 232 744 881 263 300 0 801 442 57 634 361 497 985 598 616 97 469 612 429 599 876 364 879 775 769 490 827 963 924 11 417 179 379 54 487 272 49 240 856 853 584 556 864 115 803 267 884 750 931 846 804 273 892 208 834 432 686 576 911 955 268 572 
431 295 434 487 950 561 105 171 219 327 410 118 719 79 853 330 212 345 161 147 250 538 47 443 525 612 854 319 469 840 638 172 899 736 763 195 352 245 233 293 102 298 570 977 0 443 500 215 652 903 991 367 71 317 681 976 664 879 163 66 401 500 613 988 744 889 22 672 227 333 707 950 942 996 591 321 182 642 52 270 520 838 628 869 291 4 740 128 510 129 838 165 247 36 777 404 731 505 751 897 
712 691 416 829 590 29 109 457 679 4 314 860 681 713 997 878 171 610 481 915 954 992 75 250 968 283 782 206 346 537 79 216 863 830 424 886 448 807 103 563 178 344 641 585 747 0 151 478 99 189 187 89 794 218 479 37 224 857 340 431 154 288 17 799 771 531 858 804 328 626 851 312 479 915 580 209 247 107 655 582 740 752 852 835 890 436 203 294 622 18 764 574 427 612 965 365 481 839 970 650 
749 549 519 695 175 769 331 519 723 168 154 154 88 548 109 801 597 187 962 885 427 330 809 364 19 978 909 534 155 75 941 256 400 936 173 213 205 350 378 918 25 473 560 390 175 614 0 584 106 966 750 33 631 596 210 351 529 711 935 155 737 375 891 475 886 151 837 320 497 196 793 868 45 548 65 299 157 799 253 255 367 158 177 484 825 343 68 542 531 844 731 392 698 68 338 983 217 723 920 478 
9 443 196 5 167 610 126 654 771 471 259 604 665 510 724 958 993 313 803 572 320 830 573 213 664 721 482 78 104 34 691 200 881 970 586 386 968 404 369 688 667 181 123 602 314 226 730 0 599 343 319 688 319 961 713 79 885 309 101 205 872 436 799 95 83 866 705 569 137 305 856 568 737 941 805 399 799 777 692 676 30 722 233 918 324 75 710 59 683 643 750 845 623 552 411 923 364 312 726 547 
115 42 111 858 975 153 299 990 32 947 429 795 317 923 989 446 389 180 37 1000 283 709 302 467 309 659 249 13 89 772 992 731 96 735 489 597 68 379 556 349 987 50 682 544 111 198 635 477 0 436 830 143 702 699 4 582 776 105 359 866 36 557 795 821 759 974 46 53 990 481 633 924 426 578 685 320 576 7 283 743 749 185 50 218 943 524 117 342 749 669 928 0 592 896 192 808 463 1 543 875 
906 52 247 228 48 218 836 150 18 696 63 314 598 563 539 245 295 804 870 745 887 559 854 520 452 82 663 981 922 278 249 236 726 843 738 656 578 305 3 7 886 750 688 153 640 603 937 637 283 0 942 22 160 314 728 632 739 775 62 863 428 431 448 708 426 663 972 185 266 431 717 266 468 361 919 396 697 612 615 817 603 961 215 30 55 426 507 853 71 91 889 797 92 771 442 272 11 317 153 205 
276 627 20 563 537 563 966 751 734 527 780 504 452 316 688 949 926 236 664 18 821 513 507 373 613 722 632 572 27 72 331 376 416 698 324 32 654 613 628 156 267 329 134 893 872 621 881 524 218 45 0 965 144 570 247 307 376 72 398 225 618 117 643 324 89 196 730 741 245 950 26 369 334 26 779 107 235 461 550 162 535 808 214 286 431 580 224 229 766 636 901 409 953 720 847 792 648 181 294 627 
358 435 36 417 572 300 139 357 944 10 470 886 13 804 721 108 791 363 191 31 282 995 546 45 15 935 927 959 780 461 160 280 267 275 818 373 256 684 415 220 155 217 995 783 472 186 7 679 912 237 770 0 251 570 833 669 760 665 589 141 231 573 184 211 318 195 755 26 531 264 234 379 882 727 499 310 730 657 552 585 671 77 972 185 561 28 627 514 741 525 863 419 550 160 570 349 31 160 465 798 
898 680 595 764 499 996 45 771 737 203 250 634 14 110 922 990 975 516 988 336 229 884 144 991 652 967 558 535 781 300 970 16 720 775 157 633 654 710 555 248 923 350 95 446 60 725 165 802 489 974 926 198 0 844 0 621 155 241 792 400 550 282 856 236 616 240 260 209 494 207 697 626 532 77 305 930 701 400 711 549 879 871 555 253 907 977 262 37 180 219 130 601 313 161 624 702 381 311 679 45 
877 46 225 329 609 447 582 933 656 33 544 60 180 395 845 705 918 696 874 21 966 852 146 565 218 72 544 643 995 661 667 984 33 396 38 626 430 46 214 398 528 113 831 79 64 338 731 404 498 362 73 315 268 0 506 353 298 273 844 410 282 313 709 912 928 432 84 125 524 613 364 385 412 489 140 720 845 311 26 852 266 869 79 341 340 588 942 8 32 350 287 872 316 376 269 805 715 893 891 732 
420 50 803 159 956 911 249 253 429 560 929 451 934 149 322 499 543 672 85 192 894 161 313 791 364 886 47 812 141 761 55 973 526 178 471 510 360 166 283 189 186 953 445 677 554 613 612 361 424 460 211 472 380 109 0 62 439 58 345 223 4 660 565 874 50 476 7 548 80 847 940 374 83 458 778 650 278 532 360 996 119 223 293 212 843 410 671 873 640 581 786 585 149 121 843 802 954 118 952 787 
723 745 218 794 811 630 67 455 975 60 450 731 443 296 663 45 861 435 948 97 493 747 202 320 942 410 13 846 119 371 662 613 739 822 854 483 812 495 799 12 937 246 368 501 317 648 988 966 411 991 123 62 987 183 16 0 393 818 732 138 549 210 199 351 254 494 277 675 182 477 638 544 778 604 189 299 82 83 217 469 593 526 188 946 61 341 387 734 371 198 508 289 122 980 967 103 616 788 766 896 
809 468 307 22 371 547 824 99 696 289 893 972 233 321 173 258 71 766 799 939 809 54 552 698 385 254 971 434 716 184 362 217 93 397 791 706 596 47 825 837 933 312 897 492 448 462 147 209 532 887 506 570 700 881 637 37 0 397 333 202 737 428 213 56 755 823 512 202 63 664 314 520 143 300 763 590 544 740 616 59 233 540 388 782 122 125 831 178 153 362 828 707 589 160 0 654 513 472 276 110 
704 92 261 482 826 591 913 950 502 85 7 919 719 328 567 797 315 833 396 218 374 285 924 656 987 716 592 467 822 936 831 121 613 92 445 281 666 815 128 693 399 996 232 889 967 545 455 591 114 1 970 962 545 582 970 54 742 0 688 489 318 201 528 950 960 64 418 846 710 591 982 977 356 347 101 463 730 208 35 867 37 78 74 260 443 972 877 479 734 893 393 55 612 296 972 867 778 555 421 784 
876 521 959 655 665 831 193 216 222 519 153 74 795 949 793 846 350 771 852 138 283 398 955 32 476 915 771 825 602 631 276 16 277 494 580 284 30 350 353 203 166 307 219 870 335 987 219 937 822 93 287 124 800 731 730 961 938 757 0 756 234 16 430 21 749 326 68 711 128 394 500 584 521 57 231 663 893 646 453 699 981 631 567 22 101 540 13 385 548 402 552 809 911 359 280 769 454 935 692 690 
322 496 986 508 218 831 187 146 856 449 442 859 813 814 424 470 454 7 138 654 247 698 557 599 163 313 742 398 627 805 574 818 168 494 102 47 720 398 288 75 808 280 494 338 470 738 228 740 743 561 612 54 33 221 914 298 558 432 935 0 297 137 393 83 531 1 119 16 764 642 741 305 611 11 70 123 829 925 655 254 679 523 591 961 566 540 648 945 292 491 944 823 312 197 102 412 696 399 461 344 
746 340 589 354 456 592 415 834 344 162 114 113 464 98 180 553 33 12 805 82 852 142 321 592 852 628 279 308 581 255 336 136 583 390 973 956 924 825 52 977 923 691 890 609 876 749 506 266 11 353 115 938 853 33 834 776 860 544 89 234 0 807 154 217 237 594 956 675 123 529 782 316 551 174 8 191 944 571 363 829 353 185 244 161 905 473 397 985 380 607 264 983 75 553 713 157 527 924 601 711 
330 878 796 594 413 258 980 509 419 243 612 114 824 420 71 996 803 962 336 936 786 795 807 605 631 57 39 530 1 225 242 214 218 181 232 775 165 932 280 261 847 45 604 108 176 728 936 867 91 594 115 405 670 531 934 209 807 800 262 802 53 0 3 562 500 587 121 866 861 30 33 347 644 472 815 403 622 931 520 480 60 733 293 570 821 351 848 811 14 29 561 858 266 159 620 915 606 965 564 844 
182 169 190 818 186 480 152 719 608 173 359 295 142 396 448 893 320 139 736 269 269 879 62 564 912 904 362 503 332 706 82 511 897 254 647 575 674 732 502 493 748 819 117 603 144 109 948 661 600 429 161 257 94 774 86 615 812 257 377 958 8 628 0 551 131 239 991 164 209 766 77 367 106 140 778 438 390 588 551 690 280 171 727 982 310 952 79 851 571 154 346 471 159 998 900 166 728 147 418 49 
161 37 636 322 42 581 1 500 578 600 217 102 745 448 943 549 317 597 780 368 666 239 185 242 978 254 657 656 686 750 971 887 862 837 527 566 613 318 166 916 674 554 948 807 765 544 235 770 892 276 726 666 818 591 630 425 696 17 453 248 206 886 170 0 902 49 818 471 452 849 932 814 179 670 776 167 203 892 313 411 386 556 791 900 295 406 450 363 625 253 329 62 523 860 933 220 239 965 723 520 
666 562 198 112 926 264 109 779 944 678 951 409 230 275 565 495 517 530 843 179 872 996 866 265 434 568 794 566 616 144 875 624 584 824 483 279 407 813 334 419 292 898 790 368 250 624 696 762 185 606 510 840 596 495 404 546 954 87 138 758 255 632 831 503 0 930 802 637 147 225 438 139 208 254 428 764 870 854 396 362 852 937 643 613 127 547 610 448 101 398 505 939 364 299 825 974 675 683 167 56 
295 848 995 129 222 20 298 531 978 690 237 432 123 84 906 338 246 354 892 444 306 444 104 522 901 183 38 390 72 510 694 581 553 463 21 516 274 197 96 173 12 112 461 30 359 444 228 141 342 938 325 940 487 221 499 34 454 74 747 622 136 671 590 219 18 0 326 892 221 10 900 794 973 308 65 668 3 117 948 923 930 69 160 643 148 231 749 568 598 93 817 771 685 929 174 388 262 978 608 194 
666 635 553 338 122 28 611 571 809 745 604 651 30 524 853 330 661 298 588 569 750 857 249 700 355 587 861 815 370 128 555 843 948 152 861 20 105 131 982 268 568 304 701 460 977 184 983 410 690 597 844 467 686 357 678 864 83 53 516 375 168 567 109 816 745 874 0 587 737 516 723 235 181 277 981 515 487 883 269 981 440 328 163 472 255 684 758 291 403 851 157 509 176 888 758 356 173 286 748 509 
4 896 937 253 101 239 763 415 503 748 757 993 208 436 644 858 328 350 729 613 60 500 702 90 272 190 907 469 184 358 120 588 226 95 272 698 674 626 582 144 961 49 136 708 353 245 656 223 789 272 445 802 561 732 616 136 993 305 306 863 270 707 104 30 342 484 321 0 529 719 948 25 123 766 654 543 238 917 272 716 98 261 913 83 499 509 440 611 192 751 181 495 725 787 976 587 279 871 809 630 
716 274 202 558 146 136 980 396 211 386 203 787 725 598 829 112 717 866 208 956 438 258 620 780 178 594 679 979 12 971 135 180 954 32 803 179 586 679 133 756 113 479 128 698 820 428 566 917 823 453 469 889 207 963 226 906 259 707 983 1000 800 592 404 606 411 486 246 891 0 257 839 470 20 273 62 741 788 531 708 113 373 170 147 895 342 614 863 215 491 726 861 732 905 615 981 926 830 910 8 262 
420 315 771 575 233 993 162 259 889 373 49 828 904 972 118 456 838 326 837 987 574 676 166 162 158 763 379 347 915 525 470 421 246 423 486 270 894 715 942 93 768 222 294 117 175 730 918 31 329 564 400 653 956 595 960 753 161 946 255 181 905 535 320 926 797 835 993 939 985 0 420 910 750 242 124 337 924 828 876 142 628 976 382 480 524 332 270 410 437 571 573 561 687 48 506 677 350 161 521 516 
884 184 565 103 941 328 1 287 754 473 586 355 163 948 17 49 684 372 989 158 482 266 906 185 384 335 718 75 273 444 160 891 789 137 158 437 582 953 240 637 414 447 998 716 634 941 844 893 520 21 309 829 727 517 628 958 938 326 358 405 735 505 128 604 682 516 0 935 834 838 0 251 429 749 849 534 496 754 444 575 707 936 259 292 115 654 739 860 734 509 557 913 712 409 174 765 704 775 194 270 
395 843 860 474 603 869 350 815 574 293 366 462 846 462 371 570 32 636 314 427 789 623 205 82 407 519 758 26 880 614 623 869 231 836 199 346 812 19 47 915 398 601 205 986 199 855 321 290 751 913 587 294 155 790 907 93 862 697 753 84 450 407 70 463 666 322 533 78 114 572 588 0 379 684 176 698 618 233 246 404 535 235 168 324 772 106 71 524 192 129 92 529 82 285 952 247 581 317 223 162 
433 56 410 966 218 781 280 404 235 414 417 320 445 408 959 218 316 393 501 832 311 574 803 978 658 445 681 42 692 697 327 995 796 895 748 359 687 607 800 506 331 136 921 181 269 99 401 559 24 726 959 767 241 662 460 173 450 672 128 480 560 790 581 208 353 516 705 746 505 477 499 204 0 785 898 75 678 71 339 985 383 312 872 569 579 19 343 271 366 848 168 138 396 517 55 555 83 640 821 652 
837 761 63 476 266 342 444 607 359 409 846 444 129 39 558 531 729 78 132 255 314 754 515 32 476 510 641 952 141 392 833 295 50 226 741 863 192 562 118 833 114 587 700 387 233 454 747 375 257 162 642 196 629 444 37 218 393 703 175 211 919 284 892 748 968 898 806 408 392 88 332 148 679 0 84 673 296 116 108 347 987 333 951 597 787 382 95 786 485 85 185 767 717 651 334 271 101 826 66 811 
491 760 872 931 49 492 618 234 12 168 979 854 955 564 383 28 272 863 356 693 816 824 293 589 730 233 732 54 99 94 357 6 430 754 34 764 413 286 670 484 915 470 11 490 835 827 385 776 833 332 448 497 854 834 908 117 697 990 98 122 841 991 442 750 793 709 994 417 510 618 517 501 346 49 0 601 14 343 415 701 679 391 230 564 58 816 589 857 20 899 873 530 150 521 167 785 311 193 538 249 
855 71 709 274 949 988 31 833 821 231 719 941 267 566 930 542 71 512 117 942 691 158 578 192 797 301 936 125 332 370 298 621 427 948 297 759 522 99 43 483 874 866 643 774 818 44 742 619 264 144 951 615 483 136 410 783 946 490 911 344 866 82 800 792 313 49 440 55 269 301 96 371 364 188 273 0 135 6 288 982 636 822 153 201 880 50 174 46 787 213 151 881 707 137 18 449 652 699 810 158 
720 847 76 964 505 103 742 109 0 645 822 306 762 66 849 343 510 256 663 739 554 888 472 277 337 654 251 571 40 562 866 959 917 434 752 123 613 56 677 362 174 769 610 245 773 218 561 951 573 538 861 889 437 22 445 197 54 908 915 400 950 39 717 810 812 792 123 453 348 936 767 767 553 11 827 769 0 143 418 941 640 289 920 392 259 85 278 254 436 238 130 306 581 566 967 581 227 307 39 542 
362 525 617 291 168 476 323 635 723 933 744 846 487 623 784 701 312 296 770 503 296 94 180 708 820 831 50 922 612 375 260 724 552 415 719 596 267 130 491 621 81 561 233 150 881 519 562 207 675 150 912 400 592 236 531 664 218 481 997 621 786 732 187 360 112 928 416 351 932 581 312 682 510 660 804 590 875 0 525 91 724 403 916 3 82 414 648 695 611 194 54 169 924 860 139 821 794 471 287 401 
67 997 997 969 234 380 442 855 267 505 287 55 264 830 465 99 738 340 340 52 756 759 633 407 720 669 607 21 235 582 452 373 653 999 534 933 720 151 910 803 444 928 607 461 459 435 870 409 477 742 594 744 590 791 492 606 823 310 505 200 243 85 777 874 543 960 538 478 296 510 496 620 356 293 226 989 555 294 0 99 953 310 388 342 902 169 225 573 518 872 123 553 290 807 673 964 131 261 465 582 
537 376 101 987 212 938 353 396 751 222 87 152 594 110 273 568 505 315 747 936 597 653 517 426 812 325 831 811 831 697 175 764 212 564 956 535 456 188 38 697 387 376 854 5 16 584 97 776 751 866 207 511 90 115 593 221 45 380 108 570 790 789 151 862 98 734 700 600 725 577 978 455 928 789 176 878 467 605 319 0 860 268 750 102 455 505 259 350 363 582 642 908 482 141 106 723 996 865 225 212 
488 595 749 316 917 915 99 287 386 623 102 219 192 364 783 919 544 67 95 733 879 797 233 962 435 58 356 666 265 297 501 822 612 272 201 917 820 467 288 521 989 329 448 945 950 992 647 549 409 963 875 626 664 470 993 780 710 962 419 36 832 416 554 222 590 256 238 914 21 532 892 119 493 448 347 959 883 157 551 139 0 813 633 511 990 675 957 901 519 304 865 775 679 653 59 52 694 182 151 971 
414 640 391 4 610 681 172 327 172 910 978 130 702 960 912 558 909 757 874 960 638 986 206 980 921 222 544 245 20 153 420 80 496 205 473 787 924 672 842 5 847 542 810 104 207 994 125 557 311 121 305 498 530 402 269 115 383 184 865 159 46 207 528 359 904 487 128 7 924 323 357 678 516 473 614 892 934 388 774 966 945 0 26 63 70 241 385 111 674 332 651 434 663 212 729 440 569 271 803 128 
636 409 922 884 745 287 919 283 275 746 956 60 40 757 221 162 73 676 271 677 768 436 11 581 326 442 637 354 987 821 114 888 911 663 217 934 222 270 310 105 854 165 939 570 433 600 681 156 587 508 11 735 901 149 445 195 472 925 658 694 287 81 805 138 951 198 863 409 655 404 504 367 808 616 643 286 193 9 744 739 289 362 0 390 12 32 950 848 650 550 159 919 74 833 321 499 0 847 628 916 
884 982 465 452 109 793 625 298 206 423 663 395 308 766 490 952 386 351 288 523 333 334 605 175 450 587 452 4 859 930 860 631 578 167 987 774 89 32 971 218 654 871 324 610 113 128 966 512 391 165 701 274 255 476 448 673 487 90 610 329 541 465 132 133 946 173 299 966 516 903 132 413 636 513 132 914 690 991 137 950 244 113 455 0 55 779 374 87 928 950 140 932 614 292 827 802 239 189 589 52 
433 536 432 323 958 466 941 138 668 115 252 242 828 5 420 161 451 535 786 237 380 87 429 601 152 194 264 43 57 278 384 461 388 5 495 366 949 397 936 866 199 258 597 439 532 708 201 452 726 790 97 944 979 796 780 231 125 116 856 812 824 695 521 874 857 296 168 662 859 901 749 313 885 128 877 863 967 385 891 192 76 201 656 175 0 799 722 832 243 780 574 179 917 676 634 828 996 620 600 85 
329 902 382 153 944 757 479 448 454 714 694 220 644 49 278 697 453 899 672 291 663 183 130 203 802 482 474 49 706 418 510 113 687 22 650 844 419 619 789 737 362 354 929 558 872 474 942 632 745 348 55 60 733 183 60 609 654 225 282 384 306 602 187 249 528 188 164 996 734 499 470 156 151 846 833 46 967 227 620 837 748 21 102 270 1000 0 373 657 834 19 107 207 495 476 650 167 286 979 926 202 
394 729 632 744 550 746 842 959 796 748 160 497 527 709 453 978 57 70 550 667 367 779 833 349 962 738 612 790 77 311 515 640 317 530 894 456 29 462 270 409 410 937 593 437 553 515 271 180 830 812 612 645 612 483 385 746 111 775 79 949 703 770 315 380 758 971 831 143 970 340 413 433 155 153 548 274 44 519 602 681 374 439 680 471 460 23 0 529 292 749 894 539 630 509 797 473 775 200 160 945 
628 492 415 686 558 370 725 721 686 717 980 851 742 142 475 112 904 526 182 534 268 215 236 945 74 830 840 95 219 924 274 807 591 433 513 938 234 526 531 678 425 921 736 663 425 490 17 653 333 961 147 712 501 65 596 224 149 622 53 446 105 825 343 799 915 468 644 157 209 109 277 0 406 429 32 315 994 340 690 405 213 269 632 790 463 108 728 0 990 41 757 763 670 819 313 19 884 831 274 325 
348 187 869 677 226 632 327 570 175 357 686 640 668 803 760 496 576 538 621 921 875 565 592 89 813 692 790 245 18 456 302 389 815 133 660 845 979 357 119 130 701 553 376 794 875 679 940 715 637 118 432 455 526 109 362 963 465 85 575 984 394 474 973 937 640 635 468 214 98 791 902 191 403 291 773 700 17 205 468 226 332 163 392 115 591 415 212 126 0 627 206 898 586 788 96 782 951 787 195 285 
353 204 512 190 247 650 178 693 970 187 771 639 756 283 429 882 991 28 899 900 419 884 36 671 530 751 83 199 451 965 940 259 989 157 704 505 662 285 577 228 856 296 87 309 689 68 190 842 904 98 870 790 310 847 612 867 694 611 746 661 904 411 440 960 779 831 198 566 315 639 916 697 573 567 151 973 333 374 400 106 630 726 929 571 825 447 862 59 853 0 114 696 398 583 442 57 113 896 649 79 
779 377 452 891 782 450 349 515 942 52 746 491 414 371 883 465 579 370 937 609 598 386 400 107 32 128 391 186 464 818 539 393 197 780 776 880 504 698 76 673 729 686 679 677 656 10 130 938 970 601 147 113 39 433 765 48 955 806 614 835 16 909 69 958 596 983 909 567 863 847 817 908 766 539 308 574 318 603 396 953 736 150 444 28 884 119 215 194 956 362 0 705 224 906 649 844 867 812 515 779 
610 594 76 442 35 185 815 641 486 959 841 437 178 506 642 337 912 294 872 818 974 390 668 439 132 393 414 650 804 853 775 881 959 380 698 538 370 743 999 455 428 567 555 866 361 38 582 828 552 412 649 521 727 455 522 707 314 162 7 788 548 408 492 912 443 395 625 466 742 507 105 553 718 937 107 716 562 263 883 685 524 30 436 781 806 131 946 615 20 738 618 0 604 694 799 489 142 704 6 739 
363 638 904 419 526 984 970 266 373 356 845 511 900 852 709 852 313 426 989 230 766 656 9 544 736 379 191 538 319 251 987 7 932 200 847 382 97 229 309 166 470 394 326 450 708 248 74 556 829 248 623 11 693 184 607 385 405 633 200 991 137 134 537 162 107 374 965 316 84 312 752 967 969 597 999 768 550 579 249 324 780 869 372 902 400 549 422 46 552 923 858 369 0 904 107 551 215 456 480 544 
201 816 854 945 245 916 974 70 238 401 982 387 881 447 557 695 80 545 710 190 505 666 813 350 373 997 186 345 643 945 472 710 202 723 113 551 677 769 240 438 944 234 966 38 32 575 987 497 568 268 743 711 243 494 867 722 32 381 665 685 917 846 584 581 288 830 70 419 832 962 966 355 584 301 600 422 1000 420 927 498 633 407 390 798 509 773 763 272 628 223 379 42 470 0 277 602 151 822 985 673 
791 623 699 115 817 771 616 672 182 775 39 509 786 746 690 160 272 230 77 963 495 886 435 441 6 754 606 520 230 48 955 66 993 450 663 908 600 749 287 330 569 160 612 724 999 704 112 319 267 211 950 523 632 204 300 686 506 178 138 758 816 78 310 338 748 173 133 893 961 786 468 451 930 918 638 186 508 403 755 635 544 584 694 537 636 971 792 348 157 480 91 117 867 506 0 619 391 122 84 787 
610 728 988 275 24 460 936 615 834 990 275 88 834 462 449 674 70 341 497 909 36 494 838 129 216 488 49 474 614 685 447 172 52 478 141 28 287 241 331 129 499 579 537 486 956 471 699 663 216 694 71 962 616 857 701 10 341 125 781 736 171 601 993 813 971 862 91 919 709 362 62 817 861 37 622 742 532 632 428 372 296 789 667 522 670 587 665 988 762 949 955 559 7 119 573 0 389 275 582 478 
753 610 953 777 352 434 33 800 606 239 820 671 662 156 476 469 353 371 692 58 995 824 158 843 466 108 17 586 316 55 563 413 116 875 138 217 201 197 211 581 176 311 605 316 375 290 828 671 742 972 559 428 448 214 242 795 16 585 582 226 654 273 422 666 211 57 408 234 824 92 966 634 667 857 729 201 401 748 976 895 514 553 198 808 210 102 608 554 265 845 346 952 140 256 689 103 0 229 470 679 
997 973 82 98 907 612 884 248 597 645 559 821 427 901 768 954 785 140 113 961 260 61 650 951 765 798 884 544 904 938 929 928 519 595 776 932 43 334 320 258 729 995 825 521 938 817 240 331 385 457 321 9 365 711 493 535 6 341 581 485 961 903 517 556 850 62 806 74 299 846 600 582 854 404 702 578 438 682 570 220 478 446 752 853 459 444 623 633 618 614 525 210 358 542 172 621 340 0 161 343 
985 849 338 698 658 115 647 899 641 406 295 503 752 581 382 205 706 652 420 15 493 57 387 148 813 427 689 228 552 177 409 985 313 158 564 403 307 214 784 162 484 729 89 238 91 679 849 431 946 112 33 211 92 545 837 792 380 435 591 87 351 215 545 518 1000 893 271 295 898 6 725 690 593 575 512 997 954 707 998 382 195 902 261 481 430 151 326 132 759 154 924 499 883 152 419 834 436 912 0 380 
569 843 651 125 969 222 494 120 645 59 679 805 249 687 534 930 559 829 561 549 754 478 592 531 304 413 718 750 235 548 325 785 641 276 389 317 886 747 463 553 332 818 222 634 375 711 454 452 509 364 43 363 46 914 301 796 264 533 351 124 574 453 628 505 446 319 185 302 871 255 581 123 755 820 30 207 984 948 298 512 108 143 794 924 449 743 493 954 56 459 587 408 587 518 63 712 5 203 432 0 

Depot information
1
1
1
1
1
1
1
1
1
1

Customer information
1
1
1
1
1
1
1
1
1
1
1
1
1
1
1
1
1
1
1
1
1
1
1
1
1
1
1
1
1
1
1
1
1
1
1
1
1
1
1
1
1
1
1
1
1
1
1
1
1
1
1
1
1
1
1
1
1
1
1
1
1
1
1
1
1
1
1
1
1
1
1
1
1
1
1
1
1
1
1
1
1
1
1
1
1
1
1
1
1
1
