Seed 123 - Instance: n95m5_0
n 95
m 5
Q 9999
L 5
U 20

0 674 971 761 347 604 282 972 657 690 208 401 7 103 995 43 768 312 372 795 947 384 177 284 318 333 640 472 729 565 151 507 608 466 718 54 80 974 364 684 189 394 841 571 938 799 707 217 983 705 743 782 11 398 154 258 763 102 423 717 695 463 789 739 706 951 385 582 34 969 489 696 211 467 262 797 676 366 450 180 908 938 486 897 424 223 51 406 308 815 753 640 925 850 839 766 601 91 306 479 
641 0 661 660 540 541 225 396 996 412 203 794 748 72 472 863 467 175 889 420 932 901 445 717 860 845 224 137 654 885 334 575 595 16 442 809 810 772 131 490 735 366 455 912 303 774 450 737 237 209 907 810 544 969 200 45 929 597 367 451 618 119 995 496 473 328 796 325 274 15 475 749 141 685 719 396 535 575 794 815 562 35 902 995 422 918 378 720 169 10 920 313 740 59 11 380 632 854 589 877 
186 143 0 389 820 955 831 508 546 417 847 943 67 986 627 388 272 866 334 147 798 231 281 238 308 639 889 722 808 767 139 956 584 377 364 488 472 856 32 578 356 526 464 947 869 799 131 977 747 179 935 567 540 879 875 484 884 701 474 516 391 632 132 991 917 853 566 752 631 729 993 767 711 975 945 196 600 90 404 775 356 323 787 787 693 779 207 561 212 272 353 258 373 791 752 734 751 629 501 227 
17 622 239 0 617 140 388 541 689 224 415 333 988 920 973 929 71 822 695 814 647 788 395 24 226 586 923 17 802 105 846 727 390 334 708 19 963 497 217 293 339 253 491 296 172 929 936 719 603 943 639 885 941 978 501 590 873 435 111 546 697 26 539 627 206 127 756 280 109 288 523 937 16 148 810 365 544 423 791 522 174 229 514 983 793 703 50 977 325 59 63 690 863 114 173 119 613 928 402 289 
481 590 70 534 0 977 970 56 239 844 811 619 260 727 383 954 0 887 994 542 992 510 336 42 370 156 351 992 3 555 775 812 551 898 240 688 281 259 66 589 88 247 352 308 612 509 441 184 603 891 413 753 202 953 262 849 524 207 645 972 710 318 979 91 636 232 417 281 339 73 435 51 936 61 722 51 558 123 550 593 75 931 974 52 799 636 549 748 882 557 436 268 733 136 431 748 501 224 975 535 
488 872 717 596 540 0 385 587 731 941 679 956 109 96 467 623 83 789 354 710 776 666 478 794 485 767 956 982 465 60 61 750 730 589 901 262 400 486 682 701 912 387 431 285 475 658 274 150 526 624 133 212 784 685 104 483 280 772 399 607 408 955 458 763 516 671 928 441 939 254 621 823 931 139 484 264 721 158 155 922 735 351 389 154 800 896 776 851 935 413 1 647 795 113 770 683 705 916 543 632 
869 328 217 415 464 790 0 544 520 263 986 99 786 760 991 388 823 477 215 920 398 770 88 88 783 844 510 341 420 212 617 774 340 738 564 435 909 285 82 613 838 538 211 259 157 938 563 481 792 730 226 398 768 412 111 366 831 679 634 807 252 832 642 145 829 551 308 437 53 751 293 882 790 240 706 451 960 407 570 91 703 780 855 563 509 529 717 467 404 794 738 896 264 144 221 443 85 807 155 906 
428 360 355 931 867 194 744 0 966 595 94 15 994 106 444 280 674 863 35 777 804 708 136 911 849 451 435 111 502 615 232 75 771 269 291 235 311 532 64 393 702 924 914 350 606 880 690 661 542 800 554 78 524 52 77 21 428 172 720 877 56 645 57 429 794 252 764 201 84 456 660 36 120 702 337 998 429 518 252 925 604 455 632 524 474 380 966 21 799 857 929 488 136 320 780 354 284 250 765 958 
944 725 513 351 43 182 758 989 0 709 174 350 389 914 739 576 648 678 909 732 295 244 664 466 442 202 158 77 853 121 291 910 616 736 807 171 801 940 695 629 736 335 798 577 2 357 397 716 810 979 466 960 181 356 539 795 974 841 473 425 791 32 541 90 569 970 417 452 430 392 794 256 280 233 861 185 626 880 825 975 778 249 444 839 869 77 442 801 746 908 156 604 649 823 664 888 922 916 766 649 
332 780 911 190 197 145 342 656 409 0 886 985 952 17 522 386 502 121 912 336 212 1 252 896 339 427 615 505 726 725 54 542 674 74 269 926 162 64 577 251 687 50 240 355 801 598 473 686 910 442 783 660 188 20 364 490 775 352 538 855 360 609 839 255 312 40 418 699 798 720 437 94 575 145 613 808 530 18 856 160 410 775 537 945 447 148 108 773 152 596 91 657 502 228 74 410 451 975 841 368 
690 262 314 449 927 238 699 530 646 150 0 27 74 132 24 287 995 820 459 297 132 339 761 532 705 856 192 137 689 499 897 552 467 307 736 177 353 465 643 833 780 489 68 921 378 91 50 217 999 939 579 11 190 920 135 112 542 894 982 167 126 108 221 25 820 802 27 4 997 251 113 996 315 820 527 549 327 520 489 126 411 859 235 84 486 420 1 979 670 127 771 468 49 133 459 425 470 384 902 606 
743 768 267 637 52 764 244 602 88 430 214 0 375 714 489 780 734 414 239 265 82 1000 922 914 615 458 259 910 705 360 87 893 344 236 102 501 915 285 489 188 468 843 683 599 112 636 792 711 283 530 267 923 506 368 357 591 532 232 991 283 833 991 756 355 354 684 796 363 633 439 259 209 298 669 10 52 135 850 301 450 710 594 366 285 814 428 430 19 336 115 1000 633 834 232 866 856 627 221 36 174 
425 98 38 731 318 814 128 846 759 320 39 613 0 732 537 305 953 454 730 646 78 202 941 793 39 938 432 72 148 988 736 462 419 155 16 345 954 548 251 234 110 74 406 173 566 354 308 475 193 186 794 831 284 929 317 976 100 238 341 127 198 335 973 968 824 990 793 129 530 391 310 522 198 762 537 923 171 102 851 749 479 691 752 202 287 371 221 358 474 932 81 497 560 164 421 166 170 340 713 492 
38 525 687 374 169 569 213 788 912 228 1000 457 487 0 170 358 2 239 609 512 567 223 228 125 596 802 473 757 710 993 223 287 833 951 869 481 95 4 580 950 957 811 865 847 160 482 472 48 127 317 719 187 406 452 493 212 459 926 763 636 655 13 791 703 63 262 507 729 262 379 52 774 24 256 859 323 610 826 87 40 489 174 951 828 390 311 483 322 102 774 278 451 970 655 289 232 433 833 578 621 
606 523 738 67 775 230 633 952 781 90 1000 907 298 508 0 652 764 753 449 720 127 283 431 535 435 628 322 454 396 246 853 999 522 182 369 924 305 646 234 941 868 613 918 231 994 558 376 806 269 965 931 38 107 346 200 254 22 92 672 246 108 495 723 130 753 495 242 288 858 231 831 491 432 713 879 54 931 671 713 728 285 737 405 714 344 99 611 463 162 917 734 231 244 209 842 132 610 617 650 36 
907 288 875 475 853 888 395 646 991 543 182 534 392 772 329 0 691 147 125 714 852 696 996 672 320 389 398 863 913 322 632 47 652 598 794 674 228 632 320 991 439 617 286 940 451 184 394 321 299 903 978 247 274 102 823 117 255 308 716 353 276 765 289 7 723 25 117 226 289 341 740 777 394 226 595 186 338 25 511 861 502 686 975 109 588 694 637 111 622 57 372 839 808 410 865 15 564 900 445 240 
394 569 130 162 690 504 786 725 691 618 923 921 365 408 28 29 0 692 234 824 909 929 16 885 635 995 881 278 385 702 30 236 47 964 864 384 415 283 203 275 664 667 353 578 951 596 143 155 804 30 924 1000 37 737 920 677 798 261 895 778 386 347 765 19 602 664 91 655 986 282 477 614 63 649 875 369 909 619 841 596 740 567 27 615 116 967 423 315 97 169 296 505 264 612 374 336 128 830 49 660 
914 902 325 393 804 410 361 23 89 481 188 766 232 111 590 946 881 0 789 901 143 918 417 369 502 201 581 790 41 734 513 421 200 118 958 170 800 670 594 439 911 189 749 137 24 835 984 55 55 901 272 28 631 669 83 841 34 911 84 247 352 942 266 685 722 341 207 292 58 952 828 566 64 704 33 669 486 485 543 500 200 984 190 356 700 82 546 449 286 17 644 386 687 432 492 23 523 921 259 67 
238 668 174 229 256 96 98 914 400 208 366 251 690 381 421 923 968 164 0 991 288 892 939 978 928 405 834 822 867 369 306 915 224 925 208 99 327 830 878 778 366 520 964 717 36 737 572 884 758 48 128 198 109 988 859 997 351 686 538 553 582 566 879 703 212 134 7 882 891 670 160 562 984 640 538 417 125 510 933 948 480 500 726 570 605 270 830 528 197 230 438 809 176 483 981 513 25 847 866 344 
341 626 973 84 780 304 902 70 198 79 28 372 610 94 803 12 846 805 747 0 838 234 818 975 738 278 880 757 836 194 443 948 724 494 690 475 876 829 150 932 592 625 1 280 842 710 695 773 206 107 863 387 257 411 394 273 571 454 581 548 593 940 485 864 825 557 497 879 724 250 726 227 172 333 736 808 998 217 118 568 652 203 441 471 696 569 576 195 922 134 210 257 846 869 940 730 383 166 106 705 
725 822 900 435 428 600 913 656 5 658 816 776 117 952 417 124 299 261 349 574 0 145 458 14 985 387 206 755 48 452 502 685 993 967 101 240 697 615 482 474 803 916 902 939 799 922 223 423 500 709 553 27 765 668 1000 194 584 733 269 694 934 324 571 415 648 918 19 350 740 951 996 309 125 283 771 914 221 933 966 478 374 987 523 314 418 252 337 266 955 710 447 678 230 127 437 769 992 555 839 245 
268 876 730 741 964 175 705 184 997 939 37 558 336 683 313 417 206 849 583 918 14 0 20 318 936 559 925 441 306 995 799 97 306 770 741 393 835 996 302 219 841 374 569 70 731 670 945 907 759 567 592 28 74 925 250 500 519 653 444 96 170 28 423 14 670 74 428 100 715 600 953 26 106 530 918 692 996 709 429 771 44 515 154 701 239 221 268 547 950 503 573 591 124 546 983 285 484 925 170 517 
441 999 333 915 798 50 527 740 266 38 665 67 520 718 830 921 723 556 10 24 131 810 0 140 754 468 510 400 968 126 164 358 897 550 245 809 590 926 495 265 720 956 274 990 408 805 772 145 712 489 617 419 834 901 640 98 884 391 811 613 150 494 43 849 379 194 162 811 158 647 166 401 543 665 249 415 190 637 723 157 148 192 539 908 246 415 682 375 834 269 516 981 510 498 277 70 306 120 919 268 
525 869 709 431 385 168 656 443 124 779 447 399 306 843 429 828 781 531 383 436 726 956 508 0 300 930 623 527 926 557 360 906 541 106 586 783 413 602 209 706 650 972 771 538 600 640 763 244 200 708 720 114 79 93 958 927 846 367 609 458 89 29 412 410 596 314 28 183 186 384 111 815 186 98 817 715 873 303 318 918 166 375 104 550 291 409 380 68 914 17 784 434 419 881 880 481 483 916 832 314 
1 702 307 344 281 411 654 237 657 321 862 521 249 211 604 689 256 550 798 697 507 435 467 762 0 866 992 944 149 949 392 705 145 789 56 178 492 229 261 497 828 2 218 244 420 41 90 3 625 902 895 438 251 250 814 414 36 647 166 859 951 889 327 159 711 264 776 470 965 282 110 521 95 509 970 997 262 302 523 502 268 110 47 141 436 78 371 807 888 651 678 819 582 55 969 759 458 367 778 891 
306 425 31 831 705 109 482 969 593 331 71 720 3 576 30 544 324 35 586 698 245 345 720 830 672 0 591 578 284 103 644 79 933 12 813 434 878 172 681 552 498 347 392 134 854 582 842 39 369 278 878 606 849 472 676 411 444 13 134 970 380 411 900 848 182 397 880 926 360 946 217 901 547 350 937 648 71 321 178 864 355 307 389 194 42 170 140 735 402 257 17 951 536 660 58 435 4 625 739 999 
94 136 270 184 421 899 814 483 675 910 357 399 54 985 562 317 3 900 133 750 258 558 339 873 489 79 0 287 621 402 44 217 592 213 490 3 977 541 279 513 736 257 349 571 237 109 565 488 879 987 97 189 695 903 116 631 381 744 284 177 964 471 783 867 32 942 703 820 355 133 267 408 172 180 638 297 837 598 775 357 697 622 507 235 17 421 331 461 682 573 198 491 588 69 921 247 182 323 348 539 
243 263 813 296 217 799 771 12 798 845 996 646 102 190 676 684 536 63 441 10 776 466 965 22 722 369 430 0 202 184 340 571 668 391 564 62 869 453 74 343 395 695 907 535 248 123 993 963 495 196 603 294 45 406 61 120 483 850 153 853 630 126 800 945 394 939 578 117 804 320 402 547 818 169 47 554 512 871 739 460 397 325 48 453 435 530 162 887 736 575 859 520 570 208 667 56 839 302 72 658 
29 231 324 616 935 504 980 182 120 442 142 337 179 651 933 205 660 741 344 701 217 492 590 749 827 617 511 924 0 69 90 174 80 128 46 905 18 567 446 814 848 945 425 220 263 255 548 27 866 852 800 903 88 588 647 522 413 617 959 856 485 755 827 53 122 467 789 968 683 629 314 728 312 354 614 355 216 81 615 408 375 208 982 56 991 322 395 90 121 38 388 737 468 412 149 949 308 810 973 332 
721 42 686 140 751 470 947 282 777 478 169 33 820 323 885 719 345 378 736 146 571 696 379 120 312 58 822 139 963 0 591 808 938 824 269 7 204 627 715 680 586 716 829 403 630 310 144 392 377 677 857 780 333 571 465 579 548 266 782 452 809 145 456 115 4 704 81 984 759 912 331 35 818 432 814 20 619 576 375 472 520 639 176 769 204 743 297 718 134 22 339 17 738 206 705 759 624 715 554 153 
563 166 486 831 226 211 800 641 473 904 912 481 645 334 687 401 372 11 585 956 86 788 315 431 995 434 237 373 794 395 0 133 252 603 148 102 212 33 68 617 268 868 523 498 332 515 567 211 788 675 591 363 136 931 530 181 768 224 927 248 289 267 143 113 317 12 166 28 116 173 933 539 575 504 444 711 877 388 311 483 52 324 253 375 134 748 164 596 319 451 904 90 167 647 936 404 583 392 102 392 
671 718 9 50 817 869 884 667 834 492 645 855 795 953 360 195 384 917 970 284 374 212 949 178 305 525 797 426 328 853 564 0 985 611 855 503 883 18 742 149 973 733 965 81 575 590 116 561 355 972 243 734 430 123 477 889 953 723 829 430 13 775 150 742 495 685 246 798 799 509 605 446 55 339 125 975 280 478 440 384 260 445 576 850 551 405 54 418 394 367 110 750 667 263 375 784 970 794 556 631 
496 810 869 49 333 944 835 842 813 694 777 745 98 314 196 140 560 943 315 506 992 836 644 125 427 372 153 173 521 760 367 848 0 36 738 747 790 248 96 935 559 954 599 348 862 863 154 956 463 693 992 195 89 455 644 68 14 724 928 862 378 898 608 899 336 537 777 486 354 677 394 343 15 585 976 87 139 298 238 316 725 321 613 450 278 29 744 848 343 367 404 26 989 0 837 634 16 372 673 355 
309 773 247 68 381 372 840 387 292 959 188 369 54 373 559 192 953 246 959 401 606 660 703 256 902 686 599 510 337 388 134 866 312 0 673 432 985 438 643 589 525 268 678 454 479 128 911 337 758 136 31 442 372 570 813 511 919 865 189 153 223 666 43 55 901 802 388 117 322 67 142 945 992 836 813 765 313 582 81 406 232 35 813 497 659 381 781 848 832 531 782 329 203 701 502 109 476 155 621 33 
291 807 27 568 587 570 385 562 506 748 941 93 254 637 100 358 240 268 293 876 17 572 710 521 874 392 364 99 243 642 190 632 435 122 0 655 258 993 847 645 582 72 554 390 511 357 610 116 512 192 749 821 483 595 307 672 450 712 96 352 180 495 944 506 481 576 38 851 268 271 481 803 956 228 312 687 366 695 954 952 798 297 525 825 274 726 928 332 319 328 361 400 111 429 501 887 601 546 617 724 
568 734 246 648 800 318 57 653 253 371 897 593 898 620 503 443 585 710 54 889 902 716 298 26 809 204 357 961 487 150 886 214 93 558 844 0 128 680 765 713 202 207 488 813 169 714 133 686 612 679 842 620 733 367 983 479 951 162 600 199 513 603 533 212 522 188 148 267 606 619 537 182 464 331 404 433 326 584 804 578 463 587 937 958 542 735 4 563 979 513 180 934 602 997 665 464 8 829 64 817 
972 103 182 716 737 690 483 772 430 800 930 505 275 759 105 302 868 236 823 840 496 3 419 828 126 276 830 994 288 484 946 580 570 631 143 756 0 463 273 273 30 402 432 501 425 867 207 35 180 188 775 829 610 423 237 895 226 635 984 147 76 199 680 180 597 287 610 596 452 738 537 701 819 856 507 776 765 109 970 518 901 383 397 924 640 553 153 483 897 537 651 679 401 392 101 457 334 627 232 67 
720 874 96 606 748 476 946 245 205 506 918 118 967 959 92 648 363 902 973 208 930 747 523 572 823 597 384 43 365 317 119 464 787 766 995 510 72 0 542 990 109 221 152 510 196 193 516 857 691 536 995 494 663 954 539 218 133 460 449 325 872 412 711 301 968 695 703 624 258 133 516 595 565 368 227 228 817 13 628 963 772 934 662 344 736 960 31 533 541 309 983 524 77 243 207 622 975 927 520 398 
561 915 391 767 920 203 533 612 450 908 941 377 33 551 368 88 534 575 660 11 833 368 752 656 487 679 295 645 253 269 39 613 206 598 692 473 589 203 0 504 853 453 910 87 4 500 930 523 749 101 453 981 49 959 362 814 799 545 766 700 161 35 31 941 270 704 502 375 982 452 421 477 165 693 151 671 528 256 619 339 477 425 443 552 957 302 596 723 809 897 963 653 168 327 788 495 562 376 318 866 
695 708 281 824 835 356 854 486 126 259 693 725 362 121 951 773 824 513 240 589 471 553 320 130 66 144 651 567 135 783 579 939 685 440 586 709 671 749 844 0 220 559 650 514 62 42 306 605 753 224 812 646 24 412 885 853 325 267 176 565 743 198 654 521 615 174 544 782 474 303 470 378 38 518 728 40 373 297 551 858 823 780 14 481 193 311 186 439 197 725 469 931 857 586 946 604 984 76 23 471 
990 693 100 577 119 838 242 738 23 173 581 561 866 534 54 987 830 981 164 266 858 548 593 446 804 453 746 613 831 371 545 518 502 27 479 31 86 875 659 666 0 807 640 795 766 969 917 106 338 319 226 125 519 636 497 744 517 596 535 720 264 504 405 194 146 387 846 985 149 693 912 310 630 185 116 843 717 846 870 6 972 392 180 50 888 300 190 471 310 105 927 405 774 900 353 594 167 371 509 685 
596 959 289 667 907 294 386 446 523 531 220 156 620 342 354 688 900 867 630 451 668 918 582 713 617 142 394 594 554 590 387 901 55 725 523 941 221 521 812 197 508 0 48 60 660 840 932 590 106 59 493 679 820 980 542 826 709 133 590 118 871 291 292 576 704 430 678 503 409 435 489 847 641 166 232 304 754 860 14 412 55 455 791 789 682 423 125 857 855 843 530 736 838 31 553 581 832 965 763 788 
932 526 646 623 503 782 125 492 81 582 219 460 941 559 1 586 679 141 718 989 277 24 138 413 342 74 406 755 971 510 223 210 872 528 308 60 918 496 336 568 925 161 0 602 17 786 307 20 14 751 216 691 843 378 466 355 289 483 769 129 267 325 62 121 59 986 896 297 990 67 274 507 196 444 580 597 366 725 106 896 459 108 292 526 147 108 130 590 436 412 531 969 961 309 618 854 179 859 610 629 
182 194 501 278 701 838 531 799 294 821 569 687 395 375 680 0 470 121 249 38 581 49 791 168 749 713 620 593 744 520 179 691 186 188 253 152 153 199 280 465 836 664 161 0 203 0 665 438 996 625 635 500 734 885 156 573 718 117 759 175 346 106 30 488 943 387 322 284 429 281 237 438 580 756 476 850 222 37 468 937 978 1 495 210 448 44 324 892 226 570 695 652 526 868 872 423 296 586 452 599 
291 25 942 971 883 341 671 448 417 207 913 897 976 712 194 487 574 957 465 132 428 544 84 546 238 681 847 155 265 185 468 666 342 890 240 905 791 498 201 366 483 684 532 61 0 572 381 949 292 617 85 595 587 938 78 556 825 125 858 611 562 876 905 718 169 997 99 534 310 622 544 913 776 283 732 835 112 689 717 893 475 184 847 99 469 129 554 986 627 578 393 488 366 923 860 201 524 610 492 953 
530 554 924 446 801 363 239 416 99 984 703 484 314 408 185 80 601 498 520 33 535 884 532 837 509 52 253 241 391 586 202 415 709 470 850 650 637 543 202 756 19 610 403 355 947 0 93 272 448 449 890 185 905 555 881 437 689 723 453 390 362 218 820 554 205 434 572 639 96 887 83 125 291 600 952 340 644 175 362 35 325 87 359 44 173 937 505 766 55 698 845 589 923 537 245 203 236 203 878 833 
806 392 321 297 906 788 880 772 713 558 735 639 222 392 67 922 332 981 928 502 58 852 896 794 146 356 287 32 743 872 563 52 91 782 146 166 696 770 197 749 485 385 760 491 714 419 0 466 309 397 465 508 870 933 972 416 631 788 896 900 764 177 428 640 137 923 398 294 480 78 371 937 152 187 353 689 867 902 765 720 491 735 50 253 134 782 996 568 479 42 930 401 647 165 457 398 968 9 777 302 
685 540 549 893 61 833 752 365 573 830 469 636 473 361 279 838 453 686 803 318 729 962 945 77 251 472 822 69 882 878 285 802 349 292 915 134 497 142 395 435 100 871 961 383 954 647 719 0 568 692 493 781 472 760 590 882 713 512 792 36 73 843 747 193 506 624 693 796 759 564 268 455 574 750 168 834 981 986 388 60 803 397 817 160 77 597 519 358 242 148 570 315 933 524 144 839 147 571 781 356 
514 421 404 620 520 542 92 338 191 832 411 485 24 920 130 612 111 199 929 164 335 643 491 994 116 919 477 847 278 74 370 284 665 913 25 244 874 92 635 646 128 660 644 956 369 955 380 930 0 188 248 596 545 535 546 271 104 201 330 171 121 182 326 369 553 958 392 726 359 218 528 465 9 278 424 132 967 443 992 440 769 119 393 882 481 25 164 336 448 154 847 13 693 189 737 877 190 574 154 821 
187 273 731 932 306 921 323 890 160 769 527 729 502 546 136 761 166 458 855 206 980 919 527 272 284 3 841 959 502 31 931 431 93 267 189 366 87 14 754 1 300 601 541 577 480 590 370 14 352 0 998 712 792 543 875 373 710 917 860 368 391 260 304 320 429 347 827 939 715 507 940 927 65 164 97 825 273 878 469 256 713 378 925 876 178 826 144 55 738 722 244 875 548 468 727 697 44 741 176 49 
303 342 496 913 489 508 896 830 753 839 217 937 47 692 447 260 444 488 208 25 221 273 68 133 523 604 843 672 226 786 320 549 157 362 607 238 921 810 297 850 865 457 132 789 159 391 301 667 577 744 0 469 7 655 198 193 194 690 228 583 823 562 75 228 368 310 362 850 250 621 99 663 810 801 666 738 113 380 440 649 544 652 930 247 906 192 513 35 812 402 464 680 3 509 142 936 416 296 654 553 
216 450 192 336 497 664 221 95 596 700 331 224 204 172 46 256 60 825 964 890 996 472 682 774 971 964 636 35 275 385 203 17 795 712 907 304 151 106 304 775 93 351 479 655 461 244 804 911 524 247 797 0 202 617 728 392 951 32 700 721 91 698 413 549 120 394 435 848 458 31 168 348 166 257 408 236 237 795 955 570 311 781 195 812 268 935 322 942 654 326 787 484 143 529 179 701 864 599 416 184 
806 248 156 628 630 649 570 986 77 997 838 157 218 37 288 313 507 6 581 607 768 392 62 594 402 887 348 465 136 707 2 652 373 883 650 968 988 893 744 311 502 504 153 724 347 887 881 864 289 237 559 258 0 300 194 852 166 549 950 32 794 155 92 95 501 159 663 388 801 132 472 831 669 954 854 86 174 212 432 128 327 9 497 420 787 53 110 521 661 753 884 326 956 791 466 179 531 942 562 325 
751 480 110 462 555 558 299 210 601 930 435 42 94 960 565 7 595 997 311 988 939 186 270 365 175 634 345 71 149 875 856 458 314 843 613 937 553 117 651 582 767 256 977 122 554 436 254 202 739 389 488 857 696 0 922 831 971 769 781 474 403 20 524 571 742 427 813 800 131 645 621 650 816 998 779 433 853 187 399 675 59 923 920 548 393 566 45 485 67 152 856 759 685 677 288 9 901 527 501 299 
799 877 135 241 303 564 80 175 56 158 877 335 47 826 507 61 214 648 19 138 638 998 936 576 823 850 452 700 793 820 266 260 349 440 393 810 114 263 950 263 693 497 982 659 568 604 481 263 489 467 264 150 726 620 0 131 588 604 911 346 845 383 513 864 61 50 381 942 466 650 989 533 652 94 820 257 865 391 76 273 736 570 608 218 44 248 87 143 368 163 398 697 547 489 316 775 680 701 39 657 
589 226 341 162 592 181 254 483 854 913 438 648 842 286 575 611 801 393 850 618 526 170 471 668 913 942 124 748 667 357 454 977 561 470 577 642 892 108 824 32 200 610 708 309 851 203 985 36 334 390 848 457 378 843 68 0 561 863 709 192 8 583 470 980 156 695 319 173 980 893 338 640 304 897 866 857 218 80 991 746 405 979 806 41 29 287 780 941 63 706 138 491 193 136 213 180 269 529 737 772 
521 914 695 54 710 395 94 952 931 479 833 606 413 180 435 631 622 140 269 25 247 346 279 108 900 489 878 722 718 790 450 361 920 764 61 377 217 507 139 970 433 905 136 586 665 280 279 449 183 318 119 224 723 635 234 841 0 437 126 666 323 178 829 468 69 79 988 246 402 927 841 223 479 491 305 964 915 375 817 585 707 384 27 630 838 604 408 426 679 38 638 40 270 408 465 232 736 287 835 488 
159 704 662 302 561 873 637 613 21 891 385 629 707 862 354 393 947 351 926 871 583 993 590 489 229 80 820 466 608 378 129 12 596 913 188 50 880 411 469 476 459 76 53 668 372 958 181 612 346 78 744 978 188 546 726 800 259 0 836 186 120 229 195 704 536 925 708 310 853 664 766 9 100 392 98 25 893 295 921 455 325 438 491 141 799 384 38 728 302 393 498 108 50 824 856 119 73 100 121 179 
972 64 868 406 888 578 765 484 557 978 758 708 291 918 403 333 513 981 245 689 252 231 881 559 493 723 887 202 63 890 265 679 453 859 499 865 590 707 548 727 349 234 726 131 919 503 284 956 2 918 672 983 616 77 551 800 809 442 0 478 620 70 25 556 304 781 260 285 852 183 203 400 46 940 788 536 18 627 794 294 43 173 467 797 14 658 951 770 171 592 703 908 848 99 371 511 169 402 671 503 
293 651 947 926 329 866 340 864 847 416 439 213 521 7 72 741 23 750 577 380 626 458 212 423 491 494 735 470 997 627 937 505 318 303 813 893 260 544 229 66 481 271 410 803 271 207 86 942 32 635 629 219 866 939 646 864 407 322 54 0 684 263 723 163 157 706 332 894 54 229 428 915 183 927 9 38 170 813 344 690 849 585 148 680 392 471 357 749 71 929 811 909 280 867 940 308 385 243 80 97 
523 376 257 449 40 741 90 570 452 357 493 97 412 44 134 477 2 817 39 820 782 946 860 2 521 313 372 409 844 424 848 695 557 785 595 284 79 152 597 784 472 492 906 118 480 514 487 985 871 207 740 981 763 236 859 49 456 126 855 377 0 354 502 127 519 316 25 553 525 441 917 594 116 797 771 465 228 845 624 689 319 625 197 817 477 202 325 572 309 595 677 661 998 603 835 224 481 994 441 318 
298 633 931 948 850 883 284 406 71 702 820 442 860 824 878 462 803 207 250 717 921 820 396 634 365 187 76 134 729 109 320 796 833 488 311 708 177 303 874 47 99 866 315 901 82 373 991 786 494 425 676 778 768 356 116 991 928 180 996 683 631 0 249 387 72 52 426 280 160 153 284 925 122 174 215 881 782 983 673 582 907 614 673 73 878 878 120 170 868 946 525 788 332 729 736 20 908 731 844 630 
918 602 4 942 813 172 400 683 219 100 914 28 980 76 752 463 599 67 528 265 890 368 146 760 257 315 224 984 483 253 510 795 422 845 893 435 786 674 217 786 658 891 888 29 354 466 924 470 989 622 470 835 817 356 44 975 113 57 70 477 868 373 0 539 833 217 315 230 131 360 572 21 306 134 333 427 159 987 588 693 689 629 272 295 625 837 660 865 242 729 98 145 111 175 986 510 427 978 724 310 
280 194 584 282 264 187 746 396 351 221 214 556 439 271 620 559 493 698 744 144 798 104 494 276 840 311 501 107 277 107 72 721 699 675 781 343 550 707 116 781 488 362 823 16 378 306 68 481 383 968 285 103 761 907 830 315 742 991 634 407 215 42 478 0 428 699 952 686 514 466 584 99 605 32 717 627 139 50 995 609 454 999 555 356 564 791 233 577 310 24 990 460 994 19 455 59 18 172 735 464 
857 950 984 780 954 342 128 282 994 655 436 909 814 388 209 90 596 1 443 444 775 610 144 825 909 841 698 28 371 42 359 967 825 804 555 972 277 999 636 307 996 292 252 845 473 256 927 193 361 219 280 913 131 343 430 924 807 392 883 744 386 623 699 143 0 210 303 470 987 550 635 743 411 206 296 582 509 450 636 503 735 226 767 376 394 86 117 322 27 244 534 714 849 341 486 637 666 215 700 639 
484 860 221 906 947 480 322 808 908 590 682 794 173 124 719 887 370 641 158 690 871 530 713 599 492 163 913 111 905 780 853 704 987 415 779 764 725 691 538 720 209 237 592 596 950 565 804 157 392 187 586 33 169 985 664 353 719 654 583 824 464 425 704 900 772 0 526 167 98 742 204 833 811 407 423 217 2 234 404 170 706 275 846 260 907 979 267 954 934 533 165 995 79 682 269 694 409 384 958 936 
783 392 878 124 992 920 290 274 688 781 221 514 335 651 484 109 178 333 992 159 415 767 803 317 916 335 214 382 581 320 337 556 257 182 485 126 33 710 425 167 982 453 917 464 87 409 622 690 649 486 907 696 712 502 713 888 580 272 891 326 833 392 558 522 12 329 0 719 855 754 373 521 487 324 914 447 643 331 97 678 383 843 472 2 191 595 225 785 972 501 687 279 743 207 22 578 368 298 651 721 
101 215 760 753 50 21 341 493 347 363 765 736 227 297 787 962 506 530 526 931 502 819 884 333 336 293 248 45 818 618 716 632 470 677 360 149 507 233 161 828 169 839 749 908 32 262 443 198 569 396 541 856 68 973 167 857 462 896 421 126 719 446 831 468 645 314 107 0 627 75 4 224 511 325 798 375 616 834 40 743 806 954 357 791 963 514 472 798 863 123 753 761 933 673 356 223 355 13 870 115 
713 620 101 350 682 855 427 732 884 260 902 357 262 10 850 154 603 319 359 119 196 716 461 772 725 757 479 133 339 969 457 951 34 101 190 792 364 784 296 126 139 366 416 306 20 236 367 534 111 791 611 280 655 627 297 778 912 430 47 536 630 419 485 237 778 244 859 104 0 301 361 767 774 215 697 631 25 105 282 93 889 891 742 659 961 337 427 352 844 349 957 875 409 414 814 824 753 983 606 660 
670 710 126 530 999 438 500 154 637 631 544 909 610 163 950 85 547 124 255 30 793 679 508 500 588 23 420 687 665 164 60 591 16 427 431 681 65 111 495 843 833 710 714 16 348 823 643 481 647 219 233 254 758 340 757 140 312 393 861 254 805 243 871 579 790 62 218 60 877 0 545 558 952 754 108 118 962 151 355 815 535 284 363 752 508 358 902 689 904 821 434 444 316 539 468 149 457 9 607 190 
937 526 288 129 962 427 828 904 887 937 712 626 311 489 977 298 684 712 18 15 636 644 225 410 546 360 221 928 972 807 111 945 495 718 285 49 13 85 952 400 168 321 601 42 355 859 578 265 448 615 965 996 453 89 940 595 906 89 203 99 912 360 610 727 731 117 743 517 885 920 0 918 73 824 954 734 628 110 698 799 195 875 41 417 35 426 343 381 794 775 935 981 98 52 124 895 333 488 563 53 
456 809 259 246 278 192 10 603 346 434 585 602 964 444 258 397 120 507 792 113 489 335 878 170 319 540 368 868 88 999 287 808 385 590 148 949 181 529 279 373 547 283 504 109 735 138 883 125 758 101 160 485 623 767 220 212 422 395 94 684 591 988 387 712 443 795 831 775 473 615 2 0 107 732 548 22 24 537 51 34 288 145 771 553 68 863 7 507 678 487 865 872 246 720 386 591 617 980 602 849 
856 276 913 898 947 878 822 542 339 728 765 723 84 376 455 720 710 492 964 733 313 401 164 656 38 514 198 625 848 596 571 800 756 739 62 205 539 136 651 57 220 978 111 907 417 813 392 904 97 737 779 420 444 296 368 394 59 788 749 422 822 929 434 253 238 538 447 864 485 974 952 771 0 206 339 17 533 620 111 101 824 775 647 653 689 454 161 46 774 155 412 292 676 356 328 896 729 503 847 582 
186 677 33 35 589 112 831 164 486 383 563 167 767 318 977 641 458 516 10 266 329 833 620 657 330 392 132 884 294 84 533 946 619 523 811 692 218 788 391 688 656 285 467 915 268 316 323 686 558 659 819 537 107 860 706 451 420 1 987 988 813 375 776 78 258 971 0 289 346 350 481 809 990 0 970 196 224 468 552 412 213 68 369 825 198 882 796 261 807 344 21 899 150 830 707 132 460 585 555 94 
519 976 636 143 22 556 59 234 639 566 325 616 161 45 438 285 341 78 158 991 163 736 821 52 383 564 89 74 469 588 20 929 679 628 882 720 241 396 180 422 920 966 973 840 187 959 8 520 683 300 102 459 437 312 828 668 453 382 864 867 389 871 646 450 516 617 386 581 404 684 105 823 746 737 0 638 829 950 671 472 91 440 108 465 838 763 71 116 621 869 581 463 433 205 30 696 823 756 57 833 
295 997 895 500 846 761 974 484 212 155 91 282 315 270 57 638 510 488 665 647 721 232 113 951 603 201 462 793 692 955 594 758 621 392 980 653 387 84 819 292 560 155 765 273 842 297 57 889 168 425 946 930 921 629 873 781 80 14 462 583 856 787 824 843 701 645 51 533 924 973 894 454 362 907 511 0 167 241 671 824 961 790 325 860 682 319 749 442 455 799 481 289 779 260 631 465 434 462 339 436 
468 549 791 651 113 24 436 742 476 948 424 673 939 472 549 131 37 626 715 890 410 583 70 998 546 503 283 235 320 267 517 51 312 303 149 568 48 502 44 132 869 49 712 285 459 843 678 956 626 955 886 485 892 597 582 434 899 700 410 179 242 957 460 465 409 44 588 44 115 496 18 209 518 753 898 965 0 781 824 772 436 927 51 499 811 21 61 575 329 959 662 404 330 975 312 463 801 199 911 281 
801 168 617 363 373 155 638 723 606 307 969 63 75 115 246 635 697 733 165 146 866 55 717 159 682 902 893 579 374 327 69 299 769 14 368 617 566 950 767 477 843 804 633 465 160 206 243 327 609 430 68 692 898 76 375 867 362 745 626 297 865 230 286 310 488 151 730 45 135 253 509 629 69 530 437 186 765 0 166 127 822 435 531 668 683 264 753 985 330 648 832 503 584 187 386 890 286 48 611 448 
1000 797 277 640 712 699 59 370 309 985 332 605 768 650 2 178 591 463 628 152 739 997 830 843 903 225 388 975 256 272 683 259 735 577 899 914 860 625 571 145 114 645 629 981 56 561 277 564 983 110 124 38 72 600 118 309 605 834 642 409 896 817 650 458 676 533 329 927 898 523 720 694 488 296 996 147 385 756 0 952 80 586 96 335 447 183 681 386 638 424 966 577 600 919 321 451 14 802 920 815 
729 873 107 193 169 73 902 771 781 490 38 391 734 185 799 676 837 951 771 570 519 400 950 442 182 552 196 596 15 295 310 198 229 446 363 351 75 538 853 361 368 391 986 493 875 42 906 179 792 78 116 652 622 838 877 472 196 815 763 312 150 630 685 551 184 408 625 220 914 552 905 934 732 668 852 263 450 785 268 0 12 739 452 725 185 447 540 229 463 583 842 654 912 509 743 605 499 392 32 155 
464 570 649 412 512 217 295 654 814 34 906 930 254 889 295 618 884 1 373 14 282 396 447 390 217 72 886 663 161 527 400 809 746 921 257 698 619 471 702 441 268 466 8 16 791 86 449 347 9 27 205 749 205 326 973 671 512 544 180 721 153 992 325 14 344 754 112 753 229 525 593 47 35 2 263 709 97 132 572 582 0 387 96 133 308 602 299 688 692 202 557 538 302 193 460 10 725 255 471 466 
539 242 357 839 597 409 549 281 296 399 228 433 881 632 721 767 767 945 705 60 858 441 135 571 304 130 216 426 906 817 502 100 457 847 420 587 563 821 495 85 74 935 305 201 225 919 533 505 903 225 473 565 701 690 35 708 3 245 874 216 783 38 669 395 841 571 733 448 604 549 432 75 46 290 88 508 19 273 506 800 212 0 154 516 789 955 387 790 498 770 710 412 899 11 107 70 246 990 140 785 
52 810 215 158 928 743 929 610 560 843 477 114 184 486 60 588 498 958 625 493 678 18 686 481 335 625 295 477 197 226 16 57 131 816 863 632 227 47 832 57 523 594 363 495 20 287 82 40 747 257 268 334 898 985 943 443 64 448 943 35 442 21 633 256 382 676 225 65 646 625 387 242 948 593 902 482 95 578 172 689 776 393 0 141 496 664 779 21 826 425 717 684 23 338 734 267 613 559 403 224 
513 425 790 509 888 47 845 785 103 513 390 125 189 813 669 482 326 507 723 701 973 954 544 956 409 951 560 50 463 418 989 223 190 408 380 369 886 315 669 437 734 412 826 208 283 258 867 401 618 249 325 393 328 382 114 388 537 768 912 306 440 40 595 646 528 788 325 118 859 395 926 269 45 697 92 528 428 641 960 2 925 646 395 0 433 281 246 257 723 237 440 896 44 432 304 579 436 464 406 917 
115 199 56 389 328 570 241 631 836 539 194 747 917 179 606 311 598 912 576 179 360 359 646 779 119 201 934 390 733 748 823 109 815 626 178 208 255 483 63 971 986 245 190 904 243 143 210 244 954 363 347 335 689 219 741 283 375 574 843 990 967 668 655 673 515 192 506 364 809 913 603 411 110 231 382 759 774 67 503 426 0 129 83 666 0 499 391 84 437 624 820 651 99 153 662 723 544 158 482 377 
111 669 43 975 559 168 575 868 105 951 113 225 391 523 731 852 400 471 237 398 434 405 223 587 694 956 91 893 192 177 695 100 675 599 299 141 259 315 237 517 692 929 267 49 687 515 981 865 566 325 985 490 713 874 826 261 341 278 738 240 426 135 541 324 449 664 101 854 674 738 545 194 697 522 617 290 462 668 343 309 154 607 164 94 741 0 238 635 679 416 549 105 768 792 23 654 619 48 708 919 
175 150 79 206 507 91 993 316 121 317 247 625 198 3 174 141 551 732 986 59 448 646 734 533 427 532 134 848 691 4 683 982 657 583 714 642 80 102 757 671 811 160 818 111 800 390 119 836 740 516 637 505 815 175 194 283 182 313 5 744 720 575 581 161 884 923 863 951 891 321 539 445 269 556 999 731 515 283 168 667 217 835 615 423 745 458 0 33 930 101 437 909 413 801 338 255 134 222 546 277 
11 727 948 168 284 46 195 394 10 688 720 737 449 107 509 767 609 721 4 668 651 102 591 15 851 888 238 415 415 453 110 878 925 361 235 599 288 724 172 876 452 937 662 117 0 687 844 952 610 528 633 335 540 810 682 277 307 151 682 485 3 73 98 45 311 955 176 592 231 839 30 680 744 207 104 777 269 794 970 544 446 726 807 506 891 48 125 0 777 122 452 202 628 159 676 730 569 473 557 47 
899 869 198 205 444 988 470 104 803 566 703 482 994 290 655 245 788 223 496 318 611 387 341 385 719 359 268 977 919 725 54 866 428 26 383 262 384 658 294 56 834 365 867 937 423 75 880 683 20 662 401 41 794 317 107 79 956 572 328 283 47 200 987 94 79 926 302 266 343 545 326 906 527 659 322 214 230 41 737 405 662 299 430 349 711 786 486 299 0 754 176 53 194 856 182 379 281 976 840 753 
535 981 141 444 626 430 254 311 854 925 109 675 229 311 258 500 653 800 768 72 696 460 608 371 651 331 269 555 866 160 466 972 772 29 758 989 98 257 343 802 703 415 53 842 428 347 773 251 665 684 97 749 901 945 70 0 825 876 673 128 385 720 899 610 280 252 451 937 781 285 360 144 379 232 296 744 564 770 531 652 812 845 396 210 882 49 638 107 563 0 820 768 878 579 438 901 709 963 692 851 
87 435 493 480 472 510 12 115 3 473 825 312 812 827 241 147 723 911 748 318 120 914 351 431 92 519 432 896 717 30 55 151 695 407 685 649 240 650 456 380 153 968 784 29 529 576 818 512 864 458 454 870 592 59 965 326 855 362 266 499 377 806 45 620 201 772 561 39 343 62 762 104 322 105 78 794 899 128 505 513 17 605 349 526 680 288 855 997 390 436 0 300 761 324 608 992 94 935 508 249 
392 240 715 210 654 502 382 570 848 309 636 779 663 826 529 675 298 229 193 850 843 384 149 63 49 589 812 821 428 972 74 26 165 792 483 775 886 569 730 304 496 333 163 354 299 401 789 235 317 922 20 973 223 454 792 931 710 80 727 995 305 464 789 117 758 193 999 270 474 879 896 619 42 223 582 486 631 387 228 113 789 341 512 523 93 219 566 858 570 136 833 0 552 923 313 489 555 430 615 524 
881 346 374 590 644 1 872 125 138 765 985 237 975 852 6 19 416 481 789 705 352 971 374 460 411 756 541 540 357 539 403 636 416 190 539 664 933 474 317 603 967 703 555 939 765 565 905 759 856 977 226 885 245 799 39 1 376 295 910 216 210 553 121 75 316 655 639 791 528 17 0 233 190 861 537 441 898 802 353 190 218 487 543 744 513 925 556 128 567 649 508 491 0 31 952 15 698 136 576 184 
408 803 990 928 497 248 541 920 456 170 322 424 237 390 396 155 287 943 895 805 125 503 258 963 147 924 760 152 663 744 707 184 665 964 968 142 509 960 770 297 486 770 698 300 268 23 150 778 829 643 302 70 340 895 545 205 499 184 144 29 203 325 555 807 890 938 12 82 273 16 861 735 930 845 218 124 193 198 149 150 626 923 68 355 262 951 336 341 32 518 916 662 348 0 86 167 513 832 757 509 
757 687 653 628 483 123 853 482 292 233 299 209 785 557 353 619 979 593 628 739 975 422 396 996 474 907 611 769 737 601 349 393 626 722 549 790 876 690 434 57 42 483 281 9 499 836 336 775 710 925 937 583 976 233 824 319 1 825 261 923 737 785 555 88 325 611 633 594 815 417 211 404 345 853 84 455 698 34 910 916 640 607 617 920 212 592 379 221 541 737 973 3 4 355 0 844 241 594 311 782 
37 714 358 314 216 428 106 120 481 284 146 429 288 685 623 212 726 626 569 792 419 200 755 985 949 119 14 683 353 851 243 217 61 252 722 740 649 597 45 820 190 959 520 765 415 904 432 196 131 487 743 715 132 752 122 318 728 397 988 735 676 459 546 329 390 96 882 549 589 663 482 267 338 182 919 274 844 754 706 560 515 988 633 932 767 559 617 229 630 552 835 452 75 465 74 0 917 104 265 433 
52 953 941 987 112 963 377 556 489 963 627 517 254 661 828 718 326 751 919 965 900 126 224 3 517 660 346 900 996 445 981 25 967 441 730 484 53 681 468 71 119 177 185 717 161 380 869 125 557 704 101 109 342 507 330 102 967 706 909 160 228 464 399 245 877 219 207 869 124 81 471 505 370 120 244 425 948 682 711 23 726 891 205 521 8 254 18 90 803 617 280 321 375 192 626 714 0 750 164 229 
715 385 681 652 711 692 91 196 766 366 431 123 140 493 9 133 883 932 700 801 427 128 903 731 623 906 496 860 933 927 961 765 114 509 474 403 675 200 702 872 664 245 209 174 255 329 102 723 188 617 693 788 46 203 588 343 550 384 362 828 374 25 601 423 662 501 922 165 757 386 662 627 353 910 718 96 123 610 28 110 473 453 297 208 909 522 999 923 318 745 331 721 148 148 81 314 161 0 183 657 
941 289 149 656 541 910 988 326 785 132 585 196 356 642 929 458 438 209 197 110 902 645 112 255 88 429 962 992 114 526 259 404 798 776 885 812 637 355 287 266 540 397 486 844 600 65 134 909 524 203 413 491 747 386 378 310 708 579 331 586 975 480 506 52 773 287 3 266 376 299 230 657 409 309 764 178 288 654 172 719 450 736 415 161 519 343 211 375 873 50 281 961 783 364 798 474 203 487 0 439 
322 457 572 139 143 44 593 923 41 83 409 317 219 704 357 744 974 218 290 109 178 418 938 413 639 531 840 116 181 378 847 336 925 252 318 501 976 543 722 577 118 162 725 102 983 109 876 197 475 261 375 643 814 429 767 93 758 432 186 549 627 89 265 231 982 373 119 32 291 758 169 92 144 184 84 425 533 707 498 132 858 689 380 770 497 310 623 283 452 939 986 723 642 747 507 379 731 509 146 0 

Depot information
1
1
1
1
1

Customer information
1
1
1
1
1
1
1
1
1
1
1
1
1
1
1
1
1
1
1
1
1
1
1
1
1
1
1
1
1
1
1
1
1
1
1
1
1
1
1
1
1
1
1
1
1
1
1
1
1
1
1
1
1
1
1
1
1
1
1
1
1
1
1
1
1
1
1
1
1
1
1
1
1
1
1
1
1
1
1
1
1
1
1
1
1
1
1
1
1
1
1
1
1
1
1
