Seed 123 - Instance: n95m10_0
n 95
m 10
Q 9999
L 3
U 16

0 95 364 368 143 260 405 722 963 908 972 358 938 394 679 655 367 377 775 839 612 930 816 195 822 629 383 8 72 276 415 351 79 992 744 291 618 269 449 606 132 976 491 662 33 185 580 986 693 353 982 322 667 37 573 356 951 132 258 184 309 526 419 350 672 740 104 429 248 517 26 713 629 500 969 367 418 438 218 684 640 743 265 738 162 941 978 719 527 75 179 345 942 385 982 467 465 870 102 918 68 762 463 509 430 
282 0 884 949 633 633 218 537 839 637 364 424 101 720 741 659 309 84 980 29 222 303 51 302 186 153 745 967 86 607 172 136 532 176 905 255 231 339 555 206 963 796 13 698 935 211 734 87 447 496 632 388 653 266 766 301 903 39 251 8 531 973 323 545 39 318 998 687 216 962 202 273 385 703 665 891 222 243 20 989 818 929 401 901 276 468 207 87 412 436 658 989 985 252 817 555 161 19 720 885 173 112 862 486 712 
311 145 0 953 502 636 420 839 122 548 92 991 657 356 223 586 266 583 781 229 854 826 662 535 815 960 52 818 514 344 639 944 807 430 478 217 316 243 246 479 672 203 451 705 777 531 463 135 979 207 667 716 313 868 698 770 577 87 299 754 127 142 827 12 871 566 416 208 884 793 825 245 56 942 652 56 428 51 816 788 68 905 396 670 561 887 579 48 923 9 238 530 347 913 732 307 488 491 754 22 634 485 944 75 211 
132 423 51 0 904 299 739 253 708 487 637 143 682 977 733 459 825 602 454 797 384 720 328 795 34 45 897 635 166 852 517 373 15 917 255 973 773 42 227 917 4 851 76 903 745 586 688 21 750 696 484 557 498 513 938 585 915 464 917 895 675 565 877 751 986 242 150 186 285 805 477 327 730 737 181 581 931 622 164 100 984 750 495 59 187 812 29 374 991 520 795 314 792 974 599 705 296 684 535 948 83 284 816 541 419 
954 890 351 671 0 926 988 779 695 498 111 396 233 903 924 414 185 450 411 19 965 957 968 126 221 673 981 283 373 923 890 312 400 462 441 142 581 837 865 85 80 861 974 904 523 821 112 438 530 596 708 249 663 400 799 219 324 606 214 417 913 259 452 947 953 427 14 22 404 849 672 263 623 583 211 751 682 40 424 420 116 319 65 446 526 382 749 254 875 568 833 614 872 74 296 127 114 514 887 77 483 533 331 890 714 
325 285 569 470 890 0 761 770 500 864 11 467 835 115 636 881 532 598 670 876 462 514 812 516 889 292 15 993 151 354 864 920 632 182 566 943 644 689 544 509 911 768 919 325 867 413 211 464 546 211 230 463 810 824 954 105 650 239 461 859 818 864 122 245 473 483 637 882 651 444 507 60 238 212 978 613 496 489 769 32 739 889 516 987 291 588 932 772 54 577 970 743 7 949 155 774 963 638 19 695 53 42 399 494 619 
843 352 223 423 208 244 0 945 199 932 66 622 839 253 291 759 73 697 50 586 644 40 472 428 643 765 989 448 464 999 974 120 129 983 359 838 863 795 527 262 579 995 795 969 866 64 566 869 906 938 340 557 677 248 647 203 372 288 198 221 553 744 545 794 321 727 269 308 877 529 255 941 754 968 385 174 49 619 37 4 926 113 762 722 525 388 608 209 587 877 288 389 807 313 195 843 743 551 716 215 747 587 679 92 161 
431 240 123 915 79 173 186 0 776 75 167 259 454 456 290 959 818 926 879 752 355 604 105 155 478 731 750 928 221 904 666 25 712 263 832 475 726 745 214 671 44 229 937 146 273 393 215 95 342 839 836 533 869 186 615 6 260 264 230 696 907 336 520 434 968 703 582 163 44 482 701 192 833 81 765 386 374 400 340 188 952 231 614 412 785 222 468 946 682 399 300 523 575 971 537 984 325 40 551 771 627 430 763 509 315 
395 507 120 667 927 25 856 936 0 260 181 878 30 195 639 132 835 941 30 868 49 185 467 975 815 471 317 540 934 638 875 704 408 429 477 81 226 943 825 649 121 64 25 140 275 353 299 570 309 803 709 690 976 364 912 782 934 711 220 475 807 537 734 672 665 213 997 50 838 238 601 415 243 504 471 947 252 483 324 251 33 589 372 907 862 726 897 15 155 654 513 824 953 615 696 241 228 514 225 399 836 436 423 625 300 
447 981 862 662 397 409 166 324 430 0 938 256 588 213 876 214 719 671 721 297 741 891 367 257 147 340 562 189 624 59 771 968 44 923 630 39 639 664 979 865 231 796 376 431 801 232 593 81 829 772 284 985 153 284 234 2 456 499 854 24 381 740 903 679 139 888 64 45 43 418 652 729 273 625 44 503 909 710 509 337 815 897 936 299 502 744 866 533 413 369 779 902 112 221 862 989 886 331 259 134 851 769 365 621 728 
281 520 595 72 138 194 258 101 463 825 0 489 768 929 886 40 980 735 850 937 72 767 741 456 473 385 906 650 203 268 702 318 574 706 8 380 808 627 413 454 26 360 313 225 656 803 159 713 185 797 49 822 983 368 480 526 644 934 143 615 139 646 158 605 492 162 785 726 238 653 324 532 84 413 316 310 841 572 890 346 120 347 436 894 128 584 571 890 296 417 140 329 748 476 83 117 810 173 272 254 876 70 495 841 632 
761 543 639 70 828 306 981 654 157 33 646 0 97 214 862 935 40 96 348 738 990 574 861 114 940 23 979 231 623 313 129 414 560 808 937 874 263 596 700 950 190 118 844 662 292 485 653 95 357 936 36 649 368 604 771 162 937 603 419 68 278 607 275 757 786 389 689 504 679 114 101 985 987 255 825 960 25 558 606 430 35 899 95 915 215 228 450 501 892 769 564 210 905 321 551 62 168 53 109 652 366 130 650 117 101 
477 969 583 310 388 769 869 590 315 71 380 382 0 914 815 995 950 441 383 155 947 537 119 710 552 935 157 456 383 20 184 143 894 295 624 721 302 138 282 804 553 76 280 157 226 232 231 416 847 140 1000 25 755 317 736 528 588 451 66 335 645 263 283 405 879 737 276 378 822 20 280 356 774 255 430 299 229 314 14 392 209 187 735 0 187 360 342 743 99 559 26 564 931 906 306 786 934 690 273 336 745 928 683 692 896 
6 181 154 517 686 679 639 44 172 608 630 710 526 0 658 680 600 990 595 182 971 401 357 107 146 843 180 236 22 979 345 16 990 607 419 477 193 700 735 834 849 274 367 130 854 618 663 849 261 250 908 782 269 164 866 97 176 157 510 57 687 258 13 56 244 480 980 615 562 646 746 762 175 799 782 248 489 46 560 95 199 415 603 233 863 55 889 361 174 603 872 982 627 977 191 330 571 48 410 197 621 632 126 391 750 
456 110 632 486 844 838 198 503 720 927 215 157 226 118 0 332 471 861 982 456 207 491 813 429 102 285 351 919 464 497 311 367 498 921 684 192 758 667 292 196 279 434 566 924 743 974 886 167 391 693 346 786 703 233 618 268 766 481 430 943 943 105 607 479 868 146 449 751 223 322 710 820 412 316 155 842 677 155 28 165 356 418 366 946 238 254 899 507 659 949 157 386 102 937 593 421 68 604 765 308 811 464 490 69 379 
700 283 844 453 247 257 525 950 590 962 704 379 111 727 64 0 866 271 621 256 492 70 607 56 332 727 851 474 54 345 516 457 732 376 399 396 990 363 591 49 12 104 246 944 171 803 355 6 860 347 488 763 196 84 314 442 54 546 428 443 764 570 198 470 654 955 990 172 237 360 676 885 490 148 424 953 735 952 802 370 143 367 574 471 506 924 777 58 680 957 404 662 237 986 774 192 716 419 169 316 132 663 704 470 330 
173 252 619 73 262 510 31 286 905 353 276 485 208 148 867 207 0 733 211 701 523 323 906 627 909 551 340 969 663 707 27 343 581 911 583 50 819 951 377 907 999 555 145 302 893 533 560 142 727 761 560 219 25 576 252 596 652 974 73 335 24 323 252 404 377 822 315 168 648 409 705 417 182 56 31 904 285 880 948 470 812 370 688 58 24 816 394 355 982 262 165 760 21 863 763 540 411 843 487 611 982 715 116 635 199 
16 136 313 836 946 240 576 894 908 42 103 545 354 613 360 668 95 0 674 109 912 560 150 519 424 329 395 178 512 48 455 733 401 445 887 953 331 835 279 518 992 356 308 26 692 138 481 559 81 431 767 873 343 655 236 773 334 168 44 1 177 578 757 209 258 895 953 517 791 782 769 18 854 713 808 200 641 288 863 314 666 341 401 452 348 862 175 933 49 178 855 487 949 813 348 701 849 343 711 268 113 886 997 403 974 
405 247 513 51 509 120 681 511 314 298 121 416 438 724 651 230 491 407 0 93 860 781 561 78 973 164 689 532 481 174 952 419 367 584 873 462 261 862 178 279 952 147 516 176 796 974 461 722 100 584 830 179 983 967 200 399 978 704 399 788 69 664 690 159 239 125 142 899 814 675 438 914 951 265 918 689 589 237 946 506 130 101 74 328 289 244 343 482 255 315 39 186 165 91 36 982 47 348 864 897 787 910 552 873 581 
771 597 612 487 378 247 975 231 517 366 524 207 989 448 848 525 981 307 863 0 709 767 893 704 678 739 256 283 627 336 869 609 773 371 805 295 213 624 455 675 895 630 290 115 934 434 771 900 333 592 815 387 702 363 305 875 49 10 23 398 895 200 328 265 28 164 700 959 785 922 405 992 288 611 926 356 122 319 826 134 691 136 793 813 966 755 928 601 253 16 412 388 169 809 68 417 474 577 870 785 566 100 167 815 421 
342 979 352 446 49 948 322 664 93 187 210 441 676 204 858 333 298 235 862 987 0 661 699 812 464 554 5 876 76 702 674 414 567 273 266 591 534 485 135 582 175 763 164 24 190 731 331 861 686 224 287 259 454 697 965 329 254 104 554 320 149 480 7 472 209 167 67 672 544 102 779 466 817 999 238 451 316 942 652 236 840 446 322 222 477 828 970 538 376 154 386 691 5 517 362 712 255 633 550 780 689 384 727 962 477 
65 772 34 90 307 927 125 917 739 34 848 741 251 309 656 507 404 904 420 726 882 0 59 877 222 448 189 834 361 309 837 837 483 337 189 726 948 397 812 158 648 809 782 104 757 50 149 975 186 479 451 503 713 239 998 535 380 881 738 66 468 924 494 177 167 271 7 213 941 590 652 395 134 217 297 822 216 430 127 607 176 388 561 113 711 434 217 854 586 804 96 620 113 573 755 818 30 916 454 911 51 444 742 173 643 
391 17 140 78 215 587 817 439 29 835 219 62 848 680 45 121 937 119 837 238 349 290 0 885 44 546 679 994 510 350 422 309 495 869 597 631 706 904 923 514 37 514 349 729 741 533 197 112 127 717 401 16 305 53 291 242 582 880 444 367 777 660 967 533 433 736 953 648 897 457 24 256 284 357 268 967 317 279 327 376 798 435 301 588 50 109 135 141 366 963 589 449 854 645 105 475 81 997 912 254 320 49 276 913 220 
702 831 936 879 560 321 481 528 231 692 81 301 332 970 370 729 424 620 783 37 644 812 941 0 214 28 816 360 229 443 331 210 43 307 21 535 625 766 803 0 718 368 326 101 309 798 760 660 665 696 821 260 798 323 425 126 949 422 509 397 791 591 493 752 735 8 839 864 938 497 218 147 710 123 127 714 147 54 606 299 844 633 396 259 432 135 721 67 239 476 175 735 675 979 925 1000 362 337 603 455 894 835 852 976 232 
175 263 136 690 244 962 562 509 772 733 301 996 578 137 395 39 417 67 771 578 66 223 907 878 0 134 488 276 679 239 816 620 440 319 714 62 332 729 92 881 795 910 862 61 507 846 867 577 817 631 623 116 706 67 773 488 788 275 442 573 839 658 430 291 682 696 408 59 926 801 283 614 454 764 922 635 996 548 629 795 841 530 952 187 744 136 650 938 646 728 80 531 645 603 402 373 728 643 381 966 931 293 807 847 170 
539 716 758 18 183 792 744 663 6 1000 468 256 696 811 793 718 295 144 223 443 172 986 88 484 945 0 98 630 589 476 735 211 395 76 261 446 579 306 522 746 323 810 909 319 241 288 843 442 191 946 578 6 993 512 820 712 971 318 40 561 353 810 753 133 239 914 93 991 423 203 888 857 63 486 967 643 44 668 197 388 238 967 832 407 437 581 576 982 233 65 593 398 441 914 143 176 570 352 701 530 815 818 243 536 145 
407 845 968 340 93 543 727 937 748 300 796 980 625 728 521 797 802 321 288 25 433 504 644 350 370 686 0 759 102 452 627 710 323 293 229 280 634 101 887 862 807 82 953 992 575 898 63 794 119 922 183 247 704 843 670 756 413 438 74 975 736 310 643 81 96 199 685 585 104 869 40 660 481 564 7 778 800 249 415 407 219 115 95 972 999 697 264 106 924 314 418 162 326 949 363 238 223 641 709 148 600 138 242 579 695 
384 850 830 23 236 638 664 632 867 842 480 941 301 895 176 195 134 689 660 745 625 448 356 73 914 932 150 0 635 620 910 174 350 21 313 483 986 707 831 690 505 471 341 315 509 820 239 624 997 714 220 87 395 254 134 58 941 315 284 925 141 114 950 78 853 148 107 489 328 194 139 891 513 495 348 979 67 666 471 548 516 936 235 942 810 621 503 420 695 272 26 703 973 199 941 118 426 734 88 191 916 450 237 529 851 
420 542 82 864 844 200 293 704 392 537 271 259 590 664 709 659 338 583 396 872 959 505 114 238 262 38 507 280 0 595 352 175 736 832 468 742 592 29 55 426 356 393 368 348 850 896 190 194 35 131 215 468 679 288 695 933 430 334 274 618 94 333 528 707 914 787 213 440 566 823 354 824 75 994 986 686 822 816 486 956 43 445 672 371 517 998 248 639 113 570 605 149 19 789 179 604 356 389 176 2 788 229 829 196 598 
164 995 461 210 86 513 640 721 100 608 7 188 767 832 342 119 522 93 209 521 761 119 229 731 384 518 815 496 251 0 624 873 477 308 151 927 936 56 490 808 86 179 201 123 358 286 838 179 624 842 815 502 897 569 335 357 300 545 110 190 59 551 328 927 52 220 697 21 320 174 183 362 760 126 14 804 882 936 259 477 967 863 301 259 59 611 847 857 768 156 277 568 399 237 946 430 402 155 519 558 144 661 864 971 642 
255 973 772 992 146 149 576 950 83 726 213 981 615 397 258 481 789 847 408 957 227 683 12 223 497 997 261 324 800 889 0 988 289 326 771 706 513 983 609 752 463 478 612 597 52 675 875 256 357 844 453 972 718 668 718 549 240 514 851 798 265 418 281 116 17 277 540 67 968 67 45 780 563 462 876 732 197 20 547 258 84 784 199 276 471 929 911 132 926 93 321 224 723 622 443 391 259 774 350 702 18 334 596 652 956 
97 503 660 102 471 224 373 273 731 232 988 836 821 716 653 362 669 591 962 950 33 515 246 443 457 769 564 695 182 14 741 0 190 534 127 670 434 353 319 891 197 405 928 400 652 166 93 347 440 430 423 764 419 756 132 504 604 799 10 689 487 993 815 584 644 770 52 526 178 357 967 224 986 536 234 899 287 9 700 160 241 346 946 773 104 515 325 375 249 306 142 307 12 187 409 369 941 650 807 266 596 189 713 184 901 
325 569 727 694 642 607 345 307 497 43 611 904 553 563 306 813 236 834 249 739 886 224 672 995 814 771 965 149 957 930 515 145 0 660 685 773 987 221 445 924 134 102 776 964 422 402 351 598 140 222 19 331 140 32 615 1 25 123 947 321 369 614 448 132 259 544 151 256 313 64 629 996 114 237 585 825 600 279 514 333 351 766 95 514 356 884 821 175 778 338 445 174 643 868 925 257 263 110 412 38 694 322 485 696 517 
917 134 889 222 578 214 392 937 704 960 320 172 83 810 466 946 721 860 680 343 141 190 711 571 182 74 854 144 644 939 251 184 348 0 675 344 746 443 628 611 213 666 266 703 36 585 646 351 135 160 821 334 61 45 383 442 629 228 505 59 492 646 511 695 375 475 948 507 366 571 458 713 326 950 636 118 907 78 883 172 74 185 219 770 769 119 285 218 1000 992 302 158 180 913 929 23 858 47 811 84 973 844 616 826 198 
322 938 270 132 690 939 407 395 729 598 348 233 293 984 926 861 416 239 669 900 741 480 632 486 94 202 857 584 394 115 421 758 533 684 0 923 77 205 613 554 934 880 813 554 622 789 9 984 797 863 136 834 592 499 202 494 784 318 373 82 472 974 842 381 655 922 711 888 31 908 241 57 543 158 621 741 637 194 747 873 301 163 951 411 525 368 355 882 705 311 784 869 366 1 141 536 263 763 815 185 167 956 388 669 365 
509 419 26 233 71 990 266 816 467 141 593 752 193 878 452 7 475 458 892 493 841 197 736 679 448 860 1000 27 168 223 75 566 901 925 162 0 642 2 374 519 587 3 768 167 265 318 626 526 337 724 927 954 148 767 930 551 394 199 506 847 262 949 165 396 635 671 462 76 23 761 167 731 174 731 508 12 412 587 37 421 779 111 171 648 330 887 846 111 737 338 200 452 593 597 609 953 338 498 997 463 132 901 933 761 254 
197 202 125 447 893 412 846 325 822 758 416 561 665 354 15 34 945 966 332 419 848 776 748 959 705 792 257 368 725 927 667 664 190 183 918 708 0 751 298 78 610 66 947 857 245 342 185 230 763 704 730 761 478 759 73 945 842 101 215 355 236 227 870 109 700 513 224 971 668 475 864 956 498 42 111 493 948 40 219 407 611 133 575 934 268 97 879 196 364 389 950 275 242 426 58 910 946 197 710 482 444 303 888 819 526 
87 819 135 877 525 87 246 829 709 460 184 181 382 392 645 61 667 508 679 649 97 231 935 335 708 133 656 91 101 783 333 442 57 308 555 464 103 0 834 493 511 576 274 677 211 625 291 40 603 651 403 158 32 403 727 572 464 739 51 66 976 398 813 215 436 20 138 804 737 199 722 64 220 72 701 282 270 957 75 741 759 199 114 566 67 718 727 888 377 594 968 641 801 719 454 198 115 698 232 877 465 445 524 531 38 
558 31 17 555 204 683 832 325 10 206 860 611 922 461 393 109 289 892 998 53 711 517 213 14 219 129 878 375 80 599 674 626 916 404 792 587 145 32 0 365 936 474 816 260 599 231 200 910 466 275 817 858 6 358 580 850 143 713 575 466 104 754 848 149 723 41 773 555 174 36 715 331 262 147 729 397 477 552 562 640 954 749 553 98 786 578 326 373 79 444 966 111 569 263 658 535 931 370 522 529 295 156 6 403 455 
515 10 287 933 699 894 162 47 706 304 310 251 293 378 28 222 352 963 670 29 466 558 832 854 562 133 847 266 261 406 229 605 166 815 244 99 836 783 531 0 575 909 347 160 197 341 695 846 583 527 224 219 927 821 315 120 669 805 810 373 993 864 854 362 422 401 705 237 547 48 18 682 427 335 295 921 42 201 548 347 425 154 487 584 493 74 740 477 70 985 575 318 41 455 741 410 486 700 964 638 27 604 38 441 369 
422 485 963 946 195 606 388 148 497 817 211 500 436 195 893 397 50 806 621 756 825 898 101 821 539 305 977 492 816 744 509 560 624 436 141 813 368 423 119 466 0 662 772 19 955 649 240 439 431 973 441 201 928 943 310 626 865 708 784 846 786 527 616 286 317 151 428 834 95 760 17 403 485 688 505 925 619 46 801 622 807 421 1000 888 842 409 768 321 625 579 152 481 938 195 614 687 571 698 5 340 632 565 580 683 348 
302 597 428 125 954 431 872 732 74 657 268 597 373 783 90 216 198 309 58 297 748 972 2 714 295 978 337 531 956 498 290 697 659 415 686 434 577 141 987 362 109 0 895 84 316 249 887 800 911 807 656 772 563 235 971 738 902 577 677 583 450 828 226 690 951 653 509 588 934 460 772 362 394 497 129 191 98 523 362 178 428 107 709 562 745 105 381 194 417 866 468 423 863 683 739 610 254 428 469 509 433 136 341 998 203 
629 711 400 783 876 214 656 326 524 714 985 961 146 545 148 751 140 976 128 113 965 482 884 465 123 451 826 756 705 17 869 319 310 750 777 459 877 627 929 893 67 929 0 142 174 732 670 944 853 868 167 666 517 347 131 335 983 771 314 306 314 785 398 555 426 224 503 20 54 679 190 901 270 754 291 204 673 901 7 186 468 756 709 16 637 787 604 66 321 412 650 345 212 872 447 461 158 595 91 492 18 395 799 265 532 
976 712 901 768 534 257 535 79 428 315 731 577 767 301 133 410 284 492 208 485 367 445 10 785 372 139 789 193 687 561 705 394 399 77 134 650 549 991 228 107 856 966 365 0 296 393 651 661 189 715 941 179 831 647 688 972 245 419 606 907 276 867 411 141 712 675 457 91 377 992 710 336 174 48 395 15 798 932 325 38 384 451 452 860 96 248 389 619 2 796 607 371 887 262 97 897 96 232 316 628 35 966 636 117 33 
445 608 416 757 217 711 910 158 867 397 378 366 647 571 913 300 753 114 501 837 537 260 288 696 951 966 326 548 919 14 674 827 814 752 643 940 833 439 45 887 337 385 884 241 0 265 440 92 489 447 386 591 325 547 132 905 605 436 116 856 74 335 612 586 312 951 654 527 531 626 940 410 383 992 187 218 878 734 519 726 566 254 62 348 229 983 29 664 646 600 98 704 11 147 291 92 509 602 331 579 294 347 889 456 88 
20 248 994 327 247 649 696 193 769 611 670 248 718 793 100 672 216 769 176 790 14 655 946 854 419 278 668 514 81 579 726 520 142 329 392 613 386 305 294 130 947 393 631 522 815 0 669 763 760 366 753 433 336 764 113 458 242 176 544 556 671 793 230 64 731 409 968 266 933 95 517 366 392 657 881 18 297 27 931 324 419 249 136 196 655 882 512 796 839 422 944 286 273 100 894 574 640 744 39 516 563 125 88 300 725 
88 419 779 108 91 236 311 373 793 273 863 731 611 756 17 542 465 74 973 131 777 411 501 855 35 186 536 732 837 320 109 842 211 300 856 946 630 998 330 534 554 657 813 118 897 670 0 13 40 958 598 81 174 289 288 461 549 906 172 176 168 567 186 35 613 286 706 646 932 85 720 145 489 606 602 888 1 864 656 147 727 270 410 597 75 373 754 632 52 576 657 255 295 621 170 100 147 719 993 978 212 852 744 690 930 
751 739 891 543 945 941 633 894 133 238 357 98 523 647 86 51 711 486 213 51 322 803 79 98 523 990 308 759 47 391 978 658 926 129 162 502 368 817 40 109 691 353 60 323 838 696 217 0 850 137 181 581 841 611 847 509 512 526 458 537 208 975 399 626 13 376 934 896 746 268 94 379 785 611 217 794 625 187 559 99 913 836 606 833 482 87 695 212 29 254 89 769 459 96 237 329 561 702 125 563 708 549 839 962 608 
958 611 250 119 361 979 882 80 552 396 796 76 202 44 294 889 300 771 535 3 866 56 359 185 434 186 282 724 628 278 759 262 92 603 235 975 635 122 709 71 173 906 744 190 958 53 545 775 0 731 535 274 812 422 498 815 252 459 316 610 547 780 758 493 70 505 455 105 427 198 874 289 742 150 759 897 925 872 198 998 412 960 491 343 726 8 250 765 214 134 146 341 984 499 681 988 899 743 575 849 938 386 886 296 325 
240 604 590 354 492 270 492 408 384 798 517 14 483 440 393 231 47 760 557 636 128 351 831 442 967 370 509 848 847 110 210 57 124 819 121 346 536 746 192 522 280 666 872 647 126 235 793 897 817 0 49 941 575 202 436 293 74 720 36 455 864 991 992 946 807 49 354 290 69 853 400 859 775 578 589 919 625 505 210 818 661 32 252 790 707 172 645 158 888 556 865 356 240 148 332 677 296 203 588 199 972 336 766 674 250 
143 448 535 507 263 302 31 463 238 593 194 276 662 684 187 340 982 311 896 869 740 5 381 646 893 744 540 826 266 503 469 568 673 221 687 65 215 100 986 885 676 349 175 717 708 987 307 126 820 710 0 137 615 316 968 606 73 104 263 3 425 211 407 551 308 307 940 673 322 754 544 295 812 65 332 180 93 577 350 340 471 520 324 825 533 980 222 376 559 37 167 428 713 562 846 427 764 123 201 898 159 222 651 513 980 
380 814 503 171 790 481 950 80 293 516 217 433 687 412 424 311 359 930 903 561 689 637 114 156 334 611 805 827 106 541 617 962 456 886 685 989 856 722 399 170 819 607 905 953 175 739 797 540 975 27 2 0 489 641 994 38 11 418 668 759 911 210 257 217 298 770 699 781 890 353 178 536 107 736 999 900 972 186 651 212 155 323 298 539 948 323 561 23 790 569 785 64 753 852 451 869 697 525 716 523 43 209 376 280 571 
699 343 55 434 442 858 399 876 944 546 560 773 461 32 431 688 21 753 829 786 977 937 76 504 252 437 571 361 808 867 490 140 747 220 50 647 390 739 747 86 456 247 859 340 158 695 842 805 270 102 179 202 0 96 456 676 841 212 18 814 994 573 827 171 0 681 348 314 392 688 937 804 357 228 509 953 442 362 434 909 93 523 960 347 340 899 185 827 508 545 765 930 363 668 930 28 603 436 637 697 336 913 117 920 204 
441 723 261 768 127 40 51 234 891 672 421 672 968 414 704 876 124 878 871 887 584 786 198 501 349 255 938 918 9 229 711 204 431 768 261 666 96 918 380 176 21 31 370 544 978 691 554 802 300 191 273 399 816 0 314 820 61 383 579 747 518 716 819 587 907 702 354 465 332 51 876 140 409 815 889 751 775 246 542 897 946 102 248 492 257 285 733 154 767 627 946 442 138 222 376 126 600 793 397 668 23 574 606 967 280 
278 169 370 88 135 239 409 413 971 430 741 745 363 410 384 33 459 379 844 980 720 946 704 310 965 858 713 650 432 979 327 327 28 769 636 323 49 257 305 544 795 828 608 830 772 511 612 643 673 964 911 782 260 212 0 526 317 589 973 781 144 466 240 426 994 568 559 248 451 162 960 208 272 143 781 589 970 757 761 960 705 822 56 790 151 81 525 47 669 685 272 362 198 972 202 928 995 65 914 739 282 337 338 416 139 
343 503 828 95 319 510 48 335 622 744 20 775 793 108 30 646 515 425 566 962 809 679 629 929 617 625 639 213 950 538 653 524 200 294 913 540 73 435 684 334 806 132 109 712 904 323 769 172 581 15 430 836 101 468 609 0 981 354 922 906 131 389 200 263 846 454 486 914 102 152 993 742 290 477 199 115 101 103 509 423 88 907 896 775 419 429 801 921 870 879 514 537 300 959 223 307 695 972 466 648 295 158 503 509 696 
48 641 585 374 516 298 26 122 915 212 625 917 269 311 527 400 712 855 949 520 341 617 414 757 945 444 276 30 700 23 791 407 143 151 508 970 274 497 431 715 560 301 762 154 920 172 767 649 619 975 104 548 654 8 852 59 0 312 198 929 33 225 375 152 363 481 709 199 845 565 524 607 416 879 163 563 980 722 123 119 663 752 860 977 737 789 514 248 764 14 139 489 428 318 879 161 556 777 398 54 405 56 783 152 850 
318 498 17 283 905 236 298 129 202 476 270 550 596 101 805 401 446 751 336 159 37 21 835 704 117 929 362 386 37 388 600 938 271 637 199 897 832 842 327 473 785 588 393 70 586 992 75 387 552 316 695 882 270 243 5 136 629 0 836 861 770 911 75 689 638 157 716 65 332 730 239 529 865 154 290 228 793 38 359 41 900 834 530 343 366 983 330 983 381 715 509 374 534 840 780 732 544 858 464 915 211 550 863 844 202 
429 816 444 474 445 561 875 569 730 780 965 420 891 827 874 518 955 470 134 997 255 506 235 508 815 169 785 947 27 502 484 839 866 859 518 798 3 409 381 87 145 281 17 752 652 682 757 52 596 814 250 364 357 399 758 692 379 108 0 714 423 728 147 942 734 343 647 403 397 563 936 727 2 321 877 178 133 297 926 176 95 414 229 721 866 325 881 903 865 366 865 108 937 874 357 385 510 153 689 318 916 253 726 100 698 
825 692 273 943 271 391 348 869 594 605 831 476 530 562 337 904 59 590 464 265 348 917 902 763 111 128 930 90 555 93 255 700 209 65 836 773 913 886 719 621 476 753 287 693 556 729 944 185 774 389 790 937 184 307 893 646 856 573 423 0 222 708 14 201 893 258 696 6 481 863 572 284 490 348 554 553 300 969 5 11 547 631 291 0 662 886 744 553 305 261 257 28 552 627 577 742 654 7 175 815 265 313 264 254 819 
92 958 510 796 336 782 468 41 932 604 527 98 783 944 585 18 866 709 844 972 650 406 424 380 662 87 531 900 23 57 974 143 768 973 508 289 107 461 105 79 664 398 101 843 391 422 547 542 614 825 731 783 438 808 904 550 405 676 926 310 0 663 503 449 917 150 11 207 133 541 686 665 997 34 756 115 506 850 857 877 140 617 890 594 633 427 339 546 663 409 252 48 121 736 1000 604 291 54 752 929 328 805 785 696 896 
997 739 894 880 750 732 77 248 978 239 890 89 177 511 775 729 319 300 511 511 114 804 818 407 262 767 415 963 658 438 947 609 975 969 794 900 990 314 198 711 989 240 832 66 945 337 166 442 971 404 874 171 63 457 728 840 308 566 244 166 305 0 592 245 126 908 621 903 913 607 898 699 394 490 982 347 920 896 432 227 522 887 442 259 131 294 688 719 911 32 928 636 744 140 615 332 549 84 884 793 809 525 655 448 529 
728 869 921 290 732 95 3 299 258 857 278 538 421 994 423 563 773 263 861 90 939 344 369 220 905 339 933 107 627 387 140 938 665 396 492 395 555 177 340 230 779 421 998 953 182 649 68 510 700 635 80 812 421 448 648 454 746 907 345 61 140 779 0 4 398 11 894 132 457 904 394 295 319 276 463 971 218 717 215 521 192 870 58 186 223 390 755 122 487 751 422 255 159 648 547 116 918 355 372 406 980 308 650 364 648 
540 676 848 868 537 392 348 970 701 100 639 282 758 759 441 913 494 597 643 475 753 45 225 345 28 931 670 570 908 789 872 433 424 86 153 104 380 566 319 675 413 322 207 352 232 321 184 644 630 370 311 765 908 439 448 636 700 822 536 231 545 506 385 0 892 586 616 165 409 233 866 715 978 124 757 791 315 153 857 873 347 131 287 918 134 135 754 853 283 112 640 146 697 257 441 511 97 316 601 388 753 222 715 227 32 
650 29 472 690 342 580 386 934 819 728 262 674 704 576 672 454 535 995 427 593 154 744 361 740 932 462 787 22 325 855 585 610 228 644 353 351 478 394 32 548 390 483 92 464 929 323 353 60 18 582 637 210 664 220 182 65 15 297 919 765 385 509 730 942 0 231 530 703 699 465 682 460 512 623 89 390 572 187 998 214 524 672 817 868 768 308 106 532 719 308 726 120 342 436 106 720 407 407 205 933 781 349 339 997 136 
268 383 569 678 415 319 699 637 141 196 526 830 51 610 447 332 855 569 707 550 83 177 982 19 567 590 512 214 359 739 622 466 997 553 689 944 603 573 174 277 663 718 494 815 516 163 47 760 346 169 880 548 144 725 39 446 117 149 964 96 418 378 303 845 168 0 647 938 250 313 55 863 743 33 199 50 731 1000 358 389 624 225 992 171 232 832 20 912 519 350 199 511 901 381 597 358 991 909 669 719 827 508 931 577 508 
305 80 869 639 845 759 947 171 754 304 717 331 601 892 861 527 840 419 935 979 978 866 825 555 952 66 466 976 452 667 496 445 867 907 101 409 110 9 314 64 243 892 154 908 996 63 51 234 326 684 938 212 372 378 382 71 884 575 318 462 746 857 456 767 334 83 0 702 262 244 512 115 434 80 38 621 889 395 441 145 708 22 138 390 508 338 411 994 162 456 276 601 920 482 92 74 696 872 237 529 304 202 541 884 820 
38 429 796 520 750 30 372 8 286 320 293 775 350 986 229 686 238 412 294 943 141 617 714 110 189 236 676 151 678 807 416 416 409 706 563 189 746 716 241 650 431 356 413 520 159 536 446 551 387 21 948 277 493 372 628 415 44 276 220 857 767 741 848 165 618 995 948 0 920 899 366 158 871 740 655 111 31 473 434 62 316 641 294 481 185 307 6 340 451 457 914 215 898 582 213 276 794 864 121 372 432 508 674 226 582 
677 254 468 137 545 868 8 638 154 100 27 222 726 325 261 949 131 904 751 916 787 515 915 321 585 13 155 303 823 973 308 659 864 610 211 35 917 893 745 885 149 134 373 232 135 263 178 76 357 764 194 796 46 416 414 316 913 795 704 679 662 4 275 329 635 200 611 96 0 428 942 783 924 328 558 682 726 900 888 642 427 848 967 738 386 438 944 180 429 448 913 475 848 234 250 818 324 403 37 546 213 311 957 49 990 
15 607 97 337 41 57 765 206 968 835 408 134 0 185 68 792 956 337 147 909 448 301 916 255 735 846 23 518 183 543 736 37 22 722 383 272 733 129 121 789 281 728 591 540 359 200 456 301 833 229 366 89 64 243 469 935 840 634 11 403 177 291 418 112 182 921 106 55 556 0 441 960 489 804 620 195 905 289 642 430 299 958 44 572 631 544 203 412 424 300 26 261 698 975 374 266 523 176 914 45 575 398 91 97 926 
807 371 838 37 20 197 120 990 332 435 768 698 772 371 128 103 57 138 718 407 216 140 10 781 998 399 489 305 195 629 680 87 365 553 94 525 381 162 666 335 467 229 471 972 716 12 782 28 959 611 112 602 567 116 939 534 172 882 460 213 966 116 558 190 379 481 9 363 937 594 0 6 370 572 110 232 742 161 663 871 297 523 415 433 449 256 727 31 471 310 979 204 870 724 806 733 572 430 914 432 542 505 759 902 178 
361 918 777 357 948 256 943 838 594 927 758 551 683 51 770 27 420 153 978 561 905 807 856 185 988 202 940 709 532 714 667 731 361 293 558 477 619 604 892 948 416 391 610 275 895 313 720 568 757 480 358 616 607 320 836 209 60 137 751 641 859 393 90 280 750 348 666 580 576 584 242 0 87 782 640 837 569 830 833 160 128 565 205 243 569 657 403 545 58 57 157 464 598 107 372 784 767 430 106 310 139 315 573 941 739 
669 680 686 545 411 604 516 238 891 364 397 657 366 509 67 706 539 885 251 889 314 666 401 1000 296 203 171 891 699 5 181 565 795 845 159 596 337 706 581 825 256 996 189 212 709 845 633 734 211 725 1 250 94 978 127 74 689 511 284 722 312 496 70 316 890 832 671 5 340 744 176 954 0 915 828 634 213 504 147 834 593 752 145 253 656 920 842 858 229 913 367 664 287 367 49 326 897 150 49 394 498 565 763 775 973 
847 281 266 597 27 513 112 746 362 253 195 134 273 198 203 959 623 598 982 95 683 892 648 552 694 926 536 278 437 879 455 958 331 559 342 497 572 286 742 442 772 128 644 477 683 671 61 562 715 429 957 700 99 1000 242 659 823 245 903 640 28 283 126 409 286 348 5 997 92 46 226 580 296 0 775 584 436 673 187 429 977 176 716 719 674 785 137 817 613 38 805 364 718 202 235 366 9 666 909 623 261 501 53 571 386 
145 553 284 416 921 734 712 400 137 631 129 667 989 543 585 258 375 660 728 645 345 577 382 756 14 278 134 608 846 949 237 107 192 735 380 96 870 638 499 145 697 914 814 914 188 571 346 259 374 296 698 721 632 497 350 207 543 33 172 107 20 52 644 625 184 232 307 78 957 577 330 67 646 744 0 653 169 708 945 710 343 419 170 496 72 77 234 401 116 674 806 586 244 150 719 284 862 57 905 223 646 430 499 339 652 
176 290 513 835 755 73 874 878 301 622 807 200 79 843 382 479 848 969 904 706 613 514 847 690 374 689 981 171 293 806 956 917 241 401 631 859 25 524 653 156 214 430 94 760 483 827 475 965 70 397 568 807 536 445 577 849 792 854 324 237 560 742 904 367 596 622 353 708 493 569 488 688 317 851 266 0 147 957 851 94 738 777 394 925 677 781 854 949 708 56 350 874 693 516 892 745 803 950 234 878 914 312 919 668 29 
604 924 167 11 763 641 324 879 19 864 325 737 54 38 248 808 668 833 230 776 317 290 606 67 571 810 596 960 538 67 663 542 209 251 474 228 655 726 678 793 637 586 470 314 513 94 160 1000 832 78 135 118 785 761 651 354 309 960 676 230 86 628 199 631 573 249 11 317 718 193 759 87 616 600 859 367 0 206 53 286 953 618 433 194 50 703 121 161 893 429 736 416 282 858 102 254 499 333 48 262 541 330 269 396 734 
963 312 214 252 472 71 940 808 468 113 618 988 393 866 435 258 477 423 273 334 971 300 742 210 527 463 886 43 853 659 653 730 638 803 616 286 233 170 224 92 252 351 902 206 601 244 575 202 831 0 290 408 613 457 740 735 237 842 445 477 639 461 137 863 603 61 398 899 1 982 93 607 227 982 767 87 301 0 116 426 844 61 995 219 336 377 146 760 276 578 629 102 383 246 893 986 452 856 90 518 45 527 790 812 59 
684 661 489 187 999 522 882 892 358 911 488 292 977 421 242 381 718 230 789 553 122 878 965 525 936 286 955 661 520 946 796 126 913 163 196 66 420 809 591 822 966 86 104 532 661 287 834 409 889 755 482 755 751 464 98 597 452 606 136 51 92 48 48 627 684 242 917 29 1 183 76 613 761 803 539 319 576 146 0 851 619 377 558 499 589 634 391 585 652 301 897 841 617 592 511 389 447 829 257 597 155 880 516 468 772 
526 104 753 545 622 76 881 186 712 218 413 813 191 676 760 468 360 99 450 472 679 140 25 259 319 632 603 616 588 670 637 669 503 34 904 175 822 113 882 418 958 762 41 795 363 800 113 95 937 305 273 38 260 423 311 900 472 599 716 516 214 494 927 490 190 642 631 1 477 829 963 745 901 941 79 431 724 368 502 0 334 237 871 639 638 422 190 154 8 540 621 458 347 387 746 712 593 98 686 81 480 941 988 594 21 
738 42 670 492 825 301 141 123 523 44 869 850 845 196 811 891 912 409 580 50 38 723 774 296 684 46 332 738 573 580 61 149 30 93 332 147 637 730 291 679 860 245 554 358 287 546 715 14 13 982 902 519 213 4 916 791 925 874 917 74 780 721 481 462 512 723 59 773 329 57 52 109 342 776 230 754 321 681 17 706 0 127 878 802 692 209 958 712 189 384 984 781 520 145 202 521 767 282 540 881 636 473 645 340 731 
392 703 102 262 465 342 149 577 420 487 749 572 746 2 275 168 779 401 245 237 446 76 822 335 778 103 809 320 773 206 881 912 228 948 853 658 999 526 487 649 881 476 245 147 514 29 179 43 101 876 695 881 952 145 416 184 662 702 247 918 58 285 270 146 649 741 901 202 293 240 16 818 129 625 409 972 507 71 205 208 879 0 926 640 26 77 758 365 735 952 235 891 739 49 630 673 351 236 564 405 975 974 894 507 321 
544 488 411 346 793 150 63 441 432 504 612 468 727 607 593 582 495 658 218 465 267 493 906 798 213 673 598 499 802 711 288 765 53 397 75 494 491 131 235 873 820 683 809 888 441 208 760 145 872 641 96 917 592 165 331 578 987 785 318 812 377 751 636 428 948 801 686 569 98 65 191 443 528 982 1 535 966 125 4 380 969 733 0 728 939 670 759 406 294 747 237 585 316 995 117 838 598 805 70 88 765 153 821 90 791 
459 399 287 18 525 336 646 793 116 20 156 293 445 139 88 958 683 640 208 43 538 245 919 38 198 887 879 332 146 300 11 679 167 84 919 291 100 955 501 392 795 765 855 255 652 339 411 994 518 265 82 12 509 13 691 141 25 903 168 363 36 421 333 140 588 942 527 92 308 620 852 64 498 73 35 759 38 697 829 299 165 578 889 0 85 377 708 487 448 513 980 802 306 159 687 242 55 963 222 636 168 906 527 91 760 
588 260 86 276 677 483 95 273 271 439 575 619 814 27 747 21 37 929 613 424 399 514 535 13 592 819 730 151 318 909 863 360 820 970 957 713 435 447 88 507 235 837 959 856 187 820 263 283 742 188 649 581 817 48 24 147 706 972 799 381 577 842 357 459 141 445 762 338 957 145 359 676 765 884 759 508 996 203 160 497 381 875 974 512 0 807 495 46 641 456 95 633 972 350 973 468 799 993 499 883 869 153 591 393 225 
530 996 411 779 996 580 919 493 935 840 984 992 636 208 423 72 683 4 264 755 500 785 324 770 542 146 321 502 698 578 370 906 963 445 294 485 899 286 169 849 150 628 880 360 311 487 352 129 445 973 689 373 241 109 967 524 317 299 289 475 561 158 224 819 324 75 809 829 526 930 448 959 624 292 407 326 36 444 758 768 678 159 897 788 605 0 856 974 483 665 819 772 265 111 187 968 553 209 338 317 616 832 952 728 530 
80 318 711 762 208 825 855 64 196 47 847 474 108 871 570 559 524 259 798 713 153 310 555 800 596 344 386 274 601 762 760 596 126 275 453 939 235 237 760 531 924 607 838 11 30 240 938 508 691 735 790 511 728 512 905 707 576 750 739 831 826 781 268 162 901 47 694 236 881 375 618 100 826 32 623 335 43 180 57 479 474 572 243 952 49 636 0 332 376 719 377 429 897 983 495 486 681 746 876 862 76 981 133 175 207 
2 597 6 131 809 899 878 558 603 49 352 664 291 374 985 20 92 32 583 570 881 283 460 575 4 406 890 993 77 715 168 130 722 326 373 875 448 672 249 430 222 493 641 74 811 418 475 872 586 14 632 533 610 79 32 313 34 148 111 116 125 613 437 575 336 452 216 401 518 661 181 72 891 381 733 774 301 714 482 704 638 148 84 907 362 747 32 0 596 138 276 113 934 521 142 647 997 470 848 426 56 176 299 888 157 
112 34 860 945 60 868 140 791 982 171 379 784 349 25 588 199 10 438 527 55 907 164 356 908 915 53 899 759 0 448 170 158 273 140 884 46 316 90 411 921 268 740 465 448 20 13 840 413 418 655 672 99 612 645 880 824 877 191 5 745 465 554 559 919 841 647 677 486 630 399 52 703 852 276 589 726 567 172 337 576 358 236 73 169 321 739 183 737 0 47 837 717 579 217 60 101 704 878 998 478 5 758 320 994 125 
47 501 610 526 94 434 77 566 875 256 232 0 790 470 967 158 640 607 282 15 190 861 781 485 60 645 222 741 564 959 892 575 464 369 379 126 752 754 559 286 719 493 204 426 947 241 462 232 600 692 265 557 175 526 90 377 352 635 287 721 773 14 845 298 729 165 719 247 718 48 262 764 793 317 481 442 547 490 995 630 968 263 211 476 147 981 626 874 269 0 244 984 63 592 219 351 40 910 501 745 951 245 987 238 789 
238 435 94 337 712 326 590 643 929 309 621 887 16 163 802 476 321 398 705 926 468 36 898 35 854 779 768 876 173 139 627 663 134 68 818 96 518 542 144 878 592 585 8 234 23 854 965 944 94 119 523 385 437 640 602 702 519 898 730 899 434 817 72 665 392 286 293 141 499 777 531 465 391 409 77 765 167 935 740 720 298 539 846 776 225 123 63 480 747 254 0 302 671 365 756 306 110 108 202 281 239 151 472 741 50 
971 877 265 339 693 274 599 881 432 75 444 895 116 629 785 528 738 201 29 336 409 329 235 730 945 718 591 847 783 189 878 733 925 529 961 161 975 354 266 307 305 158 660 458 616 136 346 63 31 507 430 336 710 921 140 911 179 739 960 953 123 670 444 0 931 632 802 903 118 893 337 459 723 102 774 834 631 846 652 229 478 798 242 269 753 44 941 29 705 121 555 0 819 342 179 468 700 964 159 662 705 881 780 542 951 
663 156 844 866 258 859 965 355 585 354 491 822 926 932 654 291 548 926 138 136 646 555 147 903 497 813 824 614 878 322 638 561 874 742 25 29 336 718 209 518 14 918 961 989 913 103 961 402 949 916 697 125 459 456 215 593 407 562 330 840 431 105 566 430 115 336 888 331 75 635 641 380 880 275 421 972 259 956 680 253 580 727 167 585 143 218 624 697 594 482 440 531 0 748 842 621 500 182 507 865 165 305 203 299 245 
547 769 400 736 698 53 281 475 161 398 821 243 504 747 281 760 612 697 422 594 422 195 445 618 176 65 363 833 394 954 284 267 66 291 613 788 76 966 94 203 143 951 799 692 965 411 90 469 858 416 739 165 537 548 74 309 421 903 250 77 250 523 256 498 467 120 622 80 313 679 124 297 455 108 620 457 757 22 524 631 459 590 486 270 125 731 164 771 33 146 808 419 78 0 867 261 552 67 63 665 148 18 517 791 842 
777 563 915 360 624 225 989 274 420 400 832 659 163 693 627 225 646 268 600 186 904 699 51 785 79 539 476 13 123 124 125 11 555 598 351 181 744 194 803 25 658 805 901 63 129 645 721 610 663 736 340 232 884 6 215 616 602 19 927 44 295 228 712 845 374 298 895 45 579 598 841 875 482 984 670 710 624 191 441 599 643 736 73 959 840 921 437 259 950 619 136 958 569 528 0 255 807 951 238 718 24 711 683 799 922 
851 197 20 842 825 855 146 890 680 834 638 304 783 580 963 541 928 97 815 230 949 271 286 130 144 403 976 549 441 759 605 739 139 879 918 961 416 521 904 612 992 611 159 272 936 921 893 338 533 131 337 690 342 804 644 631 800 766 296 222 788 462 243 756 673 678 850 157 952 67 59 445 646 915 985 366 787 689 903 741 755 795 931 654 558 483 526 10 190 125 417 978 159 712 234 0 536 206 447 207 391 297 911 566 869 
263 881 448 387 705 342 811 938 224 427 575 969 477 889 601 46 325 437 864 808 118 341 687 762 760 877 258 216 76 185 522 244 524 882 946 550 228 820 289 781 17 962 51 278 851 519 32 458 341 995 503 560 316 889 595 298 189 259 524 998 835 386 838 760 763 977 950 432 943 914 249 483 18 289 166 603 862 423 536 632 319 956 842 761 364 911 477 355 984 292 460 61 589 934 238 920 0 555 986 298 586 166 789 235 725 
981 846 750 232 911 450 128 8 102 704 611 299 368 121 955 150 342 305 741 108 377 613 696 619 369 598 756 92 157 391 555 304 460 929 16 544 463 368 311 801 522 88 604 441 569 633 643 48 898 626 269 403 137 711 342 915 135 667 273 203 503 377 866 504 542 371 648 493 770 397 777 538 615 878 969 265 786 921 575 746 536 357 446 11 990 400 721 185 985 733 737 78 994 50 975 317 365 0 819 764 801 746 372 530 513 
158 960 234 845 506 119 986 346 135 80 662 978 314 848 206 224 295 426 885 949 633 989 27 343 249 225 895 22 168 49 772 590 143 817 198 822 479 71 955 400 483 942 615 788 779 95 959 852 998 439 251 99 300 820 894 683 754 229 581 567 668 614 524 653 76 503 641 824 292 813 579 230 507 756 32 384 49 911 153 275 903 475 321 246 44 683 255 827 56 239 199 265 616 866 905 325 20 470 0 148 695 442 894 408 824 
616 836 668 485 186 202 46 857 763 422 694 538 617 31 56 150 86 314 658 210 445 927 151 574 487 467 559 801 528 268 330 263 275 728 114 912 86 385 430 43 685 779 652 308 182 471 368 602 287 203 955 53 552 676 989 548 433 94 158 235 504 666 975 755 795 253 817 211 803 200 332 42 234 205 973 254 608 788 674 288 276 330 860 864 199 652 307 466 854 783 814 64 86 418 908 257 119 726 518 0 990 55 98 91 169 
814 611 388 959 470 952 849 43 291 664 141 303 841 208 724 989 835 58 471 460 853 315 263 28 606 882 512 860 388 970 629 711 754 950 301 64 153 55 388 997 766 234 785 24 360 269 842 945 933 818 699 545 472 929 432 476 645 548 483 575 312 996 772 949 991 289 487 982 314 686 253 179 147 22 134 493 83 857 914 734 157 911 617 842 894 700 692 946 838 756 988 908 20 211 584 264 685 500 628 323 0 568 295 191 840 
158 65 1 633 427 612 70 537 40 14 483 64 184 909 465 334 859 353 585 85 767 192 422 541 945 529 649 927 674 956 497 239 972 701 793 196 30 932 208 449 620 516 334 704 353 758 589 500 969 808 850 829 932 206 379 190 314 502 394 95 889 759 492 468 938 273 7 105 664 58 309 527 306 61 967 429 455 927 581 725 613 264 197 888 179 423 763 3 175 271 19 619 763 599 283 121 226 986 383 790 542 0 196 777 663 
858 282 611 189 996 426 50 390 757 220 397 664 41 458 302 115 355 687 447 317 310 4 465 423 829 603 366 694 414 578 353 78 216 181 778 555 135 672 903 815 513 454 729 918 280 407 651 726 647 933 597 373 578 299 273 439 840 568 762 551 607 366 500 376 540 23 841 396 139 563 439 238 147 939 141 142 83 28 742 713 808 268 610 710 722 858 922 960 663 946 396 880 859 291 146 422 43 153 823 950 109 222 0 234 322 
147 998 841 330 924 134 515 18 172 385 279 273 815 182 575 754 825 294 710 659 292 568 841 459 835 946 605 129 879 363 52 659 508 22 289 572 622 142 451 425 442 850 978 897 651 612 359 345 458 893 165 666 371 448 224 451 497 428 219 487 201 112 106 383 312 263 703 653 199 561 849 837 217 450 181 509 96 968 789 408 658 609 995 540 811 671 300 448 753 507 760 163 80 185 956 776 656 582 310 6 939 132 363 0 599 
657 434 907 537 206 824 649 394 234 90 965 627 199 712 421 151 334 721 562 743 288 450 953 84 669 964 325 300 504 912 775 196 144 200 328 835 879 361 424 593 458 853 771 677 873 950 620 253 958 676 48 271 153 754 855 285 540 280 234 882 499 110 766 153 870 153 617 5 454 138 785 193 869 12 644 649 954 132 184 400 661 939 224 83 625 850 295 384 763 398 829 188 608 63 917 648 975 59 623 27 693 667 961 365 0 

Depot information
1
1
1
1
1
1
1
1
1
1

Customer information
1
1
1
1
1
1
1
1
1
1
1
1
1
1
1
1
1
1
1
1
1
1
1
1
1
1
1
1
1
1
1
1
1
1
1
1
1
1
1
1
1
1
1
1
1
1
1
1
1
1
1
1
1
1
1
1
1
1
1
1
1
1
1
1
1
1
1
1
1
1
1
1
1
1
1
1
1
1
1
1
1
1
1
1
1
1
1
1
1
1
1
1
1
1
1
