Seed 124 - Instance: n95m10_1
n 95
m 10
Q 9999
L 6
U 15

0 130 418 898 815 268 789 789 380 594 561 289 784 922 771 309 784 78 685 601 875 977 552 524 454 385 374 374 320 259 137 104 731 64 376 175 891 706 215 83 370 250 851 829 520 82 489 46 598 858 498 642 654 531 840 447 899 206 760 569 586 440 949 815 613 790 867 199 75 643 41 401 497 129 705 92 418 326 451 990 991 256 856 584 575 783 246 133 64 543 466 524 95 958 784 500 1000 368 57 666 623 652 88 350 590 
495 0 599 78 724 908 221 951 866 346 302 664 282 37 628 311 460 766 365 417 722 450 639 148 777 109 301 114 69 15 314 701 784 665 369 216 357 539 875 835 88 446 635 500 182 688 123 291 475 397 58 531 601 676 897 186 995 201 322 374 784 107 106 0 389 771 807 618 868 176 883 182 635 564 135 397 823 61 776 451 769 561 841 725 966 170 194 41 263 726 195 503 88 667 394 432 602 749 589 600 974 819 603 505 598 
837 609 0 18 215 125 87 521 322 465 958 880 200 495 673 575 481 29 96 745 736 265 129 342 179 171 51 972 144 961 639 944 580 157 797 635 999 924 451 315 381 32 545 786 541 160 677 349 59 596 620 664 703 136 389 53 354 872 722 35 321 153 18 996 114 386 553 606 485 970 653 403 44 199 886 158 647 687 512 583 765 658 65 304 617 485 807 367 622 127 0 56 901 500 61 10 631 653 239 883 447 41 683 392 347 
661 734 640 0 422 731 998 623 101 934 112 531 961 54 103 713 496 278 968 525 104 665 789 735 355 506 414 296 569 457 504 523 686 260 797 495 602 56 501 559 551 769 343 873 992 429 381 477 567 718 644 264 205 950 520 336 907 159 195 649 847 569 372 831 149 145 934 934 721 811 61 846 797 280 572 797 316 249 824 810 522 30 311 431 874 121 39 478 511 295 15 369 862 134 322 1 347 161 992 468 530 435 102 374 114 
531 571 682 729 0 913 530 780 551 528 489 886 810 642 603 951 221 572 384 208 316 571 575 252 774 627 337 121 347 181 140 737 213 360 686 903 276 288 128 751 197 69 87 451 529 997 712 870 612 283 83 85 787 374 829 299 819 376 148 667 272 28 952 696 624 109 771 58 634 70 234 916 239 955 436 985 334 206 168 580 164 982 191 395 9 3 663 272 468 290 329 668 313 594 68 192 557 492 354 406 929 276 537 61 86 
265 250 825 540 13 0 287 930 17 969 853 836 258 442 349 457 404 356 506 576 851 449 417 878 428 748 417 233 234 776 336 209 737 399 368 470 313 552 788 220 174 150 1000 785 99 208 703 468 812 876 655 650 773 958 749 51 821 846 525 206 110 373 949 79 200 813 439 514 696 486 661 828 299 732 907 834 701 578 468 740 233 150 227 365 492 821 367 241 916 554 414 777 531 981 909 366 785 968 252 231 484 446 387 461 470 
710 664 371 421 848 712 0 877 890 747 608 194 999 198 112 915 114 40 161 682 162 63 33 285 159 440 726 146 487 190 644 466 195 123 280 59 243 381 694 289 270 758 509 46 455 991 495 299 411 769 259 158 400 768 137 364 348 863 472 753 251 411 643 343 933 395 765 880 466 971 407 443 485 1000 436 696 370 654 283 111 308 665 359 333 460 160 121 696 237 574 696 877 287 23 730 118 348 832 419 746 685 823 92 690 945 
351 922 945 442 310 317 85 0 27 727 172 195 729 314 569 911 324 48 294 454 792 712 872 255 919 75 46 685 559 234 721 599 197 466 946 450 591 237 582 476 207 389 995 296 741 774 98 519 755 490 143 593 683 83 534 908 29 435 803 728 710 859 382 711 837 290 971 976 570 422 121 773 582 963 103 575 117 119 220 261 662 110 974 502 946 639 564 620 245 212 178 293 210 867 415 470 438 418 934 459 749 507 907 987 23 
633 899 96 295 608 934 217 795 0 54 610 951 529 680 89 632 575 874 331 14 159 266 439 382 52 434 151 738 63 835 214 279 848 14 911 450 608 543 254 798 792 60 724 543 124 172 92 944 319 282 348 336 620 163 289 139 323 45 915 620 98 203 588 987 809 816 1 971 219 755 946 680 534 338 596 581 301 942 701 407 789 255 384 702 422 14 311 336 670 373 355 55 417 988 747 315 431 80 56 822 675 729 604 983 234 
36 349 325 290 341 815 217 769 25 0 686 120 719 318 541 47 300 329 703 316 662 85 335 780 427 59 152 25 459 719 501 611 394 457 294 362 508 105 897 141 183 914 792 267 763 565 119 617 647 702 948 227 94 881 360 249 343 695 16 861 984 362 741 350 531 759 732 161 43 94 281 183 848 657 396 358 279 371 85 397 559 175 378 475 594 641 859 127 446 60 265 471 7 656 550 192 367 604 206 378 804 246 492 582 585 
498 527 378 122 98 836 832 238 592 649 0 991 423 433 412 158 883 403 127 324 464 598 984 579 201 32 106 499 225 374 890 679 353 425 675 961 159 784 706 624 250 31 718 112 235 144 596 412 19 589 899 103 246 538 13 599 642 684 265 780 565 419 372 39 525 91 891 993 721 446 581 746 367 794 524 238 604 188 466 703 28 545 551 685 827 602 318 4 191 71 486 712 963 807 101 31 595 566 2 85 754 200 839 783 994 
113 624 211 847 672 800 798 296 593 386 995 0 379 133 488 679 198 873 600 350 844 889 469 240 313 157 240 357 826 63 200 874 524 41 134 558 344 450 853 69 999 62 889 722 121 627 454 322 757 534 692 703 354 416 184 194 44 578 286 740 112 846 993 346 7 617 690 953 88 47 123 498 362 114 619 569 357 181 259 74 294 925 82 122 858 789 827 622 341 907 149 753 388 208 633 425 269 353 952 564 193 101 463 915 941 
926 610 276 125 857 963 270 520 783 449 898 610 0 813 800 131 408 130 663 565 687 568 423 903 365 209 876 865 168 743 762 776 692 296 251 67 774 631 812 122 411 214 679 545 72 289 688 181 139 102 1000 24 496 667 532 727 188 994 318 537 220 777 30 13 869 536 831 525 930 545 527 928 108 934 500 144 105 646 160 136 871 590 319 556 681 975 267 357 356 598 647 908 956 76 917 210 502 420 647 702 121 14 266 110 6 
332 867 719 389 218 654 699 520 282 600 179 409 653 0 133 739 45 908 34 41 968 951 481 954 337 507 837 209 480 138 485 299 963 205 271 540 119 649 201 116 309 706 233 329 238 377 477 522 983 934 221 951 958 84 31 101 353 335 709 726 361 776 337 523 565 573 850 59 710 298 688 644 836 2 953 264 655 155 921 657 163 661 627 263 749 942 802 909 347 89 686 918 210 526 663 83 904 220 923 578 449 599 131 693 204 
346 954 883 220 684 260 907 909 246 452 307 561 8 383 0 641 656 617 603 101 534 646 998 884 636 448 276 328 495 665 876 353 638 254 994 547 921 990 672 838 882 471 901 1 287 465 173 420 830 351 672 788 676 334 937 223 115 647 415 58 985 66 392 699 970 400 887 994 505 872 593 672 82 874 913 744 530 915 262 163 618 793 666 691 230 20 327 148 122 50 339 249 606 868 491 713 698 579 308 138 866 654 466 835 248 
732 802 219 422 440 486 121 846 140 46 481 150 820 779 949 0 938 266 892 757 179 819 551 746 244 898 667 757 536 256 218 857 901 278 609 945 362 626 398 285 672 440 769 396 779 470 376 826 237 890 458 509 990 843 767 850 298 248 642 104 171 847 542 772 342 910 768 74 258 334 730 295 654 945 435 555 657 61 346 443 700 751 55 862 915 483 718 758 269 968 687 49 984 551 328 461 834 580 524 125 398 855 118 117 860 
246 722 998 172 756 643 247 725 257 347 168 836 648 950 849 509 0 309 764 845 29 823 635 710 125 724 725 343 927 872 885 589 474 702 547 301 103 500 96 422 485 907 3 714 913 448 519 711 725 161 147 25 434 619 798 727 227 943 755 543 588 153 545 710 355 807 900 501 169 492 512 98 777 260 232 67 566 77 741 342 601 461 848 305 787 333 786 223 314 859 946 747 976 686 539 226 252 470 255 7 566 135 918 112 890 
831 687 608 423 420 138 5 153 371 42 762 637 917 291 27 413 748 0 656 389 695 565 236 578 350 544 176 432 799 787 751 206 311 368 779 203 83 519 747 993 200 863 206 862 650 111 400 708 344 828 538 644 118 109 655 409 982 911 875 273 958 759 877 998 250 972 377 358 424 727 199 965 652 90 54 28 682 517 957 175 710 295 225 320 861 612 173 349 261 582 964 850 45 16 735 524 748 308 528 686 932 611 455 818 566 
8 916 500 791 513 746 811 407 992 626 358 868 118 983 797 935 89 98 0 166 740 984 778 811 759 122 404 272 676 390 972 258 128 803 293 733 938 698 228 903 585 605 626 902 814 386 1000 825 741 19 858 421 313 599 576 944 746 783 162 837 254 134 528 498 608 980 930 177 630 378 336 784 363 448 472 219 940 963 918 741 271 339 876 150 691 112 946 521 10 803 18 541 896 256 916 292 725 499 151 803 810 501 496 702 149 
982 627 193 128 533 315 282 805 886 576 559 965 54 724 618 899 283 662 830 0 331 464 238 859 194 304 953 973 434 795 605 771 100 384 245 100 146 187 22 250 883 358 401 627 378 909 315 485 482 318 340 733 289 396 214 632 557 419 487 561 588 235 21 437 279 110 443 779 73 254 61 827 713 52 357 415 506 964 344 343 428 826 305 179 468 879 343 414 282 557 528 120 802 359 580 124 987 298 846 490 513 482 798 1000 910 
647 665 52 295 539 748 501 113 328 211 738 313 14 663 532 521 896 592 682 410 0 713 544 951 388 410 826 898 51 977 409 514 396 55 278 389 139 503 683 209 204 74 742 345 843 545 66 597 373 354 41 575 457 801 534 213 466 720 795 198 238 857 601 276 599 816 866 735 525 694 741 798 681 249 711 610 186 657 691 308 630 632 363 460 159 20 621 882 650 471 409 672 234 179 583 641 316 419 839 431 73 565 468 218 10 
90 53 519 25 275 513 10 262 608 41 39 52 477 820 474 728 949 95 604 371 775 0 554 156 361 800 373 527 443 352 197 80 780 909 573 76 815 686 731 479 395 471 576 37 272 846 959 282 764 803 551 563 403 434 431 50 703 424 722 679 475 905 20 820 795 463 293 385 384 519 796 793 6 413 53 623 85 254 456 177 780 473 367 223 128 178 541 513 90 310 995 796 567 841 163 272 985 875 937 84 736 960 648 771 43 
134 999 486 459 178 416 917 572 134 620 13 843 228 30 185 365 33 143 958 942 62 379 0 464 976 133 268 989 86 415 695 685 752 106 407 614 980 37 968 155 616 169 885 80 661 412 275 284 979 200 358 112 903 177 725 363 979 13 105 789 450 918 440 102 213 923 186 802 530 57 510 354 315 701 53 884 731 210 594 622 204 234 444 175 643 922 816 658 189 622 140 833 609 840 233 34 654 699 520 518 90 167 660 964 344 
749 996 730 224 841 163 705 658 740 955 381 586 443 480 517 710 246 526 471 346 870 476 104 0 413 727 927 443 266 570 517 444 891 165 312 904 104 968 468 690 761 132 554 114 192 33 474 845 728 572 461 315 368 259 358 11 308 744 49 572 756 754 212 738 896 653 499 803 10 274 409 590 206 255 626 54 530 420 234 24 780 406 397 125 938 556 114 723 778 100 555 208 614 749 691 263 140 425 265 21 802 137 911 117 706 
895 272 889 313 309 573 252 2 768 500 883 769 603 444 861 1 832 222 985 945 902 817 91 457 0 953 542 744 450 634 249 946 737 230 15 574 948 880 343 823 779 412 763 552 510 121 866 480 842 678 682 18 860 603 712 794 79 642 534 534 284 318 877 875 630 212 913 431 613 339 703 658 258 864 881 215 680 189 737 611 901 164 476 355 118 880 303 607 762 467 680 462 860 664 981 736 696 819 195 229 835 858 856 327 162 
239 834 571 507 185 990 815 80 6 104 441 682 292 727 107 750 98 758 451 848 438 455 291 864 591 0 84 216 831 905 426 425 665 30 283 800 58 440 209 967 600 947 476 1 960 8 628 702 590 943 733 203 111 668 654 773 247 938 626 914 307 168 245 280 509 434 671 854 728 157 900 717 288 393 222 593 285 569 313 755 753 983 245 734 719 164 402 912 169 938 702 314 957 769 277 312 207 496 406 157 685 685 505 146 169 
936 804 334 273 643 505 22 667 325 757 983 150 396 285 69 130 828 802 51 998 918 335 428 488 399 51 0 617 465 182 274 42 669 534 365 92 980 202 795 56 329 314 468 195 759 964 564 775 622 449 537 612 31 119 283 207 408 934 946 908 559 756 682 352 804 350 644 451 716 805 858 579 430 599 389 950 72 534 704 951 451 117 235 2 107 311 461 257 82 925 968 544 921 402 53 969 529 783 607 255 231 106 843 711 324 
512 777 723 53 844 322 703 233 99 649 648 239 370 55 661 8 818 181 801 274 532 883 586 544 162 742 369 0 925 273 118 400 667 113 682 491 861 569 29 380 0 729 861 262 617 100 807 823 110 616 70 699 402 82 359 78 794 206 927 566 145 981 185 172 101 9 557 7 923 680 894 896 774 662 218 533 894 641 978 238 135 625 262 212 992 42 497 655 832 694 218 806 313 630 621 580 737 366 478 950 389 873 880 95 921 
853 7 686 479 319 172 524 855 908 969 250 250 15 480 378 194 535 886 179 810 153 535 259 541 993 371 996 268 0 360 797 204 395 488 636 851 841 808 583 870 884 548 19 943 994 731 102 797 743 331 278 957 58 989 539 342 682 235 510 793 861 257 342 266 463 273 254 973 348 416 269 982 112 713 496 93 881 827 555 14 153 422 55 613 536 359 667 460 54 885 149 483 916 434 710 974 582 542 89 49 9 837 55 764 781 
581 178 94 991 783 552 886 260 932 70 654 152 496 740 677 690 487 57 802 161 788 617 784 480 675 906 312 939 553 0 551 881 796 61 134 355 29 62 358 260 560 619 547 796 378 839 150 587 406 338 354 798 452 433 709 692 453 411 98 300 333 565 908 798 673 313 501 932 299 933 391 211 932 122 679 150 654 166 816 26 280 953 857 458 458 540 981 351 868 519 853 323 773 918 55 873 327 708 443 278 811 361 889 756 901 
113 104 562 111 608 900 80 957 596 334 230 261 48 584 195 409 568 279 902 29 307 309 958 262 205 427 771 727 879 157 0 355 536 699 641 880 996 78 683 707 724 868 807 208 40 872 450 711 527 211 455 734 62 765 182 241 203 734 498 975 169 229 129 363 27 846 998 332 480 514 946 833 935 376 403 363 231 997 612 612 626 632 649 237 928 787 929 0 773 99 426 578 731 249 100 134 899 30 949 187 60 477 349 143 859 
393 375 628 213 42 362 92 724 506 104 720 542 231 538 466 204 193 993 549 391 770 254 518 402 198 456 990 108 26 51 854 0 80 218 539 958 300 602 21 553 619 424 540 883 977 291 609 752 866 912 214 97 274 806 134 904 161 408 833 117 849 420 612 683 128 246 527 95 191 439 293 605 227 172 177 92 721 68 311 752 108 231 744 588 156 310 411 518 656 522 220 618 787 796 641 340 495 536 369 26 231 410 937 601 399 
429 313 166 620 423 726 120 134 544 1 426 80 114 685 382 352 504 981 829 717 526 304 588 138 576 640 474 563 913 65 294 945 0 614 835 327 249 132 214 335 227 558 201 697 70 194 16 219 436 773 4 15 378 782 624 599 395 949 131 530 34 515 62 438 979 871 925 722 443 205 837 815 970 514 373 696 284 67 259 568 129 335 867 434 339 862 733 990 475 202 864 85 675 498 420 88 531 676 916 819 695 848 773 326 326 
980 943 300 765 245 717 751 886 213 283 947 97 33 288 898 475 769 988 393 616 275 951 499 417 635 758 65 484 100 510 54 103 511 0 247 337 833 833 278 953 651 875 675 517 677 21 696 635 362 524 124 847 249 385 630 279 426 764 961 445 477 729 677 806 557 744 836 64 116 471 742 614 490 189 382 930 717 910 0 604 3 926 985 989 106 708 867 86 194 673 888 606 174 92 622 593 660 486 84 550 416 269 409 161 354 
238 602 404 911 837 266 360 939 112 733 271 613 23 142 479 847 282 204 862 70 606 866 857 294 12 287 403 845 675 18 217 31 826 730 0 142 464 137 385 589 162 414 151 152 304 251 484 542 6 637 746 281 503 66 465 789 550 377 166 617 641 813 634 934 450 190 588 772 333 736 693 658 432 40 490 247 545 472 526 643 64 339 915 764 785 66 124 878 538 914 324 3 869 388 540 753 602 753 801 326 611 775 955 530 310 
417 692 352 230 76 85 442 738 505 4 262 476 892 906 443 453 778 554 754 584 926 85 202 979 426 952 497 357 842 953 477 744 845 550 236 0 612 156 902 297 783 538 704 405 91 384 719 27 909 768 445 402 592 945 13 164 989 722 884 515 636 486 228 102 153 554 360 981 530 104 277 646 230 277 797 6 619 346 24 721 381 964 411 860 98 826 933 61 653 493 648 103 842 47 451 678 845 766 235 936 807 733 933 710 674 
784 678 714 117 1000 43 531 628 570 459 275 878 402 638 291 692 295 599 355 545 334 424 73 255 73 942 832 152 539 560 76 407 447 647 577 216 0 821 158 555 920 916 486 215 473 751 178 826 387 576 840 823 183 902 479 743 643 279 544 962 119 324 440 165 221 404 967 680 182 561 695 712 956 991 619 872 73 458 122 836 565 180 844 385 396 209 375 967 539 174 758 797 486 67 262 484 289 201 459 95 961 212 604 679 157 
562 947 864 894 540 268 347 355 939 800 270 120 434 880 830 546 24 95 20 144 267 524 915 368 177 992 881 627 422 636 95 793 823 997 96 26 495 0 152 484 941 824 795 245 926 879 568 674 795 129 346 332 941 224 633 277 70 319 353 209 538 797 45 170 297 321 787 153 501 195 533 669 219 857 894 958 113 707 558 988 538 156 713 707 130 233 257 836 464 204 899 685 19 531 675 913 513 183 210 247 973 713 930 388 167 
730 863 749 63 194 581 541 655 1 395 130 501 184 356 288 291 393 74 364 452 549 530 945 591 182 21 589 759 687 831 613 384 189 172 895 975 719 396 0 664 993 601 826 673 969 385 310 344 270 563 503 26 881 884 778 951 456 908 761 513 583 457 979 323 490 816 182 302 380 410 366 690 262 249 21 508 3 933 938 852 948 38 982 339 522 91 337 443 688 992 424 46 872 168 95 391 115 670 330 352 500 763 427 775 527 
736 336 35 268 530 78 879 867 713 6 396 159 194 972 633 662 371 750 130 320 965 197 767 426 353 637 917 632 554 849 122 544 842 839 590 99 385 712 697 0 346 682 675 512 880 502 169 476 738 806 883 211 391 782 641 637 167 620 362 227 654 216 548 423 569 850 155 776 142 628 515 993 414 731 892 224 118 618 313 55 167 999 91 206 236 648 999 875 215 938 153 736 299 248 560 615 889 964 46 125 59 595 856 982 480 
169 614 475 316 439 512 199 531 879 997 412 473 367 919 873 120 534 327 173 311 479 970 253 913 419 144 968 146 341 107 291 263 722 222 350 660 614 364 280 473 0 610 319 960 130 351 59 472 536 699 581 637 960 30 785 580 488 509 871 828 764 907 937 194 109 146 473 389 978 981 174 814 767 684 963 978 257 271 102 496 960 223 254 36 251 895 891 269 840 981 557 857 224 589 351 175 372 296 276 519 358 369 74 455 468 
695 695 796 272 95 572 814 582 700 65 195 377 460 330 855 748 818 26 183 126 312 138 336 305 515 200 573 685 756 138 958 346 417 206 895 156 633 335 224 16 605 0 963 867 370 682 683 706 416 715 937 770 667 702 95 537 130 612 271 876 939 576 367 436 609 356 53 78 167 972 270 798 951 810 209 279 475 136 514 3 480 313 37 235 636 470 140 304 754 945 759 125 809 47 888 694 870 358 747 597 778 435 821 69 265 
608 643 91 752 569 952 886 830 949 498 563 791 760 804 495 259 534 198 338 433 686 517 986 631 859 936 277 845 577 492 895 847 227 554 167 655 416 900 499 529 603 873 0 866 324 289 280 401 782 135 538 379 573 596 734 48 858 579 687 994 161 881 374 539 831 877 853 75 526 636 641 41 910 189 322 666 336 236 331 566 112 610 367 588 315 172 982 610 213 467 595 715 44 749 855 782 989 647 908 545 885 789 14 53 399 
423 837 301 885 845 581 821 502 271 886 762 261 851 25 432 841 273 974 314 385 959 892 820 918 232 429 333 402 358 422 617 398 223 918 220 458 30 990 408 753 727 476 449 0 737 241 988 399 423 572 944 236 115 383 375 782 432 976 314 39 700 450 367 389 431 431 169 215 55 967 318 90 257 834 532 87 141 611 985 270 555 901 348 622 688 463 903 328 6 145 248 404 922 44 937 633 687 435 947 148 132 525 891 231 828 
318 673 724 252 423 754 564 220 145 721 197 554 416 138 307 620 400 418 611 323 16 738 111 478 918 963 794 103 977 883 675 38 383 276 342 19 947 773 478 146 695 816 819 970 0 283 860 931 483 459 353 752 711 692 552 586 832 159 872 169 433 312 267 651 276 619 657 100 868 831 64 377 924 852 527 689 737 619 729 151 514 299 900 864 972 769 795 908 233 760 968 688 97 371 857 428 843 122 31 94 649 109 113 631 321 
639 171 813 500 128 584 411 386 496 223 195 325 678 495 178 984 709 518 55 291 723 181 458 957 781 304 607 182 906 444 579 386 727 266 84 123 953 134 987 101 423 635 647 21 997 0 163 922 507 777 111 688 269 258 761 403 609 754 52 373 664 335 182 171 388 665 195 323 573 910 962 319 289 147 197 757 126 589 827 925 828 454 360 591 72 753 83 572 386 62 418 811 339 837 677 960 684 293 868 382 434 707 455 467 545 
709 73 505 559 292 334 26 193 569 778 126 375 921 627 626 463 545 419 649 440 479 579 379 776 14 483 469 346 923 811 154 63 656 125 813 505 913 926 538 676 774 276 703 890 515 998 0 419 906 33 689 819 318 865 232 503 625 250 217 720 780 500 286 960 416 212 109 361 993 146 188 184 978 974 537 862 321 487 448 784 249 244 67 824 671 565 632 850 556 717 213 30 712 852 801 343 252 347 487 212 81 271 684 210 997 
420 274 688 837 808 186 222 179 524 364 672 315 14 539 244 206 671 423 703 758 447 762 793 972 825 515 386 660 589 655 892 262 209 346 796 264 17 425 468 660 913 443 950 310 611 248 601 0 978 350 628 271 976 326 708 237 727 167 221 167 186 311 544 72 661 763 201 303 89 134 742 372 410 487 532 820 631 958 592 423 727 759 618 293 661 39 561 544 576 566 360 604 387 532 635 728 58 169 568 61 870 427 513 195 554 
334 25 437 409 591 868 575 922 343 401 320 453 480 958 279 219 462 273 264 631 496 176 182 734 167 205 469 858 854 37 253 832 632 250 190 804 144 374 787 248 371 294 627 230 813 880 303 793 0 817 26 345 531 734 395 968 171 676 455 433 17 788 621 817 49 348 225 327 6 965 431 119 843 771 38 187 339 969 196 778 770 558 861 811 201 789 440 390 435 751 524 383 527 101 149 754 148 994 43 962 857 679 634 339 832 
652 999 76 966 337 164 85 142 657 580 736 392 448 798 437 571 862 451 152 368 981 853 322 143 888 103 870 959 429 440 183 107 193 873 425 910 756 79 424 102 190 349 32 772 518 917 537 828 92 0 587 591 150 628 852 407 620 724 958 623 425 976 227 699 771 150 799 357 391 870 698 796 103 285 623 34 638 923 736 703 183 978 611 206 20 202 923 338 432 974 848 292 40 252 973 88 533 386 826 960 555 272 902 890 431 
789 537 594 34 123 893 804 41 898 467 894 990 610 892 868 17 56 764 602 556 733 279 551 725 742 224 920 344 133 442 554 641 327 921 820 43 315 480 634 837 366 964 925 964 116 52 212 251 715 559 0 753 375 754 135 539 782 566 357 142 350 127 999 628 356 980 180 586 489 572 292 990 784 205 889 871 616 635 524 247 440 342 730 549 375 518 442 456 860 456 694 955 326 687 908 468 989 1000 223 970 657 56 16 817 333 
211 2 628 308 11 112 710 753 638 964 812 529 814 753 83 748 784 474 324 967 462 512 171 422 899 957 895 471 569 992 589 53 539 85 552 821 227 220 52 576 137 704 415 431 843 590 193 32 790 583 914 0 488 975 585 640 268 741 151 943 515 453 78 845 621 38 857 869 490 960 25 504 274 189 18 467 507 281 594 269 955 83 821 806 167 101 38 553 53 67 693 657 779 565 751 939 408 735 581 513 278 449 183 813 852 
715 569 7 802 340 794 390 494 595 496 622 332 697 128 629 114 41 686 181 936 451 979 950 461 960 32 431 112 292 902 958 266 525 986 288 301 682 539 647 123 349 76 643 846 132 589 77 211 181 636 337 153 0 97 628 921 279 595 409 135 9 758 184 266 360 818 894 293 46 649 841 464 86 384 242 141 395 450 825 82 87 3 893 942 468 477 661 143 396 215 740 985 410 533 172 454 292 253 405 447 756 786 510 112 295 
6 748 834 292 74 209 789 913 626 164 645 516 15 752 394 935 986 949 380 830 328 458 272 25 113 841 658 214 738 618 9 670 403 614 140 499 90 445 671 157 508 747 820 175 732 819 622 253 365 680 983 648 236 0 699 786 689 924 786 462 159 356 232 712 360 394 713 478 905 681 592 467 861 393 401 308 681 703 884 251 140 935 755 352 771 937 29 645 221 792 558 547 386 899 940 808 637 71 215 837 582 71 932 35 864 
397 458 65 900 824 71 717 136 359 671 680 557 988 682 909 971 521 370 146 187 371 384 384 727 774 930 585 249 619 453 744 57 717 586 950 239 388 562 313 641 664 713 284 440 730 733 540 469 0 404 196 438 992 525 0 147 487 322 755 734 535 754 916 268 520 383 407 839 32 626 294 795 919 255 648 268 927 752 637 960 68 987 719 805 480 29 645 862 358 528 859 9 41 943 189 813 583 687 532 987 701 702 75 590 77 
730 596 403 476 545 434 280 322 577 969 586 873 941 369 519 833 345 717 262 850 577 456 664 336 130 245 38 221 604 224 462 63 601 759 976 632 560 307 931 225 404 752 446 978 163 288 274 858 997 59 867 120 918 337 376 0 971 750 814 363 467 329 820 665 957 999 118 425 44 611 854 760 514 281 661 702 289 70 901 433 355 69 549 290 839 597 962 592 45 242 402 299 496 6 418 832 84 558 398 849 452 267 613 686 739 
810 872 525 61 419 713 979 694 597 599 670 549 520 368 879 814 592 405 838 750 378 845 986 8 300 56 533 842 136 528 150 266 317 826 638 166 807 682 606 558 620 885 211 262 310 943 226 130 175 150 117 817 346 615 301 575 0 197 807 681 64 643 173 40 125 956 989 713 930 515 534 455 106 431 95 686 721 931 403 114 554 496 156 454 110 409 131 579 553 343 942 998 734 668 698 532 522 939 355 764 234 306 508 2 408 
438 78 559 92 316 37 1 784 52 818 587 734 933 977 469 462 866 333 815 826 972 498 909 195 830 385 385 642 557 235 856 154 900 126 537 222 451 466 428 256 589 875 314 829 826 703 898 836 785 186 748 920 617 314 247 748 403 0 97 748 300 869 810 760 852 103 689 30 143 227 353 238 457 61 353 228 363 548 267 970 795 940 565 203 203 940 877 999 390 658 572 805 958 453 891 243 637 65 205 714 548 409 614 181 965 
387 17 550 413 75 100 197 854 26 219 712 40 743 263 361 580 869 707 34 99 852 175 940 843 332 546 522 450 512 977 442 903 122 234 378 714 119 753 985 384 184 422 623 684 326 650 206 737 467 918 654 948 450 689 716 43 375 729 0 681 57 232 872 836 833 514 454 175 144 294 983 551 972 806 296 505 175 243 437 306 748 406 746 923 484 822 989 1000 347 968 590 894 8 975 47 673 920 445 786 459 91 686 582 610 232 
971 469 855 278 252 363 912 116 42 83 55 742 93 647 522 914 852 544 527 988 761 670 755 380 332 140 910 54 99 646 554 40 712 997 754 464 57 31 100 619 216 418 198 490 745 472 559 907 270 523 434 166 84 188 768 704 451 332 536 0 481 655 616 425 298 233 167 2 271 437 178 215 178 728 82 461 271 440 618 59 226 930 511 156 141 664 32 245 329 289 250 406 736 991 525 617 689 805 644 328 982 738 747 459 122 
568 816 989 192 153 325 565 378 128 541 869 221 908 456 665 584 275 570 416 948 958 554 287 475 642 855 667 438 987 881 456 456 312 860 792 973 371 937 737 963 301 10 292 455 884 913 192 298 253 985 113 286 359 610 221 312 148 885 146 413 0 518 372 762 245 84 254 573 500 408 266 142 152 451 913 432 267 899 663 619 405 263 399 837 458 583 841 851 535 226 600 510 1000 705 620 521 687 963 916 824 232 603 735 147 958 
818 280 332 749 961 781 47 223 947 993 451 828 123 802 152 598 177 775 966 670 925 237 296 623 916 25 234 76 22 190 298 593 568 250 694 671 184 829 748 309 124 933 618 471 972 714 521 860 171 610 849 279 720 594 766 787 976 501 657 286 506 0 695 507 424 220 124 946 914 902 87 465 786 702 628 562 975 443 308 743 29 697 301 326 306 93 625 374 996 19 143 787 193 967 728 596 535 726 735 458 345 742 824 148 877 
520 288 472 872 680 740 14 319 875 512 513 110 265 773 63 52 959 755 686 822 589 891 606 540 298 524 628 68 97 645 2 929 710 1000 19 15 667 494 729 605 130 119 597 583 4 767 838 17 660 56 298 688 222 699 156 242 223 669 673 376 382 842 0 4 463 693 132 997 645 438 769 217 861 807 361 238 201 535 384 999 438 403 232 524 8 606 145 972 905 995 363 57 481 729 767 623 60 250 947 994 389 297 517 999 574 
259 738 230 548 863 386 849 97 137 627 465 545 301 477 271 388 546 488 354 181 168 120 679 366 34 19 283 678 146 216 135 210 956 960 603 339 234 340 945 267 351 341 528 868 695 91 313 99 531 243 207 325 681 745 311 108 83 509 789 450 96 207 306 0 526 768 183 255 702 992 655 652 53 177 869 609 646 649 270 245 119 3 433 938 438 553 147 24 734 46 282 354 956 983 726 812 427 85 987 849 633 414 888 182 79 
341 905 17 265 560 548 247 449 383 998 425 902 164 734 833 111 463 615 275 462 884 71 924 522 586 215 177 714 35 581 222 990 851 817 194 412 110 776 258 297 818 506 584 266 517 916 781 161 637 819 637 524 913 126 621 792 613 538 779 959 723 749 236 28 0 31 145 954 543 940 720 690 951 510 894 441 171 156 32 735 143 482 971 485 636 450 802 559 638 180 989 947 147 450 892 110 56 627 524 78 901 513 935 663 520 
133 371 938 688 664 985 476 987 292 907 234 711 109 212 654 986 556 291 870 82 589 132 252 162 394 42 578 681 501 220 935 495 860 612 154 851 367 475 813 545 451 816 755 691 360 426 73 79 182 799 435 151 43 316 82 588 968 154 278 809 892 8 795 284 279 0 240 97 399 742 537 134 349 988 207 139 221 820 282 592 719 22 871 779 899 909 458 100 833 430 747 141 468 275 926 282 187 772 694 106 465 328 159 721 73 
382 933 621 73 67 915 644 680 84 3 810 595 919 911 97 892 885 419 500 739 105 423 185 263 291 503 52 997 330 815 127 438 528 285 44 517 485 832 726 621 406 163 559 309 538 182 319 139 305 528 166 810 34 337 101 661 30 935 451 670 951 860 858 900 911 395 0 638 464 678 901 178 356 142 93 378 417 892 643 385 523 62 20 284 971 425 416 744 220 147 118 125 252 458 733 390 801 85 845 224 948 824 643 690 977 
355 986 3 302 966 397 627 991 155 248 209 991 110 929 520 649 431 841 982 595 737 842 634 563 751 670 275 404 872 785 468 428 892 832 539 756 150 721 111 534 668 649 343 565 157 44 481 747 357 847 196 632 985 786 412 300 269 548 650 550 216 588 968 372 861 202 830 0 831 601 442 636 100 606 31 785 865 191 782 371 937 865 585 458 124 71 939 997 925 605 574 328 903 956 413 625 285 995 888 719 99 380 59 839 89 
771 215 580 93 510 190 530 358 71 459 72 508 919 394 453 72 573 833 818 793 874 893 66 137 234 672 847 98 932 839 331 418 329 597 470 808 565 766 816 977 376 375 679 726 454 326 760 928 382 273 459 286 536 518 257 319 862 590 509 13 851 409 335 107 863 55 895 392 0 288 452 499 798 549 301 285 724 271 74 599 296 972 837 979 132 994 629 17 138 481 153 310 177 745 543 98 200 225 956 738 454 852 694 242 117 
416 524 540 48 617 786 912 708 537 418 214 848 729 93 278 163 447 994 576 451 867 257 444 176 334 364 202 295 45 206 691 50 897 499 439 86 287 766 699 437 811 379 159 562 736 903 914 245 736 257 861 515 51 307 409 148 770 357 860 424 92 680 678 132 886 107 238 281 666 0 788 53 873 184 943 838 813 765 582 359 603 309 549 257 302 190 572 363 709 335 285 490 369 663 688 83 629 350 758 218 701 983 380 235 652 
554 518 831 190 427 838 78 11 433 306 348 453 529 262 302 197 697 234 229 282 18 850 185 34 55 500 399 605 981 410 938 882 91 529 847 494 45 590 785 29 410 408 458 54 328 176 768 654 661 625 974 484 726 795 177 441 176 242 410 587 737 998 104 117 940 217 93 234 390 93 0 972 914 569 412 294 835 477 136 680 248 12 969 433 233 688 972 274 491 616 488 832 651 751 727 290 857 770 182 183 135 678 771 406 622 
6 753 695 124 658 66 586 800 506 197 42 810 126 943 939 527 516 76 310 104 889 29 425 364 296 645 302 891 25 68 342 588 618 436 679 824 276 450 206 876 499 963 841 727 366 80 735 799 555 333 40 954 460 982 321 355 851 779 435 452 537 247 69 434 621 860 753 713 886 248 500 0 23 364 604 975 215 932 499 982 230 907 912 430 748 314 495 895 424 747 435 670 511 97 750 357 474 423 529 227 284 355 387 198 958 
506 27 178 647 278 150 821 641 281 684 702 205 171 899 403 640 477 866 173 81 583 698 385 999 627 743 552 311 258 83 344 527 438 488 587 4 310 82 711 161 712 834 659 954 223 569 789 462 941 938 645 128 86 492 56 641 292 964 120 391 392 793 848 171 327 317 748 267 229 450 144 150 0 200 203 353 750 51 895 318 40 891 784 67 911 686 688 898 537 823 634 188 609 794 52 94 787 234 129 227 892 380 562 387 62 
777 108 256 473 116 643 378 626 787 850 841 384 212 343 820 753 333 984 55 889 872 627 495 211 477 525 35 679 120 455 293 629 87 898 963 784 74 245 23 456 648 957 900 376 484 368 909 707 363 803 105 187 99 556 373 356 823 469 2 120 782 884 895 166 504 441 153 591 392 498 118 149 812 0 706 953 687 997 320 594 482 117 12 285 716 535 590 800 801 9 841 179 376 912 376 246 147 21 499 228 668 900 248 88 603 
795 327 358 287 208 527 232 159 201 563 570 552 155 139 764 820 882 850 764 260 389 172 775 441 569 316 36 380 803 8 898 623 167 833 903 648 201 830 524 211 81 210 475 125 465 601 518 770 409 715 618 923 593 867 913 820 745 867 923 970 491 815 262 655 550 241 925 161 244 279 27 580 661 470 0 216 177 330 629 893 854 417 402 729 728 689 735 405 397 231 164 6 690 162 704 263 709 68 771 180 613 654 489 856 919 
157 777 437 463 63 877 7 451 476 424 205 182 951 854 874 154 425 986 357 691 393 514 236 661 602 458 201 127 792 747 110 373 83 377 661 971 434 224 199 224 99 166 43 745 104 327 98 667 836 288 145 440 71 730 938 26 156 702 867 501 57 189 374 958 387 313 448 920 208 585 680 17 334 106 749 0 38 631 587 969 631 361 947 928 488 19 288 532 949 686 142 379 26 918 310 644 135 751 109 623 846 522 451 946 228 
407 712 345 365 431 702 498 378 791 938 269 16 655 882 369 299 11 478 801 825 966 438 996 923 775 414 606 935 986 341 801 475 263 355 61 699 671 605 127 590 741 216 212 867 918 110 914 663 275 955 114 983 764 787 478 130 595 513 540 936 8 901 791 453 56 956 234 90 439 368 875 593 294 652 408 995 0 874 387 21 327 619 117 373 493 677 893 487 8 27 462 198 869 657 201 188 366 263 497 196 191 964 996 526 178 
316 221 82 43 789 412 257 130 53 153 271 158 288 35 104 852 553 648 813 157 131 627 694 320 118 414 973 966 455 14 787 852 330 815 149 834 233 823 384 74 434 690 278 741 48 159 10 87 374 203 957 740 575 189 453 285 242 877 523 520 629 164 691 510 968 297 244 989 778 744 592 77 828 871 515 271 397 0 176 715 562 216 107 430 733 656 797 217 323 81 5 25 913 491 609 584 236 986 70 335 440 925 717 755 637 
363 445 888 185 603 489 826 882 367 491 483 953 357 444 762 775 53 694 183 589 0 872 62 642 108 699 739 5 730 392 445 420 919 779 361 932 246 307 604 364 20 690 782 578 848 351 453 73 408 619 763 37 632 290 288 498 461 663 101 970 505 445 480 621 864 12 469 208 866 324 138 261 539 130 16 498 317 703 0 631 338 331 944 285 781 892 464 471 198 700 954 356 731 547 268 205 813 947 841 12 792 527 807 921 935 
78 168 168 627 885 936 882 638 800 738 92 15 907 283 320 508 568 714 292 716 262 496 700 412 201 15 222 319 559 305 671 525 120 184 619 619 422 313 318 767 672 43 365 704 779 773 393 938 285 484 795 906 980 767 127 48 67 0 88 494 372 994 676 838 712 556 981 55 988 275 124 957 190 747 131 176 320 722 753 0 38 463 163 970 542 410 519 710 908 352 34 144 896 2 755 369 549 536 436 331 589 431 96 37 515 
754 213 424 800 848 144 379 541 737 185 758 824 913 209 171 724 422 655 163 860 796 794 865 121 576 782 611 343 777 211 373 746 392 27 680 854 265 940 365 663 206 896 561 677 178 401 748 777 374 986 264 104 55 542 858 670 46 618 464 938 57 669 607 578 24 699 126 822 938 516 416 715 710 583 17 404 285 490 645 557 0 354 121 81 661 478 345 82 775 58 751 640 890 716 574 450 836 730 463 254 510 187 348 758 336 
486 203 780 274 193 864 438 619 310 764 799 811 918 119 918 15 585 920 469 328 527 127 515 888 513 172 528 599 535 94 483 362 5 928 98 534 389 537 684 286 912 504 609 776 60 929 971 211 218 67 441 612 979 624 760 898 171 372 333 181 550 902 352 766 204 379 377 387 855 293 940 659 471 175 692 430 189 740 92 132 735 0 179 623 438 125 469 527 250 752 476 780 719 18 848 154 944 104 35 998 679 230 962 286 994 
6 478 759 631 257 19 518 594 164 167 305 83 349 583 844 708 534 278 796 283 155 393 624 264 492 418 322 790 646 796 804 570 689 782 681 327 449 301 68 120 328 161 903 910 608 894 741 112 923 126 183 135 227 326 58 343 158 672 662 986 854 740 427 747 934 683 953 432 807 917 707 732 508 656 466 668 574 896 74 212 819 412 0 278 834 384 542 24 592 28 671 850 268 439 206 721 450 664 818 707 751 514 19 622 443 
678 862 669 915 496 982 102 392 537 116 821 854 838 471 842 507 859 428 943 534 254 942 438 24 849 155 866 799 136 299 52 49 237 816 135 625 217 130 198 579 641 718 996 173 249 227 89 500 385 486 502 907 719 285 656 744 900 721 245 417 549 946 855 291 624 371 515 720 335 31 193 270 154 18 29 334 682 153 881 118 122 986 909 0 934 560 670 710 666 140 933 644 59 108 344 812 286 391 216 476 993 786 106 421 93 
384 492 733 477 671 784 331 652 301 265 373 635 130 721 859 339 645 496 597 737 329 991 667 960 311 693 316 305 174 44 312 708 967 988 84 948 155 186 290 878 267 80 248 568 549 220 771 385 508 246 747 759 993 585 996 966 613 668 27 807 136 10 980 306 852 290 920 754 540 847 630 391 644 598 228 171 751 276 760 682 556 929 499 343 0 58 289 154 339 840 970 888 31 376 34 840 226 414 969 466 75 401 501 277 441 
341 597 333 134 12 457 407 930 208 245 119 955 963 411 686 160 195 0 673 532 67 723 154 78 235 317 50 438 780 234 565 726 414 25 1 78 179 88 321 660 81 222 403 396 166 854 760 625 487 144 360 929 912 993 735 778 14 608 614 928 830 47 741 944 402 236 122 447 443 106 421 731 408 460 419 323 149 963 654 322 857 513 887 877 320 0 623 481 706 159 924 255 82 205 949 25 841 906 301 74 392 557 222 58 825 
66 627 335 823 271 548 37 852 907 755 230 463 568 709 742 578 551 703 52 358 501 215 727 579 856 154 413 562 272 278 643 888 151 510 324 460 864 164 59 431 576 908 8 900 583 205 142 856 496 209 387 219 378 418 904 553 153 520 575 614 225 719 37 796 2 476 676 840 910 81 467 626 649 883 957 986 796 360 948 736 456 385 823 833 13 189 0 791 50 364 822 850 887 69 929 799 579 423 294 851 604 750 269 484 591 
633 860 475 2 287 969 715 517 138 380 30 244 426 147 936 610 440 987 572 81 442 537 40 176 6 806 259 701 609 815 702 330 425 959 382 690 103 514 969 601 393 412 634 147 732 50 922 150 986 194 931 111 369 427 778 9 613 96 934 124 260 793 448 719 873 261 261 644 321 106 708 824 851 132 874 792 20 700 52 693 696 619 846 354 414 574 309 0 177 875 657 176 172 353 201 683 348 237 320 469 594 931 878 980 431 
661 971 615 892 25 600 631 26 587 191 995 671 328 233 956 844 649 484 907 373 42 581 884 59 631 988 281 895 101 125 934 286 668 112 516 781 927 675 872 161 226 424 446 797 550 235 980 434 488 966 895 557 975 348 307 856 337 718 907 495 636 265 528 773 389 981 702 998 534 256 119 295 217 728 76 991 726 199 276 720 565 157 368 0 209 484 933 107 0 13 691 641 737 426 97 935 519 851 838 968 204 842 246 583 56 
904 396 468 552 246 65 104 16 244 728 3 402 789 508 874 937 537 317 419 980 555 298 469 423 195 806 458 96 326 580 179 914 345 709 691 699 151 534 104 219 428 715 848 485 420 494 68 781 412 52 235 816 705 173 496 449 347 174 770 279 528 945 306 329 290 385 908 547 251 190 878 822 239 575 591 615 886 930 209 822 868 747 716 777 277 522 847 276 950 0 202 952 242 331 689 218 648 526 705 254 926 551 475 390 681 
957 770 126 381 524 778 866 634 361 88 198 361 994 488 939 911 338 377 680 45 905 914 886 808 496 682 292 822 743 291 967 16 1 283 511 929 586 90 811 925 512 128 26 978 548 799 529 503 351 81 183 34 314 235 634 691 888 139 996 788 890 431 147 889 402 70 490 87 226 168 732 453 49 5 505 551 527 692 185 832 543 725 678 925 887 776 493 378 933 340 0 339 290 479 426 238 471 631 154 950 410 334 895 733 676 
15 270 18 646 310 400 473 677 242 483 606 652 282 564 179 506 77 294 537 434 350 270 925 792 513 619 831 631 439 938 676 489 892 119 277 153 526 776 740 564 596 970 434 551 141 370 32 869 339 632 282 570 871 176 714 199 476 566 104 830 445 187 550 944 460 443 338 349 434 689 993 219 374 247 227 786 179 899 60 82 223 127 976 628 440 880 182 616 204 164 975 0 106 540 219 152 77 662 250 183 995 625 90 64 36 
932 638 352 718 307 413 224 930 903 785 947 334 96 195 367 159 889 713 677 843 755 644 879 450 481 312 554 427 112 624 16 951 366 787 492 870 323 691 552 330 82 578 134 456 839 654 744 182 989 298 92 733 406 163 340 880 414 580 738 982 784 690 266 621 219 805 267 647 205 52 194 567 551 154 465 96 725 138 42 19 996 96 324 689 958 756 917 163 291 122 198 902 0 496 727 524 551 848 147 11 232 9 632 63 44 
60 952 497 354 504 300 956 636 731 355 873 598 124 567 250 605 355 138 198 293 398 549 990 103 909 383 658 202 199 786 110 636 361 23 72 861 165 207 423 920 941 540 399 534 997 415 178 265 887 764 764 988 380 816 99 386 336 456 884 215 667 53 14 645 445 514 188 598 844 149 197 8 402 406 990 593 134 614 236 141 307 618 974 925 171 209 20 498 22 707 556 903 29 0 934 947 365 344 539 80 851 665 654 775 287 
482 374 33 954 296 422 524 642 163 839 980 529 580 864 905 127 841 403 14 206 413 156 143 282 53 198 49 901 43 988 524 322 704 797 56 992 222 253 645 795 152 790 222 434 561 903 966 750 745 504 639 903 626 41 528 943 839 326 199 317 415 795 732 272 511 38 776 121 698 943 62 964 562 593 376 523 369 154 892 5 680 686 104 10 353 687 297 912 498 662 352 33 654 821 0 876 70 367 67 15 944 20 117 55 915 
317 299 438 443 342 43 915 958 394 769 241 619 170 220 251 650 31 279 727 946 165 419 375 650 788 519 915 376 623 62 151 60 980 933 509 370 105 413 430 20 209 749 274 389 151 200 374 717 237 474 925 14 59 443 769 977 197 973 943 367 780 831 590 409 7 430 956 452 104 133 568 675 508 817 980 805 393 328 231 451 334 691 60 460 775 167 143 530 960 544 327 151 235 954 242 0 518 333 266 473 759 870 993 903 620 
694 572 935 127 641 596 0 341 574 770 790 589 908 923 748 639 416 555 662 344 316 873 266 590 929 224 492 156 334 526 623 82 895 526 269 952 180 893 230 845 713 595 664 48 314 628 795 754 857 286 118 381 25 808 779 681 923 785 830 846 643 106 161 479 924 48 677 224 79 552 436 102 187 686 370 866 426 369 669 249 489 728 580 826 65 610 747 940 598 321 606 784 815 733 875 859 0 504 179 86 971 388 319 154 23 
674 229 62 266 444 611 313 63 380 390 7 887 92 470 19 886 588 841 402 180 827 358 484 225 374 354 612 422 844 893 671 276 662 468 96 869 901 838 853 544 265 118 224 165 407 87 709 566 590 44 353 338 4 634 743 943 703 896 287 429 926 848 869 393 814 300 374 547 977 757 129 870 605 203 294 359 303 496 405 320 968 978 310 120 148 40 854 694 185 158 141 598 824 524 850 998 73 0 841 847 162 742 732 492 605 
225 216 87 676 967 838 458 542 246 168 296 221 817 770 744 325 479 773 401 753 480 71 561 335 647 814 129 587 636 136 262 712 653 367 487 628 323 97 655 678 493 142 367 912 713 179 177 483 909 356 412 168 957 12 429 903 41 411 568 369 214 265 305 265 258 102 531 558 419 639 221 831 448 231 278 75 766 958 931 83 523 876 433 906 37 731 791 709 73 62 872 470 750 405 2 500 856 340 0 615 804 958 109 26 156 
740 69 640 374 160 533 775 485 765 39 585 108 480 149 819 169 708 261 757 851 604 709 729 693 753 554 587 463 541 823 346 715 569 66 727 664 202 27 648 46 353 617 387 411 5 246 165 714 679 400 154 1 228 407 808 981 906 299 962 48 814 863 411 565 244 875 722 664 598 132 28 923 959 465 658 547 946 519 239 954 570 672 555 688 655 250 515 249 540 876 761 326 550 562 650 666 788 713 938 0 49 361 613 260 362 
165 515 948 168 127 116 538 711 424 109 56 129 508 827 933 959 764 695 594 771 29 79 661 831 720 669 361 722 641 869 486 371 686 654 163 573 806 950 609 333 263 901 904 932 388 157 426 524 795 562 30 56 646 750 567 452 851 637 99 96 252 413 971 368 447 628 548 83 355 806 925 912 859 630 130 942 973 198 189 787 813 854 746 68 659 472 80 820 399 334 229 231 486 652 756 505 20 107 434 478 0 775 845 308 784 
835 285 628 225 696 413 648 384 970 212 392 945 601 408 700 834 757 812 586 251 221 699 404 883 279 537 245 102 279 166 772 769 617 96 120 865 877 922 497 410 784 346 992 751 895 819 590 387 851 703 517 589 709 547 817 338 801 802 258 392 394 326 478 219 99 748 31 474 428 915 31 621 576 632 372 560 79 633 402 764 168 342 412 597 384 555 954 322 511 897 858 125 768 205 978 909 836 837 992 438 82 0 893 529 315 
74 666 754 276 673 105 458 162 953 760 391 239 850 421 937 727 800 764 613 774 417 508 865 371 297 687 529 887 977 198 677 209 344 481 622 252 163 700 672 386 376 945 867 875 471 826 962 886 486 610 942 579 67 721 890 990 218 460 686 64 852 719 63 999 682 338 832 265 780 608 451 84 736 953 126 735 336 158 419 733 251 111 673 64 988 273 296 489 930 106 680 808 222 872 102 867 171 741 271 1 483 17 0 734 664 
57 943 654 463 318 625 656 278 592 680 995 605 664 442 905 996 836 512 585 856 961 912 932 336 777 210 860 751 497 62 407 292 382 392 71 824 737 495 508 961 979 326 704 115 962 767 90 859 484 644 308 437 560 306 374 791 96 885 409 281 176 5 560 196 596 884 98 10 575 90 538 844 967 700 409 253 597 152 326 978 825 687 607 415 694 753 194 508 242 659 858 78 249 550 308 568 166 830 265 9 35 185 601 0 837 
586 633 46 606 56 218 237 607 693 233 902 956 586 210 917 754 362 861 730 324 324 185 547 687 655 823 552 639 83 875 509 551 376 685 860 198 733 939 481 54 209 853 120 920 2 849 509 339 972 968 663 315 593 351 996 208 928 777 645 516 523 511 825 947 961 142 713 356 37 981 151 265 993 202 204 873 366 359 504 881 317 437 264 473 295 76 846 168 838 768 492 958 654 102 775 472 706 895 106 504 859 969 743 471 0 

Depot information
1
1
1
1
1
1
1
1
1
1

Customer information
1
1
1
1
1
1
1
1
1
1
1
1
1
1
1
1
1
1
1
1
1
1
1
1
1
1
1
1
1
1
1
1
1
1
1
1
1
1
1
1
1
1
1
1
1
1
1
1
1
1
1
1
1
1
1
1
1
1
1
1
1
1
1
1
1
1
1
1
1
1
1
1
1
1
1
1
1
1
1
1
1
1
1
1
1
1
1
1
1
1
1
1
1
1
1
