Seed 124 - Instance: n95m5_1
n 95
m 5
Q 9999
L 2
U 18

0 709 23 290 18 611 666 38 74 377 797 331 854 630 87 698 183 13 282 557 209 431 913 612 951 89 632 838 977 548 874 260 259 539 349 940 353 410 130 161 427 669 199 738 424 696 616 278 888 209 259 100 999 892 420 349 711 175 924 101 972 377 319 203 647 0 147 352 863 93 505 385 80 96 999 522 675 255 684 487 258 451 77 743 837 64 321 822 845 282 40 819 78 421 641 799 135 590 261 227 
195 0 552 285 382 701 438 111 126 503 478 797 161 98 182 801 707 357 206 307 583 50 126 103 247 345 372 725 500 475 290 131 743 1000 852 950 374 23 620 955 696 492 655 230 933 901 101 359 40 457 383 199 747 997 102 472 70 545 778 582 503 212 157 567 838 581 931 108 729 365 928 558 73 336 934 75 444 826 655 286 67 636 720 751 885 869 10 159 994 700 622 300 695 911 300 918 146 957 3 453 
62 583 0 118 689 670 632 214 288 436 733 467 530 51 340 877 940 547 533 63 664 121 825 378 758 628 103 168 123 281 20 396 51 183 730 700 471 9 663 194 356 527 238 674 187 216 814 657 952 15 644 396 635 961 639 113 97 915 555 906 343 580 522 259 609 137 342 535 53 11 186 779 903 959 188 15 737 488 5 952 184 481 775 44 926 881 427 195 909 67 49 11 42 424 808 332 978 948 201 345 
780 147 793 0 205 470 90 684 851 710 275 146 545 659 288 64 601 132 283 332 77 46 766 417 673 61 311 296 880 475 99 399 65 848 436 740 907 958 157 615 800 770 152 698 778 916 86 389 947 484 161 714 956 251 144 135 791 702 81 793 541 720 996 444 228 288 463 988 546 871 274 929 712 427 564 536 548 919 871 686 77 12 261 419 799 287 569 43 870 449 279 75 490 773 883 658 893 744 774 975 
791 599 174 55 0 753 190 112 310 4 535 917 311 204 840 473 447 36 279 375 687 87 17 374 428 143 894 993 860 584 152 301 127 636 920 224 317 382 40 777 440 862 960 434 164 463 798 22 577 149 665 177 15 851 507 610 219 659 909 637 826 528 91 638 642 408 16 713 421 762 811 888 58 34 752 131 52 893 484 843 435 700 473 802 470 318 305 784 112 779 999 921 349 508 656 982 154 390 719 695 
536 534 842 545 24 0 6 501 749 534 401 453 163 538 986 394 148 231 331 177 104 112 221 1000 656 139 896 946 720 130 185 276 890 106 5 104 769 911 9 414 489 258 189 122 175 47 209 756 888 163 588 614 23 769 526 956 570 877 615 409 936 624 322 6 227 935 310 522 398 487 416 314 934 405 148 690 908 121 289 718 681 522 995 218 147 188 285 676 769 139 331 448 426 159 811 836 472 978 62 561 
88 533 306 115 170 284 0 806 231 641 186 332 221 229 852 366 267 512 740 952 151 361 912 418 14 380 941 745 407 179 468 641 652 886 562 74 377 217 773 429 379 111 370 205 979 93 604 825 902 827 745 421 329 269 628 40 568 378 657 999 924 177 708 285 750 772 689 23 220 778 985 644 504 317 296 376 889 837 75 923 623 381 578 82 1000 690 693 41 678 325 436 563 362 693 832 111 580 378 744 346 
579 863 87 963 919 716 64 0 0 841 201 398 546 704 55 215 446 376 522 426 500 115 623 390 560 985 712 718 782 318 764 14 6 683 889 18 231 213 886 921 932 66 813 602 257 885 626 937 401 78 506 585 647 469 781 458 536 939 820 318 401 942 815 768 124 308 336 687 286 570 635 901 613 69 142 160 588 576 401 393 985 339 56 937 125 688 25 836 697 776 830 258 307 893 811 157 807 111 41 827 
530 114 325 877 984 603 337 738 0 590 513 540 132 633 618 649 358 557 268 822 456 661 761 141 4 15 36 847 488 17 169 396 730 113 189 860 922 16 838 106 444 574 189 553 631 38 305 77 669 773 896 33 680 840 991 295 715 774 773 571 901 113 513 498 808 933 251 650 560 588 132 832 721 819 293 553 7 479 254 123 448 245 141 241 718 897 236 175 755 387 796 250 294 622 41 245 311 249 460 794 
624 447 765 505 341 748 347 577 791 0 402 329 216 309 355 510 137 169 369 713 368 758 918 907 133 988 904 921 46 239 774 384 906 539 642 976 236 267 143 82 109 890 533 536 158 532 62 55 372 70 727 66 238 465 961 238 639 483 643 520 193 189 498 237 331 963 613 666 320 999 157 685 412 981 272 539 173 368 391 825 734 644 980 863 724 100 225 188 989 559 424 183 37 46 4 73 694 916 437 494 
938 148 511 612 762 841 322 368 317 542 0 899 742 248 24 964 623 274 33 329 484 194 131 193 281 916 937 416 131 676 989 450 459 902 769 868 840 34 539 267 468 692 550 193 325 336 4 694 125 901 436 228 197 702 185 72 183 467 119 297 952 611 877 530 346 920 931 674 274 638 505 827 558 944 255 197 529 368 511 232 599 219 15 804 152 0 352 135 963 296 995 139 454 19 38 767 907 83 736 397 
592 49 532 807 586 837 242 352 210 595 639 0 148 928 923 814 664 520 506 747 876 257 135 196 996 666 188 674 321 936 444 801 542 350 894 199 933 33 603 83 122 188 65 815 444 653 707 496 677 260 99 801 636 712 299 953 885 312 563 59 677 484 573 998 790 36 145 645 552 65 3 366 74 922 623 908 450 458 427 824 843 856 493 488 564 499 890 983 571 313 684 715 688 385 986 665 571 266 97 3 
566 900 265 129 918 469 182 832 571 734 71 721 0 706 404 977 787 692 446 235 301 430 943 240 450 871 455 586 524 847 529 71 751 779 670 990 212 574 238 442 753 635 783 294 14 492 895 17 677 73 876 193 385 227 159 889 929 209 154 926 37 784 615 662 640 457 987 531 460 858 688 39 426 661 523 59 630 792 130 157 219 722 55 395 100 646 939 768 258 654 659 130 359 165 49 512 642 833 242 811 
897 663 86 761 15 625 671 554 204 190 1000 456 228 0 520 154 201 840 152 764 769 799 742 873 204 792 272 312 857 99 747 534 404 285 547 551 940 881 912 94 701 473 267 431 716 976 86 974 742 574 759 808 750 476 665 823 884 494 493 9 20 390 877 286 481 373 833 414 826 250 584 749 84 731 970 315 159 524 215 516 549 619 869 267 248 309 32 446 949 965 943 107 943 112 449 372 717 805 176 473 
669 448 687 534 56 690 63 818 980 475 759 721 971 229 0 335 77 922 137 641 293 287 608 713 634 296 997 972 720 714 173 92 392 628 517 576 247 528 896 144 37 629 82 341 354 118 340 51 292 995 817 925 20 894 373 742 837 28 255 795 580 249 55 303 265 876 70 255 862 532 285 381 276 964 613 895 354 379 118 254 811 829 809 496 609 407 796 219 783 562 60 385 429 664 375 294 536 25 681 204 
472 273 15 809 162 241 558 968 370 184 784 572 727 851 874 0 182 435 378 153 510 21 997 645 421 708 354 212 78 308 749 89 613 383 13 775 483 69 564 273 988 499 138 611 8 943 296 174 58 136 976 508 649 402 568 109 21 737 357 817 378 947 153 511 654 924 408 856 264 886 571 831 584 201 360 56 371 544 887 831 695 915 572 6 137 779 413 883 330 109 255 911 802 681 364 704 312 844 134 152 
565 384 414 645 601 206 185 894 594 829 471 293 629 214 264 689 0 27 757 277 515 596 37 704 12 536 851 24 178 461 484 643 291 666 77 45 823 560 546 576 352 621 131 480 972 570 197 565 967 827 936 602 960 847 464 750 354 645 376 168 795 907 706 719 192 675 375 42 731 849 31 883 180 811 229 177 174 811 255 244 269 640 498 995 215 460 556 531 536 523 289 397 614 51 176 319 430 406 601 804 
420 401 55 476 20 583 746 398 354 646 45 10 125 903 554 196 164 0 338 620 659 404 770 227 914 221 497 750 611 731 914 8 6 527 0 716 930 245 563 120 118 754 579 430 331 813 969 640 388 422 354 836 312 264 287 41 198 191 281 39 224 731 356 845 969 102 725 684 927 284 425 346 50 658 857 446 172 327 171 268 597 569 611 158 177 773 360 0 581 605 117 285 115 692 956 23 180 12 822 747 
907 413 827 211 536 879 103 0 459 135 581 32 944 668 159 218 441 74 0 914 180 142 691 662 396 880 42 327 765 204 265 888 143 73 471 496 99 600 654 232 785 156 611 459 866 9 352 64 879 837 120 276 535 829 492 942 782 632 337 931 829 394 921 932 306 997 51 836 715 539 673 312 982 57 750 821 234 873 29 151 867 324 625 536 422 687 647 253 656 645 30 412 844 471 719 517 652 977 761 21 
670 863 424 766 38 450 606 669 889 153 908 576 827 827 588 971 561 546 943 0 52 254 657 736 956 699 150 434 671 245 65 581 181 603 415 493 289 367 252 572 27 653 244 610 474 85 239 542 285 870 911 572 728 249 733 642 425 241 860 363 296 838 355 276 6 111 27 230 449 222 961 368 410 134 558 208 866 820 157 323 139 182 797 200 861 448 887 873 72 422 117 279 437 813 770 297 594 197 688 346 
880 890 207 9 797 810 948 413 71 934 586 150 420 306 384 747 998 608 504 89 0 711 154 704 793 846 943 917 376 464 943 491 926 530 669 816 684 343 594 985 247 390 447 524 948 648 749 768 87 742 462 786 272 76 462 357 277 767 962 866 184 271 314 235 937 250 675 185 164 392 427 368 508 928 288 122 960 622 479 845 877 110 939 127 447 793 453 1000 587 259 959 385 743 848 413 474 938 938 469 430 
757 180 416 441 813 666 506 363 446 172 60 85 208 21 772 92 394 445 940 739 437 0 72 163 74 483 781 261 328 970 74 834 406 599 523 406 632 601 319 767 467 403 881 647 51 322 759 643 496 253 722 783 390 929 354 69 403 865 59 337 48 117 800 608 473 464 75 898 778 581 545 989 438 393 167 164 154 580 143 810 116 304 340 743 477 904 461 198 293 777 891 614 104 774 645 507 412 987 957 806 
92 383 514 655 54 584 551 21 750 974 633 655 405 63 700 928 915 868 236 535 950 29 0 685 946 651 154 293 463 406 303 710 80 243 327 852 951 170 793 836 103 306 141 278 327 125 518 808 505 422 133 213 643 207 217 421 985 451 501 808 584 9 366 392 363 807 169 793 686 290 794 593 829 837 693 344 334 34 595 353 905 994 408 732 575 987 285 459 640 378 934 724 834 157 781 577 204 296 372 537 
934 323 663 390 868 342 341 960 30 376 848 141 287 188 809 791 610 630 516 540 511 750 288 0 680 280 763 771 22 581 481 610 254 195 166 715 0 191 205 282 715 244 146 795 838 451 746 519 334 753 361 693 736 629 308 847 725 445 781 309 573 987 508 7 719 748 149 581 320 45 533 489 445 572 387 495 60 536 472 551 767 861 201 581 635 194 297 481 846 283 29 841 219 22 466 73 295 597 348 137 
661 253 691 99 476 539 213 810 359 929 126 291 367 594 655 812 304 715 591 42 787 277 690 892 0 374 254 243 434 59 903 852 125 612 963 866 801 455 926 661 26 702 329 327 458 169 276 237 472 760 185 807 730 451 479 103 80 411 394 873 834 124 41 343 774 141 416 524 535 219 43 406 455 832 510 172 227 465 242 488 429 755 708 79 508 856 563 250 384 782 175 159 964 422 597 484 394 140 780 757 
812 846 425 486 242 734 863 442 532 100 838 984 781 664 693 110 232 338 645 840 720 65 729 582 295 0 656 189 976 597 640 847 515 785 837 741 344 134 95 707 711 714 227 729 39 162 659 92 837 49 272 40 174 769 587 713 955 629 285 220 322 395 403 749 673 400 155 926 264 971 264 960 449 505 472 587 378 613 545 956 315 753 48 641 626 118 658 239 774 946 556 370 580 463 158 393 585 309 380 107 
911 197 905 709 589 273 558 136 345 25 96 999 987 199 623 897 367 868 309 563 523 462 904 922 971 71 0 988 739 215 533 219 791 284 907 3 81 514 704 109 652 572 381 374 850 337 969 755 349 189 477 835 681 489 357 59 72 957 554 130 986 825 262 0 720 162 980 957 923 816 986 128 958 440 36 295 992 794 894 513 531 684 784 854 602 773 285 820 175 720 467 12 165 933 225 201 194 183 573 446 
499 213 53 198 333 166 286 29 210 172 277 229 929 120 611 556 646 980 958 866 910 603 602 166 427 997 300 0 69 445 952 596 196 350 932 996 418 415 370 72 973 151 93 706 20 681 541 297 520 677 366 266 531 238 846 258 512 216 11 215 360 774 132 290 634 74 390 464 906 228 597 69 49 685 251 738 578 372 720 963 925 679 413 780 712 142 614 882 232 445 792 343 15 247 938 764 990 261 939 269 
966 48 243 565 970 886 151 455 405 731 686 568 181 791 965 314 274 938 495 860 828 41 972 344 280 306 241 230 0 211 989 281 711 96 647 36 647 695 373 707 878 552 109 258 865 488 354 194 164 921 960 387 902 270 139 664 943 524 393 85 957 3 637 272 411 119 998 193 1000 721 683 736 187 215 813 46 712 339 134 355 483 490 549 255 104 224 245 702 128 866 613 756 322 303 792 591 312 676 208 427 
970 904 135 659 345 956 701 288 37 645 39 588 646 299 391 409 965 67 763 417 753 116 373 355 450 480 13 241 303 0 21 488 398 134 902 397 963 100 137 323 152 786 261 869 232 926 619 364 609 829 372 210 312 562 891 395 217 802 979 756 591 84 651 146 150 5 813 316 247 900 95 481 846 91 471 187 729 825 153 1000 964 167 330 421 799 887 131 631 737 730 539 80 225 586 405 602 33 968 454 390 
738 933 410 645 786 760 286 682 5 686 505 397 804 372 406 912 779 70 596 23 145 898 292 815 235 453 599 792 615 335 0 448 797 937 45 748 743 403 294 770 181 914 745 105 559 82 750 629 972 308 371 59 174 176 69 12 230 870 892 978 197 602 714 78 281 604 807 55 613 728 681 830 963 1 887 12 805 395 629 236 36 754 347 381 2 201 638 34 664 123 924 643 480 54 718 900 122 687 658 255 
44 52 162 917 805 980 158 681 413 363 264 948 599 863 339 953 592 766 141 279 38 559 721 409 861 74 110 515 884 51 964 0 914 744 349 603 246 594 498 522 653 843 408 6 127 514 837 227 55 997 28 993 288 255 266 9 414 473 333 438 525 383 167 22 929 872 183 725 578 942 99 519 136 966 70 12 988 909 950 786 339 714 943 97 923 275 228 901 490 441 65 9 56 457 986 772 166 369 9 801 
863 812 631 394 430 408 527 804 33 341 955 649 910 162 443 150 128 401 580 18 438 735 697 497 341 899 785 207 497 825 721 389 0 885 187 708 246 106 115 803 406 960 703 702 870 490 812 700 102 951 591 681 131 598 397 560 918 18 801 830 489 469 746 618 786 312 650 218 60 87 216 156 858 108 376 675 581 34 979 588 685 62 300 876 692 875 780 962 233 51 817 314 855 249 539 295 438 391 286 838 
634 898 763 473 807 854 631 721 147 8 190 770 611 982 381 620 314 674 757 500 90 136 177 825 915 767 927 891 578 24 77 59 746 0 733 43 577 305 529 388 340 320 473 540 622 535 126 414 68 911 640 674 342 124 699 73 679 500 410 377 640 165 147 800 341 728 170 236 96 896 189 903 808 13 374 887 389 121 349 552 812 14 453 576 575 525 543 717 342 946 738 465 983 500 456 260 30 418 532 803 
703 900 482 995 320 218 177 227 126 43 490 78 939 874 850 367 838 639 118 61 226 237 610 135 179 112 691 872 709 772 331 841 255 978 0 932 46 864 531 434 327 306 333 959 282 277 592 95 424 6 445 685 902 506 339 302 946 543 364 918 684 275 946 31 769 206 848 914 76 683 24 470 457 586 261 196 690 321 878 902 275 729 54 873 402 439 200 466 78 116 207 852 796 641 841 343 171 350 536 888 
140 727 333 36 449 660 495 862 662 184 537 28 948 904 730 807 889 222 242 227 149 553 95 562 265 590 342 44 653 261 67 483 982 115 594 0 28 964 666 876 442 954 300 624 0 832 565 615 352 444 60 957 321 948 851 674 633 749 47 193 693 296 102 13 961 461 613 711 31 413 872 338 379 996 538 211 472 911 757 121 847 722 860 337 271 894 558 549 845 478 372 103 468 382 891 272 927 914 611 77 
252 6 979 990 29 736 703 158 362 572 965 734 809 97 705 985 331 712 381 50 269 612 867 739 694 539 124 759 347 277 480 749 408 422 696 551 0 732 150 156 332 230 885 101 313 749 75 542 88 466 554 600 373 600 201 247 486 333 753 142 909 802 221 314 99 674 8 813 791 727 523 841 261 675 73 636 709 17 242 844 898 389 493 99 563 591 16 153 620 235 679 670 847 696 197 318 425 712 120 535 
18 853 188 104 77 149 675 647 383 449 543 192 936 112 619 426 560 436 910 446 756 813 616 72 394 642 903 491 809 495 203 76 382 288 373 178 446 0 80 52 815 740 35 409 101 700 860 967 607 592 541 782 657 161 299 205 433 62 301 565 83 180 651 389 917 611 858 71 910 383 967 437 290 876 495 467 290 687 460 963 721 353 248 820 324 630 138 164 226 612 732 225 937 559 945 906 250 584 871 31 
583 39 879 415 246 500 902 762 24 692 755 9 443 294 625 552 193 82 730 872 308 679 601 195 846 908 704 638 849 894 913 722 269 302 836 879 387 4 0 682 181 59 793 184 575 556 451 413 491 811 968 66 881 715 820 762 307 924 893 117 64 463 987 987 538 155 630 486 478 222 596 262 973 214 396 312 731 831 964 343 227 38 960 461 672 161 227 197 937 625 980 667 349 428 314 725 901 462 257 918 
182 893 765 181 422 698 350 656 419 240 726 194 220 346 486 93 676 274 590 354 159 93 883 522 386 134 79 815 656 351 294 192 962 73 778 186 614 923 752 0 41 465 354 120 643 343 449 167 152 457 766 506 325 59 233 616 320 78 781 565 527 390 329 365 365 657 791 561 432 901 611 440 554 48 676 127 984 229 595 76 635 0 729 878 679 290 556 947 465 130 326 59 28 417 676 113 974 975 733 802 
982 882 371 468 382 734 137 920 126 356 949 960 704 546 786 563 793 874 875 650 464 780 532 205 77 222 849 0 403 735 843 575 628 37 891 401 240 985 93 470 0 94 326 964 640 494 114 207 651 514 412 172 998 340 628 918 283 369 945 466 470 878 56 552 146 489 138 95 676 73 287 522 625 475 545 82 454 359 881 76 580 940 639 986 190 205 628 328 494 404 734 228 980 506 774 966 239 592 835 433 
932 790 474 383 726 302 88 532 432 431 815 761 58 361 140 148 190 364 269 387 240 708 86 783 983 435 837 487 493 264 411 246 55 274 452 106 993 295 139 549 189 0 209 536 289 995 210 248 98 525 454 4 336 478 358 377 563 794 942 813 931 439 741 27 241 25 257 999 719 423 885 443 945 242 649 69 462 602 859 16 678 198 364 47 79 568 79 435 272 99 323 555 43 434 817 664 320 996 755 605 
472 638 392 751 15 152 370 397 893 965 601 640 141 532 933 309 659 864 201 510 830 579 792 486 493 166 287 594 963 164 749 574 654 231 406 847 126 343 583 508 85 168 0 549 564 725 484 723 834 784 322 418 984 814 498 443 764 437 392 931 354 307 40 501 381 894 688 293 34 623 155 729 353 855 862 593 824 778 745 121 761 984 445 328 401 257 541 75 559 359 746 370 365 684 906 247 917 347 412 226 
453 373 227 83 195 610 650 191 391 188 715 828 536 317 531 626 880 48 28 125 128 814 322 788 465 838 448 157 911 854 770 912 409 425 407 952 795 868 930 223 626 873 885 0 259 194 904 92 491 693 417 555 166 681 63 78 626 398 757 279 814 231 831 716 978 982 615 773 177 422 984 95 283 301 967 83 735 535 904 494 290 81 582 587 60 196 149 943 433 899 368 543 892 627 982 761 376 877 155 545 
656 174 24 586 813 620 760 794 716 688 984 958 954 645 886 456 267 694 695 636 854 327 664 377 851 939 193 664 659 408 678 985 63 925 342 69 527 983 653 455 355 158 558 589 0 489 186 339 488 156 358 166 223 472 23 280 975 683 468 68 491 143 276 431 225 246 702 247 185 431 917 600 623 379 708 820 517 341 65 949 946 141 298 240 109 565 585 447 290 914 717 869 10 777 519 773 202 996 870 495 
422 609 868 817 634 240 646 737 930 35 518 537 180 802 401 868 468 946 644 433 652 194 856 122 931 896 824 272 75 670 927 714 139 459 331 757 538 134 649 565 151 470 693 899 155 0 764 134 360 453 714 24 992 363 362 436 870 368 323 901 446 659 667 891 944 668 429 642 153 171 819 813 101 787 508 48 777 599 947 992 573 807 115 757 298 615 481 374 810 782 630 725 994 881 925 863 467 374 327 729 
568 984 536 812 614 793 229 413 746 592 517 478 959 983 269 552 853 77 488 757 171 646 769 859 454 853 494 76 398 933 842 376 911 971 916 734 90 88 845 52 595 873 239 969 536 200 0 434 306 865 21 566 737 935 183 986 155 487 976 12 98 610 688 998 567 858 126 313 900 917 365 949 118 348 738 834 285 584 993 444 246 48 409 230 790 847 961 236 482 616 266 606 772 132 998 258 307 479 636 187 
896 967 496 938 900 347 493 151 338 73 56 796 342 344 365 61 18 21 136 839 429 476 298 841 476 647 53 688 805 697 458 682 285 6 107 863 109 668 473 396 804 949 271 876 702 526 220 0 276 217 5 884 834 787 529 551 537 377 644 903 659 781 439 704 72 453 384 768 235 806 284 955 755 244 328 581 391 345 644 995 297 45 761 527 654 106 336 350 785 99 677 973 188 753 201 479 962 14 734 253 
4 738 142 448 80 438 693 747 395 55 807 903 896 492 907 159 752 675 453 230 71 427 877 36 665 747 342 718 859 441 536 104 284 566 752 695 74 190 350 466 905 164 908 599 680 826 988 852 0 269 593 272 854 236 714 149 25 180 627 105 736 267 817 415 775 402 217 682 919 501 455 674 151 498 43 22 737 60 319 846 635 194 484 619 626 600 108 378 524 499 892 557 304 122 837 802 994 500 557 536 
248 334 200 970 795 288 258 865 480 392 318 366 24 520 794 988 763 649 732 424 483 58 82 46 702 234 471 200 606 660 425 666 964 687 129 888 154 683 288 799 593 465 786 166 765 981 497 329 569 0 489 604 951 698 834 310 199 623 985 327 104 133 606 846 507 249 368 202 629 111 224 144 699 927 746 433 701 428 691 347 602 365 697 429 561 955 357 502 428 857 960 736 276 683 368 461 676 719 513 193 
750 990 883 180 897 852 762 477 746 464 94 251 73 699 217 293 768 302 131 37 681 453 20 0 855 150 154 942 61 713 756 947 556 860 74 680 419 972 176 523 98 403 508 203 347 682 530 556 270 585 0 260 12 179 575 471 107 674 558 745 326 290 703 859 487 133 912 583 269 807 233 889 569 295 235 277 761 335 268 158 796 730 107 445 294 75 553 890 638 160 481 767 495 580 862 248 313 449 573 770 
355 273 663 343 360 988 199 939 366 922 911 991 762 2 146 877 340 115 378 987 995 252 39 372 340 432 111 817 464 11 424 635 172 754 449 907 620 873 554 25 561 463 397 948 209 287 310 321 918 735 408 0 47 511 320 127 223 816 919 98 56 54 457 890 935 85 31 580 310 533 660 49 88 990 768 346 820 123 929 619 380 835 499 375 488 269 553 522 565 9 948 608 535 210 925 632 139 136 65 760 
232 664 270 174 635 569 739 547 62 232 592 120 318 482 356 634 524 304 519 936 475 426 177 606 819 411 233 988 81 66 419 966 402 159 830 512 405 876 680 111 607 143 565 961 530 123 642 447 226 373 774 440 0 946 284 911 694 410 540 805 372 815 968 795 214 107 871 67 478 207 925 536 355 947 127 256 253 62 913 508 847 878 436 504 861 708 810 655 639 853 263 975 907 480 80 930 778 349 628 230 
876 375 960 78 315 995 467 144 309 391 530 181 19 876 156 84 643 668 552 901 106 4 18 59 147 774 902 763 671 934 29 365 283 665 18 661 395 656 871 661 67 674 503 649 166 561 316 243 964 264 510 929 193 0 756 196 275 122 611 662 528 158 746 202 502 99 157 247 726 741 747 991 476 434 203 978 274 593 172 550 116 188 485 893 483 210 508 936 38 245 939 960 553 509 660 508 555 933 820 396 
308 355 804 92 700 56 895 731 968 156 210 926 650 82 829 545 398 252 262 960 264 320 205 734 911 450 58 547 761 987 720 280 917 977 487 752 171 63 711 786 960 717 760 136 97 867 980 171 81 493 977 449 796 332 0 341 453 593 144 586 653 916 794 881 287 2 750 840 402 641 607 184 601 156 380 494 960 589 503 293 668 923 758 693 86 121 43 851 965 23 149 181 581 956 442 554 445 940 693 950 
389 126 378 55 421 966 760 457 748 148 845 559 375 444 526 612 973 638 288 0 917 492 487 853 270 36 484 885 211 335 109 938 465 130 307 797 625 297 777 119 590 784 703 790 784 798 111 615 810 707 736 126 354 898 115 0 427 105 135 882 827 352 220 399 29 87 512 264 544 918 911 164 251 65 603 535 955 572 214 590 453 317 496 100 891 358 289 884 808 377 212 14 959 723 933 477 997 918 35 237 
493 760 574 888 704 923 385 934 417 194 282 237 168 307 503 81 687 629 980 275 667 732 244 735 440 696 593 363 357 203 575 815 612 123 75 950 847 223 465 421 10 416 693 491 120 622 635 644 14 826 980 738 374 932 725 295 0 602 739 771 571 854 392 149 106 358 806 415 962 425 166 292 61 611 593 660 725 62 649 892 431 773 268 569 650 228 679 950 616 100 629 343 478 58 905 914 151 97 906 360 
758 891 136 719 290 561 454 927 938 229 691 637 804 731 239 69 557 309 148 799 408 320 30 774 885 812 131 86 778 111 913 966 987 200 864 894 407 225 317 67 40 540 388 254 17 69 48 291 303 73 620 978 552 711 388 815 588 0 784 307 935 919 38 290 184 767 679 297 737 251 388 628 348 811 463 763 66 233 306 548 901 819 716 66 30 371 993 953 868 490 646 370 539 10 686 411 769 989 890 958 
6 472 381 25 286 585 420 171 366 518 158 171 354 9 889 204 759 872 845 308 589 498 139 525 1000 408 303 246 500 174 81 548 220 849 895 758 47 42 489 346 752 345 270 764 430 446 743 817 20 141 476 444 202 264 519 190 819 708 0 641 273 585 446 724 466 452 436 649 739 947 399 448 240 465 177 122 950 827 951 403 154 351 510 558 245 599 638 672 587 544 274 590 233 144 3 761 227 754 85 383 
844 540 177 963 557 437 591 219 459 673 251 651 25 367 932 915 698 881 774 913 811 633 55 482 73 943 843 861 767 86 418 61 495 316 81 585 866 993 745 952 88 24 441 220 69 95 850 416 312 147 714 169 876 787 336 415 339 445 796 0 893 543 717 55 902 2 810 268 675 847 759 704 511 729 518 344 521 632 715 656 10 543 858 509 642 195 207 306 191 508 352 718 693 667 644 963 235 584 397 282 
860 251 922 510 460 324 569 236 385 835 567 589 125 502 158 734 523 664 295 36 410 435 197 329 140 938 473 192 648 710 769 453 797 496 417 733 312 21 650 822 819 563 147 729 255 776 374 514 829 942 811 195 710 210 823 861 954 240 564 971 0 261 565 127 90 825 934 480 420 547 952 454 953 753 317 481 237 788 687 119 743 237 308 328 570 410 66 371 646 453 429 999 760 560 36 330 420 624 981 642 
583 931 370 695 470 736 721 893 133 616 57 342 964 421 546 166 136 724 627 454 424 304 871 591 429 443 453 994 645 225 664 399 129 527 452 313 109 978 842 498 783 737 420 303 667 466 280 744 846 420 295 744 403 861 841 886 25 351 804 454 378 0 981 434 897 21 910 701 486 195 229 437 253 827 207 397 984 602 169 690 3 96 274 800 663 950 220 861 155 355 818 885 473 904 168 877 417 265 990 407 
499 938 987 913 376 421 849 161 443 366 477 114 163 87 544 417 662 790 941 17 742 986 367 771 237 279 769 535 782 593 12 726 340 535 37 581 166 672 957 451 569 689 76 773 971 187 420 605 632 852 370 716 693 414 640 734 226 317 16 78 91 778 0 513 303 212 104 805 739 290 260 401 836 42 304 898 772 35 268 992 909 786 751 73 914 529 685 893 235 106 283 509 60 50 20 306 897 491 440 736 
762 398 888 758 122 666 141 213 895 319 551 752 376 613 744 684 5 778 308 554 659 677 470 584 988 174 596 88 44 242 611 683 523 157 93 888 437 992 799 44 964 993 705 654 991 497 681 974 874 613 41 743 921 289 332 235 544 308 395 150 425 263 581 0 283 568 264 15 448 709 949 466 472 613 194 784 556 207 311 371 503 805 296 621 210 300 476 402 466 527 293 332 812 367 918 938 989 793 653 860 
764 113 879 684 752 292 581 344 815 196 876 778 24 437 179 65 565 756 3 182 721 901 523 694 767 316 152 187 181 476 838 182 478 62 373 85 642 751 988 291 590 573 152 615 668 771 477 792 498 913 67 317 158 720 785 342 6 598 857 853 41 760 737 90 0 878 238 882 106 752 738 4 710 520 801 625 509 745 826 270 126 438 413 591 450 633 995 838 536 54 393 781 23 140 423 291 751 202 915 791 
933 686 333 169 933 121 173 473 444 807 851 494 522 917 138 438 951 589 803 701 890 146 368 834 64 7 692 753 394 965 344 530 717 64 325 0 44 85 723 415 171 707 851 458 941 609 407 685 13 299 904 421 544 336 363 952 349 476 702 593 972 386 124 117 648 0 328 418 607 531 681 595 137 722 665 279 2 299 85 410 570 463 380 636 830 520 798 852 200 515 984 163 556 927 803 867 748 169 173 327 
632 809 121 65 794 242 371 494 194 925 116 88 923 59 473 976 812 260 711 221 797 447 128 311 415 463 651 908 406 584 882 274 86 658 537 18 744 417 841 243 434 474 924 553 701 517 860 117 913 262 438 568 161 737 567 662 204 865 829 345 153 908 20 292 141 785 0 619 727 650 934 294 793 187 387 831 329 584 317 229 84 764 106 185 759 684 518 544 761 438 764 331 854 24 354 73 782 670 423 593 
247 235 63 170 443 193 792 427 990 571 23 461 512 599 116 731 892 992 406 123 675 773 931 24 211 839 824 262 785 478 232 196 740 840 589 609 666 394 819 756 790 686 618 636 360 825 225 852 322 787 232 566 794 610 547 479 635 737 482 759 101 672 579 896 668 807 911 0 214 668 433 325 129 562 798 689 865 740 478 470 403 194 217 985 300 754 978 885 664 740 2 605 408 711 586 662 241 818 922 715 
682 654 622 970 492 8 44 599 25 955 929 275 134 272 675 960 617 104 750 768 416 35 607 892 889 351 145 516 204 957 826 961 283 767 969 140 515 494 3 7 198 969 623 960 722 960 530 66 617 745 882 423 482 79 363 244 54 911 360 566 494 478 951 143 542 145 497 372 0 89 459 27 650 60 960 657 345 942 912 649 492 790 333 702 102 187 433 668 555 823 587 366 849 525 407 984 902 411 87 932 
276 665 135 620 488 258 424 357 732 428 423 515 276 240 388 275 861 204 803 661 359 573 837 423 785 887 446 74 303 984 290 734 582 505 283 433 500 334 651 540 341 40 414 108 611 139 663 717 10 264 234 820 518 467 315 502 20 734 297 840 826 121 17 210 783 724 597 3 985 0 920 380 363 310 271 390 366 553 898 933 804 189 342 596 736 956 564 648 623 410 580 805 449 747 673 152 860 141 183 501 
873 728 722 517 25 349 890 959 644 464 208 828 551 304 17 179 578 174 105 20 386 702 917 252 70 692 196 568 287 912 325 552 190 361 907 151 820 243 268 956 375 102 816 408 610 840 447 193 363 830 726 939 744 52 132 23 593 742 799 324 831 812 171 159 330 369 936 494 936 932 0 400 199 800 520 137 633 981 582 35 488 804 86 414 544 462 539 352 620 23 289 472 512 837 9 120 605 918 256 504 
303 929 465 490 486 73 922 304 422 912 815 467 339 117 91 114 469 815 411 337 780 312 817 935 251 196 842 16 750 110 292 182 584 939 640 78 948 876 947 245 933 896 11 202 696 251 839 90 80 623 882 402 982 812 506 404 492 587 218 124 520 54 264 799 820 947 647 425 130 306 797 0 216 597 570 782 490 525 310 808 936 18 843 644 295 103 313 0 997 550 446 723 272 229 651 82 106 81 445 852 
806 71 719 231 135 282 882 321 567 583 48 18 944 888 171 594 930 235 567 730 685 587 120 525 162 385 439 372 402 281 407 508 789 980 898 535 50 430 931 934 41 895 303 147 958 550 585 32 497 655 222 131 20 23 514 895 629 371 554 134 550 837 644 625 730 194 877 407 904 931 480 692 0 806 858 197 310 482 776 56 837 649 424 709 502 8 798 623 423 684 63 861 699 733 30 354 673 407 876 75 
611 663 97 976 803 42 554 12 507 298 952 426 787 20 163 773 685 626 356 360 713 214 942 300 238 868 72 813 598 436 37 631 291 169 179 643 503 823 650 917 328 973 780 732 374 491 166 860 685 243 108 675 834 607 852 443 573 408 627 946 834 476 647 659 12 728 892 464 441 990 577 320 864 0 772 906 398 721 610 513 123 368 154 605 456 676 521 236 559 313 686 326 269 524 650 311 447 668 168 258 
504 601 337 156 884 439 218 912 877 473 329 977 111 418 210 167 887 4 719 726 247 606 273 552 348 107 86 376 532 681 336 402 487 579 372 273 241 179 612 667 162 986 278 349 815 739 35 441 241 585 442 727 189 907 1000 681 958 826 509 702 307 638 355 260 159 579 298 851 689 943 549 714 915 236 0 734 752 282 213 456 313 9 287 773 281 124 254 610 975 544 438 720 576 326 376 352 668 69 986 917 
867 227 345 973 613 776 204 282 65 838 429 135 977 756 203 428 151 173 475 325 575 210 267 822 114 288 595 101 356 211 530 341 585 529 626 754 53 906 921 634 266 343 944 932 934 647 424 578 446 632 859 919 298 202 580 774 504 932 606 623 670 43 42 680 47 137 153 400 470 277 296 845 682 210 58 0 973 632 6 759 899 771 247 53 951 352 734 441 785 339 861 709 339 338 795 427 76 104 767 846 
441 926 921 988 568 863 905 484 991 672 581 401 668 685 192 9 28 140 644 456 12 35 908 667 626 800 60 89 757 753 593 312 200 9 117 765 334 878 763 670 415 797 196 732 598 481 492 209 393 801 926 792 802 864 106 756 324 703 178 69 326 36 293 859 224 844 201 134 45 323 8 86 607 883 163 845 0 205 420 417 686 867 197 115 604 733 448 650 122 147 397 250 990 758 912 962 201 882 488 119 
473 925 956 984 660 657 597 4 621 183 796 319 976 917 944 482 842 381 539 295 354 55 273 290 379 901 116 679 855 80 670 67 526 231 461 765 160 249 218 369 413 318 564 834 412 529 376 491 115 371 364 258 940 828 827 850 550 716 663 112 523 940 427 190 626 506 320 651 542 652 704 146 287 179 212 260 636 0 454 921 342 195 596 600 123 149 920 582 510 209 338 693 620 804 430 484 678 734 165 485 
901 569 234 699 372 213 34 468 832 536 664 797 793 717 387 475 252 674 905 182 911 507 865 260 822 426 348 344 819 885 885 92 486 439 369 676 478 655 937 154 732 728 917 683 754 74 292 290 546 118 747 723 254 111 117 541 839 488 253 910 899 97 208 817 97 979 341 912 877 370 731 559 445 263 219 137 901 22 0 934 567 510 725 644 250 317 254 561 440 823 947 448 611 410 997 28 30 255 904 596 
729 262 79 421 939 294 858 268 722 645 495 232 710 216 911 85 537 498 840 455 256 349 934 62 683 175 899 361 907 873 943 734 514 806 541 717 924 81 116 859 815 862 576 285 567 138 117 894 808 271 446 668 877 321 768 147 933 689 655 897 703 633 495 789 620 993 865 849 706 58 239 335 151 567 184 65 325 530 199 0 222 272 731 924 989 235 719 582 131 644 15 153 682 584 687 886 100 235 152 648 
808 214 218 462 159 365 686 509 16 639 916 905 701 162 433 551 937 105 961 485 297 275 896 186 321 703 628 216 566 543 153 472 190 797 236 562 598 497 529 218 555 18 873 722 714 359 40 168 493 733 428 523 927 500 88 177 190 597 729 348 821 324 59 389 345 438 292 195 203 297 919 162 635 728 44 295 897 231 506 449 0 317 544 68 959 234 25 818 135 555 466 406 93 510 801 328 46 841 510 118 
711 137 526 507 190 485 774 820 119 560 555 385 991 223 672 854 690 546 60 194 980 134 147 103 852 130 869 586 887 999 840 477 992 294 335 22 448 364 699 751 406 896 37 915 777 924 567 583 946 215 176 117 347 53 271 553 93 21 636 715 254 639 558 142 23 668 793 737 322 704 545 286 443 569 739 966 66 777 883 723 741 0 399 233 387 739 516 769 314 164 107 339 842 589 787 856 645 988 744 753 
998 799 224 739 923 403 310 633 79 235 812 578 579 522 938 582 596 74 798 906 461 362 897 929 985 919 301 92 361 91 843 556 145 359 918 234 905 93 18 121 142 259 882 359 302 571 964 867 938 158 277 391 863 903 355 841 496 442 123 806 995 200 497 397 445 324 3 393 123 804 128 798 728 312 856 868 882 770 430 762 662 940 0 540 554 180 893 977 583 242 82 802 607 754 370 916 904 11 566 777 
577 841 872 773 748 49 296 873 624 193 593 841 797 373 708 690 941 349 967 284 329 628 698 839 793 571 263 22 98 452 845 841 339 122 824 971 86 752 17 152 16 736 735 623 257 538 709 750 796 771 192 112 672 198 263 984 940 140 891 464 939 790 942 167 441 137 379 628 305 556 138 560 852 748 839 124 782 891 664 228 217 977 298 0 420 610 802 156 535 651 126 444 660 441 962 535 874 214 656 24 
606 308 499 883 344 741 997 939 859 382 432 164 130 320 495 285 666 925 937 12 871 606 228 587 877 272 23 215 625 484 101 715 17 257 489 804 617 416 412 676 615 455 264 889 590 794 217 563 845 218 379 96 49 222 103 870 217 111 784 870 88 411 203 537 793 140 632 480 322 889 669 460 720 690 746 364 141 876 290 77 966 939 711 516 0 726 635 364 405 893 207 21 685 828 429 582 915 729 854 306 
180 116 967 349 433 883 278 285 711 43 613 904 403 251 251 140 443 361 514 447 673 576 340 228 541 761 610 116 282 258 747 795 228 333 368 861 537 77 125 119 142 706 247 295 562 906 993 62 203 355 13 854 341 420 726 52 509 396 930 987 158 162 20 668 162 173 772 939 938 229 161 276 316 77 255 768 646 229 396 232 997 950 715 377 200 0 921 303 567 340 404 360 751 202 71 366 781 563 508 159 
65 130 47 424 990 684 861 788 714 21 504 693 979 676 637 131 898 16 450 930 903 799 466 196 120 146 757 825 942 130 723 602 235 401 601 543 799 569 35 416 534 452 662 197 314 195 755 219 345 349 595 675 647 423 703 762 276 335 172 428 701 542 632 647 971 142 497 111 618 85 710 332 613 729 475 720 307 602 155 549 484 697 323 275 260 746 0 13 603 566 570 517 183 871 169 104 814 773 442 992 
794 345 245 450 718 311 147 840 99 570 572 596 196 726 495 127 807 252 657 887 114 484 487 988 495 344 838 835 511 117 671 271 256 114 785 774 76 458 663 593 148 457 648 768 270 675 309 942 610 569 3 404 272 26 15 395 483 849 869 332 957 214 16 643 199 634 683 460 453 257 925 890 15 172 707 651 87 871 22 56 971 246 957 542 320 36 753 0 803 533 795 409 284 104 671 304 212 931 608 867 
855 276 219 53 627 949 693 322 429 518 545 235 944 949 224 476 215 216 336 143 491 967 671 719 514 591 914 177 913 25 290 243 457 853 181 277 701 351 406 374 440 933 852 249 354 552 11 629 740 536 988 195 649 453 557 427 102 590 456 518 769 940 189 465 111 169 592 980 705 946 834 7 293 717 420 391 406 578 708 223 569 996 659 774 270 955 108 145 0 464 21 211 609 439 884 651 996 855 553 222 
198 737 215 43 811 605 308 837 685 177 904 783 928 695 131 755 712 827 830 444 123 882 77 956 858 580 179 439 81 972 67 895 127 46 635 477 535 530 749 937 666 742 256 103 516 860 770 660 442 252 35 580 209 639 241 729 762 957 329 322 205 171 479 316 875 534 253 88 591 215 955 668 414 87 663 151 60 812 703 323 366 515 280 978 136 747 948 432 15 0 88 657 394 704 516 60 22 581 610 27 
60 206 276 648 484 507 126 634 900 27 3 665 802 916 956 916 230 132 242 423 604 732 445 193 151 807 128 859 474 806 781 423 25 702 671 958 865 712 519 102 336 755 494 737 913 566 277 351 35 477 481 312 847 706 312 231 27 141 526 309 405 93 716 136 84 64 585 274 214 585 390 31 622 5 731 94 68 16 57 479 221 952 153 0 277 996 505 903 389 283 0 878 531 160 392 391 33 704 141 351 
821 222 318 239 361 351 908 394 698 642 286 531 843 717 786 658 111 808 75 814 396 844 824 709 495 9 802 908 862 284 973 704 584 782 10 544 20 878 113 935 759 803 34 833 370 238 749 771 648 601 601 108 997 404 382 278 664 68 238 557 560 45 391 119 157 563 706 803 573 412 96 322 675 232 397 140 473 106 399 283 708 334 585 443 726 666 845 257 750 434 411 0 312 270 58 185 133 379 437 531 
15 526 385 733 180 812 917 368 941 211 511 989 935 603 146 38 135 467 359 694 409 440 135 907 464 583 818 121 93 920 466 875 248 249 575 15 701 947 359 140 721 280 646 212 312 500 661 707 821 709 717 120 851 819 655 890 355 503 277 861 848 599 501 393 452 70 167 943 245 953 383 369 291 538 300 569 291 773 986 926 829 71 4 984 471 609 536 477 96 871 648 512 0 101 262 238 155 500 279 611 
440 263 517 829 247 419 252 890 310 719 656 450 750 294 253 223 880 308 346 292 389 661 285 902 291 131 681 447 494 632 452 934 35 930 822 65 667 168 806 130 301 743 538 789 468 107 77 367 760 498 197 929 366 46 176 232 950 555 616 801 605 324 593 715 668 834 724 220 237 381 298 423 868 980 379 360 548 962 770 438 966 804 408 667 835 350 116 887 967 227 138 305 407 0 560 420 119 379 569 870 
726 946 182 275 889 195 848 21 775 793 54 139 246 588 914 839 167 894 160 881 590 480 843 253 584 80 950 208 952 793 249 878 130 21 679 331 95 92 113 15 10 661 20 479 366 442 952 978 219 900 242 72 127 125 542 654 33 868 73 374 12 777 988 868 903 85 611 920 952 852 228 382 320 973 521 332 686 807 551 819 164 552 186 72 552 946 245 435 234 569 41 552 670 402 0 763 785 612 54 306 
982 278 918 571 178 89 756 998 77 316 134 798 529 951 512 667 341 701 793 802 204 396 701 712 339 320 2 341 949 279 29 577 819 698 834 986 834 429 194 482 843 388 419 951 501 941 51 310 802 419 103 237 84 420 293 501 150 389 613 780 70 212 853 947 517 971 677 359 997 825 238 433 273 577 897 614 938 261 804 501 456 677 694 500 668 800 401 886 378 350 590 419 666 783 65 0 468 526 739 690 
344 764 714 80 638 196 63 361 798 88 479 750 415 916 401 6 623 578 64 843 222 643 330 948 45 470 882 346 312 242 637 787 619 586 182 436 602 734 877 925 865 507 919 75 849 215 111 713 56 747 521 397 540 547 15 481 665 797 430 450 974 774 922 331 145 702 716 722 173 637 731 79 689 550 699 937 117 946 425 892 66 678 745 228 117 343 749 637 787 116 9 134 610 494 4 102 0 242 210 697 
556 372 654 995 523 760 752 370 234 291 983 907 920 534 392 528 490 878 407 926 714 135 921 138 765 258 80 560 122 30 428 144 431 639 892 957 862 872 581 915 789 711 392 538 21 744 472 880 292 431 231 79 513 901 227 101 921 132 247 731 424 691 241 570 728 205 349 930 555 900 846 723 971 716 966 771 283 179 985 162 828 74 116 176 755 265 440 698 17 721 685 265 634 882 399 609 531 0 989 489 
767 657 444 387 0 983 76 567 114 848 382 786 958 484 961 462 526 5 226 459 927 467 956 523 114 507 877 545 748 664 677 935 557 923 863 206 203 873 818 736 613 109 434 141 971 201 513 500 236 714 262 519 235 40 424 790 564 305 320 146 724 965 457 119 458 100 279 742 792 1 876 793 393 754 469 991 408 247 845 916 987 103 158 600 668 213 628 546 149 952 476 95 197 385 308 932 295 985 0 413 
982 30 459 59 6 442 903 71 240 790 219 797 278 546 126 238 959 540 660 541 436 663 77 496 407 830 510 859 217 692 172 573 232 526 592 621 542 563 149 713 858 43 802 221 327 332 964 278 84 968 188 388 777 880 172 130 707 463 239 63 393 949 919 780 24 589 194 118 584 377 434 509 974 482 4 735 967 965 490 599 960 106 982 288 685 78 691 998 388 543 299 110 282 35 617 483 913 421 863 0 

Depot information
1
1
1
1
1

Customer information
1
1
1
1
1
1
1
1
1
1
1
1
1
1
1
1
1
1
1
1
1
1
1
1
1
1
1
1
1
1
1
1
1
1
1
1
1
1
1
1
1
1
1
1
1
1
1
1
1
1
1
1
1
1
1
1
1
1
1
1
1
1
1
1
1
1
1
1
1
1
1
1
1
1
1
1
1
1
1
1
1
1
1
1
1
1
1
1
1
1
1
1
1
1
1
