Seed 123 - Instance: n40m10_2
n 40
m 10
Q 201
L 0
U 1000

0 154 68 96 356 59 300 108 186 567 230 497 246 655 288 326 401 143 925 167 796 939 461 341 147 117 300 808 713 852 414 524 52 174 623 483 174 127 429 823 848 336 632 425 430 280 336 816 949 892 
161 0 56 496 1008 344 731 638 588 736 887 683 469 759 125 843 25 296 802 366 622 835 341 439 850 520 525 855 720 509 435 839 285 486 338 155 353 797 402 85 89 657 790 642 709 120 274 359 594 711 
67 60 0 571 867 166 646 47 82 886 707 233 480 782 175 593 510 124 675 409 964 980 717 677 351 937 716 555 567 367 471 287 929 822 594 990 793 246 620 473 582 383 486 623 578 180 892 621 381 534 
100 497 570 0 927 374 624 136 131 403 708 912 394 931 569 430 433 883 966 394 167 311 818 860 933 167 45 503 475 712 146 123 9 796 184 316 963 424 647 223 220 832 695 471 197 652 987 729 671 257 
364 992 874 910 0 76 926 908 153 91 315 365 795 208 36 122 370 721 386 944 415 34 181 621 247 241 557 704 543 81 782 249 602 270 577 90 442 432 163 168 776 197 809 857 460 510 709 66 548 642 
54 340 160 375 83 0 23 604 328 481 28 856 568 320 316 312 776 127 196 73 644 913 112 527 277 127 561 148 903 462 685 355 391 132 868 545 811 149 846 961 711 211 135 373 647 27 550 873 892 823 
298 739 651 625 924 13 0 671 15 660 374 208 237 404 271 545 296 501 569 636 71 193 364 413 673 359 230 814 699 79 85 107 904 802 620 978 341 990 915 49 503 152 783 997 197 894 377 354 613 859 
102 645 64 134 910 589 685 0 624 633 102 121 326 706 43 819 533 421 997 876 606 823 731 514 220 979 966 932 971 805 514 415 493 354 851 977 576 726 878 973 296 544 88 378 278 985 613 404 152 623 
185 578 84 128 151 317 21 612 0 246 785 655 564 235 748 796 888 234 239 973 632 235 77 9 128 344 18 212 107 613 629 319 546 111 10 404 817 151 364 262 220 839 915 504 517 349 865 22 88 158 
575 736 898 405 89 463 648 644 242 0 991 948 583 861 12 1009 422 918 138 691 210 339 631 883 179 127 773 880 514 429 214 74 495 967 652 553 692 327 19 860 456 424 1011 129 267 876 403 8 492 990 
218 888 702 713 318 26 373 104 771 978 0 67 791 860 406 417 339 817 227 402 407 204 23 684 162 199 400 671 766 322 906 37 22 925 15 573 199 491 960 378 331 821 805 496 364 750 889 312 98 55 
490 692 239 910 368 855 206 117 648 953 59 0 384 378 627 731 23 24 698 841 117 666 884 27 567 611 319 195 60 877 425 615 992 717 195 865 582 282 315 477 19 565 770 129 231 821 981 581 362 565 
240 469 474 381 777 580 231 321 571 567 792 386 0 863 944 32 341 63 808 237 839 496 555 807 612 827 752 84 214 401 257 18 942 100 245 930 893 246 624 345 1016 129 111 604 78 909 131 430 970 575 
645 755 771 932 214 308 416 702 250 851 867 375 861 0 423 986 535 382 264 578 963 702 713 970 243 96 835 377 840 688 874 161 513 445 555 572 576 42 393 955 109 687 813 762 502 711 416 651 814 791 
295 123 168 576 24 324 265 38 747 26 417 633 930 438 0 400 740 351 902 689 441 594 661 342 133 959 492 123 55 372 983 989 629 431 595 18 43 846 694 80 891 364 645 546 459 604 918 744 756 748 
308 850 585 433 130 303 547 832 797 996 408 734 33 1001 403 0 260 676 107 317 742 597 273 209 602 574 402 767 691 361 774 790 869 377 126 32 706 977 812 271 602 821 886 602 370 578 667 859 831 853 
407 32 522 431 377 767 306 528 876 410 331 24 329 532 741 274 0 248 694 607 656 893 106 999 650 412 605 880 18 666 682 758 465 545 468 1012 756 204 160 102 652 692 961 83 171 710 402 701 979 630 
139 308 130 877 731 126 514 421 249 931 812 23 44 392 348 660 235 0 116 96 354 422 712 284 70 724 533 841 12 318 406 525 323 923 972 615 903 990 464 245 918 74 271 511 596 604 86 684 87 146 
936 809 662 967 383 196 561 1009 254 119 227 689 802 271 912 94 692 108 0 787 138 901 894 454 268 1011 58 547 366 564 861 447 27 91 568 664 818 171 565 260 431 684 918 976 770 727 660 196 929 778 
159 375 412 408 944 85 649 874 961 703 417 842 231 579 693 323 608 85 797 0 311 115 542 938 235 885 596 157 782 319 359 774 836 945 674 448 940 879 584 584 286 745 155 282 683 541 502 718 171 354 
805 619 954 168 411 657 67 599 623 211 406 124 842 962 434 742 657 345 122 319 0 544 490 121 323 261 986 441 531 440 302 420 501 523 158 443 564 267 820 519 677 187 554 825 634 228 373 868 62 928 
932 817 988 328 37 915 194 825 248 345 203 655 501 696 588 607 896 416 893 114 535 0 500 689 180 411 362 188 879 988 927 347 252 766 12 964 272 349 115 641 67 265 100 1013 166 613 792 44 642 328 
459 347 724 814 177 111 371 733 87 621 31 884 556 732 643 262 107 704 902 533 488 491 0 908 761 582 757 760 175 566 306 179 660 579 1008 982 69 53 243 153 483 264 314 719 76 486 120 865 589 500 
327 445 671 868 625 544 413 506 10 869 689 29 814 974 356 215 985 280 434 924 106 680 901 0 442 889 261 532 486 45 885 521 419 579 513 128 784 502 515 152 85 66 109 559 226 676 201 937 440 542 
152 832 338 951 246 292 667 226 141 194 181 562 628 237 125 612 636 62 262 231 326 185 759 444 0 192 850 676 786 670 306 193 584 485 847 844 839 639 67 314 485 545 179 328 178 577 91 762 128 24 
118 526 934 175 238 122 351 980 342 115 197 604 818 96 952 571 428 725 1003 884 261 400 583 885 193 0 280 787 293 266 559 851 777 856 127 703 411 454 751 108 625 842 57 522 551 869 878 707 787 924 
297 536 726 53 548 576 214 970 25 757 386 324 759 834 492 416 610 522 61 585 982 365 755 257 859 273 0 306 524 190 765 575 934 775 208 67 625 380 896 992 476 217 456 504 597 505 826 691 814 325 
821 843 568 500 703 135 809 930 206 883 673 213 87 388 128 761 874 839 534 177 447 188 773 539 688 773 297 0 259 953 270 674 561 414 114 347 798 252 390 507 199 20 695 260 283 173 667 550 1005 556 
703 724 570 462 552 884 702 958 98 502 752 49 220 836 55 703 32 12 386 799 531 886 170 481 787 290 530 244 0 913 263 212 312 634 570 436 369 702 34 951 97 654 549 951 498 938 696 266 644 497 
843 510 374 706 80 463 94 819 615 418 316 869 405 688 377 370 670 326 569 312 429 993 563 50 676 265 180 944 917 0 851 743 393 641 199 69 34 953 337 740 803 910 262 114 523 661 920 45 238 267 
406 437 460 140 785 692 71 519 625 216 901 436 275 872 982 772 680 407 860 362 301 933 302 904 316 562 764 268 269 859 0 477 416 723 761 8 150 687 805 474 39 736 53 976 754 946 481 361 160 396 
530 830 276 117 247 343 100 414 326 78 46 624 6 166 984 784 755 508 452 762 412 338 184 513 193 846 584 671 215 747 468 0 164 111 187 741 26 541 334 585 818 361 248 652 570 858 427 695 510 333 
55 297 934 21 593 393 898 488 540 498 9 992 946 502 612 864 477 330 40 833 503 241 667 415 579 780 931 568 308 387 415 172 0 596 845 24 372 510 347 785 453 473 503 438 181 481 561 321 1019 799 
163 478 816 788 278 119 801 364 107 964 924 718 103 447 426 383 549 935 92 965 519 765 582 576 475 848 786 420 624 632 724 122 587 0 767 165 966 247 119 428 350 853 177 417 200 939 125 813 382 901 
614 354 607 184 578 861 635 863 4 653 9 194 242 547 595 143 457 976 564 675 154 12 1000 505 836 136 214 107 579 200 760 193 845 769 0 692 814 78 217 206 320 307 835 283 485 146 711 336 78 636 
481 151 993 321 95 546 977 970 404 560 561 859 932 574 34 21 1007 598 653 438 449 968 980 125 846 703 70 337 441 72 22 737 8 173 681 0 901 912 362 547 598 696 141 857 692 597 769 914 944 353 
192 358 795 972 440 800 339 581 813 702 200 570 900 568 42 712 753 887 810 939 572 266 68 780 842 409 617 804 365 29 153 32 371 968 804 908 0 63 373 572 261 584 861 54 311 607 166 840 345 260 
131 798 242 419 418 134 987 724 168 317 488 275 231 35 861 985 215 999 169 874 262 346 53 494 654 462 372 249 712 945 686 541 513 247 92 920 60 0 625 217 991 111 443 572 968 318 829 555 734 924 
418 403 621 646 165 839 919 878 382 29 970 319 629 385 696 807 157 462 563 587 829 108 245 524 64 750 895 387 40 332 802 346 364 119 218 365 374 612 0 728 639 294 343 674 188 438 126 173 997 479 
828 101 465 209 165 954 51 975 264 845 371 465 339 971 90 286 94 257 249 573 514 649 148 149 317 106 1007 519 946 756 464 580 797 435 204 553 566 205 715 0 177 494 35 267 945 721 213 701 79 699 
842 104 573 227 763 724 488 310 221 444 345 25 1000 105 886 585 656 920 439 282 689 74 494 80 500 622 473 194 98 800 44 828 447 352 306 582 254 984 620 169 0 478 99 97 793 711 907 647 623 120 
327 673 380 826 216 208 144 549 843 434 832 569 137 690 349 813 690 55 671 735 184 267 268 56 544 853 230 30 644 909 742 380 463 852 307 696 574 97 279 481 474 0 631 437 588 580 992 224 852 479 
626 788 485 682 795 147 764 102 927 1012 800 770 123 824 633 888 954 275 920 155 543 106 312 99 178 49 444 695 541 258 49 240 514 178 841 138 845 437 339 33 105 614 0 145 731 730 604 252 333 47 
422 631 632 481 870 356 1002 381 511 132 493 117 614 761 549 599 81 521 975 291 820 1004 730 548 341 511 491 258 960 116 975 659 420 433 269 876 61 582 667 254 104 431 132 0 67 409 600 840 582 834 
436 716 580 189 461 654 195 288 517 263 374 229 73 495 448 389 174 594 766 677 640 166 88 218 163 566 604 296 484 515 766 579 184 196 495 695 317 968 188 944 795 589 726 65 0 110 138 845 795 595 
281 137 170 654 495 43 895 986 338 866 760 819 926 718 606 579 706 605 724 552 226 593 484 693 573 873 511 170 939 671 941 860 488 942 149 608 592 325 438 710 708 578 735 402 122 0 666 259 788 990 
354 281 881 972 715 532 386 606 863 405 885 977 138 427 912 659 401 97 653 504 372 790 133 201 89 879 825 665 703 914 474 433 568 135 712 785 150 827 129 218 904 987 603 616 140 671 0 217 623 297 
806 358 610 733 58 877 335 409 34 20 316 585 425 648 744 860 703 690 204 721 855 36 866 946 760 690 680 541 256 48 345 698 330 826 324 917 841 540 173 712 646 212 246 846 836 251 204 0 321 43 
943 594 375 660 547 888 615 148 94 498 99 371 970 811 751 849 977 94 927 169 67 653 599 453 133 803 801 1013 634 250 167 516 1016 365 93 947 363 742 998 82 622 844 322 588 810 793 608 308 0 653 
883 720 525 261 658 824 856 620 153 993 51 550 590 788 756 843 636 135 795 359 916 326 501 529 25 906 335 565 485 275 393 322 802 908 629 345 243 923 488 704 124 475 50 841 606 976 295 42 665 0 

Depot information
919
2332
2070
2512
590
2625
2038
2622
2085
2737

Customer information
23
15
16
18
20
18
25
18
15
23
18
21
19
23
24
18
18
21
18
22
24
16
16
19
23
24
19
15
19
15
24
15
16
17
20
17
24
19
18
16
