Seed 123 - Instance: n50m5_0
n 50
m 5
Q 156
L 0
U 1000

0 912 953 584 347 878 17 948 725 178 692 65 621 564 306 931 170 551 555 318 908 713 572 448 988 156 665 276 159 503 561 14 25 130 604 1013 740 786 916 202 708 542 18 108 491 840 143 597 443 192 584 1009 35 268 273 
916 0 861 534 515 784 289 368 854 611 243 1006 694 58 303 795 779 928 809 873 828 621 580 805 437 996 258 934 464 493 571 719 901 467 947 421 544 145 516 351 235 304 332 357 939 350 131 862 255 83 95 599 375 604 663 
949 855 0 940 424 136 551 40 766 851 506 481 459 850 229 90 143 923 629 421 49 21 415 112 386 457 273 790 471 919 716 59 235 88 499 10 517 81 737 263 937 876 557 459 709 220 818 596 324 95 991 421 57 934 362 
597 519 949 0 391 503 507 286 393 410 121 833 382 710 747 527 79 298 491 33 304 118 801 733 960 961 945 431 876 22 887 612 997 931 206 1015 533 934 469 888 597 453 125 973 149 208 243 944 680 542 662 134 501 841 821 
342 512 430 386 0 321 121 388 55 422 436 909 983 981 909 925 984 41 404 374 778 970 807 23 406 886 207 913 678 309 175 910 237 334 465 313 56 826 573 865 576 1001 431 115 283 502 976 831 785 655 250 32 166 434 416 
892 782 135 500 317 0 422 191 966 777 396 598 248 363 231 560 767 51 777 902 510 195 978 977 843 506 939 137 911 861 757 616 455 719 866 739 270 66 135 683 917 56 811 446 254 617 326 979 225 369 311 38 881 366 718 
32 295 543 527 118 426 0 647 889 494 157 913 378 248 713 555 110 604 691 509 667 191 209 934 730 586 251 704 779 857 410 858 695 943 744 906 691 885 910 970 98 956 246 77 23 313 591 299 843 722 357 449 844 39 807 
941 356 40 281 395 187 646 0 888 997 780 257 966 707 30 873 254 393 859 497 265 198 869 598 902 820 837 947 66 513 801 382 130 392 943 939 374 520 899 833 827 592 932 563 363 732 932 710 493 724 333 420 325 630 367 
737 856 780 401 51 955 872 885 0 785 967 806 884 231 521 973 550 81 662 972 482 519 92 530 445 126 325 638 378 966 827 659 924 643 407 38 288 715 76 239 56 82 647 986 236 853 143 617 407 629 835 292 268 929 234 
171 610 843 403 422 788 485 998 789 0 727 190 555 334 243 488 166 408 27 281 648 573 121 779 422 993 911 121 70 63 991 369 20 398 311 164 887 488 484 627 270 275 568 13 697 860 442 1005 568 867 168 578 896 559 603 
708 253 492 122 434 394 157 791 980 723 0 781 943 613 36 609 655 938 711 406 259 235 37 734 665 955 378 179 494 471 757 336 260 601 943 957 521 890 106 253 208 329 718 119 234 918 487 111 74 172 138 213 837 52 38 
58 995 478 833 922 596 918 254 806 187 784 0 136 848 898 59 248 762 844 688 995 266 204 85 168 725 159 754 476 151 935 423 366 797 230 504 868 683 279 206 278 946 603 690 388 998 870 883 860 39 807 621 109 106 54 
628 695 462 389 993 256 369 972 884 558 931 132 0 220 975 897 193 662 923 453 196 121 30 716 585 269 319 209 991 518 512 657 434 150 850 783 669 133 235 513 826 783 377 802 939 675 958 942 577 130 640 536 273 662 257 
558 63 868 714 996 355 254 704 228 334 610 846 212 0 599 240 354 113 548 604 609 676 150 1004 669 402 580 366 970 335 185 43 28 507 375 447 628 821 599 969 533 514 621 295 24 739 494 584 679 793 599 421 833 798 367 
323 294 230 737 905 240 706 26 528 233 44 899 979 587 0 216 843 999 230 779 565 735 78 895 419 1002 727 87 220 105 237 942 222 564 821 362 699 815 163 702 214 673 630 414 356 802 819 260 734 614 77 456 982 853 835 
922 795 95 520 940 566 567 870 972 483 600 59 890 229 210 0 747 951 853 987 409 532 500 993 15 611 978 1004 268 198 866 492 364 891 980 819 253 859 79 273 196 315 731 907 611 540 800 29 816 123 707 333 45 261 46 
179 774 144 80 998 759 101 243 543 171 661 236 193 350 844 751 0 864 356 38 820 205 801 252 609 544 818 594 279 386 741 809 22 539 714 441 514 470 47 237 519 543 532 691 615 976 625 221 779 933 11 443 789 845 983 
546 921 919 301 44 47 598 397 67 408 948 759 650 119 1005 960 881 0 163 233 713 521 733 628 796 396 395 323 905 166 854 94 590 680 307 442 546 115 702 201 162 942 189 875 896 51 516 72 475 969 675 865 280 566 976 
558 794 623 489 400 761 684 843 671 23 705 845 922 553 232 857 355 154 0 943 420 660 462 188 817 735 477 415 657 467 167 303 797 831 6 548 106 946 192 500 273 981 432 999 486 124 388 304 962 953 531 39 966 742 269 
315 867 418 38 384 908 519 491 967 286 412 689 465 594 797 979 35 242 943 0 937 270 890 895 304 222 505 731 238 475 480 359 605 856 205 514 995 296 390 228 784 699 946 599 589 960 388 155 561 56 774 415 298 707 727 
906 831 45 306 782 517 671 265 484 648 269 1002 193 617 569 413 823 726 423 946 0 57 748 755 694 383 772 640 96 481 483 669 490 522 549 970 417 714 172 854 568 160 941 420 301 496 236 680 10 601 951 246 97 506 466 
718 622 24 109 981 194 193 208 528 562 242 263 127 671 728 550 204 538 655 265 53 0 263 680 557 529 195 171 628 168 324 605 364 426 858 653 738 184 299 364 835 945 297 136 349 883 14 171 868 829 670 308 71 726 623 
571 588 414 789 804 979 212 855 93 104 44 206 29 165 59 506 801 731 462 901 754 280 0 974 119 991 485 253 235 348 156 458 867 387 528 728 641 226 13 405 206 4 746 190 983 41 194 281 925 156 865 271 743 158 590 
435 817 120 723 22 984 923 587 529 784 739 100 703 1012 893 992 269 631 179 886 745 679 961 0 30 129 764 191 784 846 700 482 837 526 51 1003 941 125 20 181 542 564 231 48 72 947 328 723 21 366 688 262 102 821 243 
986 453 373 962 392 850 727 899 447 413 653 169 591 669 429 30 599 791 804 297 678 546 110 14 0 692 176 632 325 735 750 366 113 76 856 779 700 641 284 135 577 918 421 620 736 109 629 870 806 103 252 891 151 141 601 
161 993 459 954 887 502 584 828 115 1000 956 729 268 389 1006 601 530 404 726 227 391 522 993 136 683 0 207 663 393 375 163 852 511 549 262 46 1002 656 49 670 741 71 566 418 375 119 642 822 273 554 719 1007 628 950 81 
674 260 275 950 219 932 243 834 325 907 382 167 317 580 732 978 812 409 486 504 784 190 483 758 185 210 0 454 418 991 675 113 509 106 968 199 424 717 285 735 404 10 313 528 827 594 401 579 417 663 876 350 642 573 335 
271 929 781 436 911 137 714 944 636 126 162 746 204 366 82 1011 611 330 423 749 654 161 258 186 621 665 439 0 808 723 68 804 368 990 638 348 1009 996 800 923 627 836 562 105 431 825 995 731 840 176 26 642 230 574 652 
148 453 486 867 689 921 779 73 378 76 493 473 1000 978 222 271 272 916 662 229 94 616 231 798 319 400 417 806 0 72 1000 774 286 186 437 360 117 401 114 338 104 321 606 896 1005 869 751 414 428 237 31 846 575 745 781 
492 487 915 29 307 857 861 511 958 72 482 158 528 339 95 189 376 163 462 469 485 153 350 828 722 375 985 720 62 0 621 998 303 769 362 962 986 380 725 693 14 653 949 469 194 292 540 680 113 351 646 919 837 805 189 
564 567 710 888 172 755 413 791 841 991 750 938 504 181 246 871 748 851 177 465 487 310 154 715 748 168 682 74 994 613 0 981 489 491 668 838 874 917 509 398 40 926 1008 284 886 303 496 439 329 231 873 436 978 21 960 
4 708 53 630 909 623 849 373 648 372 342 420 654 45 930 481 801 79 307 359 672 598 466 486 381 856 120 806 760 991 989 0 602 45 860 25 383 547 455 601 131 351 768 767 905 360 654 717 180 510 596 1 613 17 534 
20 895 227 1008 228 449 694 131 914 8 258 350 427 9 230 362 22 575 801 606 491 375 858 832 115 508 516 371 298 317 493 600 0 385 508 408 393 704 449 252 602 617 949 550 824 936 359 607 263 391 518 839 279 656 243 
115 468 88 944 342 717 961 399 651 407 607 799 145 507 574 889 540 678 841 851 535 434 394 529 88 547 90 994 168 772 504 39 383 0 785 152 285 166 70 972 428 731 112 14 53 85 669 1013 676 385 859 326 526 742 427 
618 958 507 214 474 856 748 949 403 328 934 226 848 377 826 980 706 297 3 202 551 859 513 67 856 262 985 646 431 360 678 849 508 782 0 841 428 258 102 897 119 171 234 2 607 567 832 21 489 897 329 736 944 436 558 
1001 417 18 1002 303 741 903 938 27 166 953 512 783 433 347 807 441 449 534 509 959 662 742 1008 795 33 206 361 344 953 855 18 398 139 851 0 105 807 1020 667 641 488 133 231 87 474 901 222 725 650 893 810 154 834 935 
733 551 528 536 62 281 694 385 276 893 536 860 676 629 697 238 504 534 96 1004 410 724 652 923 689 1020 426 1009 100 987 873 382 384 284 432 120 0 723 922 383 872 227 727 167 889 58 853 880 245 553 902 248 228 189 311 
800 141 85 921 812 64 887 515 707 486 891 672 142 826 810 860 477 118 959 285 732 186 213 138 629 642 704 979 404 377 916 547 717 167 257 811 722 0 218 970 1014 644 796 538 129 33 945 816 104 36 445 492 386 353 314 
920 519 724 469 590 142 913 894 66 476 110 277 224 607 166 60 42 719 187 396 165 300 15 24 290 44 271 809 115 719 501 455 440 63 105 1014 915 210 0 505 979 340 330 581 380 214 388 513 480 303 95 99 981 619 473 
208 337 283 896 865 691 974 839 242 621 235 214 516 967 696 258 241 191 503 222 867 371 413 181 140 673 727 924 335 685 411 602 261 968 895 662 381 967 519 0 186 141 26 420 942 227 958 892 359 685 983 814 796 15 693 
706 236 919 582 582 921 97 836 49 275 198 264 818 536 218 208 509 158 274 798 560 843 212 525 586 749 400 629 88 19 55 121 613 436 106 634 875 1009 977 185 0 449 933 687 928 49 878 466 263 129 79 291 675 718 73 
542 308 884 439 995 47 952 587 70 278 325 942 792 524 667 318 529 938 973 699 157 946 11 548 914 60 20 822 328 668 933 347 606 723 169 478 221 650 338 144 443 0 97 538 183 716 947 158 904 119 863 650 518 831 432 
19 342 546 119 443 822 245 935 639 574 726 611 385 622 621 736 549 184 430 947 935 298 736 244 421 564 304 582 607 959 1003 777 948 114 224 133 723 799 340 38 935 93 0 782 460 879 284 589 29 646 180 673 934 687 48 
118 353 461 970 124 455 57 567 983 14 114 692 807 294 423 905 674 881 1010 599 423 128 175 40 618 430 535 103 891 470 281 756 555 22 17 238 166 526 586 421 694 538 781 0 138 217 367 125 539 66 554 1003 700 690 730 
490 935 718 141 283 253 10 349 221 696 239 378 938 23 359 606 602 892 495 592 314 353 985 69 722 382 815 429 1001 194 890 911 824 48 602 77 886 135 378 946 932 180 453 130 0 308 516 589 920 222 542 609 638 193 377 
846 355 228 201 503 616 323 739 867 868 923 997 674 728 817 535 973 50 125 968 500 890 37 957 106 116 592 815 862 290 303 377 927 91 556 487 71 17 223 235 57 711 894 223 305 0 687 784 357 487 742 968 1012 970 341 
136 133 829 243 988 332 580 919 134 432 474 861 947 491 825 784 634 525 381 385 233 15 193 323 629 656 414 1002 741 554 493 655 355 679 820 899 857 940 401 958 881 943 281 366 532 683 0 355 910 917 718 800 426 571 151 
592 866 585 938 843 966 286 709 630 996 126 890 951 585 258 18 202 67 303 156 685 173 285 725 879 828 569 722 407 681 451 715 625 1006 11 208 865 820 519 897 468 165 575 117 569 797 346 0 643 399 750 162 785 271 407 
449 265 339 689 769 215 838 492 415 566 60 856 585 679 730 797 779 479 965 557 5 852 915 27 800 282 423 824 423 130 321 173 253 671 493 710 249 105 479 365 276 903 21 533 904 368 905 643 0 329 47 147 586 747 773 
190 77 88 544 670 356 718 718 616 868 164 43 144 795 615 121 953 988 955 53 595 825 173 365 117 569 679 184 245 347 235 493 380 370 896 643 552 34 303 697 139 125 647 65 216 484 918 383 312 0 852 995 228 518 721 
597 98 978 680 245 326 363 325 824 186 156 817 639 601 89 715 26 669 545 777 956 662 858 689 238 710 858 30 30 647 865 604 514 865 337 906 902 443 91 973 84 846 197 552 557 743 708 759 44 848 0 94 531 776 796 
1019 595 430 133 49 31 463 409 280 587 232 634 536 410 441 320 436 855 39 429 245 302 268 252 891 997 345 642 845 923 431 9 841 324 731 805 255 501 88 802 276 658 677 1008 611 976 786 163 148 996 88 0 878 597 317 
37 376 49 507 174 880 854 329 274 911 829 103 279 839 984 48 795 269 976 293 100 59 740 103 139 622 639 214 569 833 968 597 289 533 947 141 218 386 974 790 692 518 944 713 651 1010 427 776 592 235 534 895 0 591 636 
258 593 936 822 447 358 36 624 938 554 62 105 667 805 863 273 842 572 737 713 497 728 171 820 142 962 554 587 746 817 12 35 657 734 426 822 199 366 618 6 717 831 673 692 194 959 565 273 741 516 784 600 589 0 400 
277 669 350 824 430 701 811 358 239 606 22 53 260 367 844 58 979 975 264 728 460 616 586 254 603 83 327 649 765 189 956 518 228 428 554 950 311 313 470 696 81 427 38 727 384 345 146 405 781 723 809 329 646 411 0 

Depot information
2468
1264
1421
815
1754

Customer information
15
22
19
19
18
17
22
18
24
21
24
20
24
20
16
19
25
22
21
20
19
24
19
18
21
17
18
23
25
20
22
25
20
22
23
18
25
16
25
25
16
19
17
20
19
17
19
21
21
22
