Seed 123 - Instance: n55m10_1
n 55
m 10
Q 222
L 0
U 1000

0 321 52 37 365 197 433 67 388 900 988 127 328 159 988 756 392 607 571 728 897 1012 130 239 414 841 976 258 505 254 73 779 139 994 728 301 807 153 634 1002 272 292 163 228 917 37 824 837 751 57 988 30 1000 944 397 168 808 712 485 931 769 914 51 51 234 
314 0 772 270 120 968 498 700 21 218 325 216 946 650 914 183 472 589 964 416 193 762 179 522 981 156 382 593 211 613 297 823 290 238 985 933 353 792 361 155 547 690 397 715 909 331 86 38 253 132 426 148 705 927 37 838 499 335 234 46 337 832 449 771 933 
34 775 0 737 956 844 875 757 510 600 761 947 261 777 782 948 647 184 127 413 962 999 277 50 126 411 1001 142 733 468 723 620 563 423 930 140 336 905 242 572 80 865 881 593 871 228 952 226 77 45 625 586 230 642 17 682 46 454 554 232 470 119 848 386 298 
29 272 743 0 343 288 768 1008 230 735 715 63 722 819 586 852 902 361 703 207 923 869 201 844 288 948 855 554 31 704 512 817 605 879 629 829 542 846 285 633 815 882 141 392 126 693 130 571 406 544 954 429 403 601 241 234 127 565 17 712 363 761 818 562 730 
372 132 960 353 0 110 945 334 142 938 648 69 756 662 763 453 522 441 608 326 739 190 739 637 308 709 494 496 980 363 84 226 318 315 884 341 457 507 896 801 127 676 279 491 271 933 43 201 18 877 699 171 974 610 343 314 196 832 413 980 129 808 149 316 96 
198 968 857 291 97 0 993 231 254 444 411 197 410 468 548 912 206 756 411 253 755 220 147 799 784 394 102 807 777 521 677 749 339 570 763 854 202 919 378 649 743 130 380 919 82 828 368 113 638 718 839 305 853 786 180 735 895 346 489 84 314 555 672 302 901 
435 506 870 769 958 1004 0 409 114 376 886 109 879 924 843 750 274 162 282 165 474 73 677 695 469 13 512 213 88 57 917 948 672 432 62 320 960 137 944 758 270 615 32 820 208 120 55 133 477 937 316 739 906 878 426 123 225 759 161 591 135 90 798 481 25 
69 702 753 1016 343 214 411 0 344 60 876 453 999 587 60 898 806 937 537 881 630 27 568 888 655 576 547 9 998 204 854 664 338 557 681 563 580 264 635 680 112 621 975 108 624 327 964 605 346 44 995 161 127 608 539 617 423 395 989 1013 868 447 69 524 414 
395 30 516 230 140 252 103 349 0 413 205 872 599 375 529 520 133 835 546 686 120 200 220 735 353 598 68 102 54 557 708 197 681 929 303 60 450 625 276 804 573 980 412 517 82 375 315 856 422 478 762 896 952 897 238 429 722 552 944 758 666 61 868 664 237 
891 208 590 746 946 440 388 72 405 0 363 189 44 641 720 755 64 1010 159 394 303 766 845 576 512 790 98 303 602 729 39 616 896 973 85 180 189 384 19 596 928 402 348 408 646 359 445 19 217 139 515 623 364 636 50 617 825 566 925 336 12 625 19 261 635 
980 326 755 718 654 405 882 881 207 366 0 883 990 594 161 382 444 611 22 240 787 940 449 444 664 615 86 33 334 650 751 635 149 431 623 252 19 466 699 267 715 30 30 396 40 491 113 585 601 1000 74 330 100 583 754 687 611 165 77 654 120 455 542 405 649 
120 220 941 65 74 202 112 459 881 181 889 0 876 768 368 417 251 135 687 845 834 411 211 994 785 759 839 833 32 117 541 792 635 140 41 281 577 504 886 47 829 807 903 123 184 194 849 598 675 862 646 222 717 247 924 447 937 545 946 342 807 888 127 648 244 
329 929 267 718 768 392 867 1000 614 44 992 869 0 259 129 937 499 890 379 363 874 35 204 785 694 146 391 855 69 468 137 804 83 552 388 664 707 708 751 253 333 489 491 217 850 291 477 139 261 822 596 828 1016 945 607 869 714 473 208 632 416 326 424 256 221 
165 651 766 808 651 465 937 574 388 637 607 781 255 0 651 164 952 494 335 87 482 161 719 748 515 637 516 342 557 915 613 520 541 632 881 875 982 823 547 922 35 756 427 18 129 841 167 420 989 743 849 56 546 321 236 316 491 125 829 941 657 883 770 881 571 
1000 914 797 593 762 534 839 44 522 723 161 376 128 640 0 566 116 629 498 227 579 549 925 996 761 200 1006 922 555 131 268 52 886 214 439 894 434 66 789 599 940 606 440 528 762 794 129 469 267 116 362 66 551 91 137 811 779 280 748 282 554 153 155 454 129 
754 173 951 851 465 902 756 908 523 757 399 405 949 157 558 0 692 190 773 518 278 311 586 19 749 746 772 185 688 489 467 285 725 918 515 452 427 377 759 257 491 391 743 739 676 565 347 79 524 342 497 672 501 476 853 112 165 921 778 659 456 155 178 34 134 
392 476 639 894 536 188 275 796 141 73 458 252 503 950 131 697 0 893 843 744 822 723 990 61 467 884 772 759 57 562 105 101 840 731 545 300 435 647 748 794 469 608 451 803 875 516 143 983 603 285 745 106 158 575 500 38 840 659 362 469 327 506 428 698 797 
611 603 190 347 455 759 160 921 846 1017 603 126 904 495 635 189 894 0 907 899 759 91 216 258 558 927 150 971 208 596 778 326 400 593 525 651 1001 843 167 728 493 491 29 393 727 759 396 657 235 408 756 791 941 529 210 956 473 656 229 843 479 28 67 280 702 
565 948 128 686 626 415 277 531 535 153 32 694 364 334 505 775 853 908 0 925 259 797 929 36 688 788 380 127 767 858 329 964 801 531 418 772 378 333 916 891 757 891 482 259 693 397 742 734 863 126 929 695 635 373 670 518 473 674 22 733 553 742 397 974 91 
737 427 416 210 329 261 166 885 697 390 244 844 350 102 228 506 740 894 916 0 306 478 401 977 813 252 73 425 833 820 664 860 106 660 879 165 786 217 882 807 640 35 218 149 704 302 490 745 141 581 700 926 878 989 783 496 819 522 509 417 720 566 319 805 279 
894 202 957 919 755 760 466 647 120 321 784 851 873 474 576 274 837 770 250 299 0 217 382 567 609 346 167 634 379 944 526 140 946 472 311 375 483 495 910 350 573 193 384 547 291 840 983 582 139 182 893 391 914 238 579 303 145 202 211 236 145 758 946 307 997 
999 752 998 870 182 214 65 26 196 763 940 411 33 157 543 319 731 91 799 476 218 0 286 409 201 18 485 655 370 479 956 121 304 377 457 299 999 492 872 215 452 463 334 765 504 30 851 187 312 828 533 5 56 105 886 851 855 496 958 713 860 835 322 233 188 
133 188 280 190 740 145 682 583 225 857 461 215 196 716 925 568 983 232 922 409 389 298 0 146 986 832 773 837 1005 358 396 700 622 249 168 1000 342 73 863 626 214 827 513 763 479 845 810 438 307 365 575 229 475 1000 521 64 844 195 863 140 114 762 326 70 792 
246 539 62 860 635 790 695 900 748 567 453 988 781 762 1007 17 77 249 31 977 559 417 139 0 653 597 722 331 651 525 273 28 945 664 58 353 699 825 835 716 952 584 1011 400 953 674 301 365 26 999 168 774 41 444 788 709 842 593 513 659 263 905 91 868 521 
415 985 129 299 303 793 483 653 357 511 666 785 695 520 744 744 466 560 675 808 603 197 984 647 0 108 475 339 29 493 70 859 729 73 866 851 108 273 787 414 144 835 945 621 258 186 148 506 40 752 966 711 256 26 29 796 512 840 946 984 155 347 1002 405 855 
832 145 403 955 717 405 21 581 605 802 608 754 153 634 200 745 876 924 785 257 334 25 829 593 111 0 771 918 141 908 868 647 906 982 281 956 820 20 159 939 862 129 41 26 292 364 469 756 294 611 830 1015 507 130 488 322 394 46 183 350 790 821 753 380 529 
964 386 1000 866 496 92 517 537 71 112 87 826 379 514 1013 778 775 151 370 77 155 466 770 726 472 754 0 290 529 645 681 130 272 75 450 625 375 39 851 684 246 806 138 656 475 846 604 393 243 737 392 946 761 151 1006 8 719 230 655 107 230 777 430 249 781 
242 584 124 559 504 802 210 4 111 296 29 828 853 342 914 180 760 983 129 414 632 650 848 333 336 909 294 0 343 942 453 418 826 980 787 42 401 398 877 905 546 240 220 382 782 892 351 719 804 446 354 607 640 573 757 727 725 594 839 80 499 424 589 799 979 
512 205 731 27 974 776 89 1012 64 611 338 31 67 564 557 687 65 207 770 850 382 372 1011 650 16 132 538 345 0 749 243 120 687 14 619 482 904 706 484 444 815 853 502 531 463 223 647 464 92 253 296 421 526 962 332 276 939 278 999 967 964 752 997 252 751 
255 609 478 711 360 521 62 207 543 723 645 116 471 918 140 503 572 596 849 806 945 474 368 535 483 895 642 938 737 0 426 188 795 239 137 387 183 551 750 668 878 75 532 563 734 247 697 105 157 481 514 681 968 341 984 613 971 257 821 379 478 985 710 33 766 
86 312 734 504 98 688 930 854 698 28 745 551 133 605 276 481 95 776 335 679 541 973 394 269 59 865 679 437 248 417 0 859 184 539 839 348 831 790 144 846 291 958 398 862 735 677 24 37 338 120 912 460 128 597 993 604 30 411 488 231 483 232 690 282 546 
779 839 626 824 237 739 940 676 206 600 644 789 805 505 61 287 92 341 945 850 146 137 692 42 872 645 131 401 126 185 862 0 402 581 897 809 474 185 675 22 909 833 792 956 186 46 691 849 121 787 880 494 504 502 901 491 612 71 604 918 278 492 279 266 50 
134 282 566 624 330 340 679 338 665 887 143 635 78 539 900 721 846 417 813 101 962 309 626 941 726 908 290 818 677 803 200 405 0 427 696 880 962 819 354 766 310 801 429 47 565 197 68 344 245 356 150 692 719 477 23 540 284 408 935 853 257 448 710 870 555 
1006 235 437 891 312 557 434 562 936 965 424 134 558 623 214 905 730 593 523 660 468 367 253 662 65 990 77 975 31 229 555 577 439 0 415 539 631 793 918 959 133 532 282 598 612 251 373 729 970 115 208 926 248 40 644 678 162 319 184 595 1005 692 368 495 160 
723 992 944 636 879 759 64 693 303 81 635 37 392 868 445 503 549 518 424 877 307 459 157 56 855 278 448 790 610 144 844 884 697 409 0 610 356 133 651 370 302 284 205 993 193 503 167 612 641 241 327 234 543 816 760 70 90 354 238 104 400 501 500 461 857 
304 925 137 827 338 856 319 558 50 168 253 279 664 874 898 452 312 637 775 176 363 301 988 362 862 962 629 29 485 388 351 790 877 547 626 0 296 146 422 516 597 107 676 282 618 27 982 940 814 807 116 200 341 861 1014 123 752 432 631 455 530 766 415 9 842 
810 351 330 552 449 212 960 578 455 182 24 568 710 988 437 415 421 1003 392 787 485 1009 327 718 101 824 383 393 905 169 824 471 946 628 355 294 0 327 878 1003 315 983 38 656 999 558 430 903 797 675 305 554 643 513 183 1014 284 421 147 240 869 3 491 583 544 
158 809 911 832 523 906 132 252 634 379 469 505 699 816 67 364 663 847 338 204 483 493 89 831 271 34 27 392 714 543 784 192 807 799 125 154 308 0 311 892 168 626 839 767 174 722 261 576 954 83 492 158 273 624 702 363 269 231 659 53 881 405 292 168 853 
630 361 254 282 887 368 949 621 272 17 706 876 744 543 795 756 734 160 924 886 917 887 860 845 788 158 856 881 478 760 136 672 359 935 641 428 878 312 0 433 357 541 553 431 442 885 606 87 495 259 102 523 614 924 170 848 501 219 522 86 33 246 195 876 59 
996 163 572 620 820 653 753 672 799 591 264 34 263 922 599 244 783 727 890 811 338 219 613 730 434 922 703 907 455 673 840 13 765 956 369 530 999 894 419 0 237 582 741 674 488 286 904 361 482 131 291 17 594 395 334 706 629 707 701 321 190 768 46 550 907 
267 549 76 813 129 735 271 108 573 936 720 812 336 33 948 487 457 489 763 623 575 458 219 950 155 867 229 550 831 870 291 900 315 152 291 600 298 165 368 243 0 997 675 981 316 777 870 524 597 501 513 900 649 690 644 985 174 537 426 940 339 151 77 951 134 
307 699 866 895 681 117 620 625 978 384 27 817 484 750 593 383 626 501 900 28 186 467 814 581 831 131 816 244 843 88 970 830 816 532 294 112 991 623 553 572 1002 0 974 514 433 701 313 101 845 185 881 35 238 191 245 973 404 848 335 194 885 147 116 79 424 
160 400 894 135 273 376 40 975 417 359 20 902 484 440 445 737 463 30 466 212 383 341 514 995 940 50 139 227 508 518 409 799 433 289 186 686 38 836 534 727 687 974 0 872 611 892 927 526 77 419 914 15 820 73 579 233 235 357 557 55 88 364 622 318 447 
243 721 598 384 497 925 828 110 517 412 387 121 204 17 514 742 820 405 248 165 561 769 770 397 619 14 661 385 525 573 862 950 56 585 983 284 654 763 431 658 991 520 873 0 552 726 85 578 863 383 631 103 406 30 308 465 902 109 73 987 714 955 958 633 48 
918 927 870 132 264 87 210 616 94 646 57 182 850 120 756 674 860 722 694 716 295 486 463 955 264 285 479 780 452 727 732 192 562 601 198 612 1009 192 442 485 314 443 599 552 0 789 490 683 924 538 166 853 562 755 989 864 305 645 288 831 464 414 414 582 719 
37 344 229 685 952 832 106 323 383 377 486 201 285 846 804 551 523 753 395 298 836 41 833 671 187 379 855 879 204 228 689 42 196 256 503 34 562 717 877 284 775 708 888 732 784 0 694 891 804 100 773 529 852 223 90 602 212 802 608 814 358 229 463 205 380 
822 78 969 124 48 382 52 967 315 455 116 839 478 177 128 359 131 401 754 507 993 859 809 294 133 466 603 351 646 696 21 695 60 367 163 975 420 269 603 912 870 313 934 80 489 700 0 46 794 113 513 829 825 815 265 750 922 618 721 755 434 354 877 274 92 
838 35 228 570 215 102 136 609 845 12 586 597 128 413 474 74 986 657 724 752 573 199 454 371 495 772 397 709 467 88 36 861 346 737 612 946 899 588 90 352 523 116 513 582 684 888 49 0 205 224 77 550 435 20 141 131 276 477 253 768 529 48 195 651 239 
756 246 84 419 22 648 474 339 424 226 592 685 262 986 274 535 600 254 872 140 126 321 320 25 51 308 242 798 94 176 338 112 259 964 656 804 788 955 502 478 592 854 83 858 918 809 795 205 0 663 715 853 557 866 137 626 947 246 263 234 298 962 1008 56 964 
66 131 54 547 866 712 953 38 490 143 1015 865 841 751 126 330 283 409 125 593 176 833 376 987 753 604 731 431 266 480 104 782 359 120 235 807 687 83 254 123 512 180 416 374 540 92 125 210 656 0 731 584 453 949 241 367 161 697 362 22 137 948 817 666 989 
988 427 633 961 690 847 323 987 753 510 74 639 606 852 348 497 753 750 935 701 896 540 560 164 983 833 391 357 286 508 917 876 157 215 316 124 304 494 111 281 512 887 930 640 154 776 520 75 713 734 0 909 456 481 362 489 512 13 292 94 461 574 588 196 971 
42 156 596 424 170 318 734 178 916 622 317 209 814 44 76 668 121 806 684 934 394 13 221 777 710 1012 938 597 411 671 447 492 702 934 243 189 564 153 528 9 915 44 27 102 834 530 834 543 856 583 917 0 594 389 234 135 903 929 425 350 616 97 794 137 401 
999 704 226 409 976 851 922 120 935 360 114 722 1002 546 555 498 174 948 633 890 915 49 476 38 260 519 768 637 523 970 121 515 735 260 547 354 655 264 624 584 644 238 820 416 571 854 825 423 571 447 450 602 0 391 385 278 154 65 969 411 1005 918 910 795 207 
943 925 646 597 608 777 872 602 903 637 589 251 952 319 93 467 578 538 366 993 228 100 1001 443 20 124 139 570 956 338 598 507 463 50 813 874 505 633 941 382 700 204 75 36 745 235 825 11 850 951 476 398 377 0 1003 773 988 942 309 594 1011 334 427 99 75 
387 34 32 253 348 177 430 541 230 42 759 918 603 227 134 853 519 207 678 784 578 890 524 790 33 481 1003 761 319 977 1000 899 23 631 758 1004 188 690 181 336 645 234 580 313 969 101 270 140 128 255 356 223 373 995 0 162 662 179 231 643 608 375 767 213 555 
173 845 679 227 315 740 109 623 417 607 687 463 885 314 805 123 36 951 516 502 314 849 79 720 799 314 2 723 271 610 591 501 538 690 70 105 1016 364 865 698 985 963 244 460 877 598 750 116 615 379 479 149 272 779 161 0 274 386 932 762 996 302 88 750 596 
811 489 39 126 208 896 226 419 703 822 605 926 720 484 771 170 836 480 473 824 137 850 831 831 507 375 723 726 933 959 37 618 284 144 109 748 301 261 495 642 167 401 234 919 304 217 923 274 932 161 528 893 169 979 659 287 0 203 851 815 995 508 794 806 253 
719 343 444 563 830 364 742 383 551 565 172 545 475 111 284 918 673 663 662 511 203 508 182 573 839 34 230 592 280 267 412 78 418 326 357 425 429 240 229 708 531 844 342 102 632 804 614 461 252 706 16 933 51 949 190 380 200 0 252 155 791 299 293 986 390 
492 228 556 7 413 494 170 984 949 923 70 959 202 839 754 780 380 230 10 492 205 961 863 516 938 191 654 845 997 814 498 601 937 181 231 633 135 673 525 685 423 321 558 74 294 604 713 247 259 352 276 428 979 309 219 928 860 256 0 568 391 115 137 638 342 
931 44 234 709 995 89 588 1002 766 350 665 356 618 936 293 650 468 848 727 410 230 705 153 656 975 349 107 89 974 382 234 907 847 583 104 455 248 55 75 310 947 190 53 981 833 808 744 771 245 17 94 341 403 587 644 764 816 158 562 0 154 981 991 495 269 
756 334 467 360 116 305 137 866 654 1 121 798 414 664 545 438 329 466 536 701 132 872 113 260 160 787 239 491 970 489 485 272 264 1011 418 537 880 885 36 191 333 884 87 718 463 368 430 529 304 124 459 609 1007 1017 604 998 1003 794 401 162 0 413 167 925 596 
921 834 127 752 806 552 76 448 70 611 443 885 314 885 167 150 491 26 727 576 767 821 762 911 344 815 788 430 758 975 244 495 455 683 493 760 6 408 250 769 163 156 361 968 417 230 359 64 964 946 568 103 922 329 388 317 500 303 122 986 410 0 381 933 619 
52 454 864 828 144 667 786 67 877 28 550 116 426 764 145 168 431 79 397 313 962 316 323 80 1009 733 437 601 990 714 689 277 694 367 499 417 479 305 189 31 65 125 608 955 407 456 882 187 1001 823 577 798 925 432 778 84 789 289 140 997 151 387 0 732 272 
48 766 375 549 314 309 474 518 667 252 408 636 259 881 463 26 711 271 967 796 302 227 82 867 406 375 236 785 249 36 291 246 873 496 450 13 590 171 882 553 962 97 320 645 596 207 282 640 75 670 200 131 803 103 206 743 811 989 637 492 938 935 746 0 423 
228 925 305 736 87 897 28 411 239 642 649 228 239 568 119 148 792 705 90 287 988 174 800 511 862 525 787 982 755 756 544 59 553 159 843 826 541 852 69 906 129 427 446 58 721 371 96 247 959 986 972 386 213 72 560 603 246 372 354 271 599 622 271 426 0 

Depot information
1530
1739
1898
2584
1666
2249
2052
2467
1739
2164

Customer information
17
25
15
19
23
22
18
17
21
22
22
16
25
22
21
22
19
15
24
18
18
20
22
25
18
25
24
22
18
24
19
25
24
21
24
22
15
23
22
25
25
15
17
22
16
20
24
16
24
18
19
23
22
22
20
