Seed 123 - Instance: n55m5_0
n 55
m 5
Q 245
L 0
U 1000

0 766 291 837 130 80 609 617 159 354 424 330 780 732 614 274 585 79 318 356 467 902 978 646 810 71 434 421 336 61 622 843 323 944 400 117 545 705 65 148 640 420 999 276 645 270 878 120 51 814 499 994 697 608 937 117 212 358 292 905 
775 0 288 715 855 852 526 937 82 546 481 913 317 9 579 569 37 722 802 658 831 917 722 299 274 707 11 926 202 334 849 242 313 976 196 537 365 159 729 402 244 831 729 532 692 145 608 678 469 929 231 299 210 903 702 522 302 484 999 383 
284 278 0 29 521 850 180 566 328 904 733 714 553 879 254 366 981 355 694 459 838 359 431 702 520 163 515 74 469 437 203 424 641 650 621 957 900 302 877 762 524 107 315 217 497 689 570 297 417 734 776 713 222 129 22 968 813 363 683 484 
835 713 39 0 764 551 635 562 375 969 397 841 982 655 832 864 237 224 492 900 867 820 164 907 763 183 794 552 875 137 442 968 840 694 215 206 607 653 959 414 967 948 619 749 470 442 832 622 247 505 415 257 776 789 518 665 839 848 22 97 
125 850 539 758 0 58 340 189 663 136 937 326 242 356 813 499 50 272 635 880 696 904 169 828 647 542 77 587 120 1006 281 768 975 130 177 166 501 53 211 987 158 305 217 518 360 338 143 259 312 463 215 401 691 778 218 358 981 466 337 620 
66 864 845 566 52 0 16 335 123 676 483 119 465 106 356 884 535 747 517 398 459 31 214 790 934 359 159 390 698 632 130 785 873 365 689 79 210 483 23 365 435 861 424 357 172 167 166 81 376 161 554 1006 883 27 366 196 984 266 836 226 
601 526 182 627 346 13 0 947 49 637 870 714 846 605 95 48 957 135 911 381 305 129 105 201 911 233 403 223 806 995 369 719 793 813 197 643 891 265 46 143 707 300 812 908 531 634 178 700 542 757 354 620 533 132 916 540 492 305 325 394 
610 948 560 572 185 320 943 0 563 753 40 80 454 724 328 342 812 848 8 119 806 70 229 159 170 958 956 705 842 821 809 874 957 105 810 894 795 892 662 778 697 272 895 336 119 382 442 164 766 395 944 842 433 845 133 49 710 66 569 765 
174 98 325 385 649 118 46 565 0 93 119 899 600 373 349 746 572 856 937 872 407 410 244 707 434 46 546 903 854 602 383 825 219 412 801 995 725 255 761 575 162 113 996 207 434 312 201 490 772 236 923 749 431 857 488 20 912 41 163 589 
350 554 914 968 148 673 630 759 94 0 975 484 746 779 707 184 797 151 243 308 659 381 773 638 241 27 238 925 180 965 495 823 746 227 269 11 18 488 998 310 502 725 66 882 955 691 725 237 1005 565 26 795 975 531 855 229 29 114 737 125 
426 479 738 398 948 486 871 20 116 971 0 885 715 70 806 18 340 782 130 215 929 198 747 27 218 944 379 241 996 696 561 562 285 932 558 226 367 473 348 768 541 124 198 396 306 420 849 690 68 130 130 242 458 45 493 37 293 573 684 818 
333 908 719 829 310 112 714 82 896 473 890 0 775 422 438 490 175 870 204 213 596 859 597 581 873 772 959 928 637 464 594 783 470 515 187 378 545 387 631 975 839 530 281 20 64 56 537 296 915 930 548 535 991 375 224 901 869 352 765 796 
791 317 545 982 243 479 847 465 613 738 716 777 0 428 484 928 484 43 740 469 412 996 74 423 60 658 391 11 616 230 295 252 592 495 84 430 62 792 764 357 26 333 390 847 862 471 86 716 361 259 496 605 755 514 45 506 795 417 85 856 
731 7 883 659 369 103 620 737 374 767 77 435 438 0 76 490 395 653 189 911 92 616 549 792 631 971 567 672 427 628 686 240 250 281 252 712 759 409 217 767 962 768 628 105 4 499 955 152 433 701 586 799 642 270 241 835 931 668 192 25 
612 566 259 845 802 349 92 318 362 723 790 420 472 78 0 66 307 922 514 597 807 30 82 727 950 760 603 734 883 938 756 635 160 247 535 727 649 141 139 158 606 564 802 131 758 232 373 570 527 983 407 309 499 733 821 79 217 717 956 144 
263 566 366 854 491 889 39 347 731 182 7 486 919 501 82 0 273 966 686 498 981 847 518 702 848 943 338 63 578 908 134 233 71 185 790 171 568 563 442 765 134 918 6 639 883 40 780 108 888 392 529 933 595 528 223 832 834 616 633 12 
578 22 985 243 38 535 957 804 571 800 327 172 473 390 316 280 0 250 288 668 465 581 49 110 36 735 622 409 261 126 659 243 969 126 711 263 467 591 412 883 835 273 449 188 807 985 64 465 897 343 739 844 543 142 981 136 237 114 292 560 
92 726 371 233 255 751 147 837 853 150 779 879 50 655 925 972 246 0 164 853 932 230 741 185 836 302 22 186 778 961 838 972 354 325 680 20 211 353 26 72 59 679 36 411 51 253 381 695 227 505 37 590 112 127 823 804 510 579 396 309 
307 799 693 482 651 504 923 5 928 244 124 194 750 203 505 688 293 177 0 993 54 850 69 593 367 263 892 413 618 816 233 150 309 79 611 929 403 588 358 957 196 156 648 124 311 782 591 881 311 881 896 509 104 54 191 842 951 156 632 812 
360 662 456 889 880 412 370 126 886 314 218 218 475 921 592 491 672 857 973 0 692 367 125 855 529 748 484 172 185 968 496 13 169 215 642 722 937 115 889 346 732 946 73 352 132 803 679 580 881 94 512 421 314 617 105 843 819 707 511 181 
471 813 837 865 702 458 309 793 409 651 929 596 399 86 803 996 469 937 46 704 0 307 936 92 858 736 767 61 802 336 847 775 612 31 34 94 249 930 596 852 860 330 609 265 433 881 310 257 177 228 543 107 992 492 152 1011 913 599 516 953 
902 928 350 825 897 39 131 76 407 370 201 859 996 615 26 850 579 218 851 358 307 0 66 858 727 443 966 231 412 842 589 654 158 531 789 425 61 107 286 226 580 366 213 747 48 23 533 131 432 230 496 929 829 788 718 139 871 948 92 781 
975 722 448 159 166 211 111 216 259 787 738 592 77 563 67 511 47 755 57 131 921 69 0 997 22 836 668 317 263 224 229 769 563 252 325 50 210 103 851 599 65 39 471 51 211 929 339 354 650 355 147 503 588 659 524 201 752 1013 717 182 
656 297 686 911 839 804 205 157 701 632 13 581 428 802 717 703 107 184 596 862 98 866 994 0 872 213 985 863 532 515 142 432 492 846 571 104 395 193 831 340 780 427 875 880 272 694 600 215 550 670 215 597 862 96 937 630 614 534 978 369 
797 283 530 765 632 949 917 184 420 242 209 877 68 627 943 860 28 842 374 537 865 727 26 883 0 598 687 954 165 122 111 619 9 995 345 310 828 294 229 977 61 815 211 354 721 16 283 609 137 217 163 127 719 64 230 174 737 723 254 648 
57 701 177 167 537 359 233 953 46 14 944 762 677 964 772 929 740 296 259 757 727 451 822 221 588 0 373 407 631 224 382 993 739 847 37 802 127 988 239 204 883 549 899 494 781 400 582 302 613 675 11 839 116 98 80 823 356 708 583 650 
443 26 512 801 86 164 407 973 561 247 376 946 388 569 589 339 617 32 901 499 778 960 683 999 689 375 0 646 242 87 342 947 382 863 91 978 577 67 363 244 481 140 351 852 691 662 21 29 44 752 831 166 970 484 869 480 331 136 106 996 
417 931 64 552 572 371 214 721 919 919 252 924 15 677 725 65 405 175 404 169 55 237 320 860 956 412 638 0 389 524 179 697 556 252 591 573 190 675 352 79 834 401 968 632 7 664 920 370 530 476 283 49 898 500 459 980 683 667 412 675 
333 199 453 883 123 693 796 840 851 164 990 642 624 441 888 584 261 778 619 197 801 398 243 531 171 625 233 391 0 633 468 482 677 924 841 129 868 883 808 912 796 800 470 925 879 995 898 358 854 702 421 865 1011 653 180 222 58 220 95 59 
72 329 443 135 1001 626 979 825 602 969 686 466 223 628 947 904 126 972 822 964 335 839 213 501 140 212 100 533 634 0 189 260 110 488 586 995 877 788 810 385 600 467 29 517 88 145 621 186 767 177 872 152 442 326 850 70 665 581 92 358 
621 850 203 440 277 133 373 807 384 481 556 600 300 680 760 151 669 839 237 494 847 598 240 152 116 377 355 199 465 182 0 50 798 64 716 638 231 77 710 245 704 847 529 761 484 96 435 121 466 710 479 4 698 876 993 206 852 905 711 99 
849 247 429 979 769 786 735 869 825 829 566 777 244 234 644 230 253 955 143 9 777 672 769 423 623 1002 948 693 474 262 56 0 646 58 637 159 369 931 688 883 634 483 847 732 418 208 336 135 437 399 767 250 998 181 46 399 868 740 343 179 
305 313 637 837 975 882 787 969 208 745 303 455 609 244 155 86 974 365 298 172 624 150 566 504 17 735 381 573 677 108 800 653 0 476 736 70 143 178 77 753 199 998 976 56 846 551 984 530 185 909 841 989 449 968 721 866 704 286 444 168 
946 979 659 688 131 371 820 120 408 209 926 525 485 269 236 182 125 316 91 220 17 533 256 837 1013 849 848 246 915 478 62 55 473 0 826 528 912 179 52 176 811 416 851 425 764 348 608 725 516 957 711 787 479 879 697 846 139 788 60 483 
392 188 632 201 176 676 191 815 814 278 561 192 80 235 535 795 701 684 613 647 16 796 323 573 349 31 89 598 854 605 715 632 732 822 0 763 841 279 656 175 429 615 885 918 962 921 410 734 643 108 157 348 994 541 480 182 440 677 299 395 
118 526 965 212 164 82 640 894 986 26 243 373 419 716 729 161 270 30 938 722 84 435 48 101 304 800 964 568 120 998 629 152 66 525 769 0 531 619 154 41 853 289 397 379 172 210 657 473 812 430 597 898 203 840 779 30 24 834 218 78 
557 362 897 602 484 203 900 789 723 15 376 555 66 751 660 565 473 201 409 942 244 57 202 412 817 131 588 196 876 891 226 371 140 909 828 544 0 271 738 998 377 132 536 470 592 596 851 135 594 667 134 148 725 299 29 845 235 345 674 469 
702 172 308 661 54 481 253 886 236 491 472 397 788 408 138 563 594 355 591 119 910 119 108 194 287 1005 69 682 884 800 83 926 176 176 263 620 281 0 559 736 386 316 129 721 478 610 173 976 854 935 619 1014 665 369 112 333 999 266 217 732 
84 716 866 948 210 34 43 660 759 997 358 627 761 207 145 455 403 35 342 896 595 276 846 827 225 241 374 352 817 812 692 696 66 66 640 145 724 550 0 765 1007 598 389 596 798 390 627 356 538 433 893 404 210 550 622 820 484 175 561 218 
153 406 746 412 994 355 142 772 563 307 766 972 360 777 163 780 879 66 959 344 844 229 601 340 985 206 247 84 903 394 239 891 766 159 179 42 999 723 761 0 882 344 434 938 891 992 588 814 711 756 250 902 945 675 674 518 884 447 918 562 
652 234 542 955 139 429 695 695 156 498 529 830 22 964 597 133 828 56 193 744 870 571 73 785 58 878 477 825 808 595 694 642 211 810 415 856 388 383 1011 881 0 894 971 518 905 164 514 568 800 536 887 931 55 194 619 256 384 748 78 864 
424 829 117 959 315 855 287 266 115 730 135 513 330 777 562 918 273 672 141 943 339 365 41 431 821 554 131 417 799 484 850 468 997 406 618 274 149 316 606 341 891 0 254 575 816 266 536 514 679 45 174 650 944 26 734 966 393 905 222 518 
1002 725 310 603 219 420 812 886 983 66 195 273 382 627 798 13 453 43 637 68 600 204 476 885 227 902 364 956 467 27 529 848 974 842 896 402 537 137 399 425 983 260 0 120 156 9 4 587 991 1000 822 737 130 621 752 412 173 93 823 612 
283 518 228 754 511 361 925 320 210 883 400 21 857 124 125 639 197 425 117 371 264 757 60 875 344 495 850 628 937 517 777 742 74 433 914 379 478 719 610 928 514 580 101 0 616 745 761 928 86 503 591 614 596 670 545 563 214 683 450 542 
645 701 494 459 346 172 533 115 427 956 308 76 863 14 768 885 802 46 307 126 429 61 210 282 716 789 698 17 876 87 470 425 848 769 956 177 587 473 798 884 893 814 167 600 0 196 842 158 632 899 646 333 27 708 763 288 964 984 813 1015 
269 141 690 425 338 166 633 381 322 706 409 61 464 501 234 35 976 264 796 808 878 21 939 692 16 398 664 657 993 131 80 209 552 339 924 225 600 601 391 985 160 267 25 758 198 0 49 827 345 327 862 70 455 560 549 76 285 784 50 912 
879 594 570 831 146 169 185 444 200 726 864 542 96 949 366 765 64 388 589 674 298 533 334 600 290 586 23 924 890 613 440 334 981 611 413 662 853 157 632 586 520 547 10 756 838 53 0 885 512 675 26 620 940 398 885 398 828 324 101 221 
105 689 289 632 267 68 705 164 474 255 696 301 700 142 567 91 472 695 886 573 252 128 353 215 603 309 37 371 353 186 111 137 520 714 743 467 133 958 342 824 576 525 583 920 145 829 900 0 563 909 694 579 893 769 814 64 831 122 105 639 
71 460 425 234 322 380 535 773 769 1010 70 922 355 434 516 887 908 240 307 892 174 428 657 558 132 611 48 544 848 759 474 430 189 506 659 825 597 847 547 713 793 678 992 83 631 350 509 546 0 43 693 64 133 452 888 333 167 426 896 931 
811 911 736 504 476 154 748 396 228 568 144 932 259 710 975 389 345 501 885 95 221 224 361 677 219 680 755 487 701 166 714 402 917 960 112 432 665 946 428 759 528 63 986 495 907 331 667 908 52 0 480 292 103 785 738 752 177 487 424 623 
494 218 777 413 207 564 361 942 930 10 122 540 512 588 421 546 736 33 894 524 553 495 133 216 177 21 826 291 417 885 469 787 832 697 159 598 139 627 905 252 873 172 815 586 647 872 29 680 694 477 0 582 814 239 1018 322 488 593 801 488 
989 288 711 240 404 1001 609 843 748 798 242 543 606 814 320 939 840 587 518 437 117 911 502 595 134 842 167 60 861 151 4 249 980 769 342 899 150 995 405 904 936 648 718 626 337 72 616 562 75 294 572 0 306 728 253 764 255 765 611 646 
702 199 216 785 691 874 531 437 431 978 451 987 769 636 484 610 539 104 98 315 1002 819 570 857 726 133 970 906 1007 433 684 993 445 469 992 207 720 664 226 959 47 953 122 611 22 443 939 884 124 97 817 316 0 996 115 133 694 329 62 803 
606 891 111 796 781 12 125 849 864 534 61 385 520 276 727 520 134 143 70 617 477 795 656 80 59 95 485 499 642 326 884 182 960 884 557 832 299 370 534 684 207 35 634 659 722 562 407 758 464 799 241 734 992 0 952 477 413 497 525 734 
940 706 18 533 217 358 913 130 480 863 500 225 36 247 808 213 985 835 181 103 142 727 516 924 226 80 877 458 164 859 982 37 727 687 468 768 26 131 619 667 613 745 767 537 764 535 889 815 899 741 1015 258 106 938 0 851 487 262 209 108 
122 509 970 668 359 198 536 57 24 242 32 896 501 844 78 813 130 806 828 843 1004 132 205 633 180 819 489 972 218 78 187 414 870 849 181 44 835 337 830 529 259 973 404 555 295 95 407 68 335 751 317 774 116 472 839 0 953 825 871 934 
216 292 824 843 976 1001 503 709 908 34 308 864 796 918 229 825 243 522 946 821 927 877 748 609 739 350 317 691 41 667 842 869 708 142 431 25 236 1000 473 878 369 393 164 227 967 278 842 840 164 172 498 266 689 426 484 961 0 192 39 155 
353 485 374 849 468 268 315 73 43 115 579 363 397 658 716 620 102 586 155 704 607 953 1012 534 726 705 131 651 203 589 908 754 279 773 685 829 356 286 168 447 754 893 113 677 984 797 335 132 416 482 605 761 321 499 268 833 192 0 945 828 
297 1006 684 13 343 825 320 566 155 731 687 773 82 205 947 618 291 384 628 514 507 104 713 966 238 571 101 404 98 83 712 336 439 65 291 227 678 216 564 912 72 207 842 437 823 48 115 99 904 428 799 594 60 530 204 884 44 931 0 270 
900 382 493 87 637 232 398 758 586 132 808 801 851 20 137 10 555 314 807 170 949 794 168 382 663 654 986 669 55 349 93 181 160 473 399 87 473 729 224 567 882 518 624 541 1011 910 237 631 932 613 493 638 813 731 113 943 160 826 272 0 

Depot information
2135
2590
2949
1086
1396

Customer information
19
18
20
23
22
24
21
21
17
23
20
22
23
24
20
20
21
19
18
23
22
16
22
17
17
25
18
16
19
23
23
24
17
22
25
25
15
16
15
23
19
15
16
21
19
16
19
18
22
20
24
18
19
16
25
