Seed 123 - Instance: n60m5_1
n 60
m 5
Q 241
L 0
U 1000

0 679 672 611 570 282 576 361 29 195 746 520 788 432 1004 261 395 305 986 173 288 145 103 187 254 738 215 913 752 618 408 424 254 832 818 116 642 44 994 574 823 566 341 618 289 611 523 689 575 918 924 271 343 448 854 486 868 273 303 884 495 476 628 941 981 
673 0 240 897 586 1015 169 737 909 142 936 166 579 771 772 885 881 848 638 649 705 737 805 190 146 825 410 790 628 193 398 237 17 614 361 75 277 160 673 937 28 748 219 39 308 586 444 281 672 407 980 676 727 715 642 100 482 753 898 598 402 910 571 978 544 
671 254 0 225 112 812 835 931 334 151 535 920 139 762 515 457 713 380 822 746 148 574 504 92 8 88 187 32 323 849 232 750 991 630 518 94 791 132 913 311 286 59 69 214 777 1009 31 308 284 148 395 68 11 826 528 568 661 493 1005 385 300 286 676 142 748 
611 902 217 0 551 685 946 686 882 132 865 566 537 678 584 433 584 433 519 584 493 100 687 599 454 647 492 327 112 192 628 659 137 369 640 24 957 499 398 129 887 218 758 444 241 27 838 691 644 130 340 347 261 391 921 391 339 134 397 576 50 659 600 387 92 
587 579 107 558 0 660 956 940 676 561 377 876 728 765 313 160 499 437 407 368 136 647 260 802 336 903 496 581 860 831 844 999 234 882 889 55 53 98 40 140 108 990 223 258 877 583 934 649 264 172 742 813 340 92 869 321 784 67 669 569 789 752 844 111 336 
273 1001 824 685 672 0 999 384 116 768 369 679 697 768 990 642 476 787 459 439 201 790 679 842 729 922 936 612 595 341 630 349 233 285 426 389 798 295 787 123 794 700 679 597 354 270 638 571 177 54 337 624 852 286 243 471 368 158 749 136 150 962 726 425 978 
584 156 827 940 944 1000 0 524 652 597 815 177 892 151 1013 1006 594 55 695 963 838 352 682 263 524 571 806 439 756 399 847 957 707 910 513 983 14 894 978 571 442 956 967 890 950 465 590 852 492 323 745 247 492 952 993 826 433 381 453 976 704 30 448 84 629 
345 747 933 689 958 387 522 0 301 325 37 395 109 961 722 831 972 389 642 406 423 525 340 371 95 830 666 923 750 729 714 512 621 588 794 187 438 861 217 935 594 625 140 129 992 465 132 553 435 718 566 73 575 249 46 66 513 117 984 703 902 45 882 438 772 
25 907 321 874 676 113 655 307 0 999 544 730 444 519 317 104 895 353 513 744 204 701 984 453 307 338 561 619 669 74 554 783 252 147 306 727 746 344 324 532 81 153 68 684 956 457 106 113 832 512 179 883 515 601 842 270 734 761 561 560 682 500 730 732 969 
201 139 135 128 545 773 581 324 1004 0 542 795 543 756 952 331 952 242 763 308 881 514 749 72 638 582 204 368 706 797 323 353 957 754 238 341 383 841 839 297 215 534 833 446 123 578 960 52 342 23 106 168 774 14 680 94 875 242 569 12 249 174 188 971 515 
746 940 532 859 383 376 816 40 551 545 0 752 748 681 550 744 1010 720 435 79 643 907 71 154 361 484 529 90 429 346 846 906 742 414 505 594 130 632 988 636 842 128 920 993 162 464 140 901 753 625 880 514 791 246 899 426 701 665 933 960 514 82 320 180 1000 
522 165 910 552 875 678 174 380 731 795 736 0 566 147 678 411 514 656 124 671 561 996 180 490 953 174 39 244 620 793 85 422 207 524 533 471 773 114 926 209 119 456 892 548 866 340 194 844 323 673 968 236 949 368 699 130 126 980 102 429 886 363 955 867 941 
780 579 142 541 721 687 893 93 451 532 751 581 0 464 384 982 218 120 554 345 588 356 674 545 805 427 438 249 504 317 763 770 237 939 837 825 323 342 1008 200 965 187 626 655 943 406 612 249 48 852 758 123 277 844 901 143 601 852 76 688 860 346 111 101 968 
428 778 763 666 768 754 148 949 506 766 669 150 452 0 239 528 242 587 42 776 871 548 140 609 543 794 284 793 682 479 295 494 391 701 852 804 156 751 514 317 623 872 123 517 434 716 334 593 438 339 552 683 832 26 261 894 524 113 863 640 469 363 371 105 836 
997 764 520 591 311 979 1002 720 329 962 551 684 393 231 0 783 910 94 736 379 99 282 732 906 84 555 744 364 211 342 145 462 279 962 59 245 553 633 592 775 534 455 938 780 791 601 837 288 672 316 778 860 169 425 166 131 873 85 539 251 1001 655 69 347 79 
261 879 456 423 149 648 991 848 93 336 739 419 984 529 785 0 102 383 399 993 910 234 801 103 690 329 555 119 111 458 108 97 174 55 1000 776 98 483 413 682 89 438 979 128 437 797 6 655 148 747 96 455 618 767 263 451 119 372 382 437 952 13 58 1009 387 
400 900 703 572 491 483 610 963 885 963 1009 512 212 253 911 100 0 467 744 78 668 224 773 90 485 393 908 33 847 409 200 944 193 927 32 335 179 305 226 326 845 63 577 180 978 260 842 605 79 930 493 353 210 462 62 423 626 693 293 410 572 354 105 363 466 
318 843 366 434 438 781 52 395 362 231 726 658 129 591 95 387 482 0 247 387 26 711 551 323 793 218 205 362 929 925 803 728 655 210 799 609 141 555 583 237 310 559 717 404 632 131 176 111 248 898 290 81 145 178 20 448 735 978 180 103 464 428 266 617 799 
990 648 814 514 395 448 706 634 507 753 446 112 550 40 723 409 748 245 0 27 430 957 25 19 661 596 742 543 687 1004 569 245 458 407 443 664 521 673 813 937 439 795 929 1001 965 583 417 802 232 971 150 262 518 599 586 185 234 903 652 439 193 982 783 373 70 
186 652 729 589 365 422 970 407 749 302 87 664 346 772 389 994 86 399 33 0 950 123 130 724 643 799 108 156 223 215 898 630 713 984 1005 393 45 348 810 794 316 867 568 759 703 52 587 945 553 341 918 644 863 711 862 659 626 884 662 946 400 655 749 812 18 
290 714 131 496 126 186 848 424 216 871 646 570 588 871 105 907 652 34 427 951 0 676 232 69 235 44 476 85 840 811 257 851 556 996 37 37 964 920 396 153 198 709 767 394 262 704 982 429 162 92 932 914 394 462 36 748 148 570 477 565 672 144 185 471 551 
143 733 588 109 654 777 344 512 702 520 917 984 369 551 294 239 211 707 970 122 675 0 705 41 832 522 579 196 965 632 439 572 273 213 483 204 948 167 546 534 613 387 60 395 706 509 716 815 217 837 515 369 403 997 395 438 517 32 452 1004 231 99 598 415 517 
117 810 507 695 250 674 684 340 989 759 77 173 665 129 722 792 781 551 21 142 226 694 0 748 1014 499 206 703 975 76 344 320 563 808 865 710 461 271 78 817 796 220 431 362 500 823 184 662 539 776 19 983 36 376 585 667 876 755 596 531 743 647 435 616 414 
176 199 97 600 818 853 256 371 448 55 161 481 528 614 899 89 108 327 21 727 67 48 765 0 701 585 257 240 877 30 517 99 350 597 821 185 427 400 389 76 61 919 604 757 749 879 885 114 47 423 846 309 86 262 263 242 898 526 102 277 599 113 465 475 584 
253 138 18 450 335 727 530 86 300 644 366 943 816 544 87 685 494 803 659 658 223 824 1014 694 0 290 1011 104 406 201 316 542 733 272 888 702 812 544 346 261 889 264 683 375 616 134 198 905 82 710 560 64 770 520 238 58 895 806 719 591 21 859 1008 618 449 
735 817 86 646 895 916 574 829 341 581 477 171 432 787 564 331 388 213 596 789 49 532 488 598 298 0 310 767 396 727 171 724 502 81 840 38 819 610 553 225 200 376 97 451 385 776 774 425 133 550 814 670 503 643 782 59 514 517 560 138 319 724 838 194 659 
213 409 186 497 487 944 797 659 560 193 529 40 445 288 752 552 900 199 740 98 476 597 200 255 1007 319 0 256 680 952 716 32 682 580 42 556 726 252 311 1002 921 510 145 674 528 208 561 558 709 686 1005 257 968 408 182 739 238 362 20 823 911 700 858 685 686 
916 791 45 332 567 614 448 936 627 358 92 249 231 795 364 136 46 367 527 150 73 196 696 221 103 764 266 0 272 634 32 570 30 146 557 550 350 672 473 556 882 669 155 671 244 221 154 916 235 251 966 755 150 455 747 487 286 631 769 554 985 368 971 426 143 
745 631 311 113 877 585 772 740 673 719 423 616 500 671 225 122 835 935 701 219 837 964 961 872 408 389 682 277 0 1001 49 725 65 733 670 478 413 121 248 474 245 829 149 253 164 923 669 90 131 744 751 817 221 99 178 520 318 140 226 755 33 423 903 139 515 
602 179 852 205 822 345 408 724 88 793 363 789 310 476 334 467 408 911 1007 220 806 628 81 24 202 730 966 646 1003 0 320 152 26 45 797 750 555 660 158 196 984 340 407 99 162 843 815 166 633 272 548 442 814 166 629 793 403 177 9 83 885 532 454 225 945 
425 385 226 624 841 641 855 722 560 334 853 82 753 295 137 98 217 801 570 904 254 439 356 508 313 177 727 38 38 310 0 597 835 486 446 86 244 67 610 959 945 382 986 91 167 684 239 64 156 292 260 47 707 429 773 1009 150 107 151 856 375 766 449 979 452 
423 221 745 660 1015 359 957 506 767 356 915 419 768 481 461 105 946 727 247 616 841 578 300 88 537 722 31 563 706 160 589 0 19 954 522 36 839 875 104 100 295 434 322 457 837 117 195 295 789 31 1007 103 541 923 737 75 664 450 119 67 439 750 772 463 769 
258 14 989 134 236 229 699 633 253 945 758 194 229 393 274 168 190 647 447 698 562 277 553 364 745 489 697 23 71 35 843 22 0 584 683 209 244 412 544 468 829 729 822 185 145 914 930 110 125 993 948 444 951 367 36 633 375 741 460 913 435 352 531 451 595 
826 613 635 370 887 287 908 604 145 754 407 522 944 700 942 66 926 209 418 980 988 216 813 584 267 65 574 150 732 28 490 935 571 0 602 710 936 335 217 149 317 423 674 77 526 70 596 59 1009 399 315 386 38 313 854 240 345 985 733 152 438 357 705 187 463 
824 375 515 635 891 428 521 790 314 235 506 532 820 850 62 995 29 795 441 1006 42 487 861 826 877 854 53 545 664 804 443 513 684 609 0 554 775 660 353 589 196 505 826 890 628 961 582 185 88 809 839 356 520 919 258 711 620 102 973 966 555 127 767 296 78 
132 93 87 23 44 392 972 193 715 349 583 455 813 799 244 763 335 599 659 399 49 202 711 191 689 32 551 547 487 752 80 53 214 702 554 0 17 404 7 733 910 252 236 860 33 891 690 535 228 740 680 288 745 837 591 900 267 685 920 148 314 702 850 739 386 
646 285 792 951 63 809 18 428 760 374 130 773 336 151 533 102 183 139 523 35 978 955 459 438 810 814 735 350 404 566 254 839 246 926 778 27 0 284 380 207 891 457 733 501 20 748 793 941 381 27 54 327 345 854 96 840 160 70 790 464 824 320 452 127 817 
43 148 144 501 104 295 895 861 325 846 626 114 346 740 633 495 324 552 679 350 925 169 267 405 557 622 251 670 132 662 58 873 408 336 679 393 289 0 486 279 207 1001 778 653 270 849 109 122 822 186 914 101 417 272 169 688 965 896 858 93 226 180 782 673 617 
994 684 918 398 37 786 991 216 331 831 973 916 993 510 579 396 219 568 811 812 403 554 61 398 345 544 314 481 248 170 609 100 527 218 348 20 374 493 0 491 145 160 955 485 33 200 579 982 529 56 727 275 667 634 490 846 750 868 242 135 30 71 3 814 387 
558 947 307 116 128 130 586 920 522 299 635 218 192 322 762 687 323 236 933 796 144 527 821 70 260 241 984 558 468 196 956 99 456 156 593 745 201 282 507 0 650 877 470 52 1001 271 811 187 157 120 897 574 894 985 608 997 887 128 25 1001 221 755 16 29 943 
823 25 290 880 123 798 457 585 89 232 831 111 959 609 530 87 840 312 437 329 200 608 788 50 887 194 915 874 245 992 950 291 843 324 197 897 898 195 137 654 0 426 920 79 996 655 375 609 905 207 827 114 969 21 313 556 532 996 455 647 839 384 119 283 36 
571 745 60 226 990 704 959 619 152 527 127 450 179 873 447 442 79 553 798 859 720 395 228 936 260 381 511 680 831 349 389 435 726 437 502 264 457 1005 148 885 427 0 994 481 952 519 716 675 74 493 601 437 58 483 125 107 747 917 717 530 818 377 618 706 391 
341 216 62 774 211 676 965 137 77 852 937 879 627 122 930 974 583 712 939 582 785 45 421 614 674 102 145 165 144 402 991 334 821 661 839 234 726 783 945 479 933 993 0 829 499 885 1008 554 776 183 650 629 601 490 91 594 929 641 384 646 944 875 266 458 774 
619 48 210 450 265 597 896 133 668 443 991 535 651 507 770 123 172 407 1001 772 401 375 363 745 385 443 679 681 257 105 102 458 185 82 887 864 497 653 488 54 82 493 823 0 489 479 81 60 285 14 737 183 191 515 87 481 134 210 278 519 442 745 613 404 432 
296 310 782 248 886 347 942 995 967 129 169 862 924 429 780 443 986 641 974 711 256 726 512 749 615 372 525 252 148 171 182 837 157 516 620 38 24 263 32 996 995 950 506 478 0 21 308 842 28 672 394 789 207 208 945 412 224 419 427 648 758 905 437 903 971 
620 585 1000 31 583 278 458 483 455 590 466 326 407 723 612 803 260 128 598 57 708 498 831 883 121 778 208 232 930 851 671 130 908 71 961 900 743 855 199 280 659 513 887 476 19 0 259 978 73 908 628 121 302 364 975 778 366 677 824 593 713 174 794 1000 409 
521 434 31 832 931 638 590 133 114 947 141 202 610 317 838 10 840 170 402 595 974 709 189 883 203 773 545 147 669 815 241 214 923 589 578 688 793 105 577 811 367 719 993 94 307 260 0 424 83 699 92 447 516 429 48 195 372 523 770 798 818 887 915 343 946 
683 284 313 696 661 567 855 566 109 72 898 836 246 587 295 664 602 118 801 943 426 807 674 119 895 413 561 909 93 178 69 281 121 56 197 547 950 113 984 202 595 660 555 61 826 985 410 0 1013 474 404 483 285 420 535 517 195 28 566 118 686 225 706 45 45 
591 669 271 630 265 187 488 432 836 349 744 318 50 423 667 156 77 254 249 546 178 212 544 52 81 131 707 232 123 635 158 786 122 1011 95 227 374 826 520 159 906 80 767 286 32 68 76 1008 0 178 99 128 820 541 128 791 723 814 880 664 38 987 413 394 175 
938 411 148 131 163 47 325 708 519 22 611 664 857 329 321 746 919 887 972 342 92 847 786 415 710 546 700 253 757 271 289 17 993 384 796 730 30 170 70 108 210 491 189 5 681 912 698 476 160 0 796 929 645 488 981 655 580 301 771 66 450 414 900 521 652 
923 964 403 327 738 324 747 574 176 101 879 971 766 540 777 92 475 284 147 899 943 515 4 834 563 814 1010 956 757 546 260 996 963 315 839 689 46 903 744 879 828 610 644 735 394 628 81 408 96 799 0 897 616 890 819 78 747 951 410 522 308 66 834 950 677 
271 676 55 346 814 616 244 86 883 164 517 225 131 677 848 437 347 86 252 642 927 356 996 315 66 651 259 756 833 431 53 117 448 397 357 272 341 102 258 572 111 425 626 176 796 115 446 479 127 930 886 0 768 736 664 429 296 130 868 887 959 492 795 771 297 
356 738 13 257 344 860 485 566 511 770 792 942 268 836 187 624 214 138 522 858 391 408 42 86 760 502 960 143 214 821 709 546 948 32 523 732 350 412 667 905 966 58 613 181 215 287 518 280 814 628 626 750 0 139 469 565 132 604 16 288 846 538 647 927 444 
466 719 816 384 90 271 965 252 612 14 249 351 849 15 428 760 462 177 596 721 451 993 362 265 532 655 399 455 118 179 435 922 376 331 930 837 844 272 637 984 28 476 485 519 206 366 439 436 526 481 881 750 132 0 80 836 881 141 610 464 321 85 134 968 669 
849 642 525 915 871 256 992 41 835 694 911 691 906 256 171 254 58 12 595 863 21 391 585 251 244 783 180 743 174 633 775 751 39 864 257 579 97 182 492 598 305 115 103 90 960 980 49 524 142 997 822 664 457 93 0 804 371 234 975 407 227 384 496 420 929 
487 96 576 393 319 468 833 78 279 97 432 118 135 888 115 433 418 441 202 670 753 453 670 240 67 53 730 486 526 784 996 77 637 232 710 893 829 675 859 1000 559 102 604 484 405 779 202 515 779 654 58 428 566 828 799 0 972 712 735 828 323 551 219 727 433 
872 491 664 333 797 372 425 495 747 887 695 129 604 518 863 121 629 734 240 628 147 533 887 901 898 520 228 301 332 401 158 672 392 355 614 260 175 953 747 887 525 755 940 132 226 360 377 187 732 586 745 291 132 878 373 973 0 53 960 56 914 156 931 43 469 
287 753 496 122 82 171 370 110 750 233 648 976 859 113 99 355 685 985 893 886 577 29 758 521 821 523 361 638 140 179 102 464 737 999 100 695 78 897 861 121 990 916 642 206 421 683 511 23 819 306 964 121 620 155 232 720 57 0 179 656 579 849 74 664 636 
317 905 1004 386 655 763 440 983 546 582 942 118 78 867 544 382 285 187 658 652 467 442 606 101 728 568 25 764 225 21 137 118 454 739 988 923 801 877 255 28 447 713 375 268 419 808 771 578 868 768 411 864 15 603 982 741 973 185 0 991 463 214 828 359 205 
888 601 382 565 571 127 976 693 555 6 967 440 692 656 266 435 424 108 437 944 572 1012 532 270 588 142 808 537 739 76 861 72 910 161 972 158 468 80 129 1011 651 521 660 517 643 603 802 110 668 68 512 893 284 478 416 825 56 642 986 0 177 750 988 84 583 
497 415 296 40 797 141 712 900 681 255 512 888 871 463 996 958 563 480 182 391 676 223 738 614 37 309 922 987 43 876 382 435 430 436 554 330 830 216 38 205 838 814 929 441 758 711 827 688 49 455 301 969 847 322 221 312 921 584 467 164 0 694 128 697 693 
472 911 278 657 739 955 31 41 499 191 69 374 362 354 659 14 352 432 973 650 159 82 641 110 875 724 715 360 423 540 773 748 352 367 140 700 335 197 79 757 379 375 868 755 904 181 898 218 1005 413 71 481 535 87 379 556 168 848 228 763 702 0 51 317 57 
626 565 688 600 845 736 464 884 722 198 325 960 106 387 56 53 102 267 780 743 181 592 449 461 1013 834 851 969 921 449 461 769 537 692 772 846 455 783 3 21 120 626 259 600 446 779 908 722 414 896 835 802 633 119 489 225 931 75 819 999 142 65 0 198 180 
937 968 141 378 105 426 82 433 712 976 172 874 113 104 348 1007 367 620 383 806 477 415 605 474 627 192 684 416 126 242 977 455 442 179 280 742 139 669 829 25 295 714 453 391 899 990 337 57 406 525 961 769 932 982 412 721 36 664 361 80 694 325 200 0 228 
987 524 739 90 334 985 615 782 973 500 1019 953 972 833 75 391 474 797 75 23 548 521 433 586 445 657 683 141 504 938 454 773 612 467 64 382 824 619 384 946 34 392 780 434 989 406 936 41 195 644 658 282 453 666 933 431 475 634 208 591 681 60 180 242 0 

Depot information
1912
2800
2789
2650
1219

Customer information
22
18
22
18
19
24
17
24
18
24
20
23
15
21
22
22
25
15
15
21
22
20
18
17
18
22
19
22
16
18
19
24
22
21
17
16
23
15
21
23
15
22
22
25
24
18
18
17
16
22
15
16
23
21
21
21
20
21
20
15
