Seed 123 - Instance: n60m5_2
n 60
m 5
Q 299
L 0
U 1000

0 698 740 134 238 279 956 411 434 888 335 440 631 945 105 930 815 18 903 953 560 172 837 519 886 491 202 278 999 586 146 179 903 900 450 18 907 481 772 44 61 848 693 771 789 505 426 745 494 425 435 596 330 946 131 575 800 360 809 265 774 376 148 401 930 
700 0 286 660 355 834 294 760 596 16 575 906 301 786 661 119 203 201 152 224 544 153 659 467 547 369 878 76 790 339 954 38 52 144 866 44 33 718 579 567 882 908 438 764 438 676 710 281 93 431 690 617 975 900 971 985 139 894 583 988 804 406 709 570 372 
731 287 0 809 68 369 969 919 729 284 87 157 626 232 474 569 907 692 446 872 790 212 324 347 496 462 392 62 219 279 362 687 387 773 403 178 955 203 289 556 434 846 510 568 237 817 967 968 497 832 299 314 870 292 40 180 471 249 463 339 920 721 507 824 440 
130 662 810 0 548 644 806 964 418 646 980 963 107 544 22 153 440 165 320 277 242 119 570 125 921 715 221 812 775 882 815 578 8 261 185 166 400 482 616 566 200 745 651 884 721 836 209 911 627 289 967 964 268 393 695 131 671 546 70 243 253 493 311 220 184 
247 348 64 537 0 745 708 572 899 778 451 253 673 719 692 420 185 725 168 154 551 922 443 816 528 894 735 398 1006 227 429 180 50 35 880 303 298 196 253 765 821 777 910 1020 562 220 994 259 482 486 434 915 98 621 430 911 115 772 795 726 281 596 654 672 78 
292 835 365 645 757 0 303 522 645 74 956 189 112 10 353 38 927 257 830 720 281 140 936 518 402 433 671 339 529 806 584 665 695 798 92 791 401 265 932 798 138 239 193 427 360 543 279 114 103 327 298 875 695 964 715 288 393 332 469 843 589 540 482 405 684 
970 291 982 799 716 307 0 798 404 763 819 670 982 323 903 781 351 484 709 537 355 414 220 637 736 959 425 109 463 944 128 775 67 610 823 987 131 416 766 806 508 25 121 605 241 517 73 298 1012 758 899 538 333 665 563 511 756 435 441 528 722 895 486 469 104 
410 748 906 971 569 528 801 0 877 74 736 921 144 68 695 17 323 4 251 530 980 469 696 195 75 97 920 347 550 620 968 263 315 50 47 840 548 82 319 482 596 803 739 573 67 166 511 406 560 683 607 157 56 12 973 331 875 882 496 450 579 728 629 460 1002 
446 613 735 409 903 643 398 884 0 213 108 378 70 891 546 319 536 519 259 903 261 354 106 408 792 956 466 642 271 803 60 840 702 658 78 785 194 309 806 865 533 896 274 843 338 398 63 373 909 639 697 36 26 722 679 645 165 87 277 141 557 261 562 411 363 
881 20 284 642 766 73 756 68 215 0 490 397 892 294 408 730 197 323 190 780 154 617 969 862 176 250 56 597 423 72 702 433 415 985 36 831 376 103 507 724 415 479 982 254 87 747 551 129 691 306 615 981 606 754 29 903 501 279 620 170 20 253 719 891 721 
315 558 92 962 453 961 815 723 113 489 0 954 824 375 248 224 257 437 816 276 863 345 539 19 328 934 553 618 464 99 427 749 82 636 27 32 541 625 947 475 710 450 85 989 798 941 73 596 562 169 452 671 750 66 70 465 43 777 36 482 542 650 183 687 679 
452 905 162 970 256 199 673 920 375 390 949 0 316 856 695 597 171 1005 187 814 495 216 552 57 112 202 729 1005 334 882 689 349 127 960 56 285 678 696 632 718 606 611 857 104 149 870 903 516 410 228 575 888 428 933 291 577 283 484 842 461 957 882 279 917 195 
631 315 630 119 679 129 977 130 65 892 831 318 0 569 772 535 813 730 482 130 101 840 307 223 217 911 928 950 51 584 364 50 946 472 772 51 755 939 781 113 638 1 153 869 68 314 863 906 56 775 37 985 565 784 400 255 3 567 521 790 636 455 546 458 265 
964 788 219 555 726 12 316 74 889 293 389 848 569 0 993 881 584 647 623 255 70 668 115 476 40 155 95 944 842 532 433 963 765 578 258 218 813 54 565 141 510 794 17 279 607 305 363 408 955 206 810 542 425 410 70 427 447 531 448 393 346 699 578 840 546 
99 653 472 27 692 348 908 694 548 407 266 708 776 991 0 663 985 804 602 743 189 451 157 999 759 124 548 249 979 971 31 326 770 57 435 629 223 747 652 910 1016 152 158 162 762 245 519 201 24 172 582 281 242 918 648 568 363 826 470 564 139 766 140 309 482 
923 119 572 161 425 39 774 22 322 738 221 613 536 886 652 0 329 356 239 184 38 443 125 667 125 925 978 493 485 56 546 253 848 48 696 181 953 302 197 75 91 920 614 773 81 591 388 30 541 81 783 586 905 418 108 757 269 976 378 361 342 528 405 261 681 
802 196 898 449 175 933 344 311 549 202 264 176 803 585 980 344 0 318 870 729 698 672 166 256 241 48 912 829 393 686 620 263 707 641 884 557 646 681 268 399 47 645 418 592 825 556 8 950 998 506 860 819 848 408 470 473 75 276 45 287 703 463 763 205 50 
26 193 701 157 724 267 483 8 533 328 421 1002 737 644 811 350 306 0 917 374 56 641 744 292 324 495 915 945 767 758 463 444 289 557 342 271 475 421 25 152 584 511 836 807 469 85 503 631 799 700 211 735 389 122 612 584 980 871 395 265 302 42 892 449 458 
896 158 458 309 180 833 708 239 262 182 816 188 501 609 608 241 867 920 0 428 310 642 141 21 335 239 184 102 717 360 417 609 107 984 495 418 787 117 980 15 345 798 519 40 653 71 987 685 678 673 349 732 799 534 848 140 722 18 623 308 411 991 552 431 35 
942 242 860 283 149 714 547 530 905 770 284 806 113 257 751 200 725 383 411 0 587 710 272 853 479 299 756 656 763 338 806 286 979 352 391 233 287 467 541 437 534 696 591 881 895 424 369 666 209 928 250 792 154 873 86 328 33 786 238 298 847 353 586 599 864 
552 542 795 243 546 281 353 980 252 169 873 484 97 65 187 41 713 53 313 597 0 953 497 251 756 115 479 840 955 973 675 631 785 436 65 977 71 189 883 943 453 930 66 772 463 628 741 50 756 461 856 109 507 251 733 762 890 681 359 217 18 540 410 799 575 
181 135 205 128 927 152 424 462 365 621 341 216 849 655 442 434 681 634 629 715 957 0 609 837 236 253 413 68 100 957 397 952 644 281 68 985 799 670 375 173 46 743 401 677 628 121 452 959 983 93 136 219 710 593 522 818 656 302 564 217 987 157 40 396 747 
844 660 318 581 446 931 209 701 119 974 538 569 313 109 156 134 163 741 132 275 488 612 0 955 696 575 55 859 81 898 300 363 628 651 19 499 689 674 671 463 846 216 249 786 542 940 154 536 213 608 250 702 642 581 799 689 335 151 532 551 243 18 298 401 24 
502 469 351 128 828 511 650 205 395 860 13 71 230 476 991 671 249 296 26 844 236 829 964 0 16 221 898 876 129 66 493 298 998 152 210 294 875 529 982 625 541 806 682 110 854 173 721 38 871 377 656 104 933 707 895 929 712 992 294 668 527 566 839 989 807 
891 554 501 919 542 420 746 77 797 161 346 121 210 44 747 132 249 326 338 470 753 228 694 23 0 208 1003 227 865 890 598 955 472 283 188 888 619 835 65 670 662 994 262 1006 415 137 824 240 539 202 91 393 635 651 653 453 746 862 188 358 313 824 1019 633 195 
481 374 459 708 881 432 971 100 963 260 931 206 922 155 119 930 43 500 239 299 113 263 584 211 195 0 658 562 585 313 717 975 704 648 359 786 409 595 350 787 338 480 627 681 952 109 454 494 978 429 135 808 251 314 202 639 79 1018 179 72 927 977 877 814 990 
195 866 401 224 733 665 417 917 469 51 560 739 919 98 550 978 920 932 195 758 464 421 61 915 1001 672 0 272 848 558 153 589 427 959 418 926 823 836 727 101 251 213 699 554 42 191 621 24 811 676 557 959 88 887 228 178 151 806 886 812 456 826 695 876 361 
278 72 67 811 387 331 101 348 644 613 603 1014 951 955 251 503 842 963 111 657 826 64 844 870 235 557 281 0 934 621 494 743 155 429 525 139 192 733 393 502 341 962 619 116 110 421 544 677 60 929 694 440 463 624 424 412 462 643 938 719 192 18 651 943 467 
1002 807 217 772 1000 526 476 559 261 424 465 320 42 838 996 493 401 762 725 761 964 99 95 135 856 587 858 932 0 463 368 813 949 189 825 132 346 1013 913 677 412 851 308 369 521 484 650 349 155 769 641 718 131 663 361 1014 128 76 821 285 506 187 245 311 29 
598 332 279 871 216 810 941 630 801 76 102 876 592 542 967 70 680 763 353 329 970 970 885 57 891 313 561 617 474 0 698 979 997 31 102 191 453 521 408 925 815 764 113 499 697 381 911 569 410 543 851 629 578 799 282 126 560 364 465 605 32 461 867 265 108 
132 971 372 822 431 585 137 952 61 700 445 682 373 448 37 544 629 468 420 811 688 394 286 495 595 706 152 507 367 698 0 167 821 611 767 379 593 220 932 339 599 997 33 425 252 226 740 349 413 717 915 391 713 415 883 314 108 440 303 836 499 804 414 758 669 
177 38 693 574 189 672 785 275 821 432 748 351 58 963 337 245 262 447 619 291 620 951 365 295 961 974 586 723 812 988 157 0 137 204 946 287 114 427 997 965 969 998 94 358 699 878 436 283 61 402 297 867 547 696 159 718 130 563 311 942 933 673 680 762 398 
897 59 384 2 52 685 64 323 713 416 79 139 945 759 769 842 704 302 117 981 772 627 618 995 491 691 416 163 941 1000 819 126 0 554 230 51 307 606 517 229 707 748 343 566 114 105 151 708 16 532 43 233 733 89 89 519 447 733 727 411 115 90 482 135 522 
901 142 771 278 49 804 596 56 663 977 638 957 468 580 55 64 660 562 984 368 423 285 641 157 293 643 947 432 184 40 628 205 546 0 775 516 216 801 131 862 723 591 565 288 66 448 845 865 247 53 634 912 479 930 523 261 169 370 283 130 190 159 458 630 887 
448 859 403 194 874 79 826 55 94 33 28 41 761 277 439 688 885 337 500 392 77 70 18 213 172 361 401 514 824 108 783 943 233 785 0 803 480 891 6 1010 486 844 121 582 576 740 488 212 56 852 250 516 318 939 857 630 719 646 51 522 940 619 160 701 621 
18 40 185 173 316 797 975 851 796 831 24 292 59 222 615 177 574 264 405 217 971 982 508 313 887 787 922 142 125 201 392 282 46 523 813 0 979 89 600 746 184 639 967 427 596 165 797 699 584 547 944 473 158 479 115 978 727 72 34 653 464 911 292 78 370 
906 37 938 408 290 414 123 549 197 387 522 695 748 813 220 963 646 459 790 282 73 805 699 881 613 420 816 205 357 448 598 119 307 215 474 971 0 181 744 641 712 435 20 71 570 893 299 440 98 124 258 501 718 227 371 1008 30 324 683 244 802 578 744 685 550 
477 717 206 483 214 268 427 67 303 110 621 712 941 57 740 311 678 417 122 471 178 668 682 540 822 615 842 735 1001 512 227 431 593 809 894 107 182 0 1017 772 547 860 201 676 184 799 687 115 225 771 705 500 464 811 296 260 934 574 81 660 53 483 88 655 594 
779 563 285 602 253 923 760 314 796 496 941 646 792 564 652 193 281 25 991 549 877 370 666 979 58 357 736 400 908 412 925 985 519 132 10 596 740 1002 0 79 482 670 34 308 707 779 773 176 693 344 938 48 538 418 577 21 989 612 773 517 901 395 607 596 370 
55 572 567 573 768 802 799 468 856 710 481 721 107 127 914 68 389 139 26 433 948 180 472 609 668 797 103 497 674 928 335 956 233 871 1015 736 644 776 78 0 609 707 256 737 837 900 567 581 743 541 698 54 592 802 146 305 479 597 940 436 468 218 30 689 33 
74 868 437 202 823 123 511 602 532 405 708 599 637 510 1016 96 43 586 345 524 454 38 847 547 676 339 239 343 399 823 598 949 703 718 485 187 695 552 474 613 0 981 597 743 745 305 356 883 691 207 905 163 897 235 87 812 805 723 747 117 739 301 22 545 792 
853 906 842 734 780 243 25 792 908 489 433 621 12 789 150 922 635 510 791 698 918 737 217 816 992 495 201 961 836 765 991 1000 749 595 843 652 430 863 672 701 995 0 662 951 418 724 230 572 907 462 581 349 203 738 519 871 526 696 155 936 442 21 351 552 675 
693 439 508 656 923 194 133 737 274 982 81 852 167 31 171 609 407 843 527 594 51 398 248 692 268 617 693 619 316 108 20 90 341 572 132 966 20 198 23 255 611 662 0 608 693 1006 785 547 838 596 487 261 558 906 36 396 309 893 204 685 167 962 113 490 747 
767 765 555 893 1010 446 600 567 847 239 1000 121 879 279 179 766 593 811 27 879 783 667 778 117 1005 688 550 118 379 507 431 350 561 285 580 420 78 672 300 752 753 952 599 0 301 332 606 795 285 424 938 592 297 887 183 675 523 27 167 481 265 159 415 121 876 
770 443 240 720 565 360 241 81 338 74 798 149 69 598 750 84 811 468 666 897 455 631 542 863 419 949 48 113 524 689 249 702 111 66 592 593 573 170 722 840 744 433 681 305 0 431 919 439 702 673 128 806 833 345 844 98 545 665 884 317 3 48 155 501 675 
515 682 810 840 212 553 516 166 392 761 944 862 305 293 227 592 560 95 81 417 624 131 926 171 132 121 193 434 488 369 220 890 87 432 742 153 891 811 788 906 307 722 1018 332 420 0 330 858 262 127 370 901 252 72 718 991 572 713 663 357 935 598 59 666 236 
420 702 963 194 998 286 69 512 61 562 71 902 859 366 514 389 23 514 974 369 744 450 166 722 814 453 623 543 633 903 740 448 147 847 485 797 294 685 778 581 362 230 787 593 902 333 0 469 714 324 536 567 230 464 465 725 479 155 212 827 72 208 535 714 474 
749 276 968 906 244 108 313 392 373 124 598 516 895 409 195 15 965 640 701 670 41 973 542 38 237 497 27 662 336 571 346 273 718 858 205 690 440 117 183 579 876 559 554 802 434 851 465 0 774 551 160 514 471 899 367 851 562 868 364 390 513 917 613 919 448 
496 81 490 641 491 89 1004 556 909 685 561 423 55 952 28 553 1006 792 665 212 743 979 213 870 552 985 826 52 148 423 415 58 27 246 69 599 105 239 692 750 691 921 839 296 700 274 703 781 0 353 655 662 181 263 112 20 876 44 679 480 434 854 19 447 945 
423 426 843 300 483 319 775 683 639 304 160 224 791 190 182 82 522 699 663 922 451 86 612 384 195 414 686 931 774 537 726 394 539 39 863 533 122 761 350 523 204 452 596 420 667 119 333 556 356 0 288 906 983 214 161 527 890 983 912 347 367 438 496 464 481 
435 682 306 976 449 298 900 610 712 622 463 574 43 820 572 790 863 215 351 260 848 134 248 654 89 150 562 680 626 847 914 289 33 638 240 957 266 716 935 690 903 574 494 934 129 357 540 175 642 293 0 465 821 930 410 720 904 21 700 93 673 284 879 721 729 
597 615 316 952 925 881 539 157 38 982 674 894 977 537 289 587 817 739 737 791 108 207 704 98 390 799 961 430 712 613 378 866 234 920 512 475 495 510 53 65 165 354 265 585 795 890 567 513 648 908 465 0 42 521 44 733 644 101 487 585 310 651 307 326 979 
323 983 874 266 104 702 319 73 42 603 739 448 553 424 244 904 843 380 802 152 515 724 629 926 633 236 83 452 138 578 721 541 713 480 324 160 720 450 536 596 890 203 554 301 841 243 227 452 162 995 821 23 0 829 259 7 858 774 352 308 286 348 566 492 18 
943 890 286 377 615 964 653 15 721 758 74 943 803 413 931 427 396 116 535 872 253 590 592 711 663 315 876 624 663 806 396 702 80 933 936 473 216 826 430 800 234 741 907 893 334 84 451 900 267 201 916 517 823 0 663 818 611 249 101 919 796 625 712 116 405 
130 972 46 694 419 700 555 965 676 20 62 297 411 58 661 108 475 624 829 78 736 519 814 904 645 196 233 437 356 286 875 171 82 535 854 121 375 300 586 157 79 520 49 178 848 714 469 372 105 151 415 57 274 655 0 337 720 819 17 312 975 907 891 872 80 
582 976 178 125 901 276 507 330 654 897 477 571 268 419 568 760 471 573 149 337 764 823 678 930 441 644 173 403 1006 116 325 717 521 253 637 970 1007 258 11 303 809 876 400 680 86 985 727 848 28 528 707 730 11 823 325 0 646 744 426 993 565 498 967 546 718 
806 132 467 666 121 401 750 859 164 513 37 267 5 450 358 276 69 977 709 44 906 653 325 710 748 72 160 466 147 553 114 122 445 167 724 737 30 925 990 489 808 518 309 515 554 576 476 568 865 910 905 654 856 602 722 665 0 373 617 904 346 603 360 107 852 
360 908 242 543 789 337 438 883 73 285 773 476 556 528 841 965 270 864 28 772 683 306 163 1000 866 1007 802 623 66 361 456 565 743 368 632 58 307 577 632 590 737 692 898 36 654 702 167 878 43 982 21 95 780 259 829 736 381 0 837 162 787 596 782 178 987 
813 574 457 73 798 457 427 487 262 616 47 838 518 451 469 391 40 381 614 235 362 572 529 303 175 181 868 944 810 479 307 301 719 264 59 15 692 70 772 939 758 154 204 181 876 648 214 353 666 908 715 470 344 118 26 439 614 822 0 477 582 639 631 395 743 
275 981 336 250 722 840 522 439 132 173 496 454 808 400 555 365 279 274 295 291 220 206 563 662 351 58 800 716 296 606 844 931 419 136 539 653 258 645 517 433 114 939 684 499 328 369 830 408 485 342 96 578 310 915 310 993 898 155 478 0 279 490 615 621 93 
777 803 923 241 266 572 711 563 555 13 524 957 624 339 136 333 691 302 406 833 7 994 243 545 318 936 459 177 513 47 501 927 111 171 937 447 784 44 913 471 740 440 164 265 8 922 72 519 447 367 669 310 271 792 975 572 350 791 591 282 0 407 643 423 660 
380 394 716 483 598 532 889 728 255 252 651 892 451 694 762 543 455 35 980 361 531 172 15 576 818 982 836 25 175 456 816 680 99 161 610 905 578 471 402 222 306 16 959 157 47 596 213 917 872 440 283 633 354 622 895 488 596 595 639 488 405 0 766 253 442 
153 718 510 311 650 481 487 627 569 705 176 291 558 566 157 398 774 898 560 575 398 57 300 847 1014 876 689 662 245 858 410 680 478 453 150 274 742 95 600 28 12 360 120 430 139 65 537 622 20 484 865 312 581 705 894 969 372 774 639 631 654 760 0 830 358 
401 564 834 220 672 419 462 458 424 899 705 910 460 842 305 257 185 439 436 602 817 396 410 983 629 808 865 941 298 272 752 752 140 622 694 79 680 649 592 684 542 543 499 110 485 662 709 920 449 469 717 333 485 119 881 548 106 176 388 623 418 253 838 0 717 
922 384 439 202 77 676 118 1007 350 722 685 201 266 549 480 683 46 463 37 858 565 747 26 802 187 989 347 461 28 97 674 395 511 885 621 376 532 596 372 52 793 670 738 882 675 248 474 454 951 472 730 983 6 390 93 721 853 990 739 96 665 453 369 717 0 

Depot information
600
2446
1485
1139
760

Customer information
17
19
15
21
18
16
18
25
24
24
15
17
24
16
22
25
16
25
16
21
19
22
24
16
16
16
23
17
15
21
15
16
17
17
16
23
19
17
16
18
20
18
19
21
15
22
23
16
25
15
24
24
25
24
22
20
18
24
23
25
