Seed 123 - Instance: n65m5_2
n 65
m 5
Q 236
L 0
U 1000

0 566 68 382 18 482 541 91 876 52 59 714 793 126 394 270 206 548 658 999 122 365 237 717 706 392 977 402 176 159 209 30 192 727 253 118 720 393 927 1000 1011 717 685 934 938 960 163 255 98 43 334 565 996 289 782 849 502 207 337 876 702 228 390 18 458 539 698 595 537 426 
566 0 154 819 730 305 301 450 773 862 954 860 960 991 7 702 445 680 194 948 788 567 254 264 188 247 82 893 519 324 926 751 564 848 187 926 912 755 622 696 948 575 357 445 105 437 68 977 422 910 162 445 667 615 627 489 885 391 253 522 554 938 271 668 497 960 832 220 460 851 
62 144 0 822 509 715 904 679 184 21 71 745 389 546 414 205 467 779 755 929 926 388 647 38 550 492 1001 989 417 893 810 436 907 300 538 31 263 252 868 830 16 562 388 84 697 192 910 135 26 117 733 715 132 46 1009 230 487 79 204 849 501 548 326 534 468 29 394 184 39 331 
365 823 826 0 956 773 601 716 245 497 344 41 39 458 939 802 491 653 522 788 645 659 213 1008 712 95 609 692 895 399 998 326 188 614 133 732 366 275 398 16 316 648 982 130 254 375 407 16 927 547 784 807 313 246 100 494 972 480 407 445 161 483 824 597 757 118 974 297 98 329 
19 722 493 947 0 470 840 884 414 177 474 607 779 1000 583 736 123 756 745 623 208 654 328 828 288 46 399 211 170 459 939 849 168 765 265 601 370 361 373 774 399 104 981 582 561 218 919 866 841 672 152 899 491 606 867 107 170 533 697 231 395 267 310 306 272 875 355 155 320 86 
470 309 730 785 468 0 711 208 723 622 833 555 930 685 552 725 772 278 176 738 410 340 778 45 978 557 48 794 311 102 708 958 342 144 526 487 103 285 200 65 794 238 33 921 76 979 389 493 366 17 395 868 163 317 84 820 386 137 598 92 586 209 398 133 185 368 761 588 208 715 
550 316 908 611 842 714 0 437 163 326 887 801 125 710 671 787 27 728 996 940 659 689 161 45 1012 525 40 867 114 87 761 288 220 900 360 280 544 701 339 29 141 11 732 112 368 428 678 802 325 623 154 417 574 196 954 884 81 82 290 700 339 646 477 471 311 159 147 755 202 720 
79 445 680 716 890 212 445 0 366 128 345 893 302 653 13 352 169 417 250 331 580 848 105 993 183 365 769 557 378 766 751 184 691 475 164 173 174 865 688 866 906 448 910 228 124 895 488 323 80 102 859 466 170 751 639 382 416 261 741 499 88 669 479 419 132 645 897 184 748 652 
877 761 175 258 421 731 153 369 0 752 869 48 982 335 710 873 755 268 103 566 350 217 489 923 85 869 535 951 784 795 777 206 394 715 583 410 240 383 920 361 976 652 707 205 668 284 463 911 800 918 115 465 774 112 342 79 575 331 137 725 32 703 717 388 625 360 632 466 908 252 
48 870 24 496 176 615 326 148 752 0 949 299 407 659 1002 197 785 698 130 247 54 58 866 925 604 809 224 272 292 674 258 289 553 770 39 415 707 254 941 225 307 320 455 452 798 612 312 115 749 381 234 780 930 806 634 380 861 953 692 767 653 366 601 946 494 634 528 455 464 86 
57 957 83 342 464 833 880 351 869 946 0 687 611 614 538 738 314 271 404 948 655 845 322 510 751 66 720 295 858 6 66 173 806 425 485 378 704 701 70 662 747 742 703 886 650 267 466 968 151 363 178 845 935 840 601 811 213 1010 610 58 39 127 252 237 932 301 777 315 249 339 
705 851 739 60 608 557 786 905 53 306 678 0 326 728 1013 883 429 934 9 562 654 409 85 905 706 390 505 503 50 526 726 218 939 82 868 371 115 671 543 337 639 675 801 153 189 174 189 915 447 524 601 89 342 426 131 426 485 789 954 586 72 683 947 347 858 42 938 399 129 518 
791 963 399 27 775 939 143 302 970 403 601 324 0 468 75 336 337 226 994 830 991 176 657 293 687 864 517 102 751 72 487 963 772 563 532 877 601 144 474 1015 746 749 273 106 141 372 556 953 17 958 128 356 142 309 412 524 626 793 568 597 728 436 474 566 411 623 194 886 192 232 
118 992 545 466 999 680 709 647 347 643 615 743 465 0 862 447 301 926 901 885 193 424 793 583 497 942 868 112 948 160 960 542 926 89 662 436 998 81 399 745 831 866 344 788 59 793 512 162 623 686 300 431 68 153 269 345 624 69 131 554 808 695 45 70 263 966 595 951 142 237 
384 18 404 927 581 545 663 13 720 1004 554 1000 89 850 0 183 795 38 413 336 914 589 924 217 585 820 961 282 441 121 207 189 91 474 627 876 31 525 390 891 448 5 876 959 153 989 579 928 134 584 149 140 698 201 703 414 897 17 279 585 625 930 373 255 19 520 239 105 796 193 
265 704 200 818 740 718 781 354 855 181 736 865 340 448 186 0 164 813 876 539 899 364 242 84 392 544 5 606 727 195 187 753 891 977 66 403 26 594 375 932 518 667 616 487 400 474 927 718 700 611 965 721 376 296 705 882 559 141 83 87 504 294 760 204 377 150 833 796 188 159 
212 456 473 492 121 788 31 164 763 790 323 420 340 298 791 167 0 452 322 473 653 530 729 141 42 285 345 211 89 475 415 247 201 90 322 34 32 243 949 563 463 538 128 792 879 647 401 991 16 776 190 406 329 773 598 381 867 935 250 215 85 531 875 439 778 613 204 955 972 648 
540 687 775 660 748 264 738 424 261 695 269 917 225 922 33 806 466 0 199 657 738 839 167 113 692 25 628 46 704 75 95 849 165 281 907 296 391 8 926 25 176 994 361 560 745 640 561 933 155 516 606 442 867 656 877 443 35 731 445 119 666 128 152 937 728 836 769 858 436 402 
665 210 771 510 750 157 1005 249 105 136 394 24 993 898 431 886 309 193 0 89 1003 99 490 95 948 439 577 1014 88 314 951 109 268 896 208 734 829 937 767 901 269 110 295 674 858 841 466 142 359 542 60 351 26 184 215 590 539 750 593 656 85 775 97 8 473 478 61 507 212 15 
998 931 939 785 642 732 938 334 554 238 958 574 828 873 332 558 458 663 98 0 344 555 947 990 429 298 360 379 905 1000 801 230 932 545 134 708 618 773 68 898 404 394 433 591 582 809 682 155 998 847 725 276 746 946 520 467 620 890 786 598 422 661 96 122 902 485 136 392 538 546 
108 797 919 646 215 397 642 585 353 67 654 652 991 193 920 889 650 727 999 326 0 384 658 649 853 177 882 546 124 341 622 522 223 997 485 207 633 380 148 505 719 536 409 862 113 89 441 790 257 262 311 803 243 979 614 716 168 497 56 154 628 329 107 981 623 178 625 980 724 181 
377 563 385 665 654 356 677 863 215 52 850 408 169 423 592 358 532 848 106 542 373 0 380 657 753 867 569 649 992 49 923 941 947 287 94 695 145 713 805 250 316 921 500 674 637 660 332 121 562 184 981 67 786 711 939 707 1007 897 297 46 690 835 385 124 518 911 353 504 331 363 
256 254 644 232 316 782 166 113 472 867 334 89 655 792 930 249 728 166 500 940 661 380 0 70 109 617 111 909 264 612 509 639 869 1004 608 745 416 466 554 340 290 276 746 42 197 482 628 347 303 655 14 158 708 851 241 470 439 227 95 338 450 441 844 857 258 273 962 366 532 173 
723 255 39 1005 828 51 47 994 909 920 514 904 275 570 206 68 141 128 92 987 640 647 70 0 279 386 852 328 575 876 136 832 746 802 681 306 543 336 991 409 180 877 370 330 804 355 337 558 116 916 568 481 285 427 266 755 713 316 108 800 350 742 199 932 854 630 956 327 943 944 
701 185 561 720 302 979 1019 183 95 602 765 711 677 502 586 382 38 691 950 441 843 758 100 276 0 707 634 507 837 93 499 314 539 245 12 7 118 876 769 394 152 643 419 737 720 521 303 825 639 430 612 737 339 172 141 725 513 873 552 146 385 159 708 306 517 421 892 77 437 770 
405 254 496 79 43 544 524 372 860 812 60 396 871 945 826 529 281 41 431 296 179 864 627 391 726 0 666 233 436 102 555 515 741 475 749 533 781 864 967 341 676 178 502 494 387 9 301 5 553 616 843 193 683 185 165 625 557 722 597 663 262 808 333 831 648 836 517 208 671 961 
968 101 1003 605 401 35 38 761 527 227 712 510 523 877 965 23 337 636 593 365 882 581 128 853 647 674 0 166 547 251 495 316 423 301 405 969 854 937 96 611 87 35 294 280 454 136 119 122 449 290 981 832 622 49 969 814 210 831 12 560 739 704 395 526 758 733 411 286 985 181 
421 877 990 690 201 809 864 548 940 281 293 496 87 116 292 610 206 33 1004 394 554 639 917 327 507 244 170 0 444 488 408 863 432 396 189 666 563 881 371 171 168 50 256 726 934 43 918 35 872 293 231 587 770 794 489 334 846 875 761 725 112 857 521 526 949 120 29 128 949 822 
184 511 413 888 165 322 110 373 789 295 873 58 766 941 441 730 89 697 71 897 126 981 274 589 835 456 554 442 0 813 674 342 892 357 457 561 310 965 350 921 865 636 439 280 148 651 1010 797 377 607 244 607 477 899 309 801 92 373 314 67 901 280 860 888 442 701 810 133 547 766 
153 336 878 409 452 108 96 774 802 683 10 523 66 151 117 186 464 70 313 1000 339 43 601 892 95 107 249 479 820 0 761 422 35 134 518 32 962 809 105 208 805 652 794 822 377 840 979 414 959 43 902 39 218 533 176 387 422 665 782 449 188 54 758 419 188 487 614 232 211 904 
217 918 819 994 938 714 752 751 763 243 63 726 497 962 204 184 420 91 959 811 640 910 507 140 506 537 487 412 681 768 0 662 475 271 868 452 536 648 933 920 602 492 572 356 25 254 341 618 579 448 876 737 737 449 757 589 253 517 678 357 796 484 536 500 979 780 310 250 913 216 
30 751 430 326 867 940 289 187 215 283 183 224 951 559 188 753 246 848 105 245 514 931 638 830 311 510 318 861 346 434 668 0 472 489 636 738 980 555 498 372 476 951 931 354 186 678 832 354 595 969 111 446 451 28 31 892 836 845 416 505 887 919 361 330 505 193 72 792 895 47 
188 567 890 191 163 341 226 699 391 547 811 937 773 924 86 881 204 163 270 921 207 945 868 732 538 729 421 439 896 21 479 478 0 241 451 861 715 552 466 551 630 159 621 263 753 820 807 742 93 222 672 793 723 87 487 746 656 878 191 778 367 875 883 341 151 845 12 177 656 701 
714 834 291 622 767 128 909 486 726 774 427 82 566 98 476 980 93 285 898 559 995 267 1007 810 242 492 297 377 349 141 277 485 249 0 318 608 718 518 110 42 478 271 678 894 896 613 782 507 376 43 726 1009 868 131 929 671 144 456 405 174 976 833 28 132 348 47 589 434 387 628 
249 200 550 123 266 527 354 165 589 37 485 872 534 655 626 79 315 913 213 126 483 107 611 687 3 750 416 179 460 526 872 623 447 320 0 909 872 246 341 77 644 50 606 628 161 980 178 149 943 497 377 309 805 598 772 663 267 944 880 1009 787 424 909 316 933 315 428 170 778 82 
127 931 45 739 611 488 296 171 396 413 366 355 871 428 864 409 22 286 731 704 216 698 734 293 9 538 970 676 566 39 443 739 870 599 902 0 532 406 344 195 921 291 471 102 187 1011 480 351 777 220 502 114 178 673 690 352 732 62 921 722 883 319 662 586 598 911 62 404 562 244 
727 900 266 364 363 106 545 166 246 703 710 131 599 1007 23 39 36 389 846 611 623 153 418 545 117 778 856 555 307 973 538 978 707 725 882 524 0 873 235 688 19 941 605 776 205 625 658 641 695 578 857 248 339 805 722 519 387 356 609 892 474 586 253 32 750 591 166 344 484 698 
396 744 242 283 349 287 708 872 386 250 701 681 149 95 519 594 237 24 925 786 374 703 468 334 879 868 940 890 953 799 664 554 539 521 246 412 857 0 733 471 943 184 848 350 538 688 544 205 960 218 862 972 211 629 382 393 96 834 589 150 739 271 166 982 298 375 888 786 192 26 
935 623 880 413 375 210 334 682 922 943 78 540 483 396 385 372 953 929 759 68 155 812 562 990 778 958 95 362 365 107 932 498 451 94 348 348 226 747 0 163 106 515 130 465 343 115 100 993 526 241 734 74 663 332 317 768 218 35 373 902 500 55 672 772 895 506 938 949 394 399 
987 709 822 24 778 58 25 848 351 224 663 352 1004 754 895 931 548 35 887 894 512 249 331 416 391 339 612 176 918 198 920 370 546 29 69 207 668 470 160 0 898 388 986 717 51 463 566 86 404 823 487 377 866 453 280 501 652 919 682 552 37 993 290 70 206 669 118 685 957 748 
1001 951 25 308 400 782 145 891 976 303 745 626 749 831 456 516 469 177 278 394 718 313 273 189 153 673 75 156 860 799 611 474 619 471 652 914 26 951 113 915 0 789 739 397 447 874 535 743 629 362 916 774 412 303 506 275 46 40 971 507 221 477 408 59 459 481 272 819 533 608 
719 581 564 635 121 245 15 438 656 319 728 674 752 855 14 667 528 995 122 390 526 930 280 867 641 183 45 42 645 643 502 964 154 262 50 290 928 181 526 401 785 0 288 488 899 576 177 45 521 804 28 876 26 666 247 337 822 539 469 354 514 848 41 928 600 129 446 144 996 619 
679 355 394 995 975 32 732 917 706 445 707 805 273 354 872 612 135 353 284 436 410 495 738 378 403 494 288 247 432 795 573 933 619 675 599 468 599 853 128 997 739 290 0 748 286 845 182 558 59 929 707 1001 768 954 644 148 573 422 944 105 1014 28 994 996 161 38 683 17 965 112 
943 450 75 142 579 935 111 245 208 450 880 157 102 793 966 492 795 555 659 581 856 675 48 331 745 475 285 724 269 826 337 338 264 902 612 102 786 354 461 718 387 491 745 0 264 185 808 432 374 872 78 449 430 60 387 934 999 580 975 945 872 85 110 255 619 229 674 442 324 564 
942 100 690 253 552 78 375 139 666 788 646 184 127 54 156 394 879 743 858 590 125 641 192 803 726 392 460 942 158 379 19 171 754 880 157 203 200 537 345 41 441 902 298 260 0 469 317 540 437 577 445 532 737 423 415 360 266 427 824 239 77 29 715 16 189 629 73 998 579 830 
951 425 194 385 210 983 438 889 280 629 259 174 372 794 980 476 642 644 844 806 85 667 475 358 526 21 128 40 654 835 243 692 827 613 973 1002 625 676 104 475 875 587 832 179 461 0 412 761 240 90 93 414 683 299 244 429 37 685 968 390 416 282 458 861 232 734 311 271 445 198 
158 68 916 391 905 404 673 476 466 309 473 172 562 511 591 911 402 561 465 680 446 319 622 341 307 289 110 915 1004 979 340 828 805 781 185 486 651 543 100 552 519 194 182 817 330 409 0 915 633 161 717 394 552 25 388 431 353 722 89 703 833 742 488 846 658 893 401 579 649 595 
260 973 138 14 858 494 798 318 900 112 982 921 954 154 932 712 1001 929 140 150 786 129 352 560 838 10 113 32 798 429 616 367 748 509 151 336 647 205 986 82 750 57 554 420 531 757 913 0 55 202 744 157 983 57 669 242 72 761 988 548 24 790 814 837 72 77 525 300 739 97 
98 417 18 931 852 358 322 91 793 757 142 447 30 624 121 703 23 169 365 999 251 573 320 126 619 549 467 865 377 964 567 580 94 378 955 774 697 969 536 410 634 510 56 366 440 243 634 56 0 939 998 691 699 450 187 488 575 193 953 340 389 596 541 85 192 687 367 390 116 147 
42 912 122 567 661 24 633 113 923 390 358 522 949 689 573 615 779 509 537 842 276 178 650 917 423 621 308 280 609 54 447 969 218 38 501 221 598 229 232 824 362 818 925 859 579 86 152 205 942 0 730 769 584 299 705 962 63 432 251 827 584 806 871 1004 15 187 439 347 207 115 
336 145 747 796 155 404 159 847 109 232 172 603 127 285 161 952 190 608 72 734 314 985 6 574 608 849 970 242 244 911 874 112 676 723 385 519 867 864 723 490 922 43 698 72 453 85 710 753 981 734 0 239 275 249 768 103 404 114 311 63 641 647 763 15 148 267 465 764 570 139 
580 435 710 816 887 871 426 479 472 784 864 78 358 441 140 717 399 441 366 277 816 74 154 488 722 206 828 586 616 40 741 445 800 1002 321 114 243 960 67 379 787 890 1011 449 548 397 393 157 676 779 240 0 596 163 461 317 97 338 262 618 957 860 824 618 167 266 610 960 921 679 
1009 651 126 313 499 169 571 166 761 925 950 329 157 69 694 381 323 865 30 738 258 779 715 289 348 684 627 783 465 236 748 454 718 862 808 173 339 220 667 870 394 32 778 432 741 676 558 982 692 592 286 583 0 925 430 918 597 124 764 857 637 881 719 70 345 107 869 614 16 600 
303 615 44 238 612 327 196 752 130 804 837 428 311 139 188 296 761 661 189 944 992 710 848 424 186 176 47 778 898 537 437 29 93 131 601 678 803 626 332 460 300 658 960 49 425 291 33 40 463 309 249 164 923 0 482 518 18 393 279 115 970 493 192 423 212 658 155 332 99 813 
768 626 1003 116 878 82 967 640 344 649 597 122 412 272 699 704 606 878 233 520 605 939 246 271 129 156 977 487 313 181 754 28 499 922 760 699 725 390 321 288 497 247 639 393 406 244 391 660 190 702 774 469 429 473 0 751 1004 482 423 59 52 975 946 519 595 959 464 750 993 964 
844 490 231 488 106 831 881 377 80 369 809 439 522 338 425 870 389 453 594 475 714 707 476 743 723 637 804 344 815 390 599 893 753 660 658 368 529 389 767 510 279 340 146 927 361 432 430 235 477 954 102 333 919 522 738 0 821 985 448 340 916 398 95 655 146 553 309 711 297 615 
498 899 501 971 162 391 77 419 571 859 213 487 630 606 895 563 870 35 542 611 173 1010 420 720 503 561 205 851 109 422 255 836 653 153 281 735 400 92 223 664 30 840 578 996 264 37 368 82 565 77 397 87 586 21 990 828 0 370 108 767 466 62 893 1009 830 704 902 225 381 546 
201 392 83 488 527 129 71 259 332 946 1003 782 811 67 11 144 930 739 744 884 489 892 223 301 872 717 823 889 370 672 502 853 882 448 949 67 347 830 38 913 23 542 436 575 412 692 726 767 181 429 97 335 123 405 481 988 366 0 464 222 959 399 151 207 491 357 540 716 139 46 
318 246 194 397 690 596 294 739 144 709 609 960 567 134 277 68 262 445 583 789 58 300 107 101 537 597 14 760 314 784 683 432 195 393 884 926 611 583 372 673 982 471 944 963 817 962 85 987 953 243 325 261 781 283 418 448 101 474 0 50 481 213 205 831 490 148 278 519 735 972 
876 523 842 440 231 97 706 486 720 770 52 577 592 557 583 85 220 119 663 597 153 47 332 780 135 670 554 726 69 441 363 519 778 174 1012 723 898 132 886 553 505 342 110 935 233 393 693 546 331 825 79 618 856 109 58 352 769 214 48 0 493 242 663 923 100 669 458 198 34 891 
689 561 500 165 393 585 345 83 27 664 28 68 738 809 623 517 76 683 105 425 627 696 437 334 380 266 732 123 911 186 797 885 369 970 786 873 470 723 509 25 205 509 1010 883 80 411 828 9 392 568 639 966 636 967 45 919 467 955 480 493 0 50 750 335 213 416 480 492 119 563 
229 938 547 476 268 197 634 677 713 373 117 695 453 709 931 303 531 112 784 662 319 825 444 731 141 810 701 851 282 54 487 939 860 832 429 301 598 277 56 982 458 841 32 89 14 282 736 804 606 811 652 861 863 489 974 409 50 382 220 238 53 0 654 517 519 847 554 805 410 804 
388 285 333 821 308 406 482 485 721 613 251 931 470 59 353 774 883 147 84 84 104 369 836 206 717 344 396 519 845 759 547 354 876 24 902 645 263 165 679 276 398 30 997 120 711 469 492 825 543 886 760 829 717 199 928 93 877 148 186 676 760 658 0 546 875 497 47 459 269 174 
18 678 526 602 307 132 477 416 382 950 236 332 576 73 259 208 426 944 10 116 984 127 855 941 316 832 528 517 899 412 502 327 333 129 311 587 31 990 780 87 48 911 997 265 28 859 844 824 93 1006 28 605 69 433 522 650 1010 211 831 934 332 512 566 0 289 543 66 853 443 524 
460 496 473 745 281 170 318 123 624 498 939 843 413 278 13 371 776 717 471 902 629 515 270 862 509 649 761 946 436 205 967 503 147 347 924 601 763 287 899 213 463 601 160 625 185 246 659 66 203 15 147 173 331 209 593 154 836 484 476 93 220 505 866 291 0 679 143 661 47 644 
542 963 18 115 875 379 155 649 347 632 305 28 622 972 534 160 618 846 471 494 186 897 276 631 424 847 732 125 695 483 774 195 838 51 311 925 589 370 516 664 483 130 51 246 629 731 895 79 674 180 278 247 124 668 973 544 721 344 142 667 406 832 496 551 670 0 829 1014 95 78 
684 828 399 987 362 759 150 897 644 529 793 940 183 600 242 828 205 762 63 118 640 352 963 967 906 521 406 26 813 603 314 67 13 575 420 75 176 891 936 118 276 450 683 673 86 309 397 537 365 454 461 600 888 162 454 317 895 530 295 465 472 537 44 56 147 825 0 904 430 834 
608 215 178 291 155 595 738 195 469 442 333 390 886 948 102 790 944 842 511 381 978 502 360 339 77 197 282 129 125 226 238 792 174 438 156 398 344 784 942 672 827 149 30 432 981 274 585 299 377 350 769 959 605 327 755 709 220 718 521 187 494 805 471 852 661 1012 906 0 769 957 
532 466 58 95 315 214 193 746 907 458 235 133 205 139 788 183 987 431 216 546 726 335 539 950 425 680 982 950 535 222 908 900 668 386 794 555 480 180 391 966 528 985 973 316 564 449 659 744 100 214 568 931 25 97 979 307 379 140 740 17 110 415 265 448 44 86 430 778 0 385 
433 851 329 323 77 720 727 657 258 91 346 532 232 244 193 153 636 400 28 535 177 355 188 937 772 970 182 833 765 920 227 64 690 622 78 238 705 16 408 757 627 601 108 569 834 201 590 108 155 116 140 682 598 811 983 595 552 40 972 881 575 793 176 533 633 80 835 962 373 0 

Depot information
2443
1352
1931
1615
2870

Customer information
20
24
15
15
18
19
15
24
20
17
24
16
25
15
22
16
24
17
20
15
25
21
20
20
15
24
16
15
16
22
17
25
21
23
24
17
16
22
19
24
16
21
24
15
20
19
22
17
16
21
16
17
19
25
15
20
20
23
17
18
15
18
19
24
20
