Seed 123 - Instance: n65m5_0
n 65
m 5
Q 272
L 0
U 1000

0 488 954 317 693 465 790 950 51 685 867 841 85 73 201 956 388 143 826 465 597 274 776 50 433 877 1000 688 680 191 767 505 895 565 977 369 187 521 408 34 536 160 961 615 968 161 333 146 292 34 318 927 29 306 234 661 618 41 325 107 152 400 334 72 570 438 168 59 883 178 
506 0 111 431 982 43 843 998 757 93 484 241 259 955 824 1020 616 1016 672 108 713 631 690 904 869 103 486 827 451 330 8 245 460 52 934 233 589 316 190 437 776 29 354 623 60 1001 181 497 55 268 379 123 367 251 859 714 884 104 78 835 373 25 156 376 524 141 551 77 965 859 
953 114 0 896 580 465 501 41 925 768 774 494 782 33 459 414 76 724 970 88 636 488 834 774 773 307 669 852 677 381 532 866 986 597 637 425 398 947 442 471 213 69 676 145 683 990 274 624 92 231 475 836 483 681 602 260 578 372 628 777 468 345 485 379 702 144 947 450 618 731 
318 430 892 0 544 307 573 947 208 583 224 616 60 128 575 417 671 933 731 695 363 771 246 567 829 453 584 929 1009 456 379 610 773 613 835 466 129 279 399 475 862 1004 156 765 910 971 722 601 268 364 632 283 64 821 684 315 210 581 511 665 626 106 264 39 174 276 412 915 71 950 
676 992 587 528 0 498 345 256 135 386 256 242 117 683 606 222 663 535 303 355 825 74 932 323 963 794 296 12 715 829 538 615 633 713 158 432 699 950 86 456 435 390 345 462 89 571 637 803 227 480 112 19 966 865 91 214 210 750 135 74 656 758 965 961 250 424 923 261 400 207 
455 55 481 309 504 0 66 276 700 293 31 328 973 387 220 41 690 232 502 701 851 63 672 207 456 617 550 104 940 185 65 908 34 726 107 619 935 784 209 664 221 746 695 907 79 821 80 681 795 519 526 860 992 297 964 730 603 696 835 853 276 788 336 573 541 618 388 962 187 511 
785 834 509 562 340 61 0 404 604 877 767 647 822 247 76 670 57 827 969 46 348 116 496 650 844 181 370 768 123 1011 753 575 169 156 380 133 71 357 260 959 902 75 351 399 145 216 425 692 417 920 479 479 49 699 122 264 265 594 761 304 448 117 154 231 895 933 64 737 854 513 
962 1001 43 958 252 278 398 0 506 974 972 145 624 402 64 295 1010 425 727 464 80 140 582 993 667 22 405 46 292 297 326 49 393 250 425 716 706 552 342 368 573 354 587 988 228 925 238 488 58 912 404 482 62 871 599 832 279 372 781 549 434 793 1006 1001 788 900 1001 267 224 515 
52 766 928 201 136 699 609 503 0 502 817 726 945 133 44 118 922 613 688 411 610 698 815 520 304 994 325 231 716 884 979 729 236 874 645 830 37 954 309 306 644 915 213 786 139 509 296 982 331 319 135 451 235 792 505 704 638 62 552 835 685 493 601 676 25 339 982 799 450 588 
674 92 769 581 368 297 885 965 492 0 348 35 324 566 696 645 658 659 278 808 646 884 473 505 614 283 788 519 900 209 385 338 828 821 155 354 653 176 434 38 671 661 988 384 931 822 325 185 48 657 602 489 927 526 712 502 467 312 627 619 343 472 978 626 416 949 301 262 422 47 
877 480 765 225 257 31 772 975 820 354 0 557 889 579 198 273 924 219 28 621 966 701 40 667 307 302 547 970 808 639 545 749 661 247 634 516 840 684 410 822 536 297 664 887 324 304 323 432 94 973 858 651 854 616 265 830 75 824 724 757 26 662 191 126 894 660 717 831 30 574 
836 240 507 627 247 328 653 140 722 41 553 0 223 544 791 993 889 905 41 264 259 588 110 946 281 328 950 298 492 121 666 348 466 261 680 805 291 315 901 298 172 377 997 639 883 165 315 358 739 966 700 63 81 594 722 550 285 247 756 692 388 99 422 653 181 919 798 427 728 284 
100 272 783 58 120 956 815 634 938 319 887 236 0 525 359 356 611 602 680 503 868 881 720 527 900 22 687 799 137 956 859 154 940 746 990 535 460 78 884 958 25 200 537 921 359 749 505 73 196 798 626 602 471 920 941 88 881 650 146 835 5 262 157 741 204 270 57 256 430 676 
76 961 36 140 679 391 262 397 141 558 591 544 508 0 582 657 544 949 664 133 431 37 544 418 217 985 451 645 159 206 698 196 106 374 938 845 141 949 398 781 944 856 869 921 463 503 307 990 688 872 818 502 411 740 20 956 942 921 254 394 936 968 295 866 412 666 254 952 736 441 
200 832 457 569 597 217 82 71 33 685 196 785 348 581 0 480 149 442 672 323 943 299 636 921 975 76 256 512 770 743 920 607 759 770 1006 580 811 517 552 124 409 317 334 387 484 740 319 831 216 818 833 636 363 165 116 290 333 186 644 536 186 253 904 328 275 421 95 700 662 525 
970 1001 416 407 213 37 682 286 130 654 263 1012 344 658 481 0 316 133 285 181 176 482 65 338 470 275 131 797 624 294 986 261 148 715 871 78 369 418 66 966 481 829 227 549 347 912 480 525 30 960 635 244 78 602 629 543 902 410 186 258 968 393 529 383 714 216 152 740 112 528 
373 625 62 662 656 697 68 1001 903 670 916 877 608 544 159 307 0 607 979 980 764 346 471 655 271 891 24 534 888 212 728 919 437 349 973 805 24 885 698 638 325 461 430 78 135 333 257 875 537 226 314 51 136 984 616 203 800 542 274 82 289 675 498 33 812 59 320 460 68 678 
134 1014 727 918 543 227 823 429 613 665 220 899 605 955 451 135 593 0 948 730 7 409 159 549 595 114 354 888 419 832 447 851 844 284 864 60 571 686 368 246 393 336 880 304 295 344 158 229 113 312 226 727 289 221 532 289 333 416 857 773 221 784 349 156 560 163 893 438 771 826 
840 657 964 748 316 500 973 711 674 279 16 43 679 676 675 302 979 937 0 392 452 570 159 41 800 444 87 755 757 460 403 680 419 830 352 523 309 969 176 382 841 550 527 241 999 309 224 990 652 730 669 121 451 784 182 92 329 948 283 977 332 345 423 968 650 898 266 35 552 256 
475 102 79 699 365 713 46 451 412 796 604 263 510 132 320 195 974 744 396 0 65 865 55 282 740 150 224 837 208 999 174 956 49 849 429 152 775 519 574 584 845 876 217 867 947 589 419 416 725 325 462 881 247 797 601 537 135 496 426 442 713 362 847 487 1014 411 1011 717 251 942 
596 716 639 375 812 862 348 80 614 654 960 256 874 432 950 186 766 9 441 77 0 931 861 451 547 84 892 927 300 279 425 562 470 650 813 732 208 193 713 57 715 631 584 987 65 47 688 80 665 42 652 566 942 705 96 659 205 80 772 25 871 86 200 712 448 95 656 207 573 457 
267 644 476 764 56 58 106 141 700 881 708 591 879 53 303 496 348 405 577 875 923 0 164 58 72 31 913 705 355 464 230 36 676 879 465 773 762 897 948 327 555 883 52 891 663 391 405 745 1010 375 493 12 166 326 320 153 571 67 719 595 543 558 789 134 271 219 406 514 269 726 
783 683 841 249 927 687 490 583 811 480 57 116 720 553 636 59 480 158 155 48 848 169 0 354 835 823 350 222 153 690 968 57 955 1009 613 253 712 886 162 144 189 772 332 889 172 970 403 371 723 556 724 955 671 346 93 806 78 93 414 583 780 149 358 539 467 99 854 366 310 337 
58 904 777 565 317 202 648 986 507 508 663 959 528 426 926 334 657 556 31 277 448 48 370 0 58 869 771 92 894 840 794 619 901 675 210 558 812 581 814 240 346 658 728 964 679 617 286 596 1005 973 359 514 188 34 9 796 603 416 258 907 626 737 87 684 172 246 630 19 993 23 
437 877 778 830 951 446 857 667 313 601 321 286 916 203 969 460 267 583 803 723 532 72 828 40 0 398 365 947 897 891 810 189 682 339 68 458 199 15 38 1004 382 124 778 388 282 147 682 500 261 582 282 731 986 812 743 388 172 838 889 208 731 970 972 426 212 127 14 308 110 373 
888 121 295 463 779 601 164 17 999 295 291 333 11 987 72 272 889 107 453 150 81 33 829 863 396 0 328 209 110 890 825 405 814 987 691 474 19 91 139 244 329 197 871 615 217 918 363 499 882 269 823 441 17 247 143 34 655 930 912 177 794 131 507 416 850 796 453 23 860 407 
1002 479 677 572 289 544 371 405 313 784 541 941 705 463 237 134 9 351 76 212 902 930 343 773 371 331 0 631 922 870 987 69 120 656 111 604 944 865 775 751 274 977 944 158 487 846 452 491 757 975 329 62 347 847 902 138 57 739 36 979 227 820 60 861 749 771 191 639 91 481 
680 809 843 918 21 107 768 48 222 520 970 297 796 635 500 793 528 902 770 829 921 709 221 98 951 206 641 0 111 506 173 782 518 809 749 466 63 5 881 607 64 273 544 384 815 516 114 318 346 816 249 55 17 195 1010 350 313 19 474 784 926 488 801 515 80 332 444 862 985 748 
674 447 672 1005 718 932 123 312 713 900 814 494 144 162 782 625 891 431 744 205 296 354 165 895 890 117 928 122 0 151 567 951 937 834 712 506 280 213 416 546 420 449 637 179 997 90 457 380 275 857 107 619 936 899 939 312 207 1007 488 713 287 709 895 69 27 896 470 324 128 672 
198 324 384 471 826 192 1004 296 879 223 642 122 963 200 730 301 231 819 461 1015 276 450 682 838 903 888 881 501 144 0 22 901 416 670 193 358 931 908 897 872 765 11 41 743 444 352 396 906 59 228 420 633 797 214 374 844 741 63 421 524 627 237 722 480 83 673 283 638 201 717 
763 14 530 381 539 75 754 325 962 379 534 670 878 703 926 986 728 446 412 163 410 246 964 799 802 829 989 184 571 19 0 822 261 187 732 328 755 685 149 90 495 623 182 169 1002 681 561 129 444 341 328 493 424 732 133 50 871 683 392 294 659 538 775 308 986 507 889 365 209 233 
512 250 855 595 624 895 584 55 734 343 744 355 166 192 617 250 904 840 698 950 581 41 57 605 193 388 68 775 961 906 834 0 696 776 750 145 12 958 353 262 176 934 933 897 21 251 474 585 846 441 780 731 967 241 440 960 354 288 334 84 863 949 646 599 683 155 231 872 760 59 
886 458 980 762 644 34 170 386 236 815 646 473 940 107 768 149 422 845 402 68 480 673 960 885 685 807 116 518 950 413 250 697 0 443 275 254 897 455 362 300 470 216 251 833 626 154 212 126 144 259 504 139 679 929 882 394 459 481 786 452 813 471 301 578 564 655 704 679 132 662 
570 65 589 610 714 726 158 252 874 818 246 250 749 371 771 711 337 280 838 838 649 882 1020 673 340 988 655 808 820 660 186 785 441 0 534 867 62 328 535 57 552 626 117 523 196 353 244 722 205 202 124 48 479 515 817 79 986 515 610 318 461 905 36 827 150 921 215 95 880 315 
978 935 650 821 155 120 373 417 645 147 632 688 982 942 995 869 988 866 340 425 800 469 599 221 85 693 110 751 715 199 733 754 292 525 0 939 320 686 325 907 522 202 169 52 646 399 707 562 998 685 535 520 300 92 401 718 322 534 869 211 125 509 955 473 626 785 640 617 253 538 
362 251 423 474 425 630 140 724 836 342 514 787 527 857 579 73 796 57 522 145 732 760 247 546 443 478 606 454 502 355 324 145 251 863 939 0 616 580 88 914 421 624 927 557 825 760 908 358 616 382 837 841 289 803 805 760 980 568 260 652 424 119 927 484 700 258 333 384 55 255 
193 581 407 125 697 944 70 700 27 651 851 282 459 136 818 369 19 581 302 777 205 754 710 829 207 19 941 49 268 920 768 18 891 48 320 620 0 32 803 862 794 210 402 374 422 969 854 697 54 745 228 793 424 968 540 321 56 389 135 899 223 320 466 685 91 117 273 983 975 414 
526 317 941 273 946 769 356 563 961 176 675 321 68 953 512 432 887 689 962 527 200 913 886 585 22 98 865 22 213 898 693 959 460 328 701 580 31 0 327 253 568 30 88 934 119 216 968 297 546 750 471 533 165 962 871 956 253 290 229 460 624 24 910 83 72 917 858 965 114 829 
409 204 448 409 89 224 252 335 322 430 419 889 871 405 545 54 701 359 173 585 699 941 161 805 43 139 788 871 414 882 154 341 360 543 322 71 809 339 0 884 244 473 639 796 74 347 1009 453 384 717 627 715 712 656 636 33 519 451 816 270 96 264 933 942 538 401 872 237 932 464 
42 433 464 463 452 674 963 373 293 31 832 297 960 778 134 957 644 258 389 587 57 312 148 246 1002 241 752 618 543 882 85 279 299 70 900 905 871 254 889 0 445 120 527 117 410 656 828 882 330 306 509 419 166 1004 953 740 32 561 367 976 211 952 94 194 545 528 696 627 792 469 
524 771 214 857 438 221 888 585 636 660 542 168 13 947 417 482 310 408 841 851 712 558 203 344 377 322 275 56 402 761 489 175 466 557 538 421 800 571 234 435 0 471 599 785 289 149 115 682 128 229 371 233 648 696 804 342 799 642 293 189 184 326 1012 686 838 566 792 491 888 594 
173 28 67 992 384 744 63 353 931 653 283 377 199 852 320 827 467 349 553 884 624 885 759 659 130 198 975 279 445 23 612 950 212 630 200 613 210 38 462 105 472 0 419 875 41 453 62 894 540 363 826 852 148 701 156 163 525 94 423 651 344 768 215 407 578 301 536 829 602 535 
964 345 668 153 354 704 358 575 216 985 672 994 539 870 333 219 439 865 538 213 593 40 330 725 788 872 961 550 639 54 179 942 252 120 170 917 411 97 644 528 599 413 0 362 950 339 284 61 405 352 33 706 108 111 756 293 463 669 652 85 592 559 617 984 429 32 432 185 334 57 
606 609 142 777 475 916 398 976 784 366 898 657 926 926 375 544 82 321 254 878 991 889 888 969 397 611 155 373 172 727 162 882 850 524 64 544 375 945 813 111 786 863 359 0 186 960 335 169 273 835 667 417 1005 94 988 20 233 322 600 976 273 723 725 565 648 633 313 525 842 526 
969 47 682 903 77 69 146 235 141 926 316 893 352 459 493 356 137 300 986 958 65 665 184 676 275 227 493 820 980 433 1009 18 628 213 654 836 427 104 84 392 308 31 935 187 0 419 566 843 518 225 75 349 25 794 556 245 586 132 960 532 429 981 763 464 714 450 418 426 544 228 
166 1006 984 960 576 809 215 918 521 819 306 167 737 515 728 918 328 344 306 598 48 377 988 615 160 911 853 511 99 340 686 259 166 348 401 777 967 205 350 675 155 461 342 958 409 0 205 728 141 835 26 782 523 653 945 817 568 201 600 129 905 665 442 640 95 964 887 36 967 443 
325 178 272 725 633 63 421 248 291 335 326 314 506 307 311 484 247 150 231 416 679 416 403 277 686 363 440 105 449 405 553 474 226 251 700 894 863 974 1019 832 109 58 269 348 586 207 0 729 894 977 101 618 264 427 268 465 182 800 430 967 323 784 178 107 234 821 256 995 282 517 
152 488 629 609 804 695 699 492 989 192 425 378 68 987 825 539 862 215 998 416 72 750 359 596 497 501 497 332 376 907 118 582 127 718 561 357 715 294 462 871 679 893 69 151 862 735 742 0 576 831 365 835 294 495 30 192 107 314 668 111 156 680 244 263 767 326 167 831 227 41 
290 57 104 270 226 787 424 55 340 41 88 741 195 690 214 26 539 123 648 736 664 1009 716 994 263 888 739 363 269 57 440 841 143 203 1004 626 51 526 379 331 132 537 414 269 511 157 885 570 0 891 416 727 832 522 16 712 867 451 938 951 764 147 523 456 752 590 972 24 824 373 
35 260 219 367 477 525 919 910 324 650 975 977 795 878 829 958 218 311 720 322 53 363 553 960 598 271 976 811 852 232 340 453 252 202 683 390 756 753 705 308 222 359 354 841 234 831 970 832 891 0 731 207 316 602 332 585 907 349 531 323 976 679 116 296 273 607 615 699 720 789 
300 375 477 638 108 534 484 400 139 608 847 690 625 811 850 637 301 220 676 465 659 509 723 354 264 823 342 248 101 429 328 781 512 135 551 828 219 474 631 505 358 822 37 675 72 35 111 375 424 744 0 639 413 224 183 486 783 961 678 870 533 278 379 146 132 640 377 804 349 133 
934 125 838 274 32 851 485 470 458 485 651 60 597 508 630 257 42 720 128 874 566 22 961 510 724 436 62 63 612 622 501 728 129 54 524 835 798 538 709 433 231 870 691 431 352 772 620 852 719 216 641 0 623 113 172 64 705 765 932 733 101 573 37 873 771 745 1004 226 269 21 
32 370 481 57 966 996 52 65 235 932 850 82 481 404 359 77 142 300 443 237 947 162 658 198 1003 33 354 18 935 811 417 959 678 475 304 292 431 166 728 170 662 149 110 991 24 525 252 297 819 309 411 633 0 790 222 754 976 907 931 369 991 559 722 62 533 760 979 84 195 678 
313 246 684 814 864 292 696 862 785 520 620 591 928 752 167 603 967 217 794 796 703 315 358 22 823 250 854 189 911 212 737 243 930 508 81 816 975 947 650 995 694 707 102 93 783 646 434 495 524 597 205 107 776 0 565 609 58 54 906 77 149 303 397 936 250 960 382 402 426 614 
236 851 589 670 71 960 106 598 490 706 259 726 928 10 120 639 610 551 191 613 86 313 103 15 732 154 887 996 921 370 128 440 878 825 391 798 532 851 632 951 800 174 748 983 554 935 256 29 21 339 181 178 211 559 0 474 776 908 826 503 293 273 666 40 398 906 225 334 550 806 
666 717 258 321 211 734 263 844 701 507 828 554 75 966 302 541 185 284 104 551 667 156 816 794 406 25 136 362 310 825 68 970 390 74 730 770 317 959 21 756 329 164 298 32 254 801 472 196 703 568 471 72 755 600 472 0 651 137 271 162 912 246 975 107 399 27 846 79 332 59 
606 893 588 206 206 612 281 282 654 471 84 277 872 931 325 904 793 344 325 153 195 560 68 589 161 654 59 323 204 741 889 335 456 983 326 989 54 250 504 32 796 537 459 241 582 580 184 110 879 900 789 707 980 59 776 651 0 85 22 476 312 734 809 308 993 964 754 880 679 585 
44 94 383 585 753 708 581 384 67 303 830 255 650 918 182 400 555 406 955 500 87 84 91 427 843 925 741 32 1008 56 678 273 466 498 529 570 389 280 453 562 627 95 655 318 147 209 804 305 458 338 941 767 899 39 915 140 88 0 547 19 772 140 284 965 698 75 210 883 777 522 
332 62 614 500 136 845 773 793 558 623 720 747 149 248 654 185 279 875 275 428 769 719 419 259 897 903 30 467 482 419 393 320 798 592 867 270 126 229 815 367 282 410 652 601 957 582 423 676 941 531 670 934 946 904 838 277 25 553 0 105 342 663 817 364 179 877 76 543 536 897 
112 837 773 673 70 838 301 566 838 624 752 698 825 390 541 259 81 769 972 444 39 590 569 919 201 167 971 788 712 525 302 66 452 314 215 643 900 462 262 971 196 663 71 971 528 142 978 108 954 339 869 734 375 85 494 163 485 16 106 0 804 669 832 96 223 131 972 374 431 591 
147 388 472 627 648 270 440 433 696 344 35 386 19 941 189 956 298 218 338 698 873 542 770 613 735 809 229 908 288 629 656 856 798 456 125 431 214 625 102 218 172 334 581 269 421 907 332 155 766 984 528 114 990 158 298 917 300 779 331 811 0 873 577 709 850 370 844 183 19 793 
399 23 348 98 760 782 112 794 506 477 654 87 256 956 238 401 665 785 345 367 88 568 140 743 965 135 824 491 709 243 549 964 477 888 509 130 327 33 266 937 345 785 550 707 971 664 784 674 157 665 277 577 555 304 290 245 733 146 663 682 873 0 134 121 247 723 402 407 192 269 
334 162 495 255 964 330 159 995 589 974 184 431 159 295 897 530 509 341 433 840 217 778 360 93 967 499 75 801 897 705 775 651 308 35 959 927 458 896 935 94 1005 211 614 707 776 457 179 246 515 116 373 39 719 405 656 965 815 286 828 833 582 141 0 22 632 727 938 218 181 846 
74 381 382 40 965 578 238 997 678 644 130 672 734 868 342 388 33 169 974 499 698 141 539 695 423 415 872 510 64 462 288 609 591 817 463 504 670 83 943 194 680 400 978 556 475 638 109 261 456 298 166 856 53 941 40 103 294 962 365 102 710 125 21 0 718 866 500 171 998 274 
573 532 719 173 253 546 903 794 34 402 900 197 213 416 270 711 821 555 640 1008 455 263 451 172 204 844 757 87 45 84 993 672 566 160 632 702 108 80 528 545 848 571 439 641 723 94 229 776 748 280 115 779 544 243 396 409 988 697 169 228 859 254 645 719 0 663 632 67 482 418 
447 132 142 268 431 625 932 908 347 940 653 922 273 659 424 231 66 163 892 399 95 209 100 241 131 795 770 324 893 671 511 146 659 932 784 258 113 918 397 527 567 303 36 633 450 948 819 312 604 602 623 754 765 961 924 37 964 90 882 131 385 730 722 854 649 0 804 708 129 442 
158 535 929 413 906 375 57 1002 995 290 714 803 61 267 97 154 314 901 271 1015 663 412 854 635 24 466 193 456 477 272 881 237 689 218 646 320 274 861 858 686 792 527 433 315 429 885 266 175 989 606 381 999 965 389 217 832 749 211 86 977 832 408 934 507 614 809 0 95 46 235 
68 75 446 909 259 961 738 272 788 265 833 428 261 959 708 740 447 444 44 736 200 518 378 19 298 14 641 861 326 627 366 878 676 102 610 375 980 960 241 618 502 815 203 538 415 29 997 816 23 704 804 224 87 406 342 93 871 882 544 388 189 409 221 173 61 708 95 0 317 617 
865 955 611 69 410 206 853 223 454 427 17 724 434 742 655 121 80 763 549 248 562 277 297 991 110 865 75 997 124 189 207 750 133 881 253 66 968 116 951 797 874 603 338 850 545 961 292 219 822 717 356 268 199 437 563 348 682 793 533 426 12 187 174 993 486 125 44 318 0 53 
165 856 730 952 193 503 522 516 597 43 589 293 683 442 543 522 684 809 255 931 455 720 338 24 360 404 476 734 673 709 242 69 660 306 525 250 411 828 461 468 600 547 68 521 244 456 509 22 372 791 127 28 690 608 787 57 587 516 916 596 790 268 836 273 424 449 234 624 42 0 

Depot information
711
881
2513
2211
1259

Customer information
16
15
15
16
19
24
19
24
16
24
21
19
15
20
21
22
19
24
16
19
18
19
16
24
22
21
25
20
24
17
23
22
21
20
15
25
17
21
17
16
15
15
18
18
16
17
19
15
16
23
21
23
15
20
24
17
22
16
21
23
20
23
25
25
25
