Seed 123 - Instance: n70m5_1
n 70
m 5
Q 267
L 0
U 1000

0 406 353 79 137 656 756 697 904 543 194 32 83 779 599 964 195 365 502 289 406 518 917 584 891 559 761 185 114 747 541 102 831 454 409 361 266 862 332 456 713 322 298 935 615 505 973 727 822 149 741 232 689 161 154 8 245 960 354 89 355 153 110 166 44 747 964 90 400 439 531 328 562 419 973 
391 0 866 743 189 548 203 399 302 208 1004 331 884 667 903 694 793 148 534 881 974 355 681 347 284 861 708 893 214 187 138 739 862 779 831 137 161 423 377 751 472 572 729 746 524 436 76 264 975 877 791 892 934 335 818 718 881 627 228 103 762 241 769 509 559 965 576 758 689 341 287 79 694 661 677 
355 860 0 482 839 552 347 467 409 175 324 115 508 187 807 705 887 692 180 968 47 227 823 680 390 456 632 882 36 129 830 579 58 398 839 598 533 276 116 951 924 243 925 578 864 916 411 520 154 743 861 45 268 367 502 589 910 49 220 561 898 587 61 980 863 630 906 171 776 483 294 606 486 429 877 
86 743 493 0 834 995 469 978 162 424 661 950 846 450 611 352 87 265 583 826 863 150 285 434 569 764 299 14 503 593 296 469 44 821 831 752 147 434 378 235 437 312 334 137 802 619 105 645 239 569 256 759 942 366 928 65 696 560 692 729 882 853 660 774 295 905 728 195 19 870 925 726 25 900 359 
126 196 835 836 0 264 771 574 613 116 727 667 461 402 558 719 274 229 821 660 49 750 499 949 292 805 154 540 294 771 586 224 702 490 309 829 576 850 397 98 257 367 426 536 621 379 656 831 389 650 439 261 137 502 484 87 607 296 638 977 771 831 73 97 977 787 873 78 381 830 953 59 987 30 316 
650 540 546 988 249 0 468 199 102 520 977 79 320 990 766 498 339 141 28 963 891 310 169 149 946 879 12 195 763 693 867 742 311 865 149 403 227 327 871 770 288 214 30 450 213 942 769 606 204 501 989 84 799 1001 490 709 493 636 258 541 182 748 872 882 979 255 793 111 788 849 929 962 112 121 266 
757 211 344 466 753 469 0 17 207 881 68 380 257 535 103 19 708 72 224 192 270 806 784 228 141 392 631 945 546 377 185 965 463 254 338 887 282 902 422 102 732 120 837 913 374 619 366 60 98 272 719 737 592 491 572 995 145 487 124 728 253 311 87 687 344 276 80 557 771 539 663 724 739 586 797 
683 388 458 968 558 212 14 0 229 914 514 395 265 517 349 183 380 467 349 102 905 994 888 185 721 988 371 329 351 249 586 432 355 857 350 720 487 896 401 878 916 706 930 113 227 394 289 426 550 715 433 318 73 633 734 720 411 982 385 838 914 350 769 571 160 15 31 380 542 289 992 468 411 941 383 
893 305 409 175 606 98 192 233 0 1000 912 549 148 67 544 560 691 543 235 443 128 246 243 717 650 581 463 481 345 163 203 472 506 635 678 600 280 150 434 527 963 182 670 880 459 99 301 353 108 262 723 553 217 217 713 251 283 1015 8 428 66 235 11 329 123 311 992 316 155 205 703 352 878 148 878 
535 208 165 418 111 525 887 918 1007 0 733 429 517 690 522 475 54 317 670 475 879 165 777 912 629 154 171 22 733 424 89 822 16 61 954 432 708 624 74 182 779 325 487 611 368 295 670 581 702 682 40 833 27 736 185 104 185 667 521 695 258 531 897 125 191 197 118 495 617 691 943 142 199 693 92 
192 1012 325 664 728 974 79 504 917 732 0 680 24 483 459 992 627 202 821 531 587 75 686 328 958 251 691 160 389 178 785 435 764 228 130 26 776 403 464 748 587 1013 208 145 214 30 241 1000 153 116 375 176 827 298 644 536 59 231 469 232 290 413 973 912 85 180 345 165 341 824 124 465 800 374 705 
39 333 108 969 667 79 385 387 538 440 669 0 28 988 276 855 839 139 165 532 893 652 365 756 895 412 881 58 416 729 150 508 33 501 855 193 12 969 348 891 755 532 424 401 140 178 474 858 172 505 98 868 104 495 255 853 255 778 726 545 612 677 355 592 348 566 723 808 694 389 275 678 89 954 372 
96 888 502 851 477 310 253 256 143 512 13 45 0 601 614 943 363 912 716 431 941 412 881 821 327 587 36 889 729 785 272 503 295 845 370 358 662 855 137 169 269 315 161 73 974 482 24 542 68 902 377 64 750 877 693 627 204 543 235 475 581 528 677 829 888 901 568 458 74 398 567 418 927 448 682 
776 660 192 439 402 987 543 525 70 704 483 992 592 0 756 885 537 634 471 761 697 192 105 979 168 342 481 656 493 53 846 281 215 934 153 976 830 101 117 618 895 288 686 478 774 882 839 995 979 931 880 135 932 424 981 739 21 961 380 145 309 950 914 904 475 768 391 935 490 598 681 348 931 874 472 
605 905 818 615 568 757 111 351 542 529 461 280 609 746 0 700 633 118 583 364 41 545 175 503 968 795 280 707 938 169 199 888 786 654 804 236 808 683 549 824 315 1014 702 131 157 141 591 198 457 261 817 414 58 789 778 212 310 243 856 757 79 320 999 261 268 552 417 536 362 614 1003 326 807 31 467 
967 689 699 367 719 495 26 176 561 488 1002 850 944 875 705 0 36 460 244 302 562 323 789 532 233 428 887 499 818 624 525 296 425 645 649 515 950 873 593 974 406 305 354 142 951 803 867 88 242 735 296 57 334 908 887 81 12 801 992 170 873 898 897 408 559 128 52 80 587 311 575 949 186 527 219 
194 793 888 95 265 342 707 385 691 51 629 826 363 536 637 37 0 196 385 286 692 51 114 115 560 911 874 382 475 503 466 164 42 227 876 222 625 39 272 633 467 420 461 782 468 569 913 698 414 591 937 23 507 500 239 686 683 507 278 237 492 792 69 409 905 419 664 134 172 267 965 908 322 811 91 
364 138 690 264 226 144 66 461 541 314 204 133 912 627 114 475 203 0 6 935 664 541 296 216 313 956 281 934 51 438 426 319 504 16 171 92 453 795 546 682 897 247 86 27 153 828 417 668 385 998 501 457 679 808 946 676 40 435 135 81 135 409 695 127 193 127 751 135 751 633 536 590 242 644 192 
500 534 176 597 808 25 218 351 239 685 804 154 725 474 585 260 387 16 0 549 929 315 973 542 567 593 575 298 937 771 836 236 37 574 480 550 40 46 110 217 898 33 93 494 922 830 540 490 966 746 281 238 264 662 398 477 427 311 905 279 789 939 459 826 325 878 483 480 598 678 224 883 293 672 192 
290 876 963 814 654 958 188 89 428 486 533 532 425 761 365 311 300 929 555 0 229 252 682 878 803 834 964 765 448 931 503 200 73 705 356 930 686 941 794 352 129 461 391 353 975 260 295 955 320 663 264 1011 729 829 67 332 471 288 231 696 125 379 539 18 541 134 595 226 664 322 55 993 675 427 200 
406 974 52 872 52 891 268 903 141 875 571 890 934 684 39 571 696 660 925 231 0 408 216 621 566 880 651 968 1004 587 538 798 584 345 756 310 321 568 846 536 418 217 96 481 982 533 729 293 748 957 501 712 894 375 349 406 935 709 740 925 303 289 219 288 388 3 538 815 238 828 468 256 497 920 446 
502 353 231 165 751 309 814 983 245 161 67 650 405 183 539 323 53 541 319 252 412 0 200 276 325 367 56 403 210 533 186 782 340 284 116 944 562 326 202 298 484 187 320 148 142 991 141 342 949 670 375 923 164 194 920 74 303 922 539 976 318 195 442 955 820 755 15 206 785 176 216 565 168 390 868 
923 683 821 298 502 176 792 901 247 760 671 379 878 104 191 781 108 289 973 677 227 203 0 951 893 45 923 844 876 151 542 581 811 571 455 895 775 694 289 308 357 78 407 594 994 54 90 502 239 288 671 760 630 424 722 221 989 872 377 326 254 49 141 880 488 818 873 42 961 373 181 612 90 518 753 
591 337 678 428 951 147 234 185 718 907 314 762 824 979 502 520 114 221 538 887 617 281 943 0 163 330 557 395 278 860 466 80 838 680 881 965 495 820 403 479 130 402 363 740 516 932 675 654 216 912 164 115 403 776 730 1005 834 902 794 312 850 108 499 128 532 958 210 707 930 26 495 881 839 82 882 
871 281 405 575 286 940 147 710 634 631 947 893 324 182 980 247 560 314 563 800 581 325 897 163 0 800 465 804 258 201 339 802 67 817 911 915 563 411 136 210 871 497 242 466 111 683 386 193 965 344 221 695 811 318 220 551 517 109 910 201 851 789 982 384 138 236 168 166 842 572 230 244 595 284 679 
544 846 452 771 805 872 397 993 596 159 245 410 585 338 785 436 906 972 582 826 865 360 39 337 810 0 27 218 350 893 752 981 887 292 709 337 345 754 970 634 568 358 961 957 454 187 291 504 797 636 812 976 479 949 909 789 764 772 928 198 172 474 74 411 763 319 272 855 788 590 928 704 742 377 799 
763 706 623 309 167 17 621 373 466 170 691 877 47 476 289 898 876 270 581 970 650 65 927 557 462 13 0 332 86 493 687 665 223 324 312 849 826 653 749 26 627 837 800 765 889 365 402 946 11 662 896 312 347 861 705 268 808 495 339 533 335 502 368 777 113 352 640 789 741 211 316 716 34 71 340 
179 887 893 2 538 192 951 317 489 30 173 55 906 649 709 480 379 954 307 781 953 417 832 395 808 213 338 0 491 292 43 625 518 151 750 326 552 619 950 159 969 862 463 226 77 534 758 625 861 814 968 508 751 394 79 887 889 164 976 556 794 328 620 909 116 925 851 151 896 973 607 589 317 67 987 
109 225 30 504 304 774 543 335 348 731 383 405 730 482 944 820 470 47 931 449 1006 225 861 268 249 349 89 491 0 344 463 22 47 865 656 623 764 252 597 798 934 404 672 44 811 551 1007 851 560 214 502 590 536 678 407 410 956 224 288 747 822 82 572 862 696 800 244 58 885 115 933 772 998 717 107 
749 187 138 599 777 694 376 234 152 430 193 716 783 59 167 639 505 433 774 935 572 526 149 862 203 898 500 291 336 0 616 908 256 96 33 862 100 935 104 716 438 717 852 839 730 369 12 328 382 94 674 218 15 426 111 976 460 429 671 150 739 237 844 969 473 210 955 33 930 538 551 871 462 263 286 
550 143 837 306 582 873 185 586 198 85 786 160 273 847 191 519 457 410 841 499 531 191 543 473 334 752 681 38 455 615 0 479 592 46 466 155 79 309 764 375 249 858 890 244 300 333 551 707 825 659 176 886 646 963 42 563 829 445 259 346 496 628 947 669 276 699 427 453 622 736 714 187 1009 836 531 
94 745 567 475 225 752 968 434 472 822 433 518 508 284 889 306 159 315 234 206 797 776 583 83 803 980 657 639 22 925 481 0 888 388 141 624 421 709 311 860 996 394 536 790 982 820 731 358 573 334 618 513 704 920 691 559 194 895 304 366 636 635 933 681 482 387 237 807 304 595 486 633 352 758 961 
825 859 66 46 709 321 465 339 509 1 763 48 292 218 792 414 46 511 36 82 590 334 812 842 74 883 210 522 29 260 590 891 0 1007 423 44 339 1007 485 714 756 299 631 279 1006 675 696 203 627 829 532 949 963 216 737 260 403 210 132 990 552 139 714 778 636 629 182 325 836 191 945 231 372 984 930 
461 780 388 824 505 857 262 867 650 49 230 497 846 954 658 652 228 12 576 701 343 267 589 673 818 294 336 144 861 82 37 382 1008 0 762 309 691 104 479 544 570 192 952 381 500 119 168 448 431 538 894 502 952 451 430 611 707 911 47 459 392 607 578 677 276 812 664 361 794 730 560 772 699 953 787 
406 823 834 819 306 150 346 359 692 953 139 844 368 165 790 664 859 155 471 362 768 103 449 884 925 728 311 762 673 16 475 151 424 771 0 82 399 544 342 948 181 869 402 978 242 603 105 193 278 451 783 512 490 743 123 288 188 412 931 153 500 367 768 227 721 562 585 796 926 534 273 376 568 14 497 
357 149 607 755 835 409 892 711 602 438 27 177 371 982 252 516 224 75 537 933 309 943 881 961 923 341 867 321 624 864 154 637 41 304 88 0 965 774 303 218 601 43 108 596 851 491 928 706 408 916 878 809 303 113 795 868 231 288 714 134 702 44 342 376 391 962 86 629 622 631 855 93 790 940 572 
278 158 540 140 595 226 273 497 274 705 786 20 660 824 814 953 638 449 47 685 316 564 772 484 565 332 814 541 768 105 70 420 342 701 381 982 0 45 632 442 381 400 853 911 398 737 853 688 733 815 139 221 509 992 619 399 539 27 739 523 313 973 94 662 1008 488 819 228 970 407 601 549 118 51 750 
875 429 282 435 852 334 896 899 151 614 398 968 840 86 693 871 45 796 36 948 574 333 701 827 414 740 647 608 253 937 309 708 992 108 540 777 60 0 750 462 323 646 163 704 401 672 163 577 924 644 389 444 962 229 934 132 143 251 658 435 773 952 854 296 123 554 596 544 742 995 787 765 563 115 628 
323 377 123 371 391 858 420 403 427 84 468 346 128 113 535 587 263 548 111 803 856 211 298 389 122 961 748 955 598 105 761 313 476 471 337 294 637 734 0 843 11 969 753 876 969 942 173 383 124 782 896 517 990 872 991 708 371 451 514 521 881 526 351 901 941 398 61 228 286 47 681 411 1011 750 100 
452 757 953 228 115 754 114 867 525 183 744 896 168 628 809 960 636 690 227 344 527 296 302 479 204 642 22 140 801 716 376 855 706 548 936 202 447 477 851 0 175 899 966 573 804 47 426 840 79 316 740 813 856 124 543 114 597 757 580 385 771 264 619 269 785 596 232 893 868 316 271 682 747 703 316 
718 471 919 439 277 304 740 920 972 776 593 756 270 895 312 400 450 877 900 140 421 473 346 134 863 572 640 968 922 444 251 1004 766 561 191 607 380 311 27 177 0 872 81 910 911 516 768 302 127 685 274 735 863 52 115 937 888 17 775 722 497 737 971 775 584 595 602 484 923 759 123 597 42 466 890 
322 575 260 312 379 229 118 716 192 323 1004 545 304 278 999 307 408 250 29 474 215 196 87 393 513 353 850 862 389 713 851 392 292 185 864 35 400 649 971 910 890 0 679 707 502 105 427 816 122 493 45 133 8 290 698 636 838 511 784 975 59 475 66 215 443 424 541 23 490 376 278 305 138 810 905 
303 718 913 325 436 21 843 926 656 493 216 426 149 680 701 337 461 93 103 391 99 327 404 351 232 956 814 459 672 847 897 537 629 951 395 110 862 178 768 968 90 675 0 385 698 190 379 268 258 329 365 550 877 395 848 827 717 558 635 909 948 940 755 785 726 403 709 808 231 894 343 750 39 834 504 
940 751 595 154 540 431 908 119 881 611 148 394 90 478 128 154 782 23 504 345 471 142 589 739 479 962 771 232 36 830 241 784 261 391 975 589 903 703 870 574 927 711 391 0 385 541 589 582 715 493 722 808 802 261 749 961 273 425 987 189 942 506 329 485 786 176 407 303 360 923 549 366 630 103 111 
618 532 862 793 607 217 374 225 475 367 207 145 973 777 142 955 458 158 923 973 965 147 1008 511 99 454 892 67 820 725 305 998 1000 501 238 845 388 401 975 811 913 513 696 381 0 732 344 562 492 794 246 644 197 176 719 32 146 903 206 587 190 152 362 785 721 435 915 825 772 332 830 154 432 528 306 
492 448 926 609 370 955 609 396 100 306 31 175 479 892 147 800 563 831 849 265 532 985 48 933 679 199 350 534 549 378 336 823 678 130 588 495 734 684 943 42 524 93 181 527 728 0 338 561 103 4 575 407 842 306 218 411 161 945 690 434 191 357 699 165 59 710 733 78 687 843 445 63 357 963 230 
965 85 413 108 664 775 382 276 286 669 250 471 10 827 588 851 914 422 541 293 725 136 78 691 387 291 415 775 1001 25 546 730 705 160 99 947 853 175 174 427 769 436 394 587 343 342 0 279 141 982 817 549 807 242 316 340 765 772 181 577 278 291 645 1001 145 41 685 700 260 419 400 119 363 844 775 
727 275 516 639 814 608 57 409 353 575 1010 851 538 982 193 82 700 673 485 954 285 338 509 642 197 499 949 625 856 328 710 365 211 454 184 710 689 571 377 835 290 819 251 573 550 557 294 0 51 811 640 875 452 845 873 287 67 520 613 817 667 929 252 190 893 281 200 336 495 45 773 278 74 990 577 
812 971 154 236 373 217 91 566 114 695 161 168 79 971 452 241 412 371 971 320 749 950 240 217 953 789 20 877 570 377 823 561 625 429 296 403 737 931 120 93 121 134 259 711 505 93 136 64 0 554 845 736 908 320 330 908 653 977 942 235 492 689 734 329 899 556 424 753 263 109 382 734 513 606 1009 
149 884 741 563 654 486 280 709 273 682 114 517 891 925 247 722 592 1013 755 655 961 670 299 911 335 628 655 806 217 91 643 334 822 547 458 916 812 636 784 317 689 490 325 500 805 21 977 809 563 0 234 570 129 256 270 314 256 141 794 438 649 662 912 328 357 971 561 190 651 8 823 453 509 629 512 
742 801 853 260 439 971 734 430 718 36 378 117 388 889 809 292 945 514 283 262 500 375 665 166 214 811 894 955 518 672 179 619 525 887 789 863 126 402 893 747 291 42 376 720 244 569 827 653 851 239 0 622 310 301 583 1001 752 313 297 150 888 100 28 588 683 930 349 662 515 226 140 517 120 553 571 
235 889 35 759 255 65 739 312 543 849 184 856 53 132 424 70 30 459 234 1018 720 929 746 125 698 972 320 502 582 238 884 506 954 518 511 824 228 462 524 815 738 131 556 810 656 399 548 861 728 563 639 0 395 602 786 603 924 145 891 791 228 751 416 69 912 330 374 76 872 858 505 886 730 478 400 
673 947 267 957 147 790 575 59 222 26 818 108 744 939 49 335 511 676 257 740 894 174 638 403 822 481 348 758 543 16 639 695 954 950 490 301 516 960 990 861 867 14 884 804 179 835 812 443 908 142 294 410 0 460 639 975 786 455 673 735 21 124 718 445 892 560 414 506 125 407 122 697 948 332 857 
162 332 375 378 495 1005 493 646 211 735 292 508 882 427 795 905 500 811 663 816 375 197 407 776 323 955 860 383 687 430 966 921 210 449 757 104 995 229 880 122 55 293 395 254 165 300 238 842 324 259 304 606 440 0 386 677 688 203 602 203 119 194 747 500 259 94 625 805 668 574 52 178 298 995 255 
169 820 505 942 476 481 572 728 712 185 643 254 699 974 778 890 251 937 415 69 366 910 707 743 229 894 700 77 426 116 33 685 738 435 107 795 622 930 978 539 108 689 836 738 708 234 317 874 335 276 598 792 649 379 0 919 53 998 623 548 69 695 174 522 893 649 641 262 598 489 594 525 605 641 643 
20 725 591 56 81 712 990 721 246 117 521 846 614 734 221 77 695 691 481 330 418 82 207 1001 548 797 282 893 428 970 558 558 256 601 294 872 395 128 698 115 945 629 820 957 46 408 338 279 910 311 1010 589 973 666 922 0 86 558 465 996 526 16 877 340 820 444 474 389 906 878 103 557 993 557 501 
253 870 917 700 617 476 159 414 281 168 67 258 195 15 310 12 680 26 409 472 928 296 990 827 510 758 810 889 961 462 830 206 394 712 176 222 541 130 375 595 889 848 713 276 165 152 767 67 650 270 752 920 783 687 46 98 0 968 18 462 775 21 931 955 562 600 160 228 350 925 302 892 493 423 637 
959 620 47 565 292 646 492 969 1007 663 226 780 529 966 238 800 516 439 304 303 712 931 860 894 104 782 498 157 235 442 435 894 207 908 412 292 20 252 447 747 24 525 573 437 905 943 756 524 964 151 331 139 465 205 1010 551 975 0 903 13 117 432 143 244 425 666 256 853 955 288 628 319 322 805 593 
345 229 229 686 638 256 120 387 10 522 468 731 233 385 849 987 279 121 905 232 752 530 372 797 906 942 334 993 284 660 268 316 138 51 931 712 749 662 504 591 779 787 638 995 191 693 169 605 936 787 307 901 679 597 616 457 15 919 0 350 874 996 505 270 180 895 13 169 659 586 213 111 1010 289 38 
84 98 547 728 976 539 729 833 419 689 250 554 475 148 740 166 233 97 294 702 939 986 316 296 206 198 531 555 746 140 339 364 995 460 160 141 534 450 508 366 707 974 898 193 579 434 587 822 236 437 145 790 735 190 538 992 467 15 354 0 206 484 455 793 82 1007 592 418 779 908 942 74 213 8 703 
344 768 911 894 788 178 241 911 63 255 285 600 580 298 68 883 493 140 780 144 321 318 246 859 854 164 337 785 829 751 487 633 555 391 512 705 326 774 880 783 492 68 930 942 177 182 261 673 495 651 885 217 8 110 62 517 759 124 869 190 0 692 493 59 475 430 996 479 873 230 965 948 625 237 177 
165 224 587 842 821 745 304 350 231 529 420 684 529 958 309 887 796 410 955 367 284 188 53 111 775 478 492 340 90 239 627 632 141 601 363 54 983 945 534 257 729 471 925 496 156 347 273 935 693 663 102 756 127 188 689 19 17 433 1002 477 674 0 365 652 871 637 523 948 435 489 56 249 577 971 189 
105 775 50 658 69 866 83 764 7 911 979 356 693 923 992 896 79 697 442 545 218 448 134 492 980 72 371 627 570 834 937 921 709 560 774 340 105 868 350 614 966 61 745 341 362 694 657 253 727 917 30 399 709 743 182 865 920 145 522 455 510 362 0 285 541 534 768 812 603 557 220 502 45 347 684 
154 509 979 778 106 884 677 578 331 134 897 609 824 894 262 407 400 115 834 21 274 953 887 113 393 415 780 917 872 973 681 676 771 692 234 386 659 312 910 267 770 223 780 482 791 170 995 202 335 343 595 70 457 498 529 333 957 237 274 789 53 650 286 0 136 374 865 794 162 704 273 622 54 987 513 
35 566 862 288 979 984 357 164 115 196 83 336 899 485 278 552 906 195 326 539 384 823 471 523 135 755 105 119 681 461 290 491 644 273 730 393 991 136 941 773 576 434 711 775 734 57 143 887 895 353 693 924 883 259 891 831 570 419 173 83 476 872 533 147 0 290 646 933 770 914 265 805 95 875 487 
740 953 628 905 791 255 290 22 317 188 177 570 912 787 558 123 434 139 867 138 0 747 808 969 235 315 357 933 790 209 700 396 628 818 557 956 481 557 400 595 600 421 401 186 435 718 45 292 560 958 921 338 574 98 659 449 605 676 893 991 444 642 520 375 283 0 751 903 110 865 578 50 661 173 895 
975 576 919 743 872 803 78 35 992 104 353 726 576 401 424 57 666 759 479 595 527 18 863 204 165 277 636 853 233 955 435 244 189 678 583 74 809 608 51 232 613 534 713 406 899 734 683 188 414 556 364 362 400 610 646 471 175 273 3 592 992 526 765 868 644 759 0 174 213 676 268 743 43 279 744 
94 753 170 182 68 105 561 372 323 499 174 815 456 944 540 65 125 146 468 221 820 214 48 712 156 842 809 156 56 30 458 807 330 371 815 627 232 538 218 893 475 23 809 289 821 86 694 343 743 193 661 69 526 800 248 405 236 849 164 420 476 963 806 779 930 896 182 0 843 334 691 76 159 1015 516 
398 700 762 20 380 799 774 558 161 633 348 691 79 490 377 588 178 769 609 674 224 778 954 928 850 782 737 896 888 942 636 292 834 803 921 629 977 746 275 861 921 503 236 365 771 685 276 503 269 634 515 869 115 680 617 886 352 953 652 776 877 430 599 153 764 104 215 857 0 842 941 150 535 142 550 
437 330 483 876 825 856 545 285 214 707 818 387 409 595 609 317 270 637 681 307 827 177 374 24 584 579 206 981 125 538 739 589 195 736 532 642 404 984 35 318 751 374 898 918 351 856 420 44 106 22 207 857 407 567 491 882 924 285 601 909 230 500 562 708 921 870 660 338 846 0 205 641 195 397 312 
532 276 296 910 954 930 669 993 711 938 117 266 563 671 999 580 971 541 221 53 474 218 181 497 211 933 317 598 930 538 729 485 951 555 278 849 598 789 680 275 129 280 341 553 819 434 407 775 394 818 140 507 119 45 595 115 298 641 217 940 968 61 223 283 270 582 272 710 926 225 0 409 153 336 218 
343 68 593 727 60 959 713 463 349 142 469 687 428 353 332 942 909 591 881 998 250 558 615 868 252 707 726 580 775 878 179 648 222 779 394 95 554 763 410 685 595 299 752 366 160 61 131 294 727 457 519 880 699 181 515 565 892 330 109 65 946 253 512 621 806 48 742 90 146 637 409 0 441 659 848 
563 701 490 23 986 103 734 417 871 200 796 104 918 934 814 200 321 238 280 667 501 164 97 842 595 754 30 312 991 456 999 347 379 694 569 787 116 560 1000 761 37 143 36 645 435 359 349 63 502 493 127 720 950 298 595 991 478 306 1007 201 625 590 47 50 101 663 36 162 530 197 148 435 0 906 1004 
412 674 445 904 42 119 587 943 142 685 367 962 446 861 25 523 819 636 686 417 916 398 530 88 289 389 86 72 725 258 832 758 979 957 17 954 44 115 749 703 468 827 835 111 514 974 855 990 603 621 538 483 330 989 636 556 420 804 298 10 251 977 355 991 875 155 275 1009 152 395 349 659 917 0 433 
978 674 869 355 314 282 800 385 869 93 700 380 690 472 465 227 103 193 207 195 452 869 759 882 682 801 351 985 104 268 517 953 927 788 488 569 744 634 92 312 898 899 506 106 312 215 786 585 1007 502 566 402 864 245 651 492 655 598 34 708 161 189 684 507 479 897 754 506 534 302 216 850 1004 437 0 

Depot information
2797
2273
2900
1480
2310

Customer information
19
21
16
17
24
24
15
23
18
20
16
19
23
15
15
21
17
15
21
18
21
18
19
22
25
20
15
18
15
23
17
19
18
23
19
18
18
25
25
23
23
22
25
24
16
25
24
20
22
20
25
21
24
25
17
24
19
18
21
19
18
23
17
24
25
22
18
23
18
17
