Seed 123 - Instance: n75m10_0
n 75
m 10
Q 270
L 0
U 1000

0 200 690 444 917 732 727 355 465 569 177 274 723 15 299 875 175 147 717 400 133 450 612 559 307 347 192 945 674 787 894 685 783 459 434 353 91 1005 166 71 597 1002 658 373 750 669 751 891 766 466 735 530 348 258 346 227 409 384 134 369 900 767 480 479 488 728 814 390 688 454 863 39 999 611 743 303 543 727 585 438 446 101 62 553 753 
185 0 658 130 647 76 498 756 691 205 73 517 865 584 177 40 267 166 614 495 118 485 746 947 883 450 723 619 688 475 674 785 443 930 212 360 249 248 824 821 487 294 805 626 206 168 84 524 345 429 872 809 170 107 486 98 38 35 408 712 369 622 565 698 95 376 929 887 441 776 175 332 992 159 214 535 185 473 614 47 944 938 969 712 484 
690 646 0 143 877 226 358 906 914 294 496 370 534 430 714 163 740 862 545 546 394 552 974 498 34 794 211 166 574 183 115 317 464 482 253 171 76 883 776 46 816 538 671 522 322 498 927 823 848 886 440 224 234 917 1006 869 533 159 723 161 398 639 310 563 888 157 219 799 673 248 103 424 90 521 785 144 977 658 674 827 140 208 206 899 473 
444 127 150 0 561 372 991 634 704 430 775 450 242 207 349 26 271 965 207 322 823 341 339 889 477 382 64 625 127 587 693 429 172 701 480 523 947 730 555 109 631 846 826 320 495 991 279 246 190 311 971 539 733 321 566 334 804 730 888 153 703 985 1001 133 163 884 159 441 279 428 291 146 988 216 109 116 475 586 833 326 797 685 472 368 684 
925 648 869 546 0 81 236 786 199 782 741 960 476 368 807 730 220 299 1007 171 927 419 946 66 397 326 789 295 765 893 418 799 895 887 329 283 341 175 947 198 463 261 628 346 20 124 445 717 758 786 384 586 553 851 1005 550 529 645 370 939 240 424 792 261 360 247 256 696 329 677 980 791 171 629 812 358 663 275 684 922 861 302 178 133 108 
734 74 212 373 92 0 964 795 225 629 819 308 408 660 118 183 552 524 457 473 634 603 471 1000 123 66 168 74 969 743 384 706 141 459 944 661 872 602 664 530 126 592 446 808 898 544 26 630 466 146 992 786 953 241 510 311 632 242 55 37 112 663 12 952 750 892 148 481 739 420 402 992 437 477 100 577 108 663 758 292 528 156 747 312 302 
731 510 369 989 245 955 0 259 17 97 858 617 488 598 937 79 614 690 174 962 686 174 200 520 894 563 258 912 70 574 89 352 278 314 898 277 618 226 380 330 588 414 137 502 753 966 845 710 766 69 677 929 542 169 969 355 937 653 485 708 111 1001 298 682 917 537 55 397 987 658 909 168 472 896 973 809 214 183 221 718 381 293 357 950 830 
362 739 887 634 778 802 257 0 332 276 206 101 132 18 802 900 428 39 719 370 333 935 970 377 192 614 227 539 593 173 855 663 894 352 166 512 588 698 839 742 818 533 202 317 170 68 727 876 824 146 71 907 260 623 529 465 395 740 608 398 936 334 937 123 521 354 48 546 912 320 644 571 54 856 762 70 997 209 41 695 868 989 52 278 891 
466 698 916 697 206 235 18 326 0 569 186 58 262 861 557 757 920 612 781 958 886 845 143 522 842 611 81 1008 357 535 68 524 922 984 639 800 716 691 512 237 929 382 494 937 161 421 560 941 851 336 72 46 181 149 261 1012 104 286 30 495 488 641 70 764 927 621 18 584 346 757 343 506 484 986 995 889 565 495 786 31 868 242 369 516 635 
562 204 304 437 772 631 79 274 565 0 531 61 118 108 523 1001 616 564 382 960 908 449 37 436 294 494 773 204 80 399 717 519 492 473 338 593 274 74 64 880 187 237 834 357 406 523 772 548 404 669 779 946 606 808 395 749 706 624 313 401 305 656 278 488 278 901 588 170 517 995 674 723 766 264 124 759 430 264 898 216 995 82 342 748 804 
185 56 495 779 731 805 863 211 194 539 0 921 522 707 240 3 943 166 493 762 620 521 624 948 433 738 461 585 883 198 13 175 791 680 652 551 672 857 701 729 564 37 255 291 68 110 999 608 805 319 959 924 689 296 380 97 425 426 189 317 433 505 202 693 388 26 639 53 132 980 352 149 842 636 937 54 384 60 572 363 298 921 448 765 917 
275 507 365 446 979 299 614 102 57 53 922 0 932 908 100 990 415 596 422 463 640 730 393 865 903 392 1007 563 447 263 33 859 506 495 521 166 861 737 849 764 880 896 465 940 730 594 54 792 594 32 524 893 963 90 863 395 76 947 682 1007 789 902 256 829 116 462 953 962 693 487 739 294 927 902 945 842 189 130 491 582 185 257 99 525 264 
721 869 551 235 486 415 471 131 270 130 523 932 0 71 364 249 281 434 391 311 830 556 469 963 325 532 453 962 833 649 396 401 488 792 705 83 694 369 157 965 809 373 814 199 399 541 895 350 174 163 298 658 360 900 211 808 708 339 878 959 36 620 118 269 265 842 906 104 186 349 832 651 601 929 35 219 912 832 405 176 776 495 758 438 243 
26 577 424 214 382 675 597 18 880 109 703 898 82 0 353 938 1018 420 27 147 308 385 717 813 195 352 48 973 321 154 372 554 849 844 284 213 398 955 345 304 807 127 104 994 127 937 594 689 665 904 123 591 932 595 372 371 965 351 614 788 548 151 781 822 785 681 917 694 173 114 138 659 877 747 205 590 209 999 637 294 107 376 927 789 439 
302 191 703 356 816 115 931 793 562 518 237 98 358 359 0 719 792 331 405 249 381 60 381 780 908 903 903 716 699 128 24 445 830 886 304 596 485 830 112 821 763 605 289 712 621 33 264 731 87 553 787 627 676 506 939 984 986 316 499 972 863 755 228 532 261 732 502 290 948 336 159 815 433 206 351 412 272 806 990 660 534 124 101 578 816 
891 47 161 32 737 181 80 909 776 988 23 989 253 939 729 0 793 392 631 21 534 824 974 346 85 663 187 931 217 384 607 29 65 225 944 641 931 876 453 85 1003 750 195 925 374 286 758 618 349 262 424 618 514 96 1001 921 110 153 65 815 342 717 1014 856 423 979 906 815 277 846 391 946 729 522 611 300 687 359 69 70 665 766 841 556 229 
183 266 746 274 219 564 615 432 912 616 936 414 288 1000 793 793 0 702 705 372 750 174 65 375 88 236 420 705 197 18 243 547 21 220 789 64 794 74 1003 563 150 742 549 799 173 763 57 563 466 882 390 865 834 68 649 599 259 630 592 316 969 302 349 196 915 977 624 731 385 576 775 558 189 259 70 453 933 700 368 106 984 491 453 784 942 
143 170 856 971 312 524 703 46 610 580 168 595 440 421 343 393 712 0 12 869 317 367 776 1012 217 448 366 421 730 443 891 743 27 522 525 756 802 953 53 321 62 439 269 29 34 902 532 575 372 982 908 937 587 850 640 735 911 378 467 395 966 838 638 903 875 104 640 181 34 261 635 488 218 510 626 65 70 748 966 164 365 154 334 787 604 
711 620 560 224 1012 467 186 719 781 383 496 424 400 15 421 648 690 5 0 987 154 189 736 988 83 677 820 589 414 704 483 537 551 507 846 110 974 935 602 512 125 518 363 404 21 990 903 75 838 411 402 812 127 158 414 903 781 835 316 961 597 128 99 675 987 713 342 936 535 910 420 814 780 349 673 99 768 895 593 26 243 367 307 997 34 
406 493 547 330 169 457 945 364 962 945 749 456 308 161 243 21 368 874 995 0 718 36 411 234 329 877 450 329 833 226 634 804 256 896 659 212 1001 678 16 198 846 673 125 564 831 119 1001 244 191 118 856 383 421 578 714 934 249 514 346 479 826 921 419 814 174 773 496 553 856 388 756 649 946 398 478 812 206 112 233 42 313 286 448 221 877 
140 112 398 816 932 635 683 332 876 897 636 626 817 309 396 547 751 327 148 733 0 334 192 238 378 921 832 916 557 300 953 750 314 623 529 975 234 462 172 66 960 165 914 414 340 660 580 916 564 412 588 240 956 161 707 480 253 503 333 803 592 461 10 225 257 516 102 418 472 848 872 1002 177 187 910 455 792 729 431 747 997 207 258 533 963 
441 487 551 339 415 613 175 933 854 432 510 722 559 389 63 821 172 348 173 52 341 0 190 865 557 445 38 403 252 614 777 533 638 562 150 667 696 8 325 163 446 360 367 539 357 646 318 34 385 693 118 981 499 787 929 696 174 882 597 59 878 396 735 440 744 269 890 244 996 834 372 803 400 17 177 404 992 563 521 557 359 671 94 222 104 
603 748 965 333 943 473 213 960 143 42 634 399 470 704 391 962 74 758 746 426 183 193 0 684 210 360 309 589 191 989 108 369 722 925 517 933 911 794 950 110 561 454 967 817 764 855 697 303 303 782 119 572 258 754 729 859 194 89 857 920 478 301 101 313 670 988 347 834 848 402 606 271 836 313 631 951 784 638 299 604 860 516 398 834 443 
566 957 498 898 65 1007 521 390 513 437 938 862 969 830 789 332 375 1010 983 235 249 867 673 0 982 418 831 70 228 375 982 122 505 975 309 53 793 771 740 267 917 699 764 920 13 997 599 853 711 184 468 875 813 404 662 416 155 657 40 956 391 902 176 593 718 144 818 902 256 199 681 207 786 851 578 599 344 947 173 89 240 243 954 122 139 
300 876 27 466 403 131 893 201 851 292 438 904 315 200 904 78 80 218 78 336 392 544 226 981 0 403 340 123 981 224 702 661 748 407 54 768 457 922 137 419 155 322 359 262 22 253 818 281 933 711 804 93 47 302 955 374 450 87 530 729 912 119 40 495 183 912 804 840 621 617 281 190 374 531 804 679 70 398 135 448 210 434 295 96 422 
352 441 798 373 322 57 565 597 609 505 749 407 514 341 907 654 244 432 676 879 933 443 369 417 407 0 834 547 836 868 63 668 742 243 94 755 32 966 531 810 835 504 142 491 753 204 771 509 525 929 776 148 594 147 496 765 678 901 462 980 308 100 825 703 844 148 282 456 463 328 576 67 29 980 416 575 664 969 855 534 446 748 446 73 84 
184 719 223 60 785 162 259 222 80 781 444 999 458 35 907 177 405 360 826 445 823 27 296 835 345 833 0 578 31 948 999 17 175 310 914 634 909 292 393 447 751 761 38 243 675 37 661 297 753 647 764 140 301 970 465 465 755 233 353 940 195 219 576 864 525 610 455 441 93 880 590 221 869 841 341 911 699 90 734 223 601 623 136 297 424 
944 630 171 636 283 76 908 529 996 213 594 558 975 982 706 933 708 428 588 323 907 416 585 62 114 530 587 0 842 290 39 446 290 703 9 607 61 484 223 920 873 135 170 605 1007 476 587 380 815 196 772 18 877 852 406 881 40 503 403 190 562 440 977 553 765 873 93 685 878 761 246 787 319 139 208 90 274 933 535 281 294 557 360 575 651 
669 691 574 141 756 953 60 592 368 81 875 440 833 326 699 209 184 743 398 832 564 236 187 215 985 840 32 839 0 26 967 512 533 201 158 366 612 477 379 808 372 544 832 963 399 731 700 426 426 415 258 213 586 831 489 647 980 488 98 586 643 260 204 891 687 205 609 933 46 552 354 959 75 953 38 484 782 880 642 484 739 353 155 777 530 
779 479 184 591 890 742 571 160 543 396 184 266 646 159 122 378 10 461 699 229 285 614 990 365 229 865 949 278 12 0 374 463 196 386 904 243 283 787 928 891 767 21 943 45 393 296 992 445 349 644 561 500 479 231 363 126 382 148 408 519 22 821 966 446 920 236 823 770 874 913 61 71 389 756 730 279 680 148 956 690 526 614 311 564 1000 
893 681 120 688 398 365 81 846 76 703 12 42 406 364 15 623 251 901 485 640 939 769 96 996 693 55 987 34 971 367 0 847 489 719 303 509 676 99 902 477 943 808 970 818 685 369 302 713 80 681 358 998 427 108 591 501 581 777 844 811 124 476 57 709 233 382 380 775 907 874 878 224 467 390 281 457 38 822 893 99 584 897 893 378 691 
691 786 310 430 793 705 354 652 519 523 169 859 381 561 446 27 558 731 551 800 770 526 361 123 663 675 16 438 521 466 847 0 416 91 290 722 274 611 506 75 368 730 473 227 69 873 712 685 165 993 710 853 818 282 75 650 967 292 699 671 701 755 859 668 355 89 120 932 912 401 864 552 787 172 610 536 774 211 346 307 130 787 513 46 791 
784 459 447 167 898 141 279 902 912 475 799 508 478 857 840 70 21 27 548 250 329 629 716 514 755 742 193 276 530 186 492 430 0 886 727 487 354 103 298 83 440 678 540 821 807 171 75 989 415 96 452 189 904 679 747 46 125 221 362 527 625 552 66 15 246 318 26 322 560 61 337 488 602 910 432 682 667 239 329 369 837 235 965 600 90 
462 931 490 710 874 465 311 370 965 458 664 503 787 845 897 217 213 538 516 889 636 558 908 969 402 246 309 704 202 386 712 106 893 0 683 94 547 709 26 970 889 231 851 842 933 656 37 87 577 459 596 511 423 566 551 430 287 262 622 514 925 842 443 415 482 522 980 980 909 165 147 16 89 49 290 434 863 569 778 939 965 17 648 793 921 
437 213 248 473 344 960 892 165 632 354 672 504 696 279 314 951 791 522 845 679 535 154 515 296 47 80 905 7 173 898 291 290 729 686 0 899 151 742 383 54 848 484 96 450 565 271 645 468 700 547 985 840 30 766 940 239 439 918 138 146 192 525 59 785 96 994 199 295 384 299 509 832 674 703 808 740 35 105 829 778 449 581 153 273 67 
349 348 168 508 285 668 282 518 794 603 537 183 91 213 578 641 53 745 96 200 980 653 931 54 763 755 646 600 381 250 503 727 497 93 897 0 218 66 59 102 292 558 346 335 368 781 185 342 922 831 89 705 295 573 700 39 145 293 399 448 920 247 497 755 61 865 716 204 321 776 903 759 555 553 622 645 412 463 302 567 632 684 579 268 882 
76 251 84 939 342 878 623 601 714 269 670 869 697 379 488 922 800 810 979 993 233 715 896 793 447 28 902 46 599 280 686 267 350 534 168 210 0 151 769 551 951 861 528 616 188 242 399 282 833 48 713 951 340 269 339 426 959 337 486 244 672 897 745 19 177 393 615 786 883 815 903 567 770 81 10 658 805 483 757 698 859 837 68 363 805 
1006 250 870 746 182 611 213 705 690 69 873 732 365 951 829 890 85 968 945 679 466 24 786 788 937 970 300 477 483 788 101 593 107 706 743 51 158 0 401 780 948 778 41 11 45 504 299 736 50 515 611 543 213 717 207 416 955 970 596 427 821 576 552 718 796 868 249 755 999 155 59 337 50 129 32 657 699 107 112 864 28 739 260 848 769 
167 830 767 549 935 679 399 833 513 67 695 838 142 350 111 433 996 47 598 19 182 317 944 728 130 538 403 219 370 932 894 516 306 22 388 60 759 416 0 151 233 188 300 961 663 518 265 351 697 67 354 700 347 821 560 196 936 496 638 802 130 675 582 134 149 236 56 463 850 973 652 776 852 408 365 1011 465 103 167 393 912 266 603 944 467 
60 833 33 123 193 534 326 759 241 884 717 774 951 300 831 85 562 330 515 209 68 174 114 268 425 806 445 921 802 898 463 78 78 985 54 99 554 781 160 0 6 285 665 26 57 708 905 871 824 197 968 681 824 74 945 267 498 973 109 497 787 760 79 565 1000 311 497 688 399 107 368 759 709 689 138 593 1008 223 907 568 757 684 215 603 879 
586 503 817 632 462 119 594 813 913 186 547 881 805 813 749 1015 152 64 128 849 962 444 557 927 165 831 741 856 377 772 936 374 435 891 828 287 962 945 246 6 0 374 57 948 615 790 229 235 853 379 592 800 123 485 589 51 154 489 160 696 833 660 110 100 359 791 140 646 228 6 939 989 225 467 639 849 263 575 675 702 669 842 55 639 549 
999 280 523 852 247 592 406 548 396 233 45 905 362 122 608 756 750 439 509 672 178 353 452 684 317 520 757 143 540 21 824 741 669 234 485 552 845 772 188 286 370 0 799 891 287 406 662 496 493 464 390 942 738 685 613 54 629 919 447 431 820 674 357 941 551 392 524 544 683 323 309 35 472 618 497 998 187 614 94 206 847 338 739 523 400 
655 806 669 837 624 462 138 203 490 826 263 452 810 113 301 187 552 272 356 123 929 370 972 761 358 146 29 150 831 955 972 479 536 849 95 343 527 42 287 646 70 805 0 590 501 495 845 135 52 735 592 959 313 52 890 306 635 301 907 260 997 340 979 68 606 685 117 283 21 477 931 159 591 657 990 761 517 17 353 273 834 85 536 714 112 
372 615 523 320 334 801 498 326 922 346 289 933 196 999 706 915 803 21 416 557 404 542 814 916 269 484 234 604 946 53 821 229 824 828 461 330 620 30 970 20 950 885 581 0 95 514 3 248 108 378 692 378 333 833 923 622 279 589 615 440 156 783 901 536 496 137 592 434 157 232 113 339 172 890 376 779 178 941 282 660 893 176 945 690 780 
741 194 322 506 28 887 759 167 156 409 74 716 395 142 612 365 165 39 30 820 342 353 765 7 35 766 674 996 384 398 678 83 802 929 578 368 189 39 657 44 609 279 489 93 0 562 636 443 516 334 351 525 96 418 467 214 978 419 21 158 885 24 626 165 963 334 815 584 765 944 644 570 601 345 235 366 759 672 972 728 124 643 195 741 898 
672 181 485 1003 136 527 978 66 418 521 113 605 538 936 46 295 758 910 980 112 669 652 847 1002 244 212 37 474 731 309 369 863 153 653 257 787 234 510 520 706 789 396 489 522 576 0 908 251 184 555 713 349 383 374 268 45 195 99 693 492 463 169 193 954 796 429 303 54 866 714 902 482 302 457 32 134 644 864 219 632 500 160 399 923 165 
756 71 934 274 454 19 847 730 564 763 985 54 888 587 269 741 46 513 916 1000 581 321 694 614 813 770 656 581 702 1002 291 711 88 52 638 169 406 297 253 903 217 646 845 19 635 898 0 522 259 932 166 790 335 745 49 177 38 913 753 649 907 979 361 177 450 447 941 465 891 999 578 887 819 275 341 200 988 26 693 193 138 216 268 821 524 
884 518 822 248 729 627 714 878 947 552 602 784 356 699 738 609 565 557 77 225 923 41 303 850 285 516 294 366 406 445 705 682 998 83 477 349 285 743 363 865 235 494 144 246 454 268 508 0 382 953 806 255 122 903 263 774 361 65 339 793 433 241 397 267 921 588 190 522 655 30 988 723 517 445 732 574 183 977 629 257 768 68 902 842 296 
765 339 855 178 759 469 764 823 843 398 809 610 179 669 82 348 474 372 840 181 566 396 286 718 932 511 751 809 427 344 82 177 417 567 702 911 844 59 691 835 843 489 35 113 508 173 267 378 0 242 170 626 60 940 601 306 917 862 431 476 700 829 767 19 388 447 327 509 88 495 275 747 556 955 904 951 211 13 446 32 815 88 509 935 651 
455 433 898 312 779 159 73 130 334 673 318 33 165 905 558 252 889 985 406 115 420 690 784 184 719 915 633 200 422 649 672 1001 94 469 531 840 55 508 59 193 379 458 718 372 340 569 943 940 233 0 660 392 564 829 467 32 805 921 390 555 639 807 575 21 563 191 921 679 756 558 233 501 910 709 268 881 128 41 225 76 649 879 567 719 934 
742 863 434 958 374 987 684 84 74 767 960 515 309 138 768 420 390 902 402 851 582 123 119 466 811 772 767 764 256 551 359 721 449 580 972 88 695 599 345 955 578 400 609 700 336 716 168 815 166 657 0 154 541 992 935 93 139 265 187 619 298 845 303 130 616 800 231 44 31 945 223 695 679 517 510 26 665 843 402 705 659 88 685 191 758 
526 814 227 527 598 776 929 901 62 943 918 878 652 595 628 604 881 951 800 381 246 997 561 873 88 150 143 28 208 504 981 857 189 507 833 715 961 555 700 666 816 932 961 364 529 357 792 244 638 382 144 0 483 694 473 661 575 658 973 834 296 823 174 852 783 502 860 838 61 842 255 879 145 375 43 525 347 824 392 403 755 471 922 355 78 
358 161 232 724 570 957 542 261 174 621 697 980 367 923 686 531 840 583 128 416 951 481 253 821 60 575 300 861 594 468 444 810 900 432 26 281 344 227 359 820 118 720 314 325 91 371 330 128 63 561 549 494 0 316 69 827 57 407 849 665 484 208 122 933 875 261 389 368 198 532 395 895 249 701 143 714 928 517 833 869 534 562 877 292 533 
255 119 922 313 861 253 170 621 139 807 292 82 902 605 505 106 78 838 139 569 149 802 755 408 298 149 977 852 830 230 94 274 685 548 756 569 268 719 818 83 485 678 52 845 418 382 746 910 942 830 988 701 320 0 177 263 662 337 857 94 543 899 105 548 607 599 493 324 43 114 503 398 722 125 622 175 999 165 522 279 675 227 921 887 623 
346 477 987 572 1004 523 967 537 260 388 379 881 225 381 946 1012 655 635 419 722 711 926 742 668 969 503 462 387 484 359 590 77 737 556 937 696 353 199 577 950 596 596 881 921 473 251 49 255 593 465 933 477 72 169 0 221 483 774 127 971 817 426 600 721 374 850 752 867 46 907 556 522 754 957 859 78 630 479 759 65 823 881 841 50 885 
224 110 876 323 541 312 351 472 1000 746 106 401 806 387 989 905 596 735 904 944 487 696 859 425 374 762 462 874 661 128 503 654 43 432 224 23 425 414 194 264 51 63 320 625 196 59 175 782 295 29 91 677 824 268 225 0 939 19 398 543 430 175 494 20 540 942 897 442 935 1001 247 558 842 898 734 910 65 805 784 751 388 683 731 403 469 
402 54 531 813 520 627 938 401 115 692 414 78 721 960 1004 110 271 915 789 258 258 185 186 158 450 686 755 40 973 373 581 967 122 298 430 163 952 962 949 500 144 634 636 272 989 193 46 363 915 796 127 578 57 664 498 949 0 220 896 440 378 448 187 523 807 178 765 153 663 444 527 423 434 189 624 905 969 729 921 133 463 788 167 214 290 
393 39 164 712 635 255 650 733 271 619 424 936 346 339 321 151 628 381 828 505 496 884 79 657 85 893 231 511 503 147 769 283 209 262 934 288 351 977 483 988 483 916 308 584 418 97 921 55 867 903 260 658 425 338 768 19 235 0 711 415 613 470 881 596 587 790 219 335 66 249 289 215 577 515 772 392 544 115 269 963 586 365 385 632 661 
126 390 720 896 380 70 481 610 31 328 178 689 874 610 506 73 594 470 319 332 319 596 863 43 522 454 355 398 111 418 851 696 369 624 146 387 488 594 640 104 155 449 924 612 30 689 760 323 440 390 169 968 835 861 139 400 911 712 0 647 762 894 310 365 994 946 77 910 132 597 609 211 704 744 686 588 656 373 1015 808 795 352 542 624 783 
368 723 162 162 952 33 708 393 491 408 304 1014 940 785 968 802 311 386 956 472 806 59 928 955 736 976 940 192 585 511 814 670 514 514 164 439 229 432 809 484 711 418 252 447 156 495 649 796 482 560 618 828 660 93 973 544 453 413 641 0 616 974 565 190 457 468 1010 287 749 57 150 630 732 140 210 531 910 592 931 607 296 961 665 178 18 
906 369 394 693 250 128 109 940 496 315 439 792 34 550 867 341 967 970 598 817 605 884 490 399 930 312 191 553 650 30 114 710 616 919 194 933 679 822 138 773 827 840 979 167 900 467 903 413 689 625 289 285 494 551 820 441 377 604 766 624 0 408 363 993 285 94 430 741 748 460 227 937 610 8 263 635 308 731 800 569 173 745 550 84 561 
764 622 643 978 433 659 988 332 645 671 494 895 611 156 746 714 297 831 128 909 459 395 299 903 117 101 216 450 256 823 469 755 547 842 518 247 903 573 691 770 645 675 334 787 30 163 966 232 832 806 854 818 218 907 434 162 439 459 893 969 402 0 151 719 319 564 164 577 78 493 778 854 221 234 737 655 435 125 804 941 203 659 185 134 437 
489 551 315 995 794 27 286 947 64 272 214 251 127 776 221 1010 336 632 98 421 16 725 95 175 40 826 564 980 205 970 56 843 81 460 71 504 736 557 590 68 113 346 971 898 614 191 363 386 768 566 292 174 125 103 606 499 182 873 312 573 376 135 0 112 281 63 467 274 120 556 982 853 849 31 584 727 816 496 336 826 403 745 91 441 404 
464 706 569 117 260 941 684 117 773 492 698 831 283 825 539 872 195 899 663 816 219 438 314 580 507 718 852 567 886 436 700 671 17 410 791 752 18 719 130 561 100 948 67 523 153 939 160 276 28 23 131 849 947 565 713 22 517 603 368 199 1005 715 122 0 513 249 226 166 946 699 616 458 92 859 356 528 119 397 917 27 378 738 741 612 390 
493 92 895 148 360 742 907 524 922 281 376 106 265 785 243 418 931 878 989 165 241 750 669 719 195 843 531 773 679 908 222 347 227 473 92 61 193 803 138 1002 360 550 599 493 947 778 457 930 379 570 627 781 869 610 373 553 813 569 1011 442 292 327 273 513 0 863 560 914 426 92 608 553 487 143 643 290 804 96 389 367 46 218 1011 459 791 
735 377 167 883 242 892 547 355 627 894 11 449 845 673 719 965 970 104 730 780 512 267 986 144 904 154 607 870 208 234 368 97 336 505 1002 856 404 870 228 311 782 384 687 146 335 427 449 591 440 173 789 517 269 600 856 936 164 779 946 475 83 571 61 261 859 0 169 837 523 23 160 876 520 404 443 540 978 329 217 604 212 352 927 948 982 
806 943 224 154 268 165 57 36 22 581 636 963 910 927 486 891 621 636 350 482 113 890 347 809 816 281 439 93 603 822 385 126 35 981 186 727 617 235 55 511 143 523 101 584 813 311 956 175 329 911 232 861 382 497 753 888 771 216 74 994 434 158 467 227 554 178 0 188 834 984 592 869 556 497 490 650 928 749 465 848 212 381 252 400 502 
407 876 790 432 695 487 408 565 580 176 59 960 106 707 280 819 743 165 917 555 420 231 832 894 849 453 448 667 947 781 777 947 326 990 299 189 772 736 466 691 632 541 298 441 569 74 464 531 517 689 46 837 369 324 857 462 143 339 922 285 736 569 275 154 925 832 188 0 690 35 198 891 797 141 734 957 692 37 383 141 804 752 649 257 515 
685 453 676 292 315 735 971 913 332 517 138 704 174 169 959 277 380 28 532 862 470 996 841 263 623 476 90 888 63 893 909 922 558 911 401 340 875 996 843 384 241 680 10 167 757 856 888 672 86 762 38 55 217 40 52 938 658 60 128 757 745 85 126 938 432 532 848 676 0 542 714 214 911 761 220 803 291 21 247 143 234 94 98 88 351 
454 780 238 436 679 409 648 305 756 1001 991 483 361 123 319 850 569 256 909 391 859 835 402 201 615 338 876 753 547 926 884 402 47 166 308 774 819 148 965 120 5 324 479 236 945 718 982 24 487 577 955 849 537 115 900 1011 432 257 605 54 449 501 551 709 81 38 989 39 533 0 973 856 282 258 84 223 759 255 590 100 391 693 547 380 665 
873 177 107 299 984 405 916 647 340 656 351 758 833 144 149 375 785 634 406 746 885 382 609 690 278 580 606 240 353 71 889 863 341 146 514 907 898 61 648 365 949 291 942 120 646 910 571 982 271 235 226 236 388 522 540 248 539 288 606 155 217 771 985 610 608 156 590 203 710 966 0 121 777 290 642 607 282 574 984 578 48 991 443 666 633 
26 337 422 134 782 989 181 567 518 730 137 294 645 651 815 942 565 490 814 656 1004 803 278 198 182 63 205 791 947 71 225 547 471 21 838 770 551 333 783 755 993 40 176 343 571 484 885 716 765 514 701 873 896 400 528 566 440 209 206 641 955 871 865 454 569 879 868 904 212 871 121 0 820 453 91 764 601 191 926 996 351 204 274 83 388 
995 1000 76 971 164 442 454 63 492 775 857 925 605 872 435 740 174 208 765 946 192 382 842 790 374 47 863 328 55 408 460 783 605 87 673 563 758 54 843 710 230 472 584 175 586 300 807 510 559 916 684 141 247 731 768 842 416 580 713 731 619 213 838 75 478 512 543 794 906 285 791 825 0 942 251 574 969 902 337 963 261 603 728 533 657 
592 168 522 226 631 463 888 864 988 250 638 892 937 741 206 526 251 494 334 406 188 16 321 856 524 984 843 139 960 750 391 159 908 44 707 555 76 127 409 689 472 618 677 893 346 462 259 455 950 701 526 364 711 127 969 915 178 516 730 154 25 228 30 864 127 421 508 153 756 256 289 441 957 0 72 418 754 763 816 234 858 243 170 165 25 
728 216 785 113 801 115 976 764 994 106 944 930 47 192 354 622 83 618 665 476 909 185 629 591 791 413 342 197 43 727 289 612 434 287 811 622 24 31 352 137 635 497 996 382 234 35 345 724 903 261 502 42 140 609 856 731 623 786 688 208 268 725 582 340 645 443 499 732 206 84 640 107 256 67 0 357 494 119 661 46 572 208 678 461 973 
289 547 149 120 345 573 808 78 881 750 47 844 215 587 416 288 446 65 95 815 474 405 953 606 682 568 892 97 486 271 456 540 678 434 750 651 649 648 991 580 836 989 761 766 368 121 200 561 951 898 28 510 714 177 92 923 899 397 595 534 643 661 741 529 293 542 652 958 820 221 601 771 589 405 350 0 267 145 590 255 233 63 260 693 891 
546 185 974 475 660 109 213 1006 579 421 380 196 902 198 268 694 939 64 751 203 796 992 783 343 69 667 709 275 780 669 25 783 654 856 40 416 802 696 458 1017 258 203 511 178 747 653 1004 166 200 128 661 346 944 997 631 55 976 546 667 908 302 439 809 123 806 977 942 689 292 751 280 589 971 753 484 277 0 768 38 228 63 387 478 492 545 
743 485 655 578 264 668 182 211 480 268 62 133 832 998 803 358 716 747 897 124 724 567 647 934 418 956 86 929 869 149 813 209 252 569 89 467 479 105 92 211 587 611 22 936 679 865 32 984 21 42 831 816 512 164 473 794 713 96 385 580 723 133 485 386 98 320 745 25 13 258 577 200 893 769 112 142 771 0 843 856 986 653 754 330 292 
599 611 693 834 667 754 221 26 792 909 586 493 413 641 996 50 367 962 603 230 437 513 291 174 132 859 737 534 641 960 886 350 331 775 820 307 744 101 164 903 677 95 352 291 966 235 692 631 458 224 399 377 828 516 758 786 935 255 998 918 806 795 338 916 391 211 459 385 239 573 991 932 338 813 652 594 43 844 0 319 232 695 182 111 154 
431 39 828 324 933 291 719 680 27 216 370 574 190 288 662 79 105 153 14 54 748 548 606 102 462 531 224 292 469 673 103 296 366 943 785 557 681 857 380 557 721 207 276 672 723 627 198 263 23 66 720 415 873 292 80 755 123 956 802 613 583 940 836 26 362 616 848 144 151 91 584 980 954 243 57 259 236 845 317 0 829 637 227 593 803 
455 956 139 802 861 522 391 860 857 1010 301 192 771 94 527 684 980 369 254 305 1002 352 862 247 210 443 615 304 739 531 576 121 835 973 457 623 843 21 918 757 666 855 853 904 133 492 135 759 816 662 668 760 548 669 838 390 475 586 798 302 175 212 405 368 40 211 203 803 236 391 57 333 269 853 570 249 50 1004 228 816 0 499 216 470 481 
100 922 203 692 317 153 293 993 237 84 916 253 496 374 116 770 483 154 363 289 203 669 516 232 419 744 620 573 360 610 916 794 254 31 576 690 819 726 258 696 849 329 91 187 659 150 224 60 97 877 106 477 578 226 897 665 777 357 340 961 745 655 746 732 211 360 380 770 82 704 996 208 595 226 201 77 387 652 698 641 485 0 220 489 177 
49 956 197 478 195 757 360 55 364 344 442 109 741 941 100 842 468 329 297 456 255 95 379 958 299 448 143 357 143 307 888 513 967 632 152 576 55 252 593 209 54 742 540 940 208 392 267 886 500 559 693 929 877 913 832 739 184 373 558 665 544 188 88 742 1007 926 235 646 85 537 447 283 718 172 672 271 477 760 195 234 210 226 0 19 108 
550 697 906 366 141 310 963 288 519 750 772 522 432 800 581 554 793 782 1010 218 535 225 837 118 99 76 302 574 775 568 379 43 610 786 264 254 374 848 946 615 634 531 705 698 740 923 812 833 941 717 182 351 289 873 62 404 203 632 618 175 90 119 433 613 461 951 406 270 100 383 661 77 536 165 464 700 497 339 100 610 476 479 10 0 428 
754 502 462 674 110 305 821 904 653 788 935 261 239 453 827 217 958 591 26 863 975 102 450 133 411 86 406 646 524 1013 698 789 90 909 73 891 819 762 463 863 550 407 116 789 903 164 515 281 666 938 749 82 515 622 895 469 275 658 788 2 550 454 404 394 775 985 498 517 350 666 626 400 660 19 959 883 527 301 157 807 471 172 99 426 0 

Depot information
1210
605
1000
2989
1339
2502
733
666
1183
527

Customer information
17
19
17
15
24
18
22
20
21
21
21
19
21
24
23
16
19
24
21
23
16
20
15
25
21
15
24
16
21
22
25
18
17
21
21
16
20
21
25
21
16
22
19
19
22
22
16
20
21
17
16
21
15
20
18
21
21
17
20
16
15
21
16
19
20
21
22
22
16
24
18
21
16
15
20
