Seed 123 - Instance: n75m5_1
n 75
m 5
Q 205
L 0
U 1000

0 254 678 338 924 851 342 366 341 703 914 296 256 952 910 311 594 915 264 342 969 701 311 806 689 456 540 306 288 308 624 933 114 290 188 484 99 789 488 395 654 180 278 99 785 936 700 221 436 763 634 204 335 510 807 281 938 806 868 690 283 1001 344 767 561 1001 1006 332 88 563 937 554 270 158 384 982 739 397 364 872 
263 0 170 128 986 152 636 914 398 297 133 504 325 993 714 259 412 498 703 754 736 402 744 484 802 183 734 183 652 85 412 23 517 738 424 211 17 729 287 472 623 396 18 995 538 479 391 639 17 956 475 764 536 940 682 979 785 894 819 784 565 595 906 698 313 17 249 986 212 735 692 759 274 440 170 949 823 878 812 756 
684 170 0 465 955 1007 958 467 323 295 423 810 205 419 700 664 913 183 411 126 553 817 575 164 487 614 967 178 679 752 740 235 537 822 402 592 269 791 380 177 721 614 612 783 410 591 146 772 123 570 572 136 535 149 977 198 547 998 993 182 353 588 403 94 128 432 471 737 702 557 581 562 829 883 425 298 530 217 564 564 
340 128 473 0 653 619 574 300 450 920 959 279 444 567 606 432 378 756 536 195 792 238 165 714 566 456 32 139 832 543 343 408 743 675 152 827 808 795 657 736 651 789 59 99 679 911 276 357 727 991 338 568 718 499 725 327 590 427 723 101 94 172 520 294 84 218 621 536 547 419 415 516 794 388 692 191 252 837 878 770 
913 985 950 650 0 697 541 765 68 477 532 1011 171 743 128 988 488 542 367 57 519 721 223 449 465 576 675 443 899 151 465 759 66 34 515 222 279 53 398 568 318 891 808 461 835 855 526 12 57 87 139 146 336 421 737 21 220 777 205 890 643 120 786 145 483 195 422 131 367 888 382 759 721 598 778 168 829 725 376 469 
843 163 1010 621 696 0 478 705 518 804 871 965 799 877 166 585 380 786 668 802 969 183 130 588 264 991 158 217 261 424 142 489 802 18 705 12 138 313 910 275 700 474 665 831 250 669 416 346 527 745 995 610 779 140 715 955 326 454 212 854 890 60 125 229 172 259 522 761 724 71 59 549 753 491 567 88 171 591 740 960 
341 648 953 568 542 481 0 37 831 86 527 187 37 291 273 712 714 791 100 636 968 92 834 476 801 480 884 285 156 646 149 55 632 746 661 706 377 184 625 854 798 325 738 787 354 358 649 625 907 111 958 182 220 815 798 379 88 214 622 968 630 419 217 539 906 472 520 894 937 465 242 112 812 655 902 346 507 947 933 539 
373 918 470 303 756 707 49 0 288 71 829 77 380 475 214 141 693 201 697 222 99 448 996 463 382 728 614 385 982 227 208 750 970 637 80 580 36 422 437 206 898 181 631 813 683 181 238 793 903 147 82 416 398 849 411 960 319 108 347 500 394 255 259 645 689 508 770 810 148 665 51 90 421 150 544 822 645 81 810 130 
337 404 304 455 68 505 821 304 0 89 617 289 743 651 826 107 368 795 839 220 634 471 823 730 881 407 685 488 419 897 506 59 812 128 584 26 713 896 243 835 451 695 849 553 516 466 908 181 880 199 184 597 945 599 853 535 378 815 826 605 84 218 643 614 691 437 489 161 880 425 142 592 323 834 935 804 493 811 701 221 
709 287 282 922 491 804 88 61 83 0 211 156 938 561 88 615 354 185 601 871 630 836 774 320 83 231 863 222 469 655 969 815 774 520 12 499 329 501 105 366 994 954 695 248 67 858 430 820 369 951 414 517 582 66 170 781 984 729 202 469 343 143 718 225 83 776 197 905 702 865 468 125 409 35 404 532 196 267 918 363 
913 118 436 948 536 871 542 814 629 210 0 839 533 814 770 323 835 204 959 250 55 921 49 767 24 171 56 132 211 456 434 346 663 953 637 818 484 593 929 970 651 732 1013 856 11 408 940 844 728 267 228 656 684 833 589 970 330 881 850 197 152 318 997 619 361 835 523 704 586 836 759 712 381 362 653 334 855 354 1002 137 
302 499 797 279 1009 951 185 70 295 150 837 0 676 759 721 236 925 987 378 329 758 442 383 937 118 763 349 508 352 591 783 100 979 755 933 453 850 764 364 18 689 825 459 919 338 649 489 763 963 905 97 284 694 980 633 912 845 624 959 232 280 694 264 5 739 787 477 325 264 436 713 335 971 790 951 907 757 804 428 890 
245 328 212 457 179 796 22 380 748 926 552 686 0 619 823 728 312 483 369 833 114 311 487 773 342 54 940 534 796 502 608 758 902 803 212 998 73 690 312 575 38 801 185 330 756 655 904 48 381 999 799 868 190 730 57 321 973 871 39 541 946 863 949 229 422 421 141 135 163 85 294 293 488 198 985 376 427 226 394 201 
952 990 417 573 762 878 285 466 655 567 818 743 610 0 1005 874 77 656 44 457 825 159 909 33 124 182 653 712 511 285 510 883 416 908 419 396 726 752 80 67 926 522 599 363 322 145 585 444 244 32 795 383 783 768 893 260 483 904 326 167 613 1004 506 170 389 775 22 690 31 360 756 825 608 113 357 701 54 65 658 933 
900 707 711 609 117 159 268 215 823 82 770 718 812 992 0 508 483 877 44 823 729 227 499 487 777 135 120 987 832 611 396 386 960 613 918 692 1015 417 770 741 505 501 457 164 69 53 136 428 397 509 443 290 41 719 98 634 795 521 985 362 723 264 605 444 406 425 513 266 690 809 139 49 884 532 923 251 440 767 402 642 
305 256 673 433 1002 603 696 150 104 623 341 220 725 870 491 0 21 994 388 106 600 196 136 323 201 693 844 77 830 252 533 374 341 1009 151 135 840 571 542 522 738 918 891 544 616 514 746 961 954 865 344 278 668 365 831 34 768 954 783 401 111 237 150 599 680 610 843 329 334 884 275 962 340 264 945 34 681 379 111 748 
595 414 924 391 488 366 707 686 365 355 842 929 313 64 470 7 0 679 257 380 440 263 161 858 736 259 818 240 499 649 453 549 617 435 734 433 455 1001 634 850 477 530 690 895 216 521 420 999 674 107 565 298 582 266 138 980 767 164 730 74 43 452 793 535 208 1009 952 812 204 340 396 902 936 267 707 879 355 885 773 267 
895 500 171 758 538 779 799 213 806 188 208 968 491 657 873 981 685 0 62 661 795 475 477 571 210 238 892 901 151 129 581 385 298 569 310 985 552 682 538 613 97 233 105 721 331 768 337 432 723 939 311 308 1000 606 136 187 842 144 64 916 414 272 70 649 630 394 395 147 860 288 661 740 954 365 792 885 241 236 244 611 
268 707 429 526 387 667 116 680 848 584 946 378 374 37 39 373 253 47 0 676 142 784 167 178 925 768 443 954 851 512 157 282 884 461 626 285 968 112 869 180 69 374 31 999 9 960 1003 1007 554 73 548 497 316 780 882 606 611 243 375 110 406 833 440 836 195 407 387 909 249 859 691 628 494 262 719 564 295 301 996 939 
354 756 121 196 62 815 644 227 210 867 250 344 827 459 826 113 374 657 679 0 187 574 652 493 361 951 803 755 403 76 527 766 506 662 458 616 469 778 229 977 674 304 321 909 441 66 410 308 63 213 964 102 210 674 496 31 623 120 74 329 409 604 116 17 328 955 516 498 629 358 517 467 400 514 386 270 399 889 761 869 
976 744 552 791 513 979 960 90 633 631 62 760 119 816 731 593 440 804 143 189 0 854 679 987 206 132 1005 845 305 711 74 1020 693 81 334 553 731 922 997 914 842 484 568 242 381 22 95 731 362 115 749 388 56 299 818 764 6 35 556 436 250 9 958 514 927 992 217 295 717 159 135 52 402 382 965 922 417 934 838 57 
685 402 828 256 726 175 83 444 473 825 928 428 305 157 225 201 259 460 798 566 853 0 969 841 258 555 400 410 836 350 942 932 241 943 62 536 533 643 264 690 448 293 130 624 313 573 718 28 334 966 1004 164 70 54 959 128 575 475 969 739 1010 454 266 828 274 773 426 48 570 813 232 45 470 74 649 111 225 654 483 849 
323 757 575 163 222 126 846 992 812 759 57 374 487 910 494 125 169 474 163 652 669 982 0 391 342 876 816 302 550 759 113 912 522 870 988 638 28 322 264 16 82 277 980 574 260 167 100 841 90 754 165 398 161 453 19 929 399 880 201 440 147 768 836 184 574 128 293 946 726 488 523 366 639 685 850 86 144 713 354 883 
808 490 179 716 446 599 471 466 738 327 764 935 765 27 486 325 857 582 176 501 995 852 385 0 381 67 892 375 203 317 719 786 503 916 908 767 352 700 403 972 473 387 166 992 449 865 148 462 522 889 270 57 348 835 653 23 327 551 696 810 476 544 996 844 887 868 793 299 376 893 399 863 593 170 988 882 449 716 940 124 
700 807 487 580 461 247 788 370 895 75 19 120 334 122 780 205 736 216 917 359 218 264 342 386 0 940 239 443 514 204 329 254 819 165 838 573 622 238 786 402 827 858 974 446 707 318 235 75 941 1016 609 817 235 571 104 304 168 289 620 32 471 651 806 356 620 663 824 444 307 366 507 110 344 143 281 911 708 221 926 190 
459 187 612 468 579 984 479 728 398 230 164 750 38 190 121 703 263 240 762 955 123 563 883 61 937 0 625 156 24 111 324 754 425 480 782 418 104 223 316 309 238 952 930 180 411 480 800 795 151 122 769 368 731 132 759 586 388 698 186 936 810 750 954 877 247 378 712 668 173 940 782 651 998 408 385 521 161 743 19 476 
530 740 977 36 683 172 890 609 682 862 39 351 939 658 101 839 806 886 430 810 1006 402 821 883 235 636 0 278 114 285 117 73 146 802 880 17 825 122 541 740 55 827 291 849 267 965 28 510 127 22 773 334 386 234 585 746 533 144 391 444 937 57 615 1000 415 709 1006 917 110 911 689 437 208 714 552 36 391 849 609 845 
305 167 175 142 437 229 288 385 500 232 136 519 539 705 976 78 230 905 969 752 848 400 287 358 449 145 285 0 160 898 583 13 583 622 594 331 559 465 126 912 580 27 361 633 134 95 625 6 86 464 274 592 507 180 696 999 699 413 578 315 212 185 865 960 554 99 794 925 537 905 279 933 796 347 35 879 71 954 551 50 
281 657 680 831 895 254 154 985 416 466 208 344 802 522 822 826 491 149 840 411 299 835 554 208 526 22 118 147 0 725 155 473 761 47 500 226 165 528 774 88 925 855 719 382 307 638 489 322 159 329 599 466 360 672 349 773 174 970 722 969 723 3 910 757 824 150 763 80 108 741 829 97 111 974 158 240 850 194 289 701 
296 84 739 549 143 434 629 221 899 645 456 588 504 300 627 239 658 131 509 69 707 340 774 310 204 118 266 890 723 0 162 855 229 801 801 795 953 284 167 577 33 157 29 503 419 528 211 757 661 101 697 98 760 106 196 794 216 417 665 909 745 9 549 34 550 465 884 1001 638 302 516 784 673 394 612 95 121 700 418 894 
614 416 745 342 475 135 157 195 511 968 432 772 599 507 381 522 463 582 142 528 76 939 120 729 319 309 129 591 152 176 0 811 61 570 10 847 967 62 318 1004 809 667 939 140 940 25 437 291 640 994 342 125 87 600 296 816 373 342 290 223 365 562 857 132 37 638 454 66 269 367 854 488 470 165 492 186 375 63 463 587 
925 29 226 404 769 482 71 755 62 799 343 97 757 875 379 388 549 391 277 766 1010 939 918 793 260 744 76 31 460 868 818 0 938 822 453 736 552 412 526 736 146 878 670 525 220 953 78 492 181 527 814 36 971 348 737 610 229 898 947 622 196 981 270 922 514 489 915 818 922 954 17 113 100 211 269 327 450 586 40 484 
125 505 530 746 66 799 632 962 806 761 658 981 904 419 959 355 628 295 877 509 690 233 523 500 811 424 158 585 766 221 59 943 0 176 146 110 965 304 697 710 125 578 980 232 80 1004 124 696 739 265 290 468 196 501 490 244 189 738 147 150 664 757 390 814 544 738 873 713 400 297 880 704 549 772 854 963 308 723 471 1003 
288 747 820 673 32 14 752 643 140 517 950 761 813 912 620 1000 437 567 467 656 76 957 870 919 160 481 794 613 45 807 571 824 162 0 890 785 734 426 889 647 460 457 469 792 727 333 42 145 921 636 640 788 241 651 137 887 674 210 91 177 258 122 487 517 244 490 701 318 181 909 81 607 58 799 505 698 957 992 165 344 
190 420 414 153 515 686 678 82 577 20 641 925 227 411 920 141 729 316 623 472 333 57 992 913 826 771 882 604 482 796 10 456 142 887 0 89 797 612 754 369 778 611 957 149 28 703 452 244 245 249 109 246 96 492 302 115 483 492 373 839 316 19 115 905 270 520 683 849 928 303 768 623 706 653 186 73 870 454 201 354 
483 204 596 810 224 11 705 578 37 500 815 441 1000 407 696 131 432 985 288 623 547 546 641 767 571 420 8 336 229 799 835 728 123 780 85 0 101 950 436 400 525 822 339 975 974 922 411 601 352 237 126 823 379 488 873 948 859 504 791 285 745 684 672 537 155 998 326 772 347 705 936 985 462 413 547 718 932 98 538 919 
101 12 268 814 284 132 369 33 698 340 494 845 81 733 999 836 466 539 960 462 730 550 36 356 623 95 810 549 165 961 978 559 961 734 797 92 0 772 118 789 698 205 473 353 472 55 815 569 134 44 539 726 749 455 438 145 973 549 479 324 247 439 101 69 974 584 479 664 992 980 64 479 328 680 337 475 928 309 370 762 
776 720 791 810 59 327 181 424 906 492 591 756 678 748 417 575 1004 685 118 771 909 634 332 706 243 230 118 461 536 279 63 414 315 428 615 947 785 0 297 866 529 321 761 910 979 43 78 468 215 321 492 193 409 913 363 732 73 744 60 876 227 512 663 931 857 395 377 726 822 829 248 599 785 509 719 691 250 103 967 338 
485 286 377 654 398 913 627 434 235 111 934 365 301 83 757 549 624 539 867 226 984 254 278 390 783 331 541 127 762 166 320 543 686 878 754 447 124 300 0 279 673 189 781 443 336 151 390 233 946 319 213 624 247 231 677 641 269 994 577 124 992 413 461 54 941 293 212 819 174 112 208 899 791 694 637 120 241 349 918 244 
394 468 186 731 575 268 871 201 844 372 978 11 580 73 738 517 847 611 190 991 900 692 17 973 406 304 750 905 73 585 1013 740 708 652 371 398 777 880 286 0 431 399 112 927 927 945 375 136 678 249 394 449 356 247 45 190 723 313 488 485 320 711 595 167 717 700 491 150 231 840 799 798 128 560 718 814 786 123 347 626 
661 614 706 653 331 687 816 883 449 1000 657 684 51 940 505 738 477 104 77 670 849 445 73 471 827 225 61 594 927 35 812 143 125 462 792 529 691 546 684 428 0 50 778 266 585 185 175 747 293 622 267 547 504 581 245 209 497 780 99 374 899 565 9 328 999 48 847 193 126 381 318 112 961 862 514 364 155 810 257 111 
186 379 628 796 882 467 317 196 698 949 720 824 789 507 514 928 513 230 387 294 486 302 276 384 868 938 821 11 864 152 681 879 573 450 614 825 196 307 176 400 35 0 729 453 718 842 754 991 115 958 875 346 960 156 743 56 636 577 557 582 589 939 479 488 421 102 527 531 734 871 488 653 507 617 710 198 266 929 344 374 
277 33 603 44 810 673 720 615 859 692 1001 462 172 595 460 895 684 108 17 306 560 130 975 170 978 931 302 350 710 18 945 660 972 478 965 341 476 772 797 106 772 716 0 661 244 254 88 440 973 756 638 405 86 758 805 738 953 854 824 664 171 270 822 128 974 458 353 835 135 623 125 248 616 29 883 483 498 387 72 705 
106 1001 796 111 467 845 777 804 561 245 858 922 338 365 161 548 904 722 991 903 235 628 579 975 453 188 856 638 377 502 138 522 231 787 143 957 359 895 442 934 256 458 651 0 687 363 102 790 378 981 219 56 873 262 38 85 334 546 373 78 729 952 692 234 403 51 731 343 504 219 917 740 129 921 838 632 598 105 508 558 
780 524 426 689 831 255 351 683 515 61 20 333 771 312 86 604 224 321 6 433 398 313 252 447 712 415 274 134 307 434 931 230 77 732 27 970 473 986 355 926 594 711 255 677 0 887 108 227 142 121 1003 103 651 652 173 597 946 914 488 546 137 227 69 983 679 772 471 907 786 276 238 114 967 257 276 975 799 594 175 711 
944 486 594 912 851 661 350 190 467 873 413 651 663 142 52 520 529 773 959 75 16 566 171 856 324 485 969 81 646 528 23 950 997 320 698 937 69 45 148 948 200 837 263 364 882 0 419 145 105 135 508 561 814 214 246 298 158 499 342 811 852 188 851 356 507 140 67 839 814 512 1000 95 77 742 184 75 68 505 94 906 
702 380 147 283 535 410 635 239 920 415 943 504 897 573 132 764 406 319 1016 401 99 734 99 149 236 797 26 619 479 228 436 61 139 29 459 418 823 78 385 379 186 762 88 101 90 410 0 909 50 947 890 706 27 966 234 189 4 563 280 185 511 57 92 157 29 612 586 573 91 387 959 516 256 74 810 258 145 962 606 604 
229 638 769 357 21 337 618 789 176 806 836 775 48 449 414 965 1012 418 1014 300 734 28 847 470 91 801 507 12 305 745 296 489 687 146 249 602 564 484 238 137 731 1010 441 780 226 158 902 0 803 834 465 324 649 1002 111 289 285 181 570 213 160 514 504 132 595 476 148 71 914 150 571 122 942 71 588 930 965 907 82 530 
439 7 118 718 54 521 916 894 886 379 722 952 381 254 396 944 673 723 559 80 354 345 91 530 939 141 144 82 164 666 651 180 752 903 245 346 126 226 945 673 282 124 975 361 153 100 55 799 0 925 388 636 821 856 998 175 109 727 878 203 15 28 772 428 838 361 940 425 201 934 307 120 31 329 696 330 397 422 581 999 
774 947 574 1000 89 743 115 135 196 957 268 917 1002 21 502 874 111 953 82 208 133 972 742 900 1005 125 28 469 326 108 992 513 262 631 255 234 32 314 322 243 625 961 750 976 115 127 947 827 940 0 910 783 912 243 274 424 336 875 159 420 472 227 678 426 201 760 113 220 552 387 566 889 981 711 879 946 659 22 63 41 
644 474 572 327 133 999 957 81 185 425 242 85 784 804 428 353 563 315 559 968 742 1010 151 271 616 766 771 271 603 688 348 822 294 633 122 141 529 493 218 414 273 875 646 209 1005 515 896 478 389 909 0 69 426 534 600 639 202 971 351 55 890 685 656 557 207 835 741 382 149 823 856 159 847 435 988 239 603 738 199 354 
197 763 125 577 154 617 180 406 586 528 661 283 879 377 301 272 296 317 507 101 386 145 382 61 820 376 337 602 469 100 114 26 479 783 245 805 713 201 609 450 552 362 406 55 88 561 704 321 634 792 76 0 966 104 60 851 450 417 630 399 506 998 459 373 909 19 984 396 311 134 316 406 393 651 480 675 938 183 958 897 
338 526 547 733 318 776 224 396 954 569 689 686 198 776 28 670 598 1005 303 222 55 68 157 355 248 745 378 487 344 769 79 970 203 244 114 386 751 408 238 360 502 966 89 869 660 825 22 654 810 916 414 954 0 322 443 998 809 817 427 812 249 391 39 770 113 753 858 992 322 265 660 988 176 550 674 258 613 856 771 909 
505 948 140 502 437 139 800 843 596 61 832 979 726 773 721 354 281 597 770 673 313 65 459 823 573 137 229 176 669 96 601 329 509 662 497 499 464 917 230 250 597 145 745 267 652 212 976 990 843 229 537 96 319 0 658 449 893 878 645 377 788 208 680 487 271 88 945 921 616 960 869 536 35 801 936 34 899 131 575 373 
809 673 984 742 740 707 803 413 863 176 601 635 42 904 88 811 142 143 880 494 810 977 29 634 109 762 581 706 350 214 291 740 502 128 300 875 434 369 681 46 247 727 794 49 179 254 238 111 1014 283 608 57 454 674 0 471 828 135 627 294 590 847 949 696 42 996 943 191 589 209 639 734 375 879 352 745 49 238 656 440 
288 976 212 308 21 955 386 958 539 789 964 911 318 249 629 32 986 180 615 21 757 138 931 16 305 583 747 1000 764 804 822 608 241 903 119 966 144 733 655 201 209 53 742 91 586 297 198 271 179 433 623 858 992 445 463 0 98 146 811 980 285 552 400 926 98 648 8 116 791 208 815 857 399 294 753 1000 23 62 237 67 
954 768 551 600 228 326 86 321 378 995 322 850 985 494 796 771 769 842 626 628 20 576 400 317 164 396 533 714 163 230 379 219 186 682 472 859 984 84 257 711 484 625 967 332 947 168 19 277 116 327 215 456 818 896 840 90 0 764 746 401 45 108 144 307 611 45 994 939 702 346 826 22 213 957 464 274 74 652 435 178 
809 902 1008 445 774 453 202 93 810 721 893 624 868 908 527 951 167 150 236 121 34 495 883 547 296 693 139 396 985 425 326 886 748 209 502 513 543 749 1005 310 780 561 846 526 916 486 569 185 722 872 967 402 803 859 149 149 756 0 686 893 1012 539 821 994 319 942 346 117 153 476 676 904 109 431 489 354 696 247 249 286 
868 821 991 727 223 204 619 343 837 201 858 974 31 320 975 788 728 72 374 76 542 974 195 690 600 198 386 591 708 656 281 948 146 81 360 780 479 63 561 502 102 547 830 380 471 344 268 574 892 173 357 631 424 655 641 796 748 678 0 429 380 249 193 133 620 807 741 43 462 103 635 1002 43 138 791 467 763 999 339 256 
703 775 190 103 903 845 957 504 602 469 213 221 526 165 370 386 80 929 102 334 444 739 446 816 37 946 441 316 969 894 226 619 144 190 845 275 309 877 134 481 373 580 660 67 553 809 200 210 189 408 47 393 800 376 293 974 399 883 421 0 573 395 924 251 419 550 648 390 533 1000 591 741 444 596 400 213 145 780 415 786 
270 571 360 82 642 887 631 393 84 344 148 268 943 602 722 125 51 423 404 406 244 1005 136 478 471 810 945 222 729 746 375 189 647 263 324 736 259 241 996 315 903 591 153 719 142 845 499 172 5 484 906 506 263 790 592 273 48 1015 378 574 0 271 331 28 238 904 876 677 561 752 444 158 847 994 638 563 853 88 221 512 
1009 588 579 176 122 66 404 247 233 157 311 701 866 1015 260 255 461 288 835 593 20 456 773 554 667 767 51 199 16 9 571 974 757 121 33 683 439 504 419 715 572 936 271 965 242 192 62 519 30 224 703 986 408 202 852 556 116 539 257 401 268 0 192 297 914 583 450 168 554 454 940 562 306 999 416 574 397 200 698 449 
347 895 415 525 788 120 208 252 654 730 999 269 952 515 612 164 803 65 435 109 973 252 829 1002 805 956 606 865 921 559 858 255 383 495 113 673 88 651 465 598 10 486 822 689 72 844 102 507 771 690 662 452 34 679 964 393 147 813 183 937 326 192 0 715 463 841 262 588 327 931 327 434 959 614 1004 348 437 323 613 144 
773 680 94 295 148 212 530 640 616 225 611 9 242 168 425 595 536 639 845 23 517 812 191 849 367 865 1003 971 762 45 134 914 817 524 894 528 71 930 53 166 333 487 128 232 977 346 155 134 422 431 559 386 760 480 683 934 309 984 128 255 29 278 715 0 888 965 295 426 36 365 123 677 591 912 409 747 378 946 363 781 
560 307 125 84 485 169 912 672 677 76 355 739 422 387 397 675 226 633 192 328 927 286 562 893 612 251 413 557 821 547 35 502 536 246 281 164 991 837 924 718 995 423 971 406 668 520 22 589 837 205 201 913 111 260 47 92 605 327 619 401 249 897 467 877 0 811 238 255 685 806 29 670 824 917 705 902 946 827 198 944 
997 18 450 236 196 262 481 509 428 774 830 786 417 773 418 603 1018 379 402 953 994 765 128 865 654 387 708 93 139 461 638 489 745 503 510 1000 589 398 298 710 44 110 466 53 778 126 610 467 369 766 848 22 750 101 980 642 30 936 788 560 897 596 842 967 818 0 305 137 172 840 948 457 184 331 488 351 196 196 122 910 
1009 248 476 602 426 514 537 772 489 197 511 471 121 17 516 841 956 413 376 509 211 432 302 804 830 714 999 791 768 883 447 911 878 696 675 328 487 393 208 496 843 524 348 730 480 66 585 148 950 108 752 979 857 943 932 8 983 339 728 655 886 465 263 296 238 303 0 644 670 959 290 9 977 760 251 431 333 302 623 214 
338 993 724 543 126 758 908 821 160 912 712 313 123 698 265 324 826 156 919 493 304 53 942 289 431 666 926 922 90 1006 73 801 722 306 841 765 672 715 818 135 188 545 840 356 908 835 578 71 431 231 392 409 1011 918 179 104 927 116 42 382 659 157 586 419 264 137 650 0 902 465 178 803 848 941 734 597 917 474 306 300 
100 215 702 545 355 729 940 146 883 703 604 257 167 31 685 325 212 853 242 642 702 571 728 362 307 185 118 538 94 636 282 933 400 183 927 358 1001 824 188 218 117 733 134 518 791 799 90 907 204 551 149 317 318 629 579 785 703 157 460 530 570 547 338 35 675 163 671 920 0 137 711 582 316 189 73 958 431 878 671 993 
575 745 562 412 889 65 468 664 430 867 824 434 73 370 813 892 359 280 869 352 162 804 497 888 373 937 926 915 747 305 372 962 304 914 292 704 986 833 106 829 385 876 630 214 269 523 386 155 942 400 818 131 265 955 194 210 343 482 102 992 753 452 941 350 798 844 951 468 157 0 80 963 212 607 869 115 531 858 111 749 
922 687 582 417 379 67 243 44 138 460 744 712 299 764 135 281 380 668 694 518 125 235 508 406 506 779 692 275 817 520 852 10 886 84 773 932 62 249 207 808 324 499 131 913 233 991 978 568 309 562 848 335 655 877 650 801 820 681 619 582 444 936 323 115 22 953 292 186 724 65 0 596 97 501 576 118 448 35 270 996 
556 754 552 518 768 568 103 95 601 117 716 346 299 821 66 962 907 749 627 469 54 40 358 867 105 658 426 923 98 793 496 107 714 607 614 972 478 609 897 814 110 644 255 738 114 80 507 108 131 894 163 423 995 550 721 862 33 896 1009 727 169 548 435 680 664 454 8 808 584 957 590 0 285 456 873 708 359 569 483 990 
259 272 823 800 714 734 819 422 328 405 379 983 496 603 893 338 922 941 493 386 411 483 639 595 331 996 204 805 113 658 478 96 538 58 697 475 321 798 799 119 964 512 612 137 970 80 258 957 20 976 863 398 178 45 376 386 211 103 46 454 862 295 970 571 824 198 969 845 325 222 100 280 0 537 201 514 951 695 715 676 
161 438 871 384 613 474 643 150 846 42 358 806 194 106 522 281 263 361 255 518 380 74 688 162 154 406 720 341 972 397 169 219 764 800 639 402 672 509 705 567 845 625 27 926 264 742 81 86 335 696 434 646 558 797 870 304 947 440 133 592 981 1004 631 924 909 324 765 932 180 608 498 446 547 0 256 110 377 568 179 209 
392 176 425 701 777 567 889 538 930 408 651 957 987 351 910 961 705 784 712 396 968 667 847 970 294 375 555 23 170 615 481 259 848 501 205 548 354 709 635 714 494 710 889 836 293 185 829 591 698 875 975 482 669 933 357 753 467 478 793 391 641 408 992 406 719 472 251 738 81 871 572 874 196 254 0 872 48 595 454 898 
986 938 304 181 180 88 342 829 803 544 350 904 383 699 247 26 879 890 566 259 915 110 84 879 919 517 27 890 256 92 183 321 956 699 74 723 476 678 120 814 374 201 482 641 971 78 260 916 347 932 227 684 270 37 735 989 262 357 478 214 566 560 353 739 899 344 430 598 959 100 136 704 506 114 863 0 229 390 709 252 
739 838 528 261 811 189 497 640 496 195 845 766 419 56 421 691 354 245 313 396 422 234 152 447 722 156 393 84 852 116 383 460 293 958 868 929 922 244 250 782 158 267 517 595 786 84 159 962 384 652 622 950 623 891 54 20 79 705 766 139 856 392 444 394 959 189 343 926 439 530 451 361 968 386 59 244 0 833 677 908 
415 874 217 836 737 581 956 93 807 278 361 802 234 70 768 371 887 247 283 896 933 660 709 710 219 734 846 954 198 699 76 577 736 1009 445 103 297 108 335 134 803 923 389 104 584 506 954 907 424 19 720 172 855 133 248 74 656 240 981 774 92 189 323 944 818 194 292 479 896 855 25 562 703 580 590 375 838 0 39 579 
369 814 566 875 359 739 915 815 712 918 983 414 388 652 390 102 767 246 1004 751 824 481 346 931 912 31 592 560 291 418 462 40 457 167 202 539 369 982 921 348 272 341 83 508 182 105 610 94 572 73 199 964 773 572 660 240 449 265 349 408 234 709 613 358 205 142 612 321 664 118 268 490 732 178 439 721 672 35 0 982 
863 763 574 777 477 957 521 140 237 372 134 897 194 921 630 753 272 604 941 870 73 835 873 134 196 492 844 61 695 892 582 486 1002 339 349 911 763 328 254 633 98 358 700 550 719 903 595 519 998 32 342 913 906 361 439 85 194 295 249 790 513 444 136 782 939 921 201 294 997 754 990 978 672 218 896 268 908 563 966 0 

Depot information
2055
1997
1666
2967
1567

Customer information
19
23
21
22
21
23
15
18
20
20
15
22
21
16
24
18
19
19
15
17
22
18
22
16
23
19
24
25
21
17
19
18
19
15
16
25
24
20
15
25
25
23
21
16
19
18
22
22
21
15
22
19
16
25
17
23
19
25
21
17
20
22
16
16
22
24
25
16
19
20
21
23
21
21
22
