Seed 123 - Instance: n40m5_1
n 40
m 5
Q 188
L 0
U 1000

0 220 64 246 267 193 208 186 188 259 131 209 88 188 205 314 140 244 195 105 191 74 70 207 324 291 328 317 301 311 101 102 95 95 100 88 141 129 143 152 121 139 166 289 290 
226 0 187 54 356 402 251 395 229 94 277 106 292 231 317 90 130 226 403 281 165 299 261 233 106 360 373 359 373 398 302 303 291 318 323 301 353 323 350 358 319 332 357 209 220 
73 197 0 211 327 220 143 244 110 204 97 219 151 123 266 278 77 183 233 174 187 116 62 149 276 354 379 365 342 369 124 123 104 134 148 115 214 202 198 200 181 183 219 314 313 
244 50 213 0 403 428 260 431 215 64 286 146 324 246 353 86 147 219 426 326 199 317 269 221 87 402 416 386 408 436 319 335 307 349 350 332 396 356 386 377 349 367 383 252 253 
280 358 330 394 0 319 456 236 442 431 390 278 235 437 88 404 377 494 370 184 218 308 335 480 445 59 60 85 23 51 322 319 340 303 309 311 236 197 233 249 193 225 197 238 208 
182 397 230 434 325 0 307 96 309 416 203 381 131 290 233 477 311 383 62 172 340 118 180 329 498 351 370 373 338 351 118 108 153 103 102 119 78 132 102 77 147 107 133 439 411 
197 246 147 246 467 308 0 352 42 203 100 312 269 34 386 326 137 85 273 299 306 218 169 53 320 476 494 492 479 499 208 214 174 230 234 196 307 308 308 304 315 308 347 429 415 
196 382 238 431 246 97 349 0 347 418 255 355 95 321 163 469 308 413 146 135 302 150 209 366 497 284 300 306 256 272 156 150 188 127 141 147 55 78 53 52 96 73 53 380 375 
175 229 128 219 431 294 33 331 0 178 102 286 254 31 374 306 102 88 272 285 288 208 138 45 295 464 468 467 452 469 182 200 175 224 223 185 303 292 289 290 292 296 324 384 399 
260 97 191 76 428 410 212 435 183 0 257 204 333 198 378 145 137 164 414 326 223 305 254 183 120 434 457 438 446 464 308 324 292 338 329 312 384 365 389 394 360 376 393 304 311 
120 263 87 278 392 219 104 266 95 257 0 304 184 74 313 352 132 161 186 216 276 127 73 120 355 424 446 427 419 429 114 132 79 144 125 121 211 227 217 221 240 223 248 397 394 
221 105 208 142 273 378 319 348 276 189 312 0 274 299 253 143 190 313 396 236 62 291 264 303 189 263 293 246 282 308 313 297 286 298 327 295 322 292 310 328 277 301 302 110 122 
86 290 152 322 236 113 267 111 260 330 180 265 0 252 166 387 227 334 150 74 215 82 113 284 404 263 295 294 267 262 85 75 116 71 93 80 71 59 55 55 63 44 88 334 318 
188 235 132 243 447 280 36 320 39 202 85 298 245 0 358 325 111 90 252 278 299 186 146 64 310 461 491 464 454 485 184 191 155 218 200 173 294 290 293 279 296 275 316 395 409 
200 329 260 359 97 234 384 165 368 378 324 252 164 374 0 387 316 432 287 100 184 215 242 393 424 133 137 146 101 121 239 218 262 219 229 237 162 123 162 171 110 138 127 249 219 
302 88 277 97 397 480 335 461 311 149 358 138 380 320 388 0 232 303 499 353 202 382 330 315 60 397 409 367 402 420 385 402 380 401 415 377 440 388 420 425 381 415 414 196 218 
135 129 74 141 381 304 140 317 104 132 135 190 230 115 299 220 0 136 293 227 198 187 141 114 216 377 402 375 382 411 202 199 181 211 216 199 286 263 265 282 265 267 283 308 298 
254 230 190 222 497 365 80 414 90 163 162 315 332 102 437 305 148 0 344 355 338 281 210 58 265 521 546 511 524 536 265 279 250 288 302 272 379 376 382 371 357 361 388 424 425 
186 396 222 436 371 78 270 142 270 408 176 394 156 248 291 490 289 337 0 209 354 120 171 305 496 403 419 427 395 403 109 107 133 104 103 120 147 191 156 137 196 143 179 475 460 
103 282 181 309 180 172 308 133 276 341 231 240 77 277 95 353 224 342 218 0 177 121 156 324 373 207 227 241 198 210 150 135 156 132 149 147 100 59 97 106 38 72 85 268 266 
174 150 205 186 227 334 309 297 291 232 280 71 218 288 197 203 196 337 353 184 0 251 236 312 236 221 240 216 222 252 260 268 272 273 288 257 280 223 254 277 222 250 240 132 111 
88 305 123 326 304 117 204 140 206 316 126 295 70 194 212 379 199 267 129 134 253 0 58 238 388 339 351 347 322 340 21 19 43 26 46 25 103 124 106 104 132 105 148 364 349 
57 243 78 267 322 182 156 193 156 249 69 270 120 136 254 333 140 220 165 155 231 77 0 176 338 351 363 359 340 362 64 82 52 85 81 57 153 161 168 167 159 143 190 351 334 
222 241 146 232 464 325 52 379 48 170 140 308 277 45 410 313 120 57 301 326 304 245 186 0 287 497 514 495 490 502 218 236 198 260 245 237 328 326 338 339 329 322 353 409 405 
316 115 286 74 455 494 309 488 297 119 345 181 399 301 424 73 231 271 505 379 231 393 336 278 0 442 459 427 459 475 392 402 379 416 429 400 462 421 445 453 412 427 450 251 285 
297 369 355 394 51 352 486 284 465 438 420 268 273 458 126 394 390 510 407 212 218 325 355 488 439 0 18 59 27 49 345 340 361 339 347 352 276 245 274 277 223 260 229 206 182 
325 384 379 422 57 366 493 292 480 466 441 281 289 481 139 415 406 540 428 231 239 355 378 503 453 36 0 51 48 52 373 351 375 346 365 369 307 242 277 299 251 272 258 218 198 
320 351 365 383 80 386 482 310 472 421 442 252 302 467 165 374 384 513 439 235 197 357 366 483 418 43 60 0 69 76 370 360 375 343 380 364 303 264 292 312 246 286 268 177 167 
287 377 336 407 35 337 472 256 446 448 415 278 260 467 116 414 389 513 394 202 235 318 348 480 445 41 38 75 0 29 342 333 349 324 330 326 256 225 246 256 216 239 207 229 205 
312 388 352 435 37 346 501 271 464 458 437 296 281 481 133 421 411 541 408 207 249 343 355 500 467 40 44 85 24 0 355 338 361 335 337 341 275 230 263 269 225 265 225 256 231 
102 295 113 315 314 130 204 159 197 314 118 304 85 175 230 383 193 257 106 155 271 26 74 232 390 348 373 369 334 347 0 20 43 40 35 13 122 135 129 113 146 113 161 374 371 
95 304 129 329 319 108 219 148 208 329 132 312 74 199 228 387 204 273 115 136 266 22 65 241 400 337 367 370 322 336 34 0 55 19 30 33 103 135 100 99 123 110 143 384 370 
96 286 113 309 330 146 165 181 166 280 83 300 119 156 261 368 167 236 129 172 266 48 36 199 377 366 377 385 345 361 42 47 0 70 59 28 149 168 144 141 160 142 186 369 370 
103 308 134 339 293 96 225 131 214 340 149 312 60 215 209 394 225 299 100 131 253 26 82 255 403 334 345 359 325 338 48 19 69 0 30 43 91 108 86 96 120 86 120 381 358 
100 326 148 348 319 88 227 126 229 334 140 327 78 199 227 399 222 295 88 151 268 45 80 243 410 346 375 361 330 342 42 21 63 35 0 43 98 121 115 97 139 99 132 395 372 
94 298 121 324 319 116 199 151 184 303 120 311 93 173 229 388 196 272 122 140 259 32 62 222 391 341 373 362 330 341 18 15 41 33 44 0 112 147 115 109 148 127 160 379 370 
151 349 213 378 255 94 317 49 302 386 227 313 70 291 173 426 283 368 143 104 264 109 166 330 461 281 307 309 265 266 126 112 152 90 100 119 0 52 25 5 64 25 54 357 343 
140 320 187 355 199 132 309 82 303 372 225 276 55 297 110 391 271 366 191 51 234 115 176 330 432 237 254 262 220 221 150 129 165 107 131 132 52 0 47 67 29 36 32 323 294 
146 347 207 373 240 95 318 47 296 374 227 314 57 283 152 425 279 366 158 89 260 101 161 325 439 266 276 298 259 253 124 105 150 98 101 119 19 39 0 19 69 19 56 361 329 
152 362 203 384 235 85 301 61 295 383 221 314 61 290 161 435 270 371 145 95 258 95 167 338 443 286 290 306 263 273 126 113 139 92 102 125 12 65 14 0 76 26 64 363 354 
123 309 189 356 196 152 309 87 295 349 221 269 68 297 113 383 247 369 185 42 218 123 168 333 409 229 250 245 201 230 153 121 167 127 137 131 77 35 71 67 0 55 40 308 284 
141 331 185 368 233 94 293 57 290 371 221 302 51 288 142 418 256 368 143 82 239 103 160 327 444 260 273 294 238 258 111 101 137 80 97 121 26 32 29 28 55 0 40 341 317 
154 347 226 380 203 132 339 57 319 385 260 317 79 320 125 424 281 388 174 79 240 149 191 362 444 228 246 272 215 231 159 143 183 128 133 159 60 31 46 60 44 55 0 346 323 
298 221 308 247 237 426 428 379 383 305 405 124 317 398 246 214 306 416 472 276 123 354 349 412 267 208 226 175 244 252 370 374 379 379 381 380 364 321 357 374 298 352 335 0 25 
291 232 306 268 212 426 424 370 397 307 397 136 301 409 233 232 298 425 459 253 125 346 337 406 280 190 192 158 203 228 362 352 363 349 385 371 341 308 335 354 285 317 316 33 0 

Depot information
312 161 1003
113 247 1631
257 132 2142
79 231 2571
435 399 2313

Cust information
472 93 23
189 17 25
488 174 20
185 48 15
71 173 15
275 46 15
179 323 22
393 172 19
201 34 15
421 316 25
53 312 21
183 139 20
115 24 22
448 37 19
388 231 17
240 319 15
366 113 24
309 106 21
156 29 16
16 268 25
415 434 23
424 450 16
382 456 17
434 416 21
449 428 23
362 94 19
374 104 19
338 86 25
389 114 20
389 96 17
363 97 24
449 164 23
428 209 25
445 175 25
447 164 17
415 218 19
433 179 22
455 211 19
209 429 19
233 426 19
