Seed 123 - Instance: n40m5_2
n 40
m 5
Q 246
L 0
U 1000

0 241 156 86 321 454 149 286 342 377 314 254 158 310 338 181 360 203 465 260 426 192 359 205 316 387 430 385 432 431 381 222 197 225 209 212 218 399 362 376 363 492 442 479 410 
249 0 235 316 216 228 141 97 229 158 134 18 266 129 215 324 154 78 319 348 249 144 259 255 142 200 213 160 206 214 191 161 183 181 167 154 173 161 141 155 162 273 213 250 189 
163 232 0 190 206 359 227 218 418 385 220 244 299 334 402 104 257 171 514 119 472 264 431 53 353 298 338 329 368 345 290 297 303 316 288 279 316 370 356 369 372 403 397 403 333 
80 312 179 0 366 497 230 345 414 439 364 337 203 388 394 163 416 257 519 230 493 260 420 213 394 443 491 450 500 508 439 301 264 299 269 272 295 467 435 446 434 557 517 530 480 
324 214 191 376 0 170 301 129 426 338 101 188 430 309 417 287 111 190 502 239 437 317 457 188 350 127 155 200 207 179 117 350 362 373 338 327 376 273 286 309 313 238 242 230 179 
448 236 344 512 165 0 377 171 419 297 136 211 498 290 405 446 98 255 451 406 373 356 428 347 329 75 36 95 85 32 71 388 424 412 375 364 404 206 212 260 272 72 123 69 77 
143 154 231 229 315 380 0 215 198 225 255 169 125 174 182 299 287 138 321 340 270 37 216 266 186 332 346 290 341 364 307 85 87 92 75 65 89 276 252 241 233 410 343 403 338 
293 91 220 340 131 170 230 0 317 219 41 86 333 195 287 309 77 105 393 301 315 215 336 236 232 129 141 136 156 163 111 235 279 261 251 236 275 183 164 205 205 214 198 194 152 
343 229 409 405 426 420 205 306 0 156 345 228 256 148 27 484 369 258 129 523 130 172 28 433 93 383 393 320 362 398 374 135 143 111 138 150 116 230 224 184 177 406 351 411 351 
357 154 387 435 330 286 233 224 144 0 254 158 326 66 130 468 258 227 171 497 90 198 156 405 74 265 278 198 224 268 273 188 227 181 197 183 185 87 75 46 34 280 206 285 228 
300 137 234 370 98 154 252 46 348 241 0 112 385 215 330 322 52 137 412 300 331 247 362 238 250 90 117 121 148 152 70 287 300 299 286 258 295 191 196 216 236 198 173 192 122 
267 21 248 331 194 224 170 80 240 159 117 0 289 133 216 331 155 76 313 332 247 156 266 257 144 178 200 143 189 207 169 184 197 201 181 154 205 146 121 152 151 242 207 238 175 
147 276 304 205 411 504 136 338 247 322 384 295 0 284 246 316 408 259 362 398 357 145 251 335 278 449 475 415 468 495 445 163 116 149 147 156 145 393 369 347 353 532 464 520 454 
324 119 336 382 306 276 179 200 137 69 225 120 290 0 128 422 232 175 193 448 138 154 172 361 42 267 260 181 228 261 258 141 169 140 148 129 147 119 98 63 71 294 227 281 231 
334 220 405 401 402 403 183 303 36 136 322 223 252 128 0 477 357 249 135 500 110 147 54 420 78 374 389 304 348 383 360 120 140 108 128 142 115 216 202 167 162 399 331 400 336 
177 321 101 151 292 438 291 298 478 469 317 321 328 425 467 0 350 263 602 95 537 320 494 90 429 386 422 423 464 442 370 361 365 372 346 346 376 470 440 464 465 509 481 478 440 
350 151 267 403 94 111 285 73 356 257 54 148 408 229 351 348 0 175 422 336 357 277 386 271 277 43 94 107 113 108 41 314 334 334 313 294 323 200 197 235 231 169 163 152 93 
193 78 183 274 186 267 135 92 274 231 128 81 258 174 259 259 164 0 368 270 296 138 294 201 195 199 235 196 231 256 183 171 192 206 166 166 192 217 196 220 213 288 270 294 224 
457 314 511 534 499 456 308 390 140 161 403 308 366 196 135 602 424 370 0 635 74 275 122 544 183 435 443 360 371 420 431 242 274 230 250 253 245 256 237 191 190 429 348 427 379 
261 347 130 233 241 417 353 305 527 494 302 336 387 438 518 95 318 284 624 0 576 373 541 85 474 362 406 411 440 431 360 417 407 437 401 393 419 476 457 475 471 471 468 466 407 
421 247 470 492 435 362 273 314 124 102 334 245 350 127 115 540 350 311 73 563 0 236 122 482 116 360 360 273 309 340 344 225 235 215 230 222 221 171 165 119 120 346 286 356 321 
178 128 269 270 321 358 45 210 160 190 245 153 143 147 165 329 277 137 278 376 245 0 188 297 144 314 342 283 317 354 298 48 64 73 43 35 68 249 224 210 213 383 330 373 325 
340 246 422 411 457 446 205 329 41 171 365 256 261 166 55 490 384 297 118 536 124 174 0 464 119 415 420 336 386 410 397 140 160 136 156 160 130 251 239 196 203 424 360 439 389 
202 252 48 217 195 350 259 237 451 421 223 253 322 359 424 94 263 201 548 82 500 300 468 0 387 303 344 340 382 364 295 341 334 354 332 312 347 385 381 405 392 409 403 388 354 
314 137 357 393 333 315 173 233 100 66 245 145 278 52 87 434 268 197 179 466 121 136 126 379 0 305 311 225 260 291 277 124 166 136 130 129 137 134 121 87 85 326 259 322 266 
383 187 307 447 126 72 338 114 378 268 89 177 440 269 376 379 51 200 439 364 356 317 406 306 288 0 50 96 100 71 15 333 374 360 353 321 364 205 207 247 251 118 131 108 80 
415 221 343 485 149 34 363 155 395 275 131 202 469 280 374 426 88 238 432 400 368 340 413 342 310 47 0 93 76 44 66 359 402 376 374 344 384 199 208 247 251 89 124 79 62 
399 167 333 462 202 102 301 136 316 188 123 154 414 195 308 423 100 208 358 416 279 291 341 345 218 92 89 0 48 84 89 304 321 306 300 285 307 122 130 159 163 116 78 99 38 
427 202 374 495 219 81 347 169 358 215 151 189 457 234 343 461 121 232 369 445 307 323 386 368 259 104 73 45 0 47 93 331 379 351 341 337 360 131 161 186 203 75 45 61 27 
444 222 353 495 181 42 366 171 382 256 149 214 476 259 380 445 106 248 416 429 336 340 418 362 291 66 39 90 58 0 77 358 394 384 374 352 379 190 181 239 242 61 84 40 34 
369 189 291 438 118 70 323 115 372 270 85 173 428 245 364 373 39 191 424 346 361 312 397 289 289 19 66 90 106 81 0 330 351 356 320 322 351 184 199 233 239 136 144 113 84 
221 155 294 294 359 388 74 254 134 183 284 181 165 134 116 356 308 184 235 409 224 57 141 328 121 334 360 298 344 361 321 0 47 35 23 36 35 240 208 205 207 404 342 403 337 
207 188 302 262 362 420 73 260 141 220 306 205 125 169 149 350 334 191 270 408 240 58 147 328 155 375 405 340 375 387 360 51 0 47 36 48 33 270 255 227 236 425 365 430 359 
225 187 311 297 375 393 90 268 121 192 297 191 150 145 109 389 328 206 234 440 216 63 137 348 120 366 383 309 349 388 356 36 42 0 45 43 18 262 234 207 197 422 359 418 345 
209 161 298 287 343 391 61 238 130 195 270 179 144 144 137 354 302 175 263 392 219 36 149 317 134 349 376 309 347 372 330 16 48 38 0 20 39 251 225 199 213 402 338 390 341 
215 145 279 286 329 362 62 229 138 189 266 160 149 135 124 356 299 160 266 398 220 24 170 305 132 321 347 282 335 363 314 25 48 61 16 0 48 244 206 201 190 388 337 382 323 
224 177 310 294 366 396 100 263 117 192 291 192 150 143 109 370 324 207 239 431 207 66 132 341 135 355 389 325 351 384 350 27 39 11 29 55 0 261 226 201 208 415 363 401 360 
397 162 378 472 277 198 262 191 229 100 191 142 378 120 225 464 187 223 242 477 180 253 258 392 144 193 189 105 148 183 198 239 279 249 248 233 254 0 41 69 67 180 125 183 155 
364 129 358 440 279 219 255 161 211 76 181 125 369 83 207 446 193 197 237 452 169 216 236 387 116 195 212 120 150 197 192 222 260 226 224 218 233 28 0 58 59 199 146 207 157 
373 153 365 452 316 249 246 212 171 39 219 143 339 65 166 473 236 206 193 477 133 209 197 408 99 252 245 154 189 231 235 201 233 198 210 202 205 55 53 0 24 253 179 244 198 
379 159 379 448 321 255 246 200 165 41 218 156 338 65 150 455 244 216 205 485 134 215 193 410 93 246 254 168 207 239 245 205 226 199 200 198 199 73 64 14 0 253 175 250 199 
485 255 418 552 241 80 392 216 403 278 201 254 520 292 394 508 156 294 431 480 351 391 438 409 318 125 86 120 72 73 131 394 422 409 401 387 418 187 198 240 242 0 83 33 75 
456 223 392 527 250 108 346 193 344 198 177 207 469 212 323 480 148 266 346 464 280 328 355 398 247 143 122 65 40 94 137 333 365 365 345 338 352 116 131 183 180 83 0 86 73 
483 248 385 535 231 59 388 196 411 276 179 246 524 291 401 482 140 280 419 456 354 384 435 391 316 111 64 110 63 45 109 387 428 405 402 391 418 199 200 248 241 27 77 0 66 
410 185 346 479 186 61 323 140 368 241 120 182 456 237 345 428 94 220 389 411 321 320 373 345 264 68 49 40 38 45 84 338 365 350 337 316 358 152 149 201 196 75 64 76 0 

Depot information
76 187 1090
305 251 808
100 342 2310
2 196 1543
262 445 1129

Cust information
427 444 17
213 148 22
304 338 17
368 43 24
433 164 18
312 372 24
316 265 18
131 55 24
381 172 18
369 59 16
6 342 20
343 398 25
248 271 22
485 11 20
25 423 23
473 84 25
246 138 24
372 20 18
90 374 16
380 136 21
377 421 15
411 431 25
423 349 20
453 379 15
437 419 25
368 410 23
269 106 15
240 85 16
272 83 21
257 110 22
262 123 23
269 84 17
452 248 19
431 238 23
435 196 23
436 192 24
494 422 25
485 355 20
475 429 15
431 386 24
