Seed 123 - Instance: n45m5_1
n 45
m 5
Q 277
L 0
U 1000

0 40 99 281 435 104 173 80 216 355 293 351 105 284 306 279 361 142 96 314 419 107 137 483 383 381 383 326 393 385 316 385 360 379 314 443 412 420 425 400 408 425 420 118 93 174 101 129 103 143 
50 0 77 250 420 69 150 71 191 338 282 323 106 253 283 283 355 162 64 319 383 115 131 462 358 359 354 314 378 388 322 363 357 362 310 420 400 383 392 382 388 398 399 140 109 194 140 157 121 157 
113 75 0 188 385 21 88 101 137 278 245 258 104 193 219 303 325 198 44 321 326 134 119 406 296 342 312 272 352 342 284 321 324 336 265 349 324 332 328 314 323 326 322 172 164 244 188 204 161 214 
297 256 190 0 326 204 146 271 128 114 177 74 254 117 46 367 274 329 226 391 136 266 245 280 147 324 143 198 276 251 254 273 284 266 225 182 163 134 161 147 155 158 146 333 319 395 365 366 313 378 
430 423 397 319 0 409 305 375 419 415 161 351 338 435 367 263 97 384 445 247 404 348 494 137 426 102 215 145 55 84 127 80 83 74 142 299 279 291 265 234 237 275 308 396 400 432 448 437 389 445 
99 71 21 204 411 0 99 108 146 281 249 279 117 196 221 296 332 200 37 342 335 123 118 409 293 350 319 290 356 349 287 331 339 349 292 365 339 322 344 328 328 347 337 172 151 243 191 197 148 218 
155 145 97 143 313 93 0 129 157 257 166 229 95 210 180 243 243 199 142 280 287 125 192 328 274 277 223 199 262 253 201 258 239 254 192 294 274 270 275 248 261 260 274 184 193 268 234 227 163 252 
69 82 94 258 375 108 125 0 214 346 246 338 48 295 299 211 310 106 131 260 391 52 197 426 381 315 343 287 327 326 259 310 299 328 256 413 377 372 381 351 377 377 396 93 60 163 102 124 62 139 
211 187 131 122 421 126 153 219 0 158 260 184 224 71 135 404 360 308 132 431 222 239 141 396 176 390 262 305 363 346 326 376 376 362 315 291 273 266 284 265 278 284 263 289 272 369 316 330 273 331 
352 324 263 124 419 266 240 360 165 0 276 92 338 92 67 485 373 430 291 501 69 370 289 348 42 412 210 298 360 331 352 385 397 367 335 193 179 167 205 201 212 172 170 433 401 494 446 458 409 482 
285 273 240 175 163 245 153 242 265 284 0 218 194 283 213 235 114 259 277 233 298 209 344 203 311 140 139 47 120 109 71 110 121 113 43 228 193 196 205 164 177 197 226 270 280 328 315 312 271 325 
360 328 268 83 343 269 220 334 173 91 232 0 309 141 74 425 319 408 292 443 88 338 300 268 93 349 141 229 287 274 288 297 318 289 271 129 110 103 127 120 139 108 95 409 403 472 428 442 385 453 
119 100 106 248 335 107 101 48 214 336 203 323 0 278 280 198 254 114 144 235 373 25 209 391 363 262 316 235 295 307 217 269 264 279 228 380 355 357 350 318 342 359 358 104 104 167 138 131 82 150 
289 257 212 119 440 213 213 291 86 105 290 144 282 0 98 451 388 377 212 477 160 315 203 394 124 426 268 318 397 367 363 380 401 380 326 261 251 235 265 249 266 256 228 369 350 427 390 398 341 410 
311 285 206 47 352 221 182 286 120 85 214 58 275 96 0 416 319 369 229 431 114 299 260 313 111 354 177 242 306 275 294 317 322 306 253 180 152 156 176 174 186 164 140 362 355 440 384 410 338 406 
289 286 290 363 257 293 254 230 392 475 235 434 195 446 413 0 200 154 325 52 504 173 405 371 510 188 367 239 245 270 195 222 191 225 208 434 411 414 420 370 396 429 438 178 220 204 237 202 206 212 
364 358 320 272 94 338 250 305 364 380 116 315 261 385 310 193 0 293 358 196 389 267 436 181 404 61 197 84 53 82 42 36 17 47 73 278 263 260 255 224 228 275 286 309 343 357 368 352 318 373 
135 159 197 337 379 184 206 98 304 443 268 412 104 375 374 162 299 0 217 193 484 88 275 447 462 289 382 300 340 354 263 307 297 327 282 462 445 428 431 409 417 446 448 31 68 71 90 60 43 77 
86 72 44 231 426 48 125 130 132 289 274 284 141 215 248 330 353 216 0 354 331 148 74 442 315 391 342 328 377 369 324 377 363 379 323 376 353 350 365 346 356 361 364 182 155 250 187 216 165 217 
312 327 331 399 255 335 281 266 426 498 240 443 221 486 425 51 208 203 365 0 527 223 424 370 517 180 367 258 237 278 186 219 183 219 226 453 428 439 425 383 406 430 442 215 251 239 265 239 227 260 
419 381 328 139 411 337 290 390 212 66 305 93 387 155 121 500 388 485 348 529 0 406 337 324 56 432 198 303 358 342 363 383 396 356 326 158 163 143 162 174 178 157 126 466 464 530 498 503 448 516 
107 108 133 274 341 132 124 40 250 354 220 333 28 303 294 189 272 81 156 216 394 0 227 407 384 275 339 246 309 316 240 277 272 288 227 400 372 363 377 346 352 382 373 72 74 152 116 118 59 123 
145 129 121 259 501 117 191 180 138 274 330 312 210 197 244 403 417 265 83 433 349 216 0 504 293 450 378 383 439 445 378 429 433 443 376 416 403 374 400 393 402 386 380 260 226 314 250 265 230 268 
472 448 405 281 142 411 319 426 406 347 200 260 374 392 307 368 184 445 456 363 327 394 495 0 358 211 133 152 137 118 193 164 199 142 186 190 181 193 167 160 147 172 207 454 467 520 502 499 453 515 
395 355 301 134 444 298 282 377 183 32 303 100 374 122 103 492 405 456 310 516 49 398 302 350 0 446 237 320 390 361 369 392 407 388 338 198 190 175 202 222 209 191 173 451 437 530 475 493 427 507 
364 366 350 318 96 349 264 307 390 429 138 359 279 427 358 186 45 297 391 166 424 270 442 203 438 0 245 137 100 130 85 69 38 79 103 332 312 315 291 265 276 315 320 305 344 352 373 346 313 358 
381 367 293 145 229 308 239 340 272 219 152 151 301 253 180 348 200 394 333 373 206 327 378 132 220 245 0 125 176 147 186 200 221 189 162 95 71 69 68 26 38 84 92 399 386 463 428 441 385 447 
329 329 284 202 145 289 202 277 296 308 44 227 248 313 249 241 85 297 314 258 306 257 375 149 314 128 138 0 86 79 70 86 95 67 53 214 197 201 193 155 167 206 207 320 324 370 368 360 293 370 
391 375 350 273 58 345 262 335 378 373 122 294 289 391 317 247 58 344 383 254 368 297 438 128 375 92 169 90 0 30 79 37 75 25 89 258 232 234 216 188 192 235 247 345 365 403 416 388 352 412 
388 385 337 255 81 355 254 333 359 350 106 264 289 374 286 267 91 346 373 262 338 317 438 116 361 111 141 69 47 0 101 59 105 47 77 224 205 202 192 169 163 202 218 364 386 419 406 410 346 409 
332 305 273 249 121 285 204 257 331 340 73 289 215 355 296 195 57 275 317 189 355 233 392 201 370 84 180 72 89 98 0 54 58 63 24 269 248 248 241 209 230 250 278 278 291 329 342 328 268 331 
378 375 336 277 77 347 257 311 365 380 106 305 283 393 321 211 27 317 365 224 382 290 441 166 397 71 183 86 47 65 55 0 46 14 67 273 244 257 243 214 216 264 272 335 357 373 391 365 330 387 
352 341 325 295 101 332 240 305 361 398 124 327 251 396 329 196 18 298 361 191 400 256 422 187 406 32 206 91 70 102 44 33 0 52 67 300 279 287 260 246 239 289 307 308 330 359 366 354 294 362 
369 363 340 260 65 344 255 320 355 372 103 299 277 393 311 232 29 327 367 222 365 282 428 148 387 81 176 74 35 58 61 22 55 0 70 262 246 253 229 195 217 250 266 328 345 395 401 377 341 386 
332 318 280 218 142 278 194 254 313 321 45 266 226 327 257 209 70 285 317 209 326 239 372 184 354 100 168 51 89 75 31 76 65 59 0 249 231 221 214 186 193 221 237 295 310 346 351 331 289 342 
439 416 359 175 294 367 294 409 288 199 231 134 371 267 187 451 287 470 379 454 154 398 406 177 186 335 97 212 255 220 268 278 301 258 243 0 43 36 31 66 54 40 41 464 454 538 509 501 448 514 
408 387 330 146 281 337 259 382 265 185 210 114 343 250 160 413 265 428 362 429 150 372 385 167 185 296 80 195 240 210 256 245 274 239 218 39 0 34 26 49 46 13 37 435 435 505 483 480 423 492 
406 390 324 136 294 324 268 371 261 173 200 93 340 242 140 429 271 440 358 435 132 371 393 196 169 309 69 196 249 203 264 259 280 245 236 34 27 0 39 65 62 27 20 439 427 496 478 472 411 497 
418 396 335 154 266 340 269 379 289 199 204 134 345 266 181 414 255 439 364 431 155 382 400 154 194 299 68 191 231 199 252 245 267 225 212 35 14 26 0 51 27 29 46 444 442 516 477 488 428 498 
396 365 308 147 248 319 244 348 275 201 163 120 320 258 177 384 217 401 343 388 173 344 385 145 218 266 35 144 203 162 210 219 230 207 181 67 54 59 41 0 35 50 69 402 400 487 457 444 401 463 
419 385 320 166 236 339 253 364 280 200 173 140 337 275 167 384 231 431 363 397 184 350 390 144 209 271 45 165 202 168 220 231 243 216 196 71 33 60 42 23 0 38 63 417 422 485 465 470 416 471 
424 387 326 147 282 340 274 378 268 175 207 116 348 248 160 430 262 447 373 426 151 374 390 189 196 316 67 196 247 212 265 266 291 253 236 34 18 28 18 63 53 0 22 447 433 513 475 476 425 496 
431 397 340 153 295 330 281 379 264 160 216 102 363 243 152 445 276 444 352 453 130 380 393 199 168 338 95 222 263 228 280 282 292 260 251 37 34 34 50 67 71 32 0 441 444 515 480 482 432 506 
125 131 182 339 392 172 181 84 302 426 265 404 93 371 352 176 312 28 194 220 459 78 257 446 446 319 387 309 345 355 276 332 307 342 296 470 435 427 441 416 432 435 455 0 34 89 62 48 32 60 
78 110 149 330 400 159 189 70 287 420 292 401 98 356 358 209 341 63 167 262 456 79 231 465 425 335 401 327 363 369 309 342 336 351 299 459 444 424 442 409 434 447 451 53 0 90 46 55 40 75 
162 192 246 410 444 240 263 149 364 505 335 482 168 445 437 197 368 87 242 225 546 156 314 522 512 355 459 362 408 423 341 387 351 385 347 533 502 504 503 470 482 501 514 93 104 0 85 53 111 41 
116 139 196 355 442 194 228 114 310 448 328 426 132 375 395 229 369 81 193 263 490 116 239 497 484 367 446 372 418 421 326 385 359 391 336 514 484 469 472 445 472 483 486 62 50 81 0 45 66 49 
140 170 208 381 426 200 232 128 332 458 317 450 134 406 408 212 358 54 221 245 505 108 270 503 481 352 427 356 400 404 318 362 342 378 329 509 477 472 478 455 476 476 494 58 56 51 48 0 73 13 
97 107 153 307 391 148 166 66 266 397 266 383 85 346 350 192 305 58 170 234 452 56 234 446 421 320 371 311 345 360 275 322 312 339 285 454 427 422 432 383 401 422 422 40 38 93 69 64 0 89 
128 175 216 384 442 205 246 131 331 482 340 463 144 406 419 221 371 77 229 260 512 123 268 504 502 360 441 370 415 415 327 380 358 398 350 527 485 482 490 473 479 501 496 71 74 34 46 21 81 0 

Depot information
433 329 664
406 344 1078
342 352 1320
156 361 1882
109 47 2746

Cust information
351 358 17
283 298 15
396 277 24
252 436 25
104 455 17
184 190 25
88 382 19
364 253 18
192 472 25
141 398 16
362 68 18
171 93 15
443 199 18
369 385 22
351 32 23
45 441 25
385 240 19
377 455 23
9 135 20
84 472 22
192 55 23
66 252 24
151 167 25
125 100 18
107 125 22
192 126 20
154 93 19
183 85 24
143 101 23
179 147 20
0 308 18
27 298 24
32 312 20
22 288 18
51 269 25
36 268 19
23 304 16
22 325 16
446 223 19
451 256 18
511 188 20
493 252 25
491 218 24
433 240 17
504 222 16
