Seed 123 - Instance: n50m10_2
n 50
m 10
Q 254
L 0
U 1000

0 365 280 417 320 454 363 219 146 352 224 344 331 314 183 294 232 224 40 177 208 464 149 308 230 364 376 299 297 239 209 136 367 294 508 359 361 311 369 303 330 328 326 359 330 371 351 373 363 56 61 73 45 104 12 35 109 321 309 292 
362 0 210 184 174 337 395 365 265 370 343 115 384 52 477 133 146 163 362 433 419 311 266 279 371 242 243 76 255 194 422 312 371 75 180 130 207 156 138 181 108 192 151 374 391 415 356 411 378 316 320 298 317 278 340 348 279 159 217 177 
283 226 0 377 341 505 511 406 280 478 389 125 470 177 458 108 152 118 307 430 438 488 298 401 406 392 395 196 372 297 445 187 483 199 375 314 367 321 316 322 293 344 308 486 487 529 476 535 493 274 285 255 237 256 283 291 266 305 361 317 
416 201 391 0 92 154 276 312 287 244 269 310 269 228 486 280 259 298 397 416 363 139 269 173 321 115 93 199 172 196 374 421 230 195 189 78 63 108 83 98 112 95 84 250 262 301 239 300 258 371 352 347 368 335 389 372 318 102 123 123 
331 177 339 93 0 188 238 238 197 197 196 281 237 205 393 242 186 225 328 334 290 160 195 118 249 84 67 168 103 117 301 365 200 157 243 78 44 28 79 22 84 32 42 202 228 259 188 249 223 271 291 281 284 247 322 308 229 27 58 38 
455 338 498 164 187 0 193 282 321 174 266 436 211 373 469 415 364 392 443 404 362 44 322 157 302 130 115 325 171 261 350 505 159 335 314 223 140 204 219 208 231 177 203 177 205 219 168 206 169 408 409 416 428 379 450 420 362 214 176 201 
359 402 503 267 236 178 0 161 253 46 161 473 56 405 327 432 352 387 334 255 211 211 238 142 159 173 207 372 164 225 208 457 38 355 439 304 226 256 296 245 306 218 261 39 49 41 61 34 25 329 307 340 356 313 355 330 293 253 185 233 
231 361 407 312 239 296 151 0 149 136 36 400 106 344 191 366 272 311 199 124 79 296 131 160 21 213 231 315 158 167 69 329 159 306 462 290 245 246 302 216 286 232 252 147 131 151 143 167 164 195 175 206 211 186 214 202 165 234 183 209 
146 256 271 271 197 327 246 137 0 235 125 295 210 253 238 232 157 188 142 194 169 319 19 173 132 223 240 219 149 105 169 206 237 203 395 249 229 194 238 188 218 198 203 233 220 268 234 269 254 88 103 107 114 61 138 116 48 182 168 156 
347 362 489 238 205 181 47 139 225 0 132 438 64 369 330 406 328 375 330 250 193 192 219 113 150 154 166 340 125 204 205 439 15 322 421 266 211 215 267 209 259 186 233 8 37 64 32 58 14 313 287 322 334 282 330 321 266 218 164 202 
225 324 386 278 200 272 161 34 119 139 0 380 114 323 210 338 248 281 193 143 100 276 118 128 49 181 219 286 120 145 108 307 155 279 426 262 217 197 275 205 246 204 212 136 122 160 148 177 147 193 178 199 216 171 202 186 141 222 161 174 
339 121 126 294 276 438 483 402 293 440 372 0 467 97 496 66 146 134 359 450 433 418 283 364 403 337 349 132 324 255 455 267 441 140 285 230 310 251 231 254 215 296 250 451 465 496 438 493 467 317 328 278 292 277 330 333 290 245 295 272 
315 392 482 278 223 217 51 109 213 48 120 459 0 388 289 415 337 368 290 222 165 226 204 121 119 189 208 342 148 201 154 416 72 336 456 290 231 235 298 228 281 215 256 52 30 52 74 75 54 290 278 305 320 278 322 301 249 253 170 208 
326 57 174 234 196 359 399 346 238 377 330 97 397 0 455 68 114 120 324 425 405 334 238 279 348 260 270 56 258 189 405 284 376 63 226 155 230 182 163 178 133 202 173 391 379 437 358 432 388 291 296 263 277 246 319 310 245 170 236 186 
178 489 457 478 406 483 327 192 242 316 211 499 288 466 0 434 363 383 157 89 129 471 234 327 195 391 425 434 327 315 144 306 325 424 618 445 428 400 463 385 442 390 404 322 301 315 324 342 332 197 172 215 212 215 181 169 220 405 365 367 
299 116 97 291 243 413 438 374 244 408 336 51 416 83 437 0 103 76 314 414 391 396 239 324 374 305 313 96 296 229 408 223 419 94 287 224 276 235 229 232 201 258 223 413 415 457 403 459 417 252 266 238 238 222 284 290 245 219 276 235 
214 149 164 250 183 361 360 273 158 329 259 146 327 103 358 106 0 47 231 323 309 340 158 248 273 252 254 95 223 135 322 199 339 69 306 198 220 175 194 175 169 213 172 330 340 369 323 385 348 180 205 162 179 152 216 210 154 175 204 175 
223 152 130 287 231 410 388 307 170 366 292 133 361 110 365 87 44 0 232 337 342 380 175 289 313 297 293 123 267 175 336 171 370 109 321 218 260 204 221 224 199 233 203 365 374 411 360 414 387 199 208 168 184 169 219 203 180 212 232 207 
44 363 297 394 323 444 342 192 140 322 195 363 293 328 158 308 232 242 0 147 172 440 134 286 186 338 371 312 265 214 172 161 330 300 506 352 357 308 372 297 346 321 321 333 312 336 324 347 331 48 55 68 66 84 40 25 106 317 299 280 
191 433 441 407 333 413 259 125 192 244 151 462 216 410 88 401 316 348 143 0 67 419 187 260 108 330 361 379 261 259 65 297 256 367 559 388 358 328 398 333 374 323 351 252 232 240 260 267 261 184 146 190 204 197 179 157 180 344 303 312 
197 405 424 360 297 365 197 67 170 206 97 443 159 399 130 399 305 330 162 61 0 361 169 220 77 272 302 356 206 223 21 316 207 341 531 359 320 294 352 292 341 291 300 204 171 200 215 213 201 183 162 192 207 184 202 181 175 301 259 271 
464 318 492 121 170 37 195 292 317 177 282 424 233 344 483 402 347 381 448 407 353 0 310 151 303 117 101 302 179 245 370 501 170 298 294 188 124 185 196 188 207 151 180 176 218 222 172 219 190 408 403 400 432 380 445 417 358 190 160 185 
164 264 289 269 197 307 254 141 29 224 114 291 199 254 224 255 153 181 139 192 167 302 0 170 139 212 229 203 146 101 172 216 227 190 387 234 227 184 236 179 206 199 188 228 207 263 227 273 244 98 112 100 129 83 147 132 56 194 154 154 
303 267 390 166 110 155 140 149 168 108 120 360 135 274 333 318 257 287 302 273 220 151 174 0 166 73 93 244 40 117 213 381 93 234 342 167 112 123 179 106 165 93 139 118 121 150 90 164 122 262 249 264 293 240 292 286 222 119 62 108 
213 364 406 317 251 302 155 16 146 151 45 407 117 355 196 368 289 310 183 110 67 298 128 172 0 227 253 323 167 178 77 319 160 304 466 311 263 254 313 225 283 236 257 168 122 150 157 168 153 194 160 194 203 184 216 195 171 245 185 206 
363 247 387 110 78 125 168 221 211 146 197 340 183 260 384 313 252 279 343 318 274 122 203 67 220 0 36 227 80 139 285 395 133 208 291 131 65 100 129 90 137 63 96 145 183 193 126 205 154 298 307 311 320 272 336 311 252 93 61 98 
367 248 402 92 67 119 199 236 239 169 214 342 212 256 426 304 257 306 355 361 307 105 240 99 254 36 0 220 105 147 303 416 157 230 267 120 59 101 126 93 130 59 108 168 199 216 153 206 167 324 323 325 340 291 372 351 283 106 75 99 
297 76 189 190 157 329 359 312 219 342 291 133 347 53 426 100 92 109 308 384 352 314 205 235 310 233 221 0 227 149 370 280 326 30 232 131 194 137 124 151 110 184 131 350 343 388 329 399 350 271 267 238 263 220 303 274 230 140 188 144 
296 248 363 173 104 188 165 147 153 116 121 333 142 270 334 286 225 263 276 269 208 175 146 33 152 69 95 230 0 97 228 347 116 213 322 152 106 106 172 89 167 81 126 121 145 183 113 186 129 254 232 253 253 220 288 259 198 115 51 75 
223 200 288 182 98 245 231 165 108 193 138 268 202 192 309 220 132 184 230 252 222 238 97 112 173 148 148 157 88 0 230 275 196 143 320 145 154 86 162 91 139 108 105 209 199 238 196 263 226 187 183 180 189 160 229 206 124 94 81 65 
223 418 448 382 303 361 209 74 170 191 96 461 166 393 144 407 313 351 175 59 26 352 175 213 72 290 305 367 220 236 0 320 213 351 530 358 317 303 371 296 337 286 323 213 169 192 201 202 205 199 170 206 218 196 212 191 188 311 259 270 
131 327 176 430 347 515 456 329 210 436 310 265 427 273 307 230 196 170 165 312 323 510 215 381 326 407 415 277 355 272 321 0 440 268 488 380 391 343 370 332 348 364 337 431 424 457 437 464 449 151 172 131 128 159 129 151 164 335 352 331 
356 362 472 229 194 166 51 162 246 24 150 442 75 370 326 410 332 363 335 264 203 178 237 99 157 152 172 328 133 209 207 436 0 331 424 267 188 225 267 201 260 194 231 19 44 60 18 67 15 307 311 322 335 289 350 332 275 222 146 192 
289 91 197 196 145 334 366 291 201 330 271 127 332 68 421 113 85 98 300 371 347 301 187 227 313 209 215 28 214 150 346 262 327 0 239 129 176 130 130 150 110 167 124 327 332 370 321 387 337 236 253 222 250 219 270 274 200 135 188 151 
512 187 381 182 246 325 456 473 396 419 446 272 453 225 624 282 308 334 522 556 524 296 387 329 477 283 269 232 322 313 537 492 424 240 0 187 237 236 179 250 204 256 221 416 443 463 397 468 424 465 471 457 461 429 500 491 426 240 300 263 
358 138 327 78 77 207 302 287 234 261 274 245 293 170 447 223 192 219 360 389 353 196 227 171 305 138 114 131 168 145 364 378 254 127 189 0 75 78 13 81 40 84 53 259 287 312 254 325 282 318 316 318 319 281 346 333 267 59 132 99 
357 199 365 63 56 158 220 260 238 202 226 307 235 223 423 278 222 276 346 363 328 116 219 125 269 56 49 179 106 152 316 401 204 188 230 70 0 66 82 72 93 44 67 194 219 245 180 248 209 308 321 319 330 282 352 342 269 74 81 88 
322 162 321 109 35 205 254 247 182 216 208 263 230 178 386 220 161 200 302 334 291 185 170 113 251 104 92 141 109 106 302 343 222 129 232 77 62 0 82 16 60 45 23 213 231 270 196 275 228 261 274 268 267 226 302 284 213 21 64 44 
362 128 328 64 88 211 301 297 243 275 265 241 301 158 463 235 187 231 366 406 360 186 230 179 314 129 115 125 156 165 374 384 261 141 169 22 77 84 0 91 46 90 54 281 295 327 264 311 284 329 336 322 337 292 367 337 268 68 118 111 
323 165 319 103 19 207 235 226 185 209 204 263 232 186 378 242 181 209 298 333 278 187 166 120 233 96 85 149 90 93 290 333 204 135 253 74 72 29 95 0 73 32 33 208 218 267 198 261 218 264 273 258 272 218 299 277 205 25 53 27 
333 109 296 109 68 231 298 291 218 263 259 214 297 134 438 189 153 205 328 382 339 206 222 164 299 131 140 95 154 134 340 347 259 115 201 29 103 66 41 83 0 91 43 270 293 314 261 317 274 287 306 274 302 245 336 319 249 57 119 94 
328 189 354 86 23 172 221 226 195 192 195 294 219 206 387 262 206 252 323 322 295 149 192 105 228 59 68 175 90 118 291 358 183 162 241 95 53 48 84 34 100 0 60 198 218 233 168 250 201 284 285 275 294 243 333 303 236 46 40 45 
338 149 317 90 41 207 258 260 202 230 219 247 248 181 405 224 181 210 312 345 303 175 201 140 254 109 102 129 126 103 324 341 225 126 229 54 56 14 70 25 60 44 0 222 239 287 225 274 233 274 283 265 296 239 325 295 236 14 84 52 
360 378 482 252 207 167 37 153 247 20 149 443 51 382 332 412 336 369 321 264 218 190 225 116 151 146 174 333 121 199 212 443 11 340 413 275 195 220 264 205 266 183 226 0 55 69 29 60 25 311 311 327 333 297 354 317 273 217 160 210 
337 380 490 277 213 200 38 114 233 39 112 448 17 383 295 427 326 371 313 228 170 227 209 122 129 170 197 357 143 200 181 413 42 345 442 290 217 239 281 216 285 214 256 56 0 43 53 51 41 287 275 314 327 283 333 290 262 230 178 221 
364 427 518 295 246 214 31 156 261 61 158 491 55 426 316 452 375 405 336 256 198 224 261 150 167 203 217 385 183 258 196 472 60 378 474 315 245 280 321 257 320 233 275 61 41 0 76 16 61 325 311 336 354 314 356 337 303 274 203 239 
359 358 472 239 198 169 64 153 233 30 145 435 72 361 342 404 327 366 317 264 219 172 223 101 167 142 161 335 123 196 218 421 22 310 406 252 188 200 253 198 255 183 212 23 50 79 0 82 32 307 288 321 335 298 339 319 270 214 146 192 
383 416 536 290 261 194 21 177 279 69 161 508 61 438 329 453 375 415 354 271 220 221 269 161 180 197 225 379 182 263 215 476 74 380 464 317 251 260 312 263 329 232 280 68 59 33 75 0 49 350 335 358 361 324 373 340 313 270 214 259 
371 388 490 253 207 169 39 154 251 24 142 454 55 380 341 422 354 392 337 269 217 189 244 123 163 160 187 359 138 220 210 446 35 341 432 267 217 223 276 210 284 206 245 11 45 53 42 45 0 313 308 341 342 302 352 329 290 238 181 216 
61 311 263 362 287 413 324 188 93 317 180 301 284 276 189 253 179 195 59 168 178 405 112 275 179 305 329 263 247 179 196 144 321 247 473 324 310 266 332 263 295 292 274 319 291 326 314 346 329 0 38 23 44 45 42 27 63 262 255 236 
58 323 285 366 281 409 316 182 100 295 178 321 280 304 169 276 208 208 45 151 170 396 102 265 169 298 335 273 239 191 179 158 304 250 467 316 324 268 334 260 296 281 272 296 271 310 288 331 301 22 0 59 55 67 53 39 70 278 246 242 
69 299 246 347 274 424 329 210 108 308 199 290 291 264 209 236 179 169 74 200 202 417 107 265 199 300 326 245 244 175 209 136 326 226 463 314 321 271 304 251 276 284 276 322 298 352 315 362 336 39 48 0 33 41 64 47 64 271 255 237 
62 308 244 362 285 425 361 224 113 325 205 291 307 273 205 238 186 185 75 203 215 424 116 288 213 320 344 253 271 195 224 127 339 244 462 314 325 286 338 281 298 290 289 343 311 362 327 360 350 34 48 16 0 55 50 49 75 286 275 254 
85 275 243 324 239 393 306 191 76 292 167 272 272 248 230 220 154 172 85 190 184 373 78 246 182 266 299 223 212 147 197 154 302 211 422 276 279 227 278 227 250 245 250 297 276 316 280 329 296 52 58 35 61 0 90 73 35 226 221 211 
18 345 280 407 322 452 347 207 128 347 205 340 321 308 191 279 218 210 32 179 197 441 154 306 209 345 371 291 276 214 207 127 341 279 498 361 349 300 364 309 321 319 321 354 324 369 344 367 354 56 55 49 44 76 0 39 98 318 304 281 
36 342 294 382 304 439 340 184 120 327 183 338 299 309 169 283 210 205 39 157 167 418 123 271 178 322 347 277 257 204 194 147 319 264 485 335 331 283 346 278 319 304 292 315 302 332 323 348 321 34 40 44 57 61 39 0 78 283 276 254 
107 276 253 303 235 364 290 170 52 280 157 289 256 247 224 241 156 161 99 189 174 369 65 209 162 252 287 229 195 135 190 168 269 197 427 267 261 214 264 213 239 233 232 272 267 293 276 304 279 50 71 52 71 32 95 80 0 233 205 199 
317 163 304 107 41 206 254 247 182 226 222 248 239 175 404 232 175 213 322 335 307 181 175 136 250 95 99 135 110 100 303 346 224 138 242 61 60 9 58 19 49 52 27 218 233 281 213 280 233 276 277 270 285 240 316 295 217 0 67 41 
304 214 351 135 48 177 189 183 175 152 163 302 179 232 357 264 204 248 301 299 240 158 163 60 191 65 82 200 51 89 254 348 157 180 288 121 78 68 130 61 125 56 90 156 179 217 141 213 161 260 257 258 262 215 305 280 199 67 0 41 
289 187 317 125 42 210 221 207 148 188 171 270 213 184 362 224 165 196 290 311 259 191 144 93 217 84 98 161 88 72 278 329 202 140 261 105 80 41 106 22 97 46 60 199 217 250 177 240 212 246 242 247 259 216 290 266 190 38 40 0 

Depot information
31 207 2019
318 406 1671
116 465 2441
428 261 776
350 239 1326
476 122 2999
333 16 1434
199 73 627
168 199 2392
332 47 1498

Cust information
214 99 24
222 471 23
291 29 23
270 409 21
17 36 15
204 427 17
198 341 18
170 368 22
46 176 22
88 44 25
139 46 16
474 151 16
177 193 19
327 142 25
191 70 20
374 179 22
398 192 19
275 369 19
311 161 25
254 224 23
142 37 20
15 329 20
342 50 21
265 356 21
485 428 18
375 299 24
388 230 22
335 255 15
379 302 20
332 243 16
346 305 17
355 225 23
345 265 21
339 44 15
303 32 24
321 -5 17
339 60 25
337 -5 18
339 35 21
80 210 21
83 189 18
84 230 20
68 232 22
114 226 18
42 206 15
63 195 20
130 213 25
338 260 21
327 196 20
313 233 24
