Seed 123 - Instance: n55m10_2
n 55
m 10
Q 280
L 0
U 1000

0 151 359 208 84 130 272 359 449 143 441 259 171 249 243 402 237 181 365 291 258 456 363 401 450 369 427 206 372 411 392 161 472 153 387 80 70 204 194 231 195 226 207 225 196 222 210 227 385 378 351 363 373 349 433 420 403 420 424 419 444 430 404 399 352 
154 0 333 332 222 196 396 442 403 15 480 380 202 257 120 371 286 144 289 395 248 505 310 464 387 374 426 346 372 336 286 74 502 50 356 226 122 332 332 356 343 352 331 364 343 339 343 350 344 346 318 327 332 323 362 353 332 321 328 339 360 332 323 310 262 
363 341 0 449 384 261 420 310 93 327 256 400 216 138 276 72 206 199 123 380 130 286 47 267 88 99 101 439 98 155 161 277 258 306 44 402 410 402 407 407 400 400 387 431 426 390 402 422 45 28 26 45 17 35 141 158 125 159 190 166 146 156 174 173 138 
208 333 442 0 128 203 93 277 524 335 378 78 243 321 437 498 255 327 469 144 318 407 450 352 526 409 486 16 410 534 517 324 415 324 468 130 243 38 61 74 50 75 69 57 37 74 44 32 464 452 436 462 435 422 552 550 515 530 561 547 556 548 526 531 474 
85 213 374 123 0 131 190 311 467 228 390 175 173 259 309 438 223 231 397 228 267 415 383 371 471 371 431 127 374 454 433 220 438 224 402 41 130 132 117 144 122 142 123 144 119 152 138 152 395 393 368 391 387 362 472 460 433 452 468 456 467 462 460 440 394 
118 196 268 206 129 0 243 266 338 182 316 220 48 133 234 304 120 112 281 235 151 352 250 291 337 251 336 216 251 357 312 158 345 159 297 148 169 193 183 187 180 189 173 205 194 189 182 203 285 282 235 269 257 242 357 348 324 342 365 348 367 352 339 329 283 
258 385 425 101 201 240 0 207 496 389 310 29 262 315 469 473 232 346 480 78 319 335 435 289 506 378 451 92 376 541 525 373 361 377 460 217 312 69 78 54 79 55 70 51 85 66 75 58 450 443 410 436 427 415 550 551 524 544 568 562 556 553 555 547 488 
362 439 316 281 312 264 216 0 352 420 125 203 246 248 452 356 162 327 398 137 255 143 329 86 382 230 291 284 222 448 449 386 176 413 340 325 408 245 235 227 239 212 230 236 244 217 231 239 338 322 299 328 308 293 444 439 431 463 482 463 457 453 448 458 401 
439 409 77 510 461 334 488 354 0 378 293 488 295 215 333 44 276 277 151 440 211 301 107 297 28 142 87 513 141 160 174 339 265 372 59 477 482 485 479 473 487 471 474 507 485 469 485 513 78 78 116 86 82 102 128 133 137 171 200 169 132 149 166 162 167 
144 23 324 330 231 172 394 418 395 0 468 370 191 238 119 343 283 142 266 393 236 492 299 451 385 357 402 334 357 330 289 65 483 33 328 228 129 328 329 342 322 337 328 361 330 335 340 361 330 331 304 309 324 322 343 333 316 312 315 313 342 320 310 309 256 
426 475 263 379 406 312 322 124 292 470 0 319 294 248 473 298 209 340 361 258 248 33 298 38 325 177 217 383 177 415 420 424 57 449 282 424 484 353 342 318 350 323 321 347 348 317 335 360 296 286 277 292 262 248 403 417 387 430 441 422 402 402 425 424 390 
251 381 409 86 173 213 29 203 486 359 316 0 238 300 437 456 213 326 467 70 298 328 423 268 494 362 435 98 345 523 496 346 353 358 438 184 305 58 66 44 69 46 59 41 56 35 59 59 427 428 395 416 399 395 522 523 499 528 546 535 541 525 515 526 465 
168 208 219 244 162 54 252 238 301 199 283 235 0 101 233 283 89 106 252 225 106 313 213 267 298 203 283 242 223 319 291 150 309 173 249 175 210 214 207 224 204 221 199 242 209 204 211 245 242 247 202 238 217 198 333 313 301 308 336 323 337 317 313 310 240 
239 237 144 310 259 132 322 252 216 243 252 306 101 0 232 181 85 101 185 271 15 282 132 247 226 126 193 333 140 236 216 193 258 207 151 268 281 302 275 284 289 274 278 301 291 273 291 305 157 157 122 135 133 107 242 240 208 247 268 238 257 235 234 236 187 
250 118 282 425 320 250 466 465 332 111 481 445 241 234 0 277 290 141 190 465 233 494 258 461 307 323 365 423 331 227 194 108 479 114 280 325 249 415 408 425 403 412 407 448 420 424 425 444 271 270 250 260 276 270 255 235 220 224 212 229 268 235 223 220 161 
418 364 70 498 424 310 478 359 57 351 314 453 266 180 292 0 256 225 104 439 177 321 61 305 40 143 100 491 143 134 143 297 293 327 41 455 430 457 459 450 457 452 450 471 469 442 452 491 35 51 71 48 72 94 105 110 98 137 156 136 113 109 149 131 130 
238 284 191 259 212 134 232 165 278 283 218 220 101 103 298 250 0 167 249 201 88 227 203 184 281 162 226 259 156 322 295 231 229 256 219 235 281 231 215 217 229 217 205 236 222 199 211 247 234 220 183 215 190 168 318 320 292 319 352 327 334 320 318 328 265 
193 144 202 317 228 119 353 316 270 146 353 320 93 116 145 224 158 0 178 321 120 378 174 338 261 223 271 320 224 249 215 99 370 123 221 233 213 292 297 318 307 298 289 318 296 303 292 323 214 222 173 195 192 191 262 247 228 234 237 249 263 253 228 235 178 
361 291 121 467 393 283 487 397 138 277 378 456 246 174 204 117 267 178 0 456 167 396 95 363 131 205 204 472 206 81 60 229 349 262 109 408 367 442 437 462 455 443 436 478 457 433 445 477 88 108 102 89 112 131 87 81 55 78 87 87 94 70 75 78 43 
292 404 387 158 225 232 72 136 438 390 248 74 233 286 462 427 198 326 446 0 284 262 389 211 468 308 400 148 315 518 480 370 308 380 412 242 341 131 117 102 129 92 123 116 133 105 116 132 412 410 364 399 376 366 514 517 478 501 540 515 509 512 502 508 446 
267 254 121 335 268 148 317 251 197 243 245 304 110 20 243 168 98 104 180 294 0 279 129 230 213 118 192 323 134 237 222 191 248 230 157 285 305 299 286 297 304 278 285 323 309 284 288 312 144 147 104 132 119 97 233 242 218 241 255 235 245 239 233 225 184 
466 517 281 398 414 352 345 133 310 493 30 336 309 288 496 321 234 367 382 264 271 0 308 58 331 211 232 404 196 433 435 449 67 473 310 445 512 367 352 349 357 339 352 361 362 346 355 371 318 301 291 316 296 274 420 426 415 441 460 454 427 433 434 434 407 
362 316 41 443 382 252 431 316 99 304 285 420 219 129 257 59 216 176 100 387 129 316 0 300 106 125 121 442 132 128 133 261 276 283 50 386 383 405 395 404 415 400 392 435 418 402 404 429 41 46 37 24 46 57 128 139 106 137 166 139 147 128 138 139 118 
412 457 267 350 366 299 276 95 304 442 36 279 258 230 469 305 190 323 363 223 233 64 289 0 323 190 228 352 185 418 408 411 88 433 285 381 466 319 300 299 319 285 299 313 318 279 308 310 302 274 275 287 260 248 410 405 395 424 444 423 412 415 419 409 391 
456 385 93 534 467 353 516 368 28 380 318 490 304 226 318 50 275 270 123 462 206 328 106 338 0 153 100 533 169 129 147 324 285 377 69 478 477 487 485 498 501 480 477 512 511 483 500 514 67 73 107 91 93 111 92 128 109 152 171 153 120 129 155 152 162 
359 373 102 397 364 255 379 222 141 359 184 356 219 139 339 141 160 229 209 322 123 195 125 189 162 0 94 405 18 233 243 306 167 326 111 383 408 364 357 355 369 352 344 385 379 358 362 385 121 107 106 116 103 88 238 236 215 256 273 253 232 227 247 248 220 
445 425 89 488 449 327 456 304 87 405 228 436 278 191 360 109 241 268 193 395 185 244 132 244 113 87 0 491 89 221 233 358 199 396 91 450 473 452 449 447 447 436 431 453 442 425 435 471 114 99 120 120 100 113 190 216 201 233 256 242 205 213 230 218 213 
204 350 438 15 135 222 88 275 528 345 373 96 235 325 424 489 264 334 484 146 336 395 449 354 535 403 480 0 404 546 519 335 418 347 471 144 263 48 59 67 58 67 70 43 45 74 64 47 474 476 421 467 439 426 558 546 535 534 550 561 556 545 546 530 471 
363 377 108 394 363 253 372 228 150 356 181 355 221 141 327 149 147 228 214 326 122 201 129 168 169 12 91 402 0 258 241 313 167 351 119 388 422 362 354 364 367 357 349 377 375 348 370 379 137 118 118 130 111 75 246 242 230 248 283 260 253 246 267 248 231 
424 325 166 536 464 350 550 444 161 334 412 527 323 237 235 128 320 252 74 521 240 444 145 410 129 249 223 546 253 0 57 274 389 313 131 470 436 523 516 522 507 503 490 543 531 512 527 538 124 148 159 130 151 180 47 23 33 34 51 24 36 19 33 19 82 
376 289 156 515 436 322 526 447 179 282 418 502 276 213 193 138 294 208 45 491 205 427 124 405 158 240 238 521 245 50 0 251 400 277 138 440 394 490 489 489 490 476 481 505 483 486 493 517 135 151 144 141 160 165 80 60 49 27 45 41 79 55 40 32 48 
164 70 269 326 229 144 377 393 332 53 418 357 165 186 93 310 236 83 223 377 192 446 249 417 324 299 348 339 306 276 250 0 440 39 289 218 164 315 323 337 329 340 312 346 317 334 330 336 273 288 245 268 264 261 300 291 278 268 285 275 298 296 262 264 217 
461 496 250 421 426 356 376 173 270 482 57 353 307 256 483 286 240 370 348 306 252 53 276 94 289 163 203 433 158 400 405 441 0 474 276 458 509 391 383 365 381 365 374 400 393 361 378 399 281 253 262 286 245 237 380 378 380 396 435 418 391 385 418 392 379 
147 41 298 324 221 167 376 423 377 28 450 366 168 213 118 339 256 113 261 378 230 478 281 434 371 325 389 341 348 306 266 36 474 0 317 222 140 333 320 345 332 342 315 348 328 336 318 352 299 308 291 291 306 298 343 313 306 297 297 301 339 313 298 287 232 
397 344 41 468 401 297 451 341 60 326 280 439 256 170 274 45 218 214 115 418 154 295 50 281 63 118 95 464 113 148 151 288 262 326 0 422 410 446 437 428 444 417 424 442 442 423 433 462 31 25 43 30 34 61 130 123 120 157 173 162 137 139 148 147 136 
81 226 410 136 34 149 217 332 466 229 411 201 176 281 308 437 232 233 403 244 284 450 401 390 475 390 455 137 378 465 442 224 465 218 415 0 115 152 135 156 134 162 139 160 143 166 157 159 423 422 381 407 399 372 485 470 457 463 480 462 494 468 462 458 407 
70 130 409 245 132 182 315 415 478 127 476 313 207 294 244 445 289 220 370 356 290 514 381 468 476 401 484 266 421 441 393 152 510 130 430 128 0 264 249 288 252 280 246 283 266 266 274 277 402 410 378 393 410 386 464 437 424 419 421 428 464 445 411 419 357 
209 326 417 40 135 186 75 247 483 327 353 70 213 296 413 466 216 307 453 121 297 356 418 300 499 364 455 52 369 509 480 320 379 322 433 144 265 0 19 32 15 43 19 24 17 31 29 35 428 436 401 426 405 379 529 523 500 518 524 531 538 508 509 500 455 
198 333 404 44 119 171 86 243 483 320 348 62 211 291 396 454 220 282 445 129 298 361 395 306 484 363 431 57 362 507 489 312 380 320 420 130 249 16 0 40 9 42 22 47 29 39 32 52 431 415 394 406 412 369 509 500 490 503 530 508 518 507 499 494 448 
233 345 408 73 151 205 59 216 483 350 315 30 222 290 419 457 210 306 452 96 300 348 401 285 497 365 448 65 359 528 489 327 377 341 428 164 285 38 45 0 42 21 39 29 35 12 15 40 425 430 398 426 415 383 535 522 500 525 542 517 529 520 512 503 460 
207 325 402 36 131 191 85 236 477 320 347 53 206 287 411 459 224 290 458 133 305 359 419 301 496 371 451 54 366 507 483 319 392 326 432 133 255 10 25 37 0 33 32 29 10 35 14 38 445 439 388 415 404 391 519 520 492 505 530 519 530 522 520 503 459 
220 353 405 69 142 195 60 210 473 348 325 38 208 292 423 447 211 310 448 90 293 342 410 275 486 356 433 70 343 522 486 328 365 334 417 169 286 36 34 9 41 0 43 28 48 22 25 40 428 417 384 421 406 365 518 518 478 509 519 525 514 520 507 506 437 
191 329 385 61 129 183 70 228 457 316 323 54 187 266 395 435 209 290 428 108 276 349 405 299 485 342 428 59 348 509 478 299 371 311 418 136 263 26 23 33 38 29 0 44 44 23 25 58 409 417 374 396 396 364 498 511 486 502 515 513 511 500 498 500 429 
227 361 431 43 145 219 49 227 490 359 343 42 233 304 445 478 229 325 480 118 308 351 435 313 510 377 452 54 372 538 519 347 399 339 454 177 288 31 34 25 29 45 39 0 35 36 28 23 451 448 408 445 420 407 540 547 513 537 561 532 554 527 525 526 481 
197 333 411 30 118 190 78 249 489 323 347 72 220 304 414 474 228 314 451 137 309 369 424 312 501 380 462 45 375 520 501 318 394 326 437 131 249 17 15 31 24 52 33 34 0 45 30 38 438 446 407 429 416 390 521 527 509 522 536 523 529 516 525 514 463 
216 353 389 75 154 184 53 210 464 341 329 51 202 287 413 459 216 296 437 89 283 332 407 290 490 345 438 74 353 511 478 322 359 330 425 165 262 32 36 18 32 24 20 35 34 0 30 51 429 409 380 413 406 384 523 514 490 503 522 506 527 517 499 500 444 
212 346 399 56 142 194 60 229 487 330 326 51 219 294 426 460 220 309 455 103 305 360 411 299 489 363 445 50 370 512 483 330 390 325 425 157 270 26 34 30 27 32 32 32 26 20 0 30 439 437 390 422 412 390 524 521 495 513 523 526 523 521 511 499 452 
219 355 435 49 148 212 55 246 512 362 349 53 227 307 447 490 247 320 477 132 328 382 443 316 509 395 458 35 387 539 512 338 392 336 459 162 283 23 34 32 38 40 58 23 29 52 41 0 457 448 415 454 425 400 548 546 508 528 561 540 545 549 530 539 467 
388 330 38 457 411 280 451 329 82 335 301 443 255 154 273 43 231 202 97 411 144 321 26 294 69 132 101 472 129 130 129 280 283 317 18 410 407 427 435 433 442 419 416 448 433 415 431 462 0 18 51 19 50 70 122 127 113 137 155 133 117 115 144 137 129 
382 338 32 455 403 283 456 317 66 331 285 424 239 164 284 34 218 217 108 391 157 289 38 274 73 106 100 464 115 142 158 293 269 322 7 414 421 439 415 419 437 410 420 444 443 419 430 443 29 0 39 36 32 63 140 146 113 154 177 167 131 138 150 159 132 
341 310 39 435 362 242 423 312 113 291 277 401 210 126 262 78 179 164 110 363 106 300 28 283 107 96 122 438 107 165 144 257 256 272 55 381 373 398 379 397 405 389 385 402 402 379 399 421 54 39 0 39 31 32 145 155 123 170 187 173 159 157 165 160 137 
363 318 42 452 398 269 456 325 86 302 301 418 235 137 266 58 210 191 89 404 145 319 21 293 90 118 118 451 123 136 135 253 272 288 40 401 392 426 417 425 425 403 396 446 429 412 416 436 28 29 47 0 34 63 120 121 118 138 164 148 128 120 152 136 122 
365 335 17 434 380 254 439 298 79 326 275 412 225 139 282 52 191 192 123 371 132 290 33 261 103 96 100 446 107 153 153 269 251 298 32 402 391 409 410 400 418 398 399 432 406 389 415 438 50 36 34 35 0 43 154 154 126 167 185 171 158 142 160 168 137 
345 318 28 424 370 252 397 277 99 314 255 379 203 124 272 76 170 183 124 364 100 272 47 249 113 69 100 419 85 187 172 262 247 303 51 371 385 378 389 384 390 382 375 402 397 374 386 399 66 50 40 64 37 0 173 171 159 179 202 190 166 177 178 173 160 
432 359 138 546 484 354 545 451 128 357 402 534 324 236 255 104 326 269 97 504 247 406 128 405 102 219 197 562 238 35 73 317 383 347 132 487 451 520 522 534 519 528 505 538 538 509 529 542 125 121 143 118 155 158 0 37 42 63 70 47 13 29 69 52 106 
424 338 152 543 464 358 553 442 150 337 417 535 312 247 254 105 324 242 73 504 239 428 133 405 120 226 208 545 242 23 53 287 389 329 136 466 432 529 503 524 513 515 493 540 529 503 524 538 125 127 145 127 146 164 25 0 26 35 65 27 16 9 39 30 101 
412 330 139 512 450 319 519 420 143 314 399 510 284 207 236 108 289 225 47 479 213 416 121 397 115 225 203 517 226 36 58 269 370 308 111 457 428 505 483 503 504 479 470 513 491 490 488 519 99 123 121 109 128 147 52 24 0 37 74 37 37 28 39 42 81 
413 328 162 548 453 337 536 460 157 311 426 529 303 246 216 134 315 233 72 503 228 442 142 417 147 245 235 542 261 31 31 271 408 298 139 456 419 514 499 508 517 507 492 542 511 511 507 532 147 154 153 136 175 177 58 46 46 0 46 23 56 37 6 4 77 
421 321 188 556 471 348 562 478 185 317 446 548 332 257 206 172 348 244 100 541 248 469 172 451 168 283 267 559 290 40 53 270 439 296 169 478 436 528 515 544 523 524 520 544 540 515 525 561 159 177 185 162 190 219 85 69 74 38 0 33 78 65 42 42 94 
418 339 167 547 471 342 559 455 166 327 422 523 318 254 225 143 320 240 72 524 241 441 148 432 141 259 234 544 261 16 36 274 400 301 153 477 424 517 509 523 525 506 511 542 519 514 511 540 140 154 170 141 176 188 57 26 38 28 42 0 46 33 15 14 89 
442 361 160 550 481 359 558 448 134 356 408 544 337 256 258 105 329 268 102 519 243 432 146 405 108 232 214 561 250 43 73 295 393 338 132 487 463 530 515 530 519 512 502 551 535 511 518 546 134 137 159 124 161 174 16 24 53 51 75 49 0 24 53 49 104 
415 345 154 544 466 355 544 440 139 326 412 521 314 248 247 106 331 241 71 504 225 416 141 421 124 245 215 545 244 21 56 278 392 320 139 477 430 525 518 517 515 502 505 536 513 502 517 550 120 147 145 128 142 174 31 11 31 42 54 24 33 0 49 29 95 
414 317 159 546 443 331 542 453 179 310 417 515 312 245 215 129 326 227 62 504 239 445 136 416 156 244 226 538 256 34 37 276 418 286 158 469 425 519 513 523 509 504 500 539 525 514 510 541 133 157 157 133 164 181 67 51 41 9 38 21 47 36 0 21 74 
411 309 171 531 440 344 534 446 169 301 428 519 302 238 206 143 317 225 74 501 236 428 144 411 149 248 223 548 246 20 43 266 397 300 151 467 423 516 510 507 507 495 493 522 516 505 505 529 126 155 156 138 157 186 66 44 45 14 49 12 60 28 23 0 77 
351 255 135 485 389 278 492 412 166 248 392 466 238 185 163 143 276 159 28 457 172 416 118 381 165 223 221 470 233 75 41 204 374 242 142 405 368 442 449 455 444 450 429 468 452 443 460 476 120 136 127 114 138 150 114 90 61 72 83 82 108 85 73 68 0 

Depot information
274 43 1340
403 98 564
286 402 796
81 22 1898
198 38 2192
233 152 2499
19 78 1709
15 279 2639
302 476 1943
398 110 2378

Cust information
31 388 20
39 88 18
234 192 21
252 281 20
459 200 19
321 441 22
173 249 21
324 217 25
391 371 17
15 148 25
250 290 24
11 404 16
311 389 24
33 354 22
327 476 25
203 393 21
230 468 23
77 18 15
196 395 15
435 422 22
434 381 19
377 155 21
48 435 20
387 124 18
304 422 19
209 19 19
324 12 18
80 57 16
88 63 16
62 74 19
82 57 21
65 82 18
89 74 15
56 55 23
81 51 23
70 79 15
74 65 23
61 45 21
315 414 21
299 418 21
295 379 23
313 400 25
287 401 17
271 384 25
415 451 20
426 432 16
411 413 24
443 407 16
469 405 22
446 415 18
425 446 18
427 429 23
445 403 22
439 405 23
409 352 19
