Seed 123 - Instance: n60m5_1
n 60
m 5
Q 241
L 0
U 1000

0 212 389 123 235 275 317 308 287 111 240 295 173 151 195 29 205 182 195 123 168 276 288 271 257 153 89 70 341 182 275 333 339 178 208 334 325 367 307 316 327 352 349 263 232 257 319 311 277 185 149 135 203 148 129 174 199 150 254 315 291 290 284 325 295 
219 0 245 163 413 222 222 171 172 186 128 82 385 194 26 226 366 185 342 314 253 172 436 392 54 308 291 245 225 137 113 142 189 292 301 282 270 305 241 252 276 257 298 273 241 244 289 296 301 388 348 340 409 357 338 386 392 356 84 136 106 101 93 127 104 
390 241 0 386 507 419 153 95 381 325 341 229 536 292 249 383 454 403 437 460 479 371 498 449 219 506 465 450 108 357 144 217 64 509 380 180 185 190 188 163 205 125 211 273 256 225 239 238 299 568 544 517 584 529 518 575 583 546 280 291 260 269 272 267 266 
140 179 399 0 373 151 357 334 174 196 147 213 277 244 160 150 331 53 315 257 106 145 404 378 213 140 185 98 368 56 275 274 348 136 316 401 372 419 361 365 381 372 407 342 313 332 386 382 362 273 233 219 282 228 224 240 251 232 168 224 192 221 203 228 208 
240 409 502 355 0 507 368 412 511 219 469 496 162 237 395 239 51 416 91 135 396 498 64 82 447 347 207 284 422 398 427 539 470 379 135 367 359 379 340 375 347 392 341 254 267 294 305 297 236 208 223 217 214 229 211 243 277 236 462 524 501 497 493 533 492 
278 219 428 153 510 0 436 390 77 340 94 212 413 363 204 281 483 100 461 384 175 68 552 517 226 243 319 240 442 125 309 242 387 201 446 484 460 518 458 446 473 458 501 451 407 433 493 475 477 387 348 335 421 349 354 357 360 351 158 171 166 177 173 203 177 
319 237 151 356 378 446 0 93 400 215 361 284 418 176 248 310 332 371 303 355 451 398 373 321 243 456 375 377 65 345 156 277 147 471 237 65 37 95 46 27 79 39 87 124 128 92 105 110 171 480 448 420 475 432 430 477 490 451 298 332 310 294 303 320 316 
309 180 100 320 412 379 91 0 349 233 301 201 451 211 201 320 370 352 345 376 418 341 426 389 174 436 401 363 69 312 76 218 59 444 288 135 134 153 117 109 147 104 168 203 171 153 188 177 223 488 456 441 495 454 433 492 500 456 235 262 237 239 239 242 249 
297 188 373 171 530 66 411 336 0 332 60 162 441 351 159 291 492 141 456 404 224 39 548 533 183 279 358 282 396 118 263 195 324 248 446 458 421 483 427 418 442 423 466 439 391 415 463 459 460 433 391 381 460 400 376 412 397 390 114 127 109 128 123 137 117 
110 194 319 201 222 337 214 237 337 0 282 269 227 58 197 98 174 233 159 158 277 300 249 210 239 251 174 181 250 222 228 317 277 272 124 247 223 277 206 227 228 255 244 165 132 161 221 213 182 259 241 209 270 220 211 269 276 230 250 316 293 281 285 313 300 
253 127 340 133 468 90 356 313 65 276 0 130 398 306 114 261 433 103 418 361 193 34 503 495 145 258 319 239 362 79 229 177 287 231 411 401 390 427 380 364 404 381 425 381 348 355 411 411 417 412 354 336 431 361 349 383 364 366 67 116 83 104 96 127 87 
293 88 228 227 479 215 265 203 146 273 118 0 446 285 84 294 437 217 414 405 301 140 519 474 42 346 367 294 262 170 141 57 186 329 385 323 306 352 294 288 321 294 345 331 306 298 342 347 380 470 430 407 481 414 410 446 438 424 66 61 41 38 41 53 46 
165 368 525 272 166 408 418 443 436 209 406 455 0 265 359 158 159 317 165 81 280 412 210 235 418 198 101 182 471 328 432 510 493 251 225 437 421 458 412 438 421 464 427 340 330 362 400 385 325 76 79 98 60 71 76 105 139 78 406 491 449 453 440 492 458 
150 191 300 227 221 362 186 216 341 48 296 272 263 0 208 150 196 285 156 176 307 336 250 203 252 301 217 222 211 251 212 317 251 327 122 211 188 230 174 193 190 214 206 115 90 122 173 153 139 291 267 251 296 265 238 311 333 270 275 330 303 285 279 332 305 
201 23 249 154 411 193 246 206 174 196 111 84 375 215 0 207 364 145 345 306 241 148 433 403 67 275 284 225 258 103 140 144 207 259 324 305 277 327 262 260 296 266 320 274 244 255 307 304 304 376 347 322 399 344 316 371 369 339 69 145 96 101 96 120 101 
31 212 384 145 229 285 316 325 301 95 264 303 158 143 205 0 201 195 192 123 188 275 263 262 277 159 88 81 341 191 272 346 349 197 186 349 307 356 306 325 326 345 336 251 229 257 303 301 261 190 157 129 194 156 119 181 188 151 259 334 284 296 289 323 287 
201 373 460 338 58 482 340 371 475 175 448 440 151 181 360 194 0 387 38 109 364 466 74 76 413 323 188 269 367 368 374 483 429 367 93 335 321 345 310 330 297 364 306 223 219 250 263 256 207 211 229 219 208 219 203 243 273 232 429 496 455 447 458 495 459 
176 172 406 53 414 99 385 343 127 249 101 213 321 276 149 182 376 0 353 291 100 122 457 430 200 166 237 152 392 55 284 248 350 132 363 419 398 454 397 387 417 400 435 384 343 351 419 414 390 309 273 246 322 279 266 280 264 271 152 203 184 195 192 219 199 
191 348 428 309 86 450 302 341 470 160 423 426 174 162 335 187 28 363 0 106 350 445 103 79 391 315 190 257 351 344 356 456 394 346 81 296 286 323 287 299 276 335 286 188 196 226 247 248 173 239 227 211 239 208 208 246 292 231 398 464 421 427 426 455 440 
121 314 458 256 138 379 350 389 414 159 363 390 72 186 310 111 111 297 106 0 266 396 176 183 368 208 76 150 403 297 365 449 418 251 173 367 352 378 336 371 353 379 362 260 253 281 329 308 264 135 121 105 124 103 105 151 180 116 374 437 405 404 397 424 397 
169 262 493 111 389 177 435 412 221 263 193 292 269 305 230 193 367 109 368 260 0 191 432 438 295 90 193 129 461 131 368 350 423 47 383 477 453 503 446 453 468 478 477 410 379 415 453 469 427 248 218 202 257 216 207 205 187 206 249 307 275 292 282 312 276 
264 165 373 154 506 72 396 326 23 317 50 141 414 340 158 279 473 113 434 391 197 0 541 510 176 268 330 254 387 107 263 191 332 226 426 436 414 463 410 395 436 401 453 407 389 390 441 443 438 410 381 351 429 384 367 380 376 370 106 117 113 127 128 138 116 
286 424 501 412 72 550 377 427 549 235 518 517 209 244 441 267 86 453 93 194 450 537 0 47 483 385 251 321 411 432 440 558 471 426 146 342 355 363 342 361 333 393 329 254 269 286 302 280 224 280 276 276 268 280 270 302 334 280 485 566 520 529 518 542 530 
274 405 453 377 76 522 319 388 522 220 478 466 231 206 407 252 76 424 89 183 426 505 65 0 449 390 253 328 360 411 402 507 440 417 97 301 294 317 304 329 289 335 282 197 224 242 250 240 166 278 301 285 271 274 271 326 349 282 466 520 491 494 484 525 497 
272 57 206 201 447 213 249 175 179 255 139 35 438 240 80 264 407 200 396 373 306 178 480 453 0 352 340 278 244 160 111 73 155 334 353 308 266 330 268 255 299 267 305 306 257 278 303 311 338 443 417 385 462 409 382 420 428 395 86 101 83 69 71 93 64 
157 302 512 135 338 233 445 448 296 260 267 358 205 302 286 163 329 165 324 226 86 275 383 390 347 0 141 91 470 198 399 407 461 63 354 496 461 509 459 465 469 474 476 402 368 412 451 447 419 165 137 121 187 138 142 138 126 140 298 361 324 341 345 358 344 
90 301 467 183 219 324 377 392 352 172 324 376 97 220 295 85 202 222 197 89 186 328 257 268 354 136 0 96 423 242 364 412 434 193 223 404 377 429 365 391 383 410 388 302 285 318 371 364 319 114 83 51 130 77 47 101 124 69 325 397 361 363 353 398 359 
79 233 445 98 274 236 365 359 281 173 233 309 185 224 232 87 249 159 247 158 112 259 340 324 287 102 95 0 402 158 325 346 392 115 277 407 387 436 373 393 394 393 408 333 293 324 372 362 344 181 136 119 195 135 117 146 146 139 265 336 292 307 299 323 290 
343 235 95 373 407 433 62 67 402 268 357 255 473 228 246 343 375 388 339 389 472 391 419 365 228 489 415 394 0 348 138 263 114 491 292 100 90 106 85 53 114 41 105 184 155 148 135 158 197 506 476 465 518 481 445 513 531 491 296 313 305 288 284 298 302 
184 125 360 69 396 123 346 292 122 212 81 161 322 259 107 192 363 60 349 302 146 99 452 424 169 200 240 152 352 0 226 218 299 167 354 385 371 419 363 361 378 363 402 335 299 328 384 375 364 328 281 257 349 280 266 304 306 280 109 186 147 150 142 188 144 
274 104 132 271 429 307 142 79 273 230 236 143 423 207 128 284 389 288 356 363 353 257 434 392 100 381 367 320 128 243 0 148 91 381 311 199 173 235 172 166 208 170 225 232 202 183 224 227 256 446 431 393 459 411 394 452 453 420 165 202 169 165 164 186 166 
332 141 212 276 528 246 282 211 182 329 174 62 510 309 153 352 496 253 469 445 357 197 558 522 82 407 420 365 271 227 150 0 187 385 416 332 318 352 321 298 335 299 360 365 332 334 361 362 401 522 467 454 534 462 447 505 504 466 121 69 85 82 70 65 84 
344 184 54 332 476 383 141 57 339 283 289 192 494 263 215 349 419 353 397 431 436 325 475 440 164 468 426 403 111 299 88 180 0 451 341 189 167 200 165 140 205 144 201 253 220 202 220 231 279 522 492 475 541 492 460 509 522 490 229 239 221 223 207 226 226 
180 293 516 117 381 206 471 448 256 283 240 333 251 329 268 195 360 125 362 249 33 237 429 431 327 56 188 120 490 165 388 377 459 0 379 508 470 515 464 480 490 481 507 431 385 423 468 464 448 222 182 179 254 184 188 195 172 178 272 324 300 320 311 340 320 
207 315 374 322 134 442 252 299 452 138 414 391 218 118 310 204 101 367 74 156 377 436 136 100 362 353 229 261 283 341 315 434 354 385 0 244 223 244 223 241 209 278 218 121 133 159 189 176 115 278 284 272 276 270 254 301 323 280 370 444 401 404 399 441 404 
340 295 182 408 361 479 58 151 462 253 402 337 439 210 294 339 318 423 304 371 489 450 353 300 296 484 409 414 87 391 201 344 182 498 244 0 42 37 42 58 25 56 27 112 119 104 60 67 151 481 466 444 484 453 436 497 525 470 355 379 368 365 358 378 361 
323 251 183 376 362 465 50 115 422 223 378 302 430 178 287 318 326 411 287 353 455 415 338 309 285 474 395 376 85 355 188 321 173 483 222 41 0 60 21 42 30 60 49 107 111 73 62 85 142 471 446 440 484 446 423 480 491 448 322 356 330 337 341 343 333 
370 306 205 412 384 514 79 171 483 277 435 361 454 224 318 353 334 443 313 394 508 467 350 321 311 518 416 437 118 403 229 357 201 528 247 33 63 0 75 76 51 72 28 125 153 106 84 77 156 497 498 461 513 474 453 510 549 483 380 409 385 379 367 398 381 
307 242 181 351 343 457 48 116 413 209 377 309 409 171 260 299 307 381 291 334 444 414 331 304 275 449 365 375 79 357 177 321 180 460 211 54 17 62 0 46 49 50 49 98 98 78 77 74 135 462 434 420 472 420 419 456 481 427 318 361 319 321 329 344 333 
329 240 143 369 371 459 22 98 421 223 367 291 440 200 269 326 327 397 311 366 451 402 360 328 263 468 392 395 64 360 161 295 156 465 239 53 36 70 36 0 61 36 58 129 114 85 96 107 161 480 453 445 488 453 426 477 507 449 305 346 325 327 319 333 317 
319 270 196 384 340 486 61 140 454 230 400 332 406 189 292 316 296 418 277 337 462 445 337 273 291 460 384 387 113 375 213 344 197 486 215 44 38 47 33 60 0 81 23 89 104 80 50 45 126 470 456 437 471 439 421 484 507 442 355 384 365 358 352 380 370 
348 260 135 385 397 463 33 92 411 251 371 281 445 206 266 342 359 400 327 384 465 408 388 352 268 493 407 398 52 366 160 289 141 481 278 71 52 70 58 40 72 0 91 155 142 117 113 127 185 491 479 463 511 470 446 498 536 486 318 345 320 314 321 330 319 
342 297 206 403 354 488 75 157 457 235 425 335 430 197 309 338 303 430 280 351 481 446 340 278 304 484 396 393 106 395 222 360 216 500 230 34 38 45 46 76 36 77 0 107 129 92 50 67 125 474 470 446 478 456 428 486 520 465 355 410 371 379 370 398 381 
251 276 272 338 266 459 120 186 440 165 379 345 338 110 280 257 224 378 186 257 423 420 250 205 307 411 299 332 177 341 230 352 238 422 130 128 113 130 103 128 86 155 113 0 52 53 76 55 53 394 375 362 395 363 345 405 424 375 335 389 352 361 353 375 367 
222 227 243 314 271 409 123 162 400 129 352 307 323 77 237 233 222 331 192 244 393 377 271 223 273 376 279 305 170 301 191 324 223 384 139 133 117 140 106 115 104 138 122 49 0 42 86 95 85 362 343 341 366 346 323 387 407 339 300 350 314 311 308 350 333 
261 251 230 336 282 440 97 151 402 156 362 310 345 123 264 250 242 362 223 291 402 391 290 243 271 410 320 328 143 318 182 316 219 424 153 87 73 126 80 89 84 128 82 41 38 0 59 58 87 405 372 361 411 367 344 411 441 379 313 366 333 334 329 359 337 
311 294 235 390 308 494 100 169 468 215 419 349 381 170 307 298 263 412 237 320 459 444 287 258 311 467 369 373 139 386 221 360 225 470 180 67 69 76 71 91 41 117 50 74 92 64 0 19 83 439 435 416 456 408 403 452 486 423 368 410 375 365 379 400 381 
312 292 243 378 309 480 98 182 451 205 415 357 393 166 316 293 262 407 236 322 456 442 278 249 310 447 359 362 155 376 223 367 231 462 173 68 75 80 79 110 48 123 62 59 90 53 28 0 74 440 409 403 443 406 389 443 470 418 358 414 382 367 368 396 381 
264 312 292 354 233 487 155 226 467 176 422 367 324 140 324 256 207 396 168 271 437 449 223 178 330 414 312 339 205 371 271 402 280 434 106 142 129 153 135 160 114 186 116 52 87 95 84 73 0 383 368 352 384 349 351 392 416 358 367 429 386 398 389 427 396 
195 388 571 266 212 390 472 479 434 255 406 462 74 297 387 176 218 301 222 132 248 422 271 295 449 177 114 170 503 319 459 506 521 230 288 483 477 509 460 481 471 509 479 387 361 399 444 429 371 0 53 65 33 49 66 41 80 58 416 496 449 453 452 483 453 
159 363 544 230 230 356 450 451 398 225 358 417 85 284 344 160 229 278 225 113 203 381 287 294 398 144 79 141 478 275 416 480 484 192 279 461 448 487 429 458 446 487 452 363 340 386 417 422 366 49 0 25 73 25 35 46 77 1 390 453 423 430 415 444 428 
135 340 512 208 217 335 434 438 376 221 353 393 92 266 321 128 226 249 220 120 191 359 281 285 381 130 51 104 457 268 400 449 477 179 254 440 441 476 419 443 438 456 438 362 334 358 403 407 350 62 41 0 85 33 17 61 75 20 360 429 388 395 390 436 391 
194 415 583 279 203 420 471 495 462 267 414 482 58 301 394 203 212 336 235 134 272 427 254 289 459 185 130 193 508 351 472 523 539 238 283 501 483 508 471 496 470 504 484 394 370 416 438 442 380 27 68 90 0 73 74 63 103 65 438 512 461 475 478 511 477 
153 345 536 238 226 354 431 459 386 231 358 425 81 271 339 149 205 261 210 122 206 372 273 288 394 153 60 140 475 285 427 469 492 189 255 469 439 468 429 456 436 466 454 357 332 381 425 419 368 41 27 21 76 0 31 49 78 21 385 449 420 426 418 439 408 
132 330 503 214 208 345 412 427 377 199 348 397 70 254 312 136 197 250 201 95 205 370 256 261 378 140 49 126 449 276 392 450 460 201 258 436 431 457 401 433 427 453 435 337 327 359 393 393 349 62 39 15 86 23 0 70 104 42 356 422 400 401 403 437 412 
187 368 556 244 243 368 477 487 412 269 388 445 112 307 366 179 245 278 259 147 214 390 304 316 421 146 98 161 512 302 445 498 511 191 312 491 481 513 467 485 474 500 484 403 373 415 453 453 393 50 37 67 64 39 73 0 35 48 392 476 435 446 428 469 436 
205 388 588 245 291 352 499 512 393 276 379 451 130 329 372 201 292 265 285 180 203 386 337 352 438 111 135 155 537 304 464 492 527 161 334 520 491 548 490 516 501 516 506 421 409 436 489 479 430 80 66 84 101 72 93 35 0 59 390 468 438 436 435 471 436 
165 362 544 230 221 359 452 466 394 242 356 427 95 265 352 146 231 277 228 132 205 372 288 289 404 128 73 139 491 281 425 484 485 193 274 464 444 488 440 456 453 472 469 378 339 371 427 418 371 45 16 34 77 23 41 31 77 0 371 439 405 427 413 454 414 
253 73 276 168 457 165 297 249 112 255 65 72 420 259 63 264 429 151 398 371 242 107 481 468 69 302 319 254 298 123 160 121 241 278 381 358 321 376 328 324 352 317 374 341 296 323 360 367 368 410 377 368 437 372 363 397 399 374 0 74 38 54 39 87 57 
313 130 273 234 530 182 327 267 124 320 114 59 489 336 128 326 494 211 468 437 308 123 566 534 94 358 400 327 311 187 191 82 236 330 431 396 357 411 366 353 387 345 400 392 358 367 407 417 427 488 457 435 496 438 429 465 459 454 74 0 44 38 60 23 35 
274 99 264 207 495 179 316 239 111 283 86 54 443 283 89 291 450 190 437 389 270 104 521 487 70 328 357 296 308 143 177 87 214 298 401 353 332 377 323 326 350 314 382 352 312 338 382 367 403 445 413 386 477 409 387 434 425 410 35 57 0 17 22 53 8 
283 100 257 210 499 178 294 226 133 296 98 36 457 299 92 304 447 198 428 404 291 117 519 497 61 336 375 302 286 152 158 66 206 316 398 350 342 383 318 326 355 313 371 367 314 331 368 370 388 464 433 413 470 428 399 433 439 432 59 39 20 0 21 32 9 
281 95 268 195 482 174 305 232 127 290 89 42 440 286 92 292 443 187 435 388 290 127 526 481 70 344 362 284 297 146 161 81 221 302 407 356 328 382 313 314 360 306 361 363 307 314 361 370 396 464 423 387 473 410 405 436 444 419 56 58 23 27 0 53 10 
324 122 257 238 518 186 320 238 136 312 125 64 473 323 140 316 476 210 464 432 313 135 548 526 81 358 404 327 309 175 177 71 225 346 426 366 348 395 353 343 373 329 393 380 343 346 392 387 415 479 455 421 502 448 427 467 466 451 76 18 47 46 51 0 41 
278 105 265 205 498 183 300 232 112 281 98 52 458 303 112 292 452 184 438 401 292 113 535 483 66 332 363 302 288 155 159 73 225 318 406 369 347 381 326 321 364 331 380 364 331 332 367 370 386 465 413 399 484 410 411 436 435 420 54 41 9 22 16 50 0 

Depot information
297 334 2147
284 132 1918
96 7 1353
388 253 2315
131 497 1544

Cust information
488 152 19
62 140 16
119 85 16
452 100 22
204 301 23
410 122 19
315 58 23
279 497 15
164 280 23
303 141 21
287 340 20
135 454 25
423 223 18
135 426 20
241 439 18
463 307 20
441 118 25
77 498 21
68 453 23
287 79 25
438 378 23
314 416 24
361 348 21
63 95 23
389 198 23
191 88 21
303 7 17
138 36 18
468 337 16
103 371 15
10 162 17
35 163 25
-13 160 22
47 168 20
47 142 21
20 185 21
41 120 17
4 182 23
59 259 23
94 246 22
72 224 22
18 220 20
20 228 15
38 291 18
338 509 15
350 471 24
343 451 15
330 526 23
339 468 18
328 452 19
372 489 23
406 485 22
349 470 19
350 101 22
366 32 24
350 66 21
342 57 21
342 64 19
351 30 20
348 60 21
