Seed 123 - Instance: n65m10_0
n 65
m 10
Q 217
L 0
U 1000

0 324 300 208 123 203 316 304 130 136 212 347 134 155 252 270 153 298 270 350 247 217 375 176 184 288 163 321 211 301 332 218 100 254 87 267 118 334 270 201 150 267 186 150 153 152 106 125 92 110 118 107 95 129 157 118 146 107 139 117 135 106 129 123 354 397 353 364 357 374 375 387 361 367 358 
327 0 285 395 446 499 159 210 443 265 198 234 246 297 515 96 450 189 263 103 296 182 271 406 478 84 382 94 413 234 265 248 235 297 245 84 325 334 81 484 395 526 467 417 433 445 392 411 385 401 419 410 394 422 452 382 408 357 412 386 436 380 358 385 146 162 125 161 121 169 147 148 157 166 157 
291 291 0 469 383 371 128 432 412 180 358 95 329 139 324 308 354 108 451 375 462 122 106 453 322 325 219 205 475 431 63 398 262 454 256 282 390 66 221 492 269 355 334 293 287 307 291 296 306 277 335 319 296 328 332 398 433 395 434 385 403 392 392 415 393 429 404 416 385 442 403 418 423 433 424 
206 391 471 0 226 329 450 253 185 313 213 505 171 343 424 313 278 446 212 370 141 381 551 62 336 336 349 442 33 252 504 179 231 177 235 326 103 527 371 123 327 420 315 312 321 312 266 296 254 293 257 269 275 271 294 112 96 109 97 137 157 128 85 102 351 381 373 362 365 366 369 386 371 372 370 
131 451 392 210 0 118 426 405 56 224 323 428 243 247 223 379 84 401 376 453 313 345 474 188 144 413 187 445 214 396 430 290 220 342 216 387 179 410 381 154 149 213 116 119 124 104 107 97 100 118 76 81 107 72 91 112 120 145 141 104 69 111 158 127 472 508 459 468 457 481 477 488 479 474 482 
202 497 374 322 122 0 437 483 144 248 405 442 324 259 129 445 56 421 462 541 421 351 463 290 58 492 168 479 316 476 430 399 269 439 276 435 274 370 427 235 115 120 46 96 100 74 112 102 118 108 92 85 110 88 66 220 232 240 233 206 182 229 259 242 547 570 543 551 525 571 551 570 556 561 561 
302 175 142 456 413 431 0 341 433 200 298 62 277 205 416 206 402 43 374 272 389 92 126 440 399 227 281 102 471 362 107 335 247 380 228 197 358 198 134 483 331 443 392 354 367 380 346 346 341 341 387 370 351 368 390 400 439 385 427 408 434 398 385 419 286 338 276 318 279 324 290 309 304 321 315 
307 223 444 252 392 489 349 0 380 319 98 416 175 367 546 154 437 372 56 135 133 325 457 289 485 147 434 293 287 19 433 111 237 112 256 161 236 486 234 371 433 559 471 442 433 434 405 413 382 410 418 408 394 430 447 309 317 270 302 321 360 311 264 304 125 124 120 96 114 121 138 144 118 112 113 
145 444 414 197 41 145 426 388 0 251 299 453 242 273 259 385 103 426 343 460 288 364 485 136 170 419 231 446 172 375 449 277 226 309 215 381 161 439 394 111 191 265 147 151 162 148 135 142 121 151 100 114 145 129 137 97 101 130 102 68 38 88 127 105 460 491 458 461 456 479 478 484 461 470 459 
141 257 168 312 235 248 190 322 248 0 238 226 174 60 258 224 227 191 327 322 305 112 256 299 216 261 128 235 319 335 218 245 100 305 93 213 227 215 180 325 147 291 226 179 169 191 163 164 152 151 187 173 160 189 212 227 266 221 259 227 239 222 228 252 324 365 329 347 313 374 349 364 351 359 349 
213 200 348 212 320 395 289 110 305 222 0 350 84 277 464 119 353 313 93 172 123 242 390 238 392 145 329 237 237 94 373 67 157 111 168 136 161 418 178 301 328 462 376 355 346 343 300 323 281 319 314 313 313 325 346 225 251 187 247 250 285 220 185 227 155 194 176 176 153 192 172 203 175 177 178 
327 224 107 496 429 435 70 415 463 216 352 0 330 214 423 268 405 51 431 318 439 127 71 481 392 282 283 153 511 425 69 395 274 450 263 256 412 152 179 521 329 433 403 363 364 375 361 362 354 347 400 371 352 390 401 447 477 419 469 423 452 427 424 456 358 389 346 370 340 392 363 368 365 380 361 
125 241 330 169 234 321 279 172 237 181 82 324 0 218 384 169 264 289 155 246 137 218 371 177 315 190 268 272 195 175 361 95 82 140 96 177 95 382 189 245 255 387 296 274 257 270 225 250 204 247 248 237 225 254 280 168 183 137 185 169 216 149 133 158 230 268 248 245 226 262 251 267 254 258 247 
164 284 140 357 257 243 191 376 263 49 273 197 228 0 233 267 230 171 365 356 350 121 230 332 203 296 89 257 357 372 186 299 147 355 137 263 258 187 216 342 139 266 210 174 175 201 148 170 172 143 210 183 157 196 218 274 300 257 288 260 266 253 268 275 382 411 374 395 360 417 374 412 393 398 386 
266 523 338 414 206 114 417 543 247 272 460 413 376 234 0 476 153 402 519 563 491 343 428 373 84 525 149 472 406 552 391 455 322 508 319 483 344 330 455 361 122 35 102 127 129 122 171 145 185 151 176 161 167 151 124 320 330 325 331 304 266 319 350 326 585 628 581 599 573 605 594 611 594 594 597 
276 98 309 318 388 449 212 161 396 222 116 268 167 262 493 0 410 219 180 87 231 184 321 342 435 48 347 137 335 153 308 163 179 214 180 32 250 357 85 405 369 499 431 389 376 401 338 366 340 353 385 363 339 386 400 322 338 293 342 319 373 309 292 310 115 149 99 143 113 157 118 149 115 130 118 
143 446 357 284 80 56 411 436 107 225 341 421 270 215 139 397 0 399 403 483 369 323 452 246 72 439 148 445 265 436 393 336 230 390 238 396 220 356 389 209 106 163 57 72 77 43 79 54 77 84 48 60 81 43 36 170 189 199 203 151 138 178 210 188 490 536 500 500 494 531 512 532 492 510 509 
304 185 96 455 409 425 36 362 430 177 307 48 298 191 393 229 400 0 395 293 397 82 110 441 379 244 271 112 473 374 91 334 236 396 219 213 361 166 141 496 319 429 394 343 337 366 323 333 322 321 363 355 325 355 383 393 424 374 435 398 413 390 393 419 317 350 318 346 299 352 314 343 328 350 338 
280 260 437 213 359 470 370 70 352 314 95 430 155 360 534 180 406 390 0 192 65 335 484 238 464 183 421 313 232 51 458 76 228 53 233 193 207 512 253 320 417 542 453 410 415 415 373 398 365 384 375 383 377 389 410 255 279 234 266 287 311 264 231 253 168 196 179 155 185 172 183 184 168 166 162 
355 102 372 368 467 535 267 142 458 309 169 324 237 362 575 101 483 280 189 0 239 267 368 388 524 61 425 190 385 163 377 201 268 229 268 110 317 442 162 464 456 584 503 457 474 484 435 454 423 435 453 438 436 462 488 380 415 353 388 400 431 372 360 385 45 81 39 72 32 71 43 57 49 65 59 
249 303 449 142 322 410 405 118 295 312 127 446 139 354 486 227 367 416 79 256 0 354 505 174 426 223 400 345 164 117 486 74 221 40 240 231 150 501 293 261 371 507 408 388 381 391 342 355 325 359 339 351 349 363 388 215 220 185 216 239 271 202 173 209 235 258 232 212 231 230 239 244 222 228 234 
225 198 133 374 336 360 96 327 352 114 243 128 223 124 357 190 319 84 344 268 336 0 163 385 330 213 209 133 397 331 138 286 174 336 156 169 289 175 121 418 260 372 327 278 270 302 255 274 255 251 301 290 261 288 318 328 366 305 358 313 351 322 324 340 299 333 279 309 291 337 302 315 309 309 312 
378 269 112 540 469 474 112 456 505 249 393 57 380 236 427 329 448 94 491 366 491 176 0 525 427 326 314 206 559 469 46 434 328 486 311 308 452 132 241 557 369 448 423 383 378 399 380 396 398 374 427 410 374 406 418 489 519 460 503 463 490 470 464 487 394 438 390 433 393 429 406 428 425 418 416 
173 418 452 58 170 287 452 290 142 298 231 498 192 339 383 340 252 459 247 401 188 366 533 0 309 354 326 436 45 287 494 197 228 198 229 337 86 496 369 83 300 397 294 283 284 277 252 251 211 254 222 237 245 234 251 88 62 74 55 106 114 93 61 57 387 407 396 371 375 399 401 413 392 389 389 
189 483 326 335 151 69 400 475 174 222 398 410 307 218 80 431 79 384 464 510 414 324 429 313 0 463 132 451 325 486 389 384 253 443 256 433 274 330 406 272 68 89 31 55 58 58 101 74 116 81 96 92 104 82 58 244 268 265 257 229 199 230 270 262 526 557 527 544 511 566 532 560 546 553 539 
303 91 320 350 423 492 227 145 404 256 128 285 185 292 509 35 431 250 196 57 235 209 342 363 470 0 379 155 359 167 321 192 216 215 211 45 292 392 109 427 404 536 451 405 413 426 379 390 363 392 403 391 387 412 434 353 367 307 366 359 397 335 314 341 76 128 85 105 80 111 90 118 100 115 105 
171 381 214 342 198 166 280 417 232 128 332 291 272 87 158 350 142 263 409 419 392 215 302 330 119 385 0 337 339 432 264 338 204 391 180 326 267 219 297 321 61 167 133 92 99 118 91 102 129 76 150 130 100 134 139 255 276 265 278 248 242 241 284 272 437 488 453 470 438 477 459 482 458 466 464 
323 94 223 440 439 486 94 284 447 230 245 141 275 255 476 150 445 128 318 180 352 136 195 437 446 147 338 0 445 293 187 301 238 344 229 120 363 270 83 492 383 489 435 391 396 421 369 394 376 374 416 404 368 410 430 410 430 384 421 413 445 398 386 402 228 240 216 241 198 243 226 244 231 232 232 
205 409 486 28 211 308 467 294 175 317 234 502 193 361 404 345 270 456 232 399 177 391 559 42 343 365 350 453 0 271 513 184 229 188 240 352 113 515 389 103 313 423 314 300 308 286 266 287 242 285 243 267 265 272 294 101 92 107 89 128 141 116 89 81 383 416 383 374 377 388 393 405 381 396 385 
298 231 444 240 390 491 355 25 375 326 102 421 171 373 552 163 436 381 58 153 122 323 474 278 486 162 430 299 272 0 458 104 232 92 248 183 236 511 237 355 439 568 477 442 445 430 394 407 371 412 403 392 388 416 435 293 307 268 304 318 361 300 250 287 134 138 152 120 144 131 153 152 123 133 136 
343 269 57 504 439 422 119 447 463 217 375 52 363 198 377 311 392 89 468 357 484 142 57 496 371 331 273 185 511 460 0 406 303 482 283 283 409 106 226 522 314 400 387 354 354 370 336 348 362 330 390 363 336 369 388 444 470 429 475 438 457 427 437 446 406 430 381 417 395 433 407 417 400 415 421 
213 247 400 168 302 401 335 121 292 246 65 387 88 301 450 166 340 345 69 210 69 279 447 196 386 188 342 287 187 106 405 0 163 72 170 178 136 445 230 263 343 470 365 336 355 353 300 329 294 317 325 315 314 316 357 197 210 169 205 222 258 197 171 190 199 229 196 190 200 217 215 220 206 207 202 
91 241 259 218 212 282 245 249 211 100 138 273 80 160 315 177 221 238 231 259 212 168 320 225 258 207 194 231 242 239 297 158 0 218 24 173 142 312 181 270 198 333 253 212 219 213 166 193 169 188 199 200 178 205 241 167 199 157 190 171 208 171 152 175 267 308 282 289 264 296 286 314 276 294 278 
266 296 443 164 329 438 394 113 316 311 113 442 154 363 499 205 385 395 43 223 38 349 503 201 445 206 393 350 191 82 480 78 212 0 233 225 176 510 272 281 403 519 411 390 390 394 363 381 331 363 361 364 350 366 394 228 249 201 228 253 291 236 191 216 209 218 219 196 219 219 214 234 210 211 212 
90 247 249 247 222 268 241 254 234 82 161 270 105 148 320 179 219 233 245 278 222 146 318 222 253 210 193 243 257 248 288 176 15 233 0 176 143 290 183 269 185 330 246 215 199 215 166 188 172 174 210 187 174 195 238 172 224 163 195 172 204 170 162 189 271 324 276 287 279 318 296 309 283 309 287 
254 77 274 326 391 441 193 169 391 223 129 245 165 258 479 22 398 200 197 103 246 168 299 337 417 53 326 136 358 174 280 189 175 234 185 0 257 353 65 406 354 499 413 370 382 382 347 354 341 355 370 368 336 371 400 318 358 285 328 329 365 321 284 320 132 165 121 147 111 162 142 156 131 156 155 
122 337 376 113 167 278 368 245 151 222 175 407 110 252 343 256 225 374 197 332 149 295 461 104 281 291 277 349 111 237 416 141 134 172 150 274 0 421 280 157 238 370 267 248 248 234 208 207 181 225 193 188 193 218 228 79 93 37 86 95 122 63 30 74 314 350 319 328 310 340 326 344 319 329 315 
329 352 78 524 413 386 193 491 445 218 422 146 372 180 329 362 355 159 507 427 515 183 128 501 340 381 222 261 515 492 86 454 311 507 288 336 423 0 296 529 286 340 334 317 306 320 305 323 335 306 358 343 307 347 358 435 480 439 456 439 443 428 451 446 454 490 451 483 452 504 468 482 479 476 475 
256 77 231 363 374 441 117 230 395 183 179 189 206 228 453 84 398 136 254 157 280 115 240 375 408 103 309 72 377 248 218 221 180 270 180 78 294 289 0 418 335 465 406 349 358 372 330 347 314 331 365 345 331 371 384 347 366 313 368 341 366 342 316 352 181 217 172 202 179 216 189 200 200 203 205 
208 478 475 114 153 246 486 356 117 320 299 519 236 343 344 392 206 481 325 461 260 406 572 84 284 415 321 498 91 357 534 268 269 272 268 400 146 525 422 0 276 358 257 257 252 243 238 230 208 249 201 208 241 215 230 107 72 136 68 108 87 115 130 84 458 476 453 446 461 464 465 485 460 456 453 
137 399 267 321 145 127 334 430 180 163 343 328 270 138 123 368 90 308 409 455 386 244 358 289 78 391 55 374 320 424 325 351 207 397 187 351 244 278 345 282 0 136 84 40 34 54 64 49 72 41 97 80 49 82 89 225 253 221 248 195 190 215 245 241 467 507 462 483 460 506 479 489 477 484 485 
278 538 342 430 228 124 440 560 255 273 467 424 384 266 29 505 151 429 545 590 498 377 448 378 93 535 164 501 408 552 399 472 327 522 324 483 360 345 462 354 137 0 114 142 125 137 176 168 187 163 182 184 165 151 146 322 332 331 334 298 288 326 350 349 607 645 593 612 595 635 598 619 609 628 618 
187 468 329 331 118 57 404 464 167 213 389 398 291 217 105 422 54 385 438 496 409 319 420 289 23 464 143 451 322 461 387 369 251 411 237 410 271 348 389 260 76 113 0 61 51 29 83 64 99 75 77 72 91 53 46 226 230 232 238 201 185 227 247 244 507 555 515 528 506 539 533 551 516 542 537 
156 434 289 302 132 86 355 428 154 181 355 371 271 181 126 381 66 343 421 476 377 286 399 274 64 408 95 408 297 431 351 348 215 402 203 371 241 309 364 257 31 139 53 0 5 29 46 41 70 39 71 59 43 56 42 215 235 230 237 193 173 196 230 232 478 524 474 483 466 513 493 513 490 506 492 
149 425 298 305 125 84 351 441 160 178 341 355 273 171 125 386 68 345 412 459 384 269 389 282 48 423 94 395 309 445 337 356 222 389 207 372 251 307 364 254 37 127 53 16 0 34 60 38 79 45 69 60 54 46 52 209 229 221 240 183 181 205 249 235 470 519 469 499 475 513 495 508 480 492 490 
153 448 321 315 104 72 386 434 145 200 342 393 278 199 122 395 51 369 419 482 376 294 405 263 42 428 113 418 285 437 363 354 233 394 222 395 243 325 373 250 69 130 31 35 24 0 63 30 75 46 49 58 58 42 37 205 218 224 223 180 169 197 245 218 488 530 496 489 475 514 492 520 495 498 489 
108 393 286 273 99 117 330 391 133 160 307 358 228 150 160 347 81 322 369 430 344 263 371 233 91 384 97 369 269 396 338 309 173 344 175 349 197 320 331 233 64 182 84 47 57 51 0 34 29 23 53 27 10 53 71 184 195 175 194 153 154 160 205 182 445 485 444 461 437 463 462 469 454 471 456 
117 412 305 289 115 99 346 426 149 160 325 355 254 174 155 358 69 335 402 447 350 263 381 256 88 392 111 397 278 408 350 326 189 377 179 356 213 305 338 240 53 154 62 29 44 46 19 0 47 34 53 31 37 29 44 194 219 189 206 159 163 183 210 197 469 495 466 468 444 491 466 481 463 483 475 
86 389 302 261 97 112 354 388 120 155 289 364 210 167 180 330 81 328 351 418 323 255 389 229 113 364 117 377 251 386 361 294 159 345 154 325 173 329 331 219 87 187 108 78 72 80 41 55 0 42 53 42 21 55 79 157 179 155 180 126 135 142 179 178 423 474 441 448 428 466 439 463 447 440 432 
129 396 279 288 126 106 332 418 155 162 319 342 242 158 138 362 79 321 397 432 361 258 381 261 91 377 78 367 292 407 325 312 177 366 182 339 223 307 319 242 40 164 84 33 30 55 39 34 46 0 70 57 20 56 70 189 226 200 225 184 175 180 228 211 455 479 440 469 435 476 453 480 461 465 457 
119 424 327 271 64 96 391 405 106 205 317 387 248 201 166 387 47 376 389 451 338 292 420 224 97 409 141 404 254 416 386 308 194 366 197 370 204 364 371 200 85 176 70 56 59 63 46 55 58 73 0 24 45 35 52 162 180 182 179 142 113 147 196 172 456 509 462 479 466 491 480 489 471 490 472 
110 420 317 257 84 105 358 405 113 190 312 388 228 183 154 361 47 349 385 442 344 292 400 239 96 399 135 394 257 396 367 313 198 360 191 358 200 338 343 213 81 166 84 62 65 42 36 40 32 49 27 0 28 20 52 161 184 178 175 136 138 156 197 190 453 499 446 467 442 493 462 493 473 476 463 
111 385 299 279 106 112 332 407 128 165 299 362 219 163 169 342 66 336 364 437 346 263 381 243 100 374 96 369 265 388 349 299 178 351 164 347 199 319 332 224 53 179 78 55 47 62 9 20 23 35 57 42 0 39 76 174 190 173 190 159 159 158 211 199 440 470 448 453 437 462 446 473 445 468 451 
138 426 314 270 86 89 387 411 118 183 339 379 255 184 146 371 39 357 390 470 348 297 408 245 73 410 132 410 257 410 383 331 208 367 206 373 216 341 356 228 73 159 66 44 45 48 45 39 55 63 22 27 39 0 40 168 192 196 189 154 132 163 208 185 479 510 471 487 458 501 476 506 474 498 488 
151 442 344 294 89 50 384 454 136 205 364 407 285 202 124 399 35 389 427 495 376 309 438 254 61 437 139 423 280 453 387 351 228 389 222 397 226 344 386 231 70 133 40 45 52 36 73 53 70 71 49 49 76 45 0 196 205 205 212 169 146 185 219 221 489 527 490 508 498 534 505 537 507 515 506 
105 387 394 118 113 225 399 301 94 227 234 446 159 261 315 321 187 397 272 391 212 328 470 75 249 351 251 406 101 299 435 209 165 234 185 324 81 436 329 100 223 324 226 203 209 195 173 187 145 187 151 164 177 175 185 0 34 50 38 26 66 22 43 36 374 404 395 393 383 398 403 414 385 402 385 
157 414 427 91 123 228 435 320 88 262 256 470 181 297 343 335 199 424 270 400 212 356 514 48 267 371 294 434 83 301 469 221 208 243 207 352 102 474 377 69 246 336 237 224 237 215 190 199 178 211 188 189 204 193 218 46 0 76 24 52 64 61 72 39 399 443 400 394 400 415 413 425 400 415 397 
110 349 382 100 145 252 378 270 121 212 193 420 138 255 341 295 196 384 229 361 190 298 453 91 256 313 248 376 100 261 436 173 140 202 150 284 34 419 307 122 222 334 232 222 222 216 174 188 154 193 169 167 173 181 207 36 71 0 64 64 89 36 21 45 345 376 356 342 337 372 370 377 345 358 352 
135 416 422 98 131 242 436 314 107 269 245 457 171 286 329 331 194 425 270 390 211 353 496 58 263 354 287 432 78 310 471 200 187 231 207 340 84 457 365 77 238 339 248 239 224 231 203 210 167 206 168 180 198 190 215 31 21 59 0 56 78 41 61 27 394 433 402 396 395 403 409 416 404 413 391 
112 397 397 126 91 192 399 311 86 235 236 422 179 252 293 327 165 399 288 401 226 331 470 94 228 345 234 400 124 309 439 223 178 244 189 321 95 429 351 101 208 296 201 187 184 191 153 162 126 169 137 133 152 159 178 40 56 49 50 0 49 24 73 47 397 424 390 398 390 413 406 420 393 420 402 
130 421 408 154 69 170 427 369 30 245 282 454 213 265 286 365 127 423 317 436 257 345 491 117 209 385 248 443 140 360 464 266 215 297 214 365 137 448 375 93 200 286 186 169 188 176 157 155 126 159 125 141 157 148 152 64 75 89 68 40 0 71 107 88 427 471 432 435 434 457 439 472 445 445 440 
103 382 400 120 120 224 391 296 102 237 235 432 156 262 321 324 175 387 260 387 215 311 477 94 239 332 253 405 106 304 429 200 172 223 171 306 61 442 323 112 209 328 226 209 207 198 166 185 139 183 156 167 168 164 200 28 48 40 37 28 67 0 45 27 377 408 390 387 366 395 397 415 394 402 389 
132 369 410 88 156 259 387 260 133 245 198 434 126 281 354 288 220 383 227 351 163 321 479 71 281 303 281 390 96 258 448 158 151 188 164 300 30 439 326 111 241 357 254 249 240 231 193 215 187 227 187 192 193 203 235 41 68 30 53 76 111 52 0 50 338 372 354 348 350 364 364 372 361 357 341 
124 382 423 96 138 246 410 294 106 255 218 441 153 275 329 309 189 413 248 387 195 340 500 71 262 349 268 419 79 282 448 192 175 212 195 318 66 452 337 92 236 335 239 217 220 209 189 202 178 202 170 181 195 185 216 32 38 43 15 47 73 37 52 0 385 416 379 387 368 406 398 399 391 395 386 
359 142 395 360 476 538 288 120 451 340 162 352 239 366 574 103 499 323 180 32 228 305 396 385 522 93 454 209 390 133 390 205 265 220 290 137 327 453 192 458 460 595 516 474 480 483 442 450 432 447 462 449 440 473 494 388 406 345 403 403 426 386 345 382 0 45 13 36 28 34 32 30 24 31 16 
390 170 439 385 500 580 332 131 493 374 194 387 276 409 625 149 532 360 196 79 251 339 440 421 559 123 488 258 415 152 430 233 321 218 327 177 361 505 213 475 513 638 545 508 512 532 477 500 465 496 501 493 486 498 524 414 443 384 434 437 473 421 370 402 41 0 58 37 64 31 44 30 34 19 36 
355 129 397 361 466 537 280 128 460 324 166 348 240 376 580 99 502 315 177 35 247 287 396 384 531 70 453 206 397 137 383 203 281 210 276 123 320 461 183 468 472 587 519 481 470 491 434 459 428 445 473 454 447 466 506 387 410 362 400 399 437 377 349 378 31 55 0 42 24 51 13 37 28 40 46 
372 161 414 347 480 547 325 97 461 341 160 373 253 391 588 132 498 333 152 64 216 313 432 376 545 113 467 248 386 129 423 196 278 207 300 144 323 486 207 458 482 605 522 494 489 500 442 466 443 457 466 470 455 472 511 379 404 342 396 399 438 385 355 376 45 36 37 0 46 40 45 42 32 17 18 
340 137 385 352 462 544 284 115 450 317 168 347 235 366 582 101 480 305 172 31 227 280 399 378 512 69 430 208 380 137 393 206 276 207 278 112 315 444 163 449 447 596 503 461 464 472 434 456 418 439 456 439 438 464 480 384 410 336 390 398 440 366 342 369 19 51 14 46 0 62 26 45 30 39 34 
381 167 433 383 492 579 324 128 489 369 184 387 272 404 619 145 529 358 179 73 239 328 444 396 557 110 474 246 403 137 441 207 295 220 318 167 335 505 225 464 490 620 549 507 519 509 466 483 464 487 488 478 481 489 527 412 416 375 404 423 464 397 359 400 45 26 54 32 64 0 34 21 24 16 31 
371 148 410 375 477 542 301 140 482 334 184 351 247 372 591 130 507 321 193 40 246 294 400 389 539 89 453 224 398 152 407 211 288 223 295 144 330 459 192 458 467 615 537 495 497 492 452 469 449 458 471 457 452 483 498 399 426 365 397 403 452 401 356 397 19 37 22 37 26 52 0 37 23 25 23 
378 154 427 392 490 575 309 137 484 352 188 369 275 395 604 146 522 349 188 53 243 329 418 411 556 103 474 245 410 142 411 218 305 236 303 160 345 492 213 492 506 624 542 501 504 529 474 482 451 484 498 476 470 505 537 412 437 383 426 415 469 400 377 408 32 23 42 36 50 37 35 0 32 30 40 
367 145 421 361 476 541 297 123 456 337 176 355 247 382 593 120 511 324 181 53 230 309 406 388 527 95 457 234 376 135 401 207 286 201 288 136 321 465 201 458 472 611 526 498 479 505 445 460 447 455 473 462 456 483 512 393 408 351 396 400 434 396 342 394 30 32 36 34 24 23 28 30 0 17 13 
373 152 422 360 492 558 322 115 471 353 181 376 252 391 608 146 514 350 168 69 241 310 433 389 537 106 473 239 380 144 421 200 292 216 293 160 343 480 207 466 475 608 546 508 491 501 463 475 448 471 491 476 468 483 505 405 420 361 407 407 453 399 355 396 41 33 39 33 43 24 24 29 24 0 20 
359 155 421 370 464 547 313 115 470 337 179 376 235 385 587 121 496 329 168 56 235 310 421 382 529 108 459 235 379 121 414 204 292 214 301 143 327 470 200 467 486 603 537 488 497 503 462 460 433 454 482 459 454 470 509 392 415 353 400 394 445 387 342 388 18 40 35 14 32 34 32 24 21 18 0 

Depot information
229 163 2311
190 476 2496
438 359 2173
43 113 1197
240 44 1290
339 10 1919
345 438 947
14 363 2979
203 36 2263
308 256 2903

Cust information
93 312 18
403 440 17
143 250 18
356 251 23
445 39 22
148 408 23
306 46 25
365 422 22
4 311 16
92 471 15
8 247 19
325 358 19
454 452 19
77 88 17
372 50 22
130 434 21
381 167 23
269 472 25
50 91 20
7 350 18
445 413 24
64 275 17
215 247 18
4 270 22
228 250 24
168 410 20
124 159 17
498 345 23
229 417 19
104 20 22
356 117 22
448 21 18
350 47 20
344 89 21
346 91 21
335 71 19
309 110 19
321 97 20
287 109 18
328 113 25
291 70 23
297 85 19
308 109 19
306 73 21
324 54 25
144 100 18
123 74 19
137 132 16
124 84 18
164 91 21
179 55 23
151 104 15
118 131 22
127 99 23
60 463 16
29 487 24
70 470 19
35 457 16
72 462 21
28 476 20
61 476 23
42 488 15
49 466 24
38 471 17
44 464 23
