Seed 123 - Instance: n65m5_0
n 65
m 5
Q 272
L 0
U 1000

0 353 514 146 505 491 199 470 195 461 142 311 319 519 87 427 471 329 237 455 354 282 96 430 352 455 479 155 198 258 117 100 488 559 201 358 339 145 146 121 122 159 172 111 155 168 334 351 342 341 341 307 353 319 314 387 390 400 385 388 391 386 424 388 413 414 183 164 183 180 
353 0 225 407 169 163 269 279 292 134 249 310 383 178 411 290 119 291 389 368 365 308 366 123 237 237 135 291 367 104 396 259 364 235 257 13 105 474 468 456 435 459 478 440 472 476 142 170 155 215 166 199 226 192 222 197 212 204 197 212 206 216 200 208 207 207 304 289 321 302 
507 232 0 515 168 103 346 141 491 103 429 311 372 166 548 211 193 275 445 277 354 343 499 263 445 120 181 500 430 309 518 418 227 150 329 215 167 584 597 592 564 585 595 548 607 593 362 376 355 428 376 408 443 412 424 132 168 126 156 157 155 142 113 138 130 126 372 381 407 403 
127 401 507 0 542 515 165 443 312 486 251 257 225 565 72 371 506 289 136 377 264 204 46 495 470 444 521 292 108 322 28 196 444 581 186 404 359 80 101 100 74 78 93 62 114 113 430 440 440 440 439 411 464 408 417 380 365 393 381 376 368 376 406 379 391 403 138 141 116 124 
496 174 172 549 0 75 411 289 434 107 400 413 487 29 569 357 70 381 518 435 452 420 526 124 331 264 46 437 486 258 560 412 388 83 384 164 206 615 618 619 587 610 637 594 638 641 248 263 260 329 266 319 321 302 336 248 271 251 247 265 256 275 237 245 249 255 424 442 453 451 
497 161 101 528 88 0 368 217 447 43 402 362 437 74 545 277 97 313 467 360 402 379 505 171 374 190 104 455 457 271 521 406 312 86 342 159 159 597 603 582 564 592 601 561 597 614 292 306 293 371 321 340 362 331 371 179 214 190 193 206 198 200 171 188 194 187 392 411 420 410 
206 267 347 165 394 369 0 295 299 317 217 143 157 403 210 243 374 139 126 257 165 99 169 380 395 281 393 285 95 218 175 159 304 435 41 271 211 244 255 244 217 232 256 209 274 267 337 364 352 374 364 333 404 347 360 218 216 225 212 227 217 227 254 215 235 232 36 50 68 61 
473 265 131 434 289 207 296 0 490 184 442 199 273 272 488 87 291 163 349 162 229 241 444 340 485 36 302 498 362 318 446 387 112 276 283 258 174 516 524 526 491 502 536 498 537 523 407 428 415 491 445 450 499 445 474 96 86 91 95 91 96 91 86 97 78 82 296 323 333 318 
202 291 480 323 432 453 297 494 0 404 92 423 440 440 272 488 374 421 381 522 449 391 273 329 184 482 410 31 350 192 294 165 539 490 274 295 326 328 330 301 309 348 347 306 324 359 202 205 204 166 196 152 184 169 144 410 412 410 415 410 399 418 439 418 419 440 303 301 319 308 
462 152 93 478 108 63 328 196 419 0 372 308 394 100 510 254 123 271 421 332 368 328 467 174 357 154 123 429 412 236 476 360 287 118 314 131 122 556 564 538 519 546 571 525 573 570 278 287 292 349 306 325 357 314 347 133 171 140 152 168 155 170 133 154 162 157 347 351 365 364 
139 243 441 253 396 400 230 429 79 370 0 331 380 423 220 406 346 339 301 452 381 301 206 315 217 405 384 75 266 158 237 77 484 472 199 253 277 274 298 260 265 286 298 248 287 301 207 215 227 214 208 170 230 186 181 355 353 349 344 364 344 359 367 354 359 362 235 213 236 229 
329 322 310 254 406 355 129 212 404 311 348 0 82 415 324 129 384 57 158 128 71 59 270 408 481 208 390 394 163 290 280 274 180 414 133 299 235 334 330 355 319 318 339 312 364 348 402 441 419 466 438 424 491 443 455 176 150 175 172 166 157 163 202 175 184 179 148 162 149 164 
314 386 385 232 481 429 159 281 446 384 373 81 0 483 294 189 459 127 110 161 51 77 252 485 546 288 471 440 144 349 253 296 239 495 187 387 299 302 308 318 284 297 315 285 340 320 474 495 495 525 507 487 545 487 515 257 227 268 250 241 238 253 267 249 264 259 161 170 149 163 
527 174 153 557 40 70 423 276 444 108 430 413 497 0 572 334 82 372 508 428 448 425 543 137 340 260 52 474 497 292 555 432 375 56 398 176 209 629 641 631 597 636 654 600 639 646 280 272 277 351 291 337 348 328 345 238 274 242 258 260 266 263 249 246 265 259 434 454 471 463 
87 413 533 88 572 538 203 483 272 500 223 322 307 570 0 422 524 331 203 446 331 281 50 491 437 469 545 231 168 320 71 175 482 613 212 405 397 62 87 47 43 87 85 33 77 85 412 431 417 411 413 379 447 397 387 422 404 418 419 424 410 425 448 429 439 431 191 184 162 179 
423 296 209 381 357 277 234 80 472 241 406 123 194 335 433 0 344 98 274 94 146 170 373 384 504 102 351 470 294 331 386 350 73 341 242 283 210 461 458 460 439 451 460 425 472 472 421 452 433 504 453 457 513 460 485 132 91 112 100 104 97 87 114 114 107 93 246 263 265 259 
468 115 189 507 50 115 376 283 385 122 360 389 473 84 514 343 0 364 481 426 433 398 487 84 287 265 36 389 464 228 522 362 387 127 337 105 179 576 579 561 557 578 596 535 589 588 198 209 198 283 217 258 275 265 291 237 273 230 249 251 240 255 231 229 240 260 393 392 424 409 
332 281 271 287 370 319 144 172 426 283 349 45 116 384 349 92 363 0 196 135 89 81 284 377 466 165 365 403 192 275 308 289 159 388 162 287 196 352 358 368 340 350 372 353 392 373 405 415 412 466 420 428 474 412 434 142 106 151 144 136 122 135 150 142 138 150 168 175 168 187 
230 386 444 139 520 457 115 348 373 425 317 160 120 522 194 283 488 179 0 265 153 109 156 491 507 343 487 357 57 335 140 224 329 525 157 376 327 190 211 227 195 180 215 181 230 204 445 461 467 485 472 453 502 440 449 318 286 302 293 295 289 303 324 295 304 308 108 97 76 84 
440 384 279 377 415 355 267 165 531 329 459 129 163 420 450 98 425 117 267 0 139 191 401 467 573 175 419 520 291 387 396 400 72 421 258 367 274 449 465 464 444 452 476 450 480 462 506 515 515 557 529 535 569 517 555 200 161 185 190 166 191 172 197 185 177 189 277 291 290 291 
334 355 350 263 454 397 177 224 450 356 384 69 44 455 336 159 430 89 146 133 0 75 286 464 523 248 445 445 167 350 288 307 185 468 179 366 281 327 331 357 327 317 342 335 371 350 456 485 476 516 490 481 543 476 491 239 199 225 212 210 211 215 232 232 219 229 165 175 169 185 
283 321 330 202 435 373 93 238 394 342 318 45 77 429 273 182 400 93 114 191 75 0 221 429 465 243 411 362 129 292 229 242 236 435 107 321 242 277 291 298 267 286 301 268 310 302 397 420 426 457 421 412 465 411 428 214 177 217 210 204 193 197 225 213 209 219 98 109 111 115 
97 380 501 45 529 502 167 426 267 460 201 268 258 530 59 373 481 287 160 388 275 214 0 460 420 430 513 235 129 289 44 143 441 577 161 386 342 108 100 91 83 97 126 67 120 116 398 412 399 402 394 378 425 382 380 386 366 381 369 364 354 370 400 369 383 395 135 119 123 130 
434 116 265 504 126 170 374 347 328 167 324 410 489 154 502 393 84 395 483 465 462 426 477 0 206 322 104 353 474 192 495 343 436 192 359 116 204 553 561 543 523 557 565 533 573 585 137 139 141 206 172 206 215 185 226 266 314 279 297 299 286 290 281 274 303 290 394 399 423 402 
347 224 448 472 323 364 387 493 175 345 231 474 533 356 428 505 282 469 497 566 541 475 430 206 0 459 292 214 466 186 461 277 561 409 377 246 311 502 510 466 470 507 515 455 487 524 91 79 86 25 67 63 19 61 42 404 429 420 409 415 409 436 433 413 426 437 403 413 421 411 
445 246 105 433 262 194 288 35 469 159 411 203 293 262 483 97 263 170 357 174 254 239 423 317 464 0 267 477 359 300 444 376 141 237 262 229 161 502 510 516 485 507 531 494 530 534 385 392 387 448 407 435 471 430 449 82 77 75 77 70 87 58 52 63 67 56 298 319 330 313 
488 134 179 532 28 94 391 288 407 108 376 400 473 58 549 349 35 365 505 421 445 406 504 95 288 267 0 411 471 247 528 386 391 115 357 140 188 597 612 586 561 595 605 561 598 609 236 225 223 290 256 286 297 289 296 246 264 236 248 264 266 257 245 250 256 258 417 415 437 437 
164 295 495 294 445 450 273 492 30 430 74 397 435 456 251 473 392 417 365 521 446 370 242 346 216 469 413 0 325 190 281 130 550 511 272 312 344 304 303 278 272 322 318 272 295 311 233 247 222 214 221 187 228 197 166 411 413 415 406 416 401 427 430 422 423 437 280 269 284 288 
187 372 429 101 497 464 98 361 338 414 260 160 139 500 168 279 455 201 44 285 179 118 112 471 457 343 488 318 0 302 124 195 334 530 132 360 316 183 185 186 161 164 195 163 214 180 421 434 435 445 430 416 465 417 432 306 287 307 308 298 284 295 320 306 312 318 80 79 57 61 
248 105 307 328 275 272 223 325 184 233 141 287 359 280 325 321 210 285 319 382 337 287 295 200 201 293 243 188 305 0 326 164 402 321 186 108 162 370 389 375 359 390 390 355 384 401 120 153 151 195 145 142 205 150 169 227 245 254 234 243 237 252 267 237 268 259 234 233 256 244 
127 413 524 28 547 521 178 440 300 492 236 268 253 570 65 381 507 293 157 392 291 217 40 490 460 436 529 264 108 310 0 178 445 599 196 403 383 84 87 94 60 75 94 44 104 87 417 454 440 432 430 415 465 410 402 390 381 405 383 378 388 379 414 392 407 409 157 148 124 127 
98 266 413 184 412 408 153 394 165 358 91 267 293 431 163 348 360 286 232 395 305 235 137 343 291 383 381 133 202 163 186 0 426 457 151 255 260 232 228 215 203 242 250 191 234 241 242 268 263 276 256 229 285 244 252 316 321 312 317 314 300 312 326 310 316 319 167 147 153 142 
495 359 231 426 385 307 305 113 545 283 485 178 235 369 485 90 390 160 332 80 195 224 442 448 568 136 386 548 342 390 458 416 0 364 295 343 265 518 506 523 496 509 524 490 529 525 479 507 501 569 524 535 567 518 545 176 153 172 156 159 168 152 157 167 149 163 307 336 336 333 
550 219 149 592 77 70 435 275 503 123 462 418 492 56 601 327 137 376 525 407 465 447 569 210 410 232 105 518 530 328 591 455 367 0 415 223 233 648 665 665 642 651 668 623 668 671 332 336 325 399 345 376 397 380 406 235 277 253 259 256 265 256 232 240 262 243 472 472 495 488 
198 251 339 174 374 351 28 284 277 306 201 146 180 392 214 240 345 151 148 271 189 116 172 360 375 273 363 265 121 200 188 147 309 424 0 250 205 245 255 264 234 244 270 221 276 265 308 344 337 357 332 323 367 317 340 223 213 214 212 212 209 205 239 210 229 233 67 70 72 70 
350 23 217 405 160 157 276 272 291 127 246 316 383 175 424 290 109 286 377 371 367 315 385 113 245 241 134 297 358 114 410 259 357 224 252 0 91 475 478 461 444 478 490 445 473 482 159 165 173 221 186 194 247 207 217 181 213 201 189 214 191 198 204 201 207 210 295 290 314 301 
351 115 174 364 207 169 217 184 337 125 281 218 292 207 388 204 171 197 312 287 276 236 341 190 328 147 185 341 313 149 374 247 256 223 206 109 0 437 436 439 418 438 446 405 451 455 235 263 253 307 271 274 332 286 311 99 122 97 115 112 107 110 124 104 125 122 236 253 258 253 
145 465 575 87 618 598 245 507 340 546 277 336 312 629 63 446 574 370 191 444 325 291 96 549 495 518 605 295 178 373 72 239 505 667 260 466 431 0 13 44 44 36 29 47 36 23 464 498 482 474 483 457 496 463 451 453 435 467 451 450 437 445 487 447 465 458 209 215 201 207 
155 477 585 85 612 607 241 529 329 562 289 328 315 638 85 454 589 373 206 463 349 294 100 563 509 512 599 309 182 391 81 241 515 669 272 484 435 26 0 41 41 35 26 47 39 24 475 510 496 497 480 464 513 472 465 471 443 468 459 457 452 456 478 465 466 484 226 206 212 213 
129 462 595 105 601 589 257 528 296 538 270 343 335 622 54 460 568 369 219 472 348 305 103 548 468 521 588 271 202 358 82 219 522 665 259 451 427 36 41 0 33 67 56 51 26 55 455 469 471 454 459 439 477 439 427 460 459 475 456 466 459 460 487 464 480 469 237 220 217 214 
123 435 570 74 586 562 226 504 318 526 268 319 298 599 58 439 550 349 184 445 327 265 78 528 479 486 567 278 158 342 60 200 498 636 243 440 406 38 41 39 0 41 45 24 43 45 449 465 466 453 450 417 479 423 430 429 423 451 423 428 429 430 460 436 446 439 192 188 188 186 
153 473 580 79 625 585 230 508 345 537 296 316 297 636 84 446 569 346 189 440 330 278 108 571 508 511 591 314 166 381 66 236 491 667 257 464 428 26 35 52 48 0 25 61 49 39 479 503 496 495 491 465 509 457 470 450 437 456 450 455 451 450 471 445 460 472 216 197 201 200 
169 476 592 98 628 609 260 534 343 569 302 351 326 648 85 468 581 377 209 462 341 310 108 566 507 521 612 321 195 401 103 237 534 671 280 489 451 19 25 52 48 36 0 56 31 14 489 509 498 502 493 456 513 475 470 472 452 478 459 462 464 468 489 475 484 475 245 228 212 212 
115 437 549 63 576 560 220 501 299 522 248 317 290 604 42 443 552 342 193 448 326 268 72 519 458 486 571 263 163 341 55 197 483 633 236 430 418 32 54 37 25 56 55 0 47 53 437 464 463 458 442 428 477 420 423 443 412 442 431 422 419 427 462 440 446 448 205 175 180 178 
144 482 603 117 618 608 254 549 320 566 269 355 332 631 73 487 581 390 241 479 376 321 110 561 490 544 602 293 213 392 98 236 537 666 286 482 461 38 47 34 47 57 45 62 0 38 471 490 487 469 475 451 500 446 458 487 472 492 472 482 460 483 503 469 488 496 248 230 221 233 
176 479 597 95 644 602 254 534 346 570 302 357 318 657 91 465 591 385 214 464 353 302 119 576 513 525 625 315 198 395 95 246 529 668 278 489 464 36 27 57 52 37 22 57 42 0 491 509 508 494 507 461 523 481 472 470 464 489 472 466 454 471 494 468 482 480 228 223 213 226 
329 137 352 423 251 296 343 415 189 278 202 406 472 279 421 419 197 399 455 495 457 394 382 152 92 385 227 228 416 123 414 255 486 318 311 146 243 477 479 444 442 487 491 435 473 484 0 33 18 86 31 70 86 55 86 314 347 334 333 348 332 345 350 320 351 343 357 357 362 357 
352 151 362 448 265 293 364 419 211 273 225 442 487 282 441 454 212 410 475 521 483 424 413 140 83 398 230 229 445 160 439 267 499 333 328 164 249 497 494 474 478 498 505 464 501 503 23 0 17 71 37 66 87 62 90 332 369 351 342 350 355 358 355 353 368 366 371 381 385 387 
344 162 363 443 265 289 359 419 206 272 208 438 501 282 415 443 204 409 467 502 488 413 401 135 72 399 237 235 435 149 445 272 503 340 329 176 255 481 486 475 456 501 499 463 477 501 26 21 0 73 22 57 91 66 78 335 363 350 344 362 355 356 353 338 366 368 378 360 389 373 
336 220 441 440 331 362 388 476 167 357 215 480 523 351 423 502 265 465 485 553 514 450 414 199 26 451 298 209 449 195 443 277 551 405 348 234 307 485 480 463 454 501 502 442 475 508 83 67 78 0 65 53 21 50 50 404 411 412 397 409 414 415 414 404 428 422 405 384 401 400 
354 167 391 452 279 315 358 429 201 302 211 430 509 298 428 461 230 426 467 526 486 424 400 154 71 410 243 220 438 158 435 258 529 348 330 176 277 477 490 472 460 484 493 442 485 500 29 24 36 50 0 51 62 45 69 354 384 371 358 379 358 365 367 368 385 384 386 370 402 386 
302 195 406 425 317 351 349 454 150 317 185 434 481 333 386 470 260 415 440 523 483 408 380 193 51 421 279 188 413 150 397 247 529 385 318 197 269 450 466 428 432 464 464 410 454 479 69 62 59 55 58 0 59 18 39 353 393 372 374 382 372 384 376 375 396 388 364 350 367 360 
363 238 443 470 330 374 388 499 197 362 237 478 536 342 443 509 288 469 508 588 538 473 426 201 9 458 304 230 469 192 453 294 570 409 376 241 323 500 507 468 471 517 505 475 496 520 87 85 93 33 59 72 0 55 56 398 428 412 423 424 420 431 431 420 441 429 419 416 423 416 
326 190 397 420 301 337 334 451 155 329 175 434 498 317 388 464 260 412 455 535 486 409 386 204 51 431 275 190 417 157 404 242 520 390 322 203 281 448 458 432 441 455 478 425 462 483 66 61 51 52 54 17 73 0 42 362 394 362 381 385 379 393 380 369 389 384 351 363 384 368 
303 208 428 414 333 365 358 483 140 347 179 460 509 352 400 480 282 446 459 552 494 436 377 220 50 438 305 179 431 173 416 248 553 401 329 227 308 459 464 438 429 462 469 423 458 468 90 82 90 44 69 36 52 34 0 375 406 387 390 394 397 399 412 398 409 412 365 368 380 373 
398 189 127 395 249 176 220 101 407 140 346 191 272 243 416 131 222 149 314 196 229 221 376 272 408 85 239 402 315 244 404 318 174 247 212 176 100 457 461 461 442 447 467 430 491 480 315 338 328 395 357 363 405 363 380 0 41 23 18 40 27 46 28 26 28 27 251 266 271 277 
377 211 158 360 269 215 213 93 418 171 365 158 223 277 401 96 264 112 282 172 192 179 357 299 432 67 280 428 295 248 388 321 139 267 208 206 132 438 442 448 414 444 465 422 466 462 347 373 369 430 385 397 425 391 401 40 0 35 27 22 36 13 53 28 27 40 228 237 248 263 
406 202 132 392 238 180 235 87 411 153 356 190 265 238 419 121 242 144 316 192 233 204 381 285 409 64 250 411 307 244 403 318 159 249 212 194 104 460 469 478 435 459 490 448 494 485 324 355 343 407 369 364 420 366 389 18 37 0 31 23 19 26 18 25 30 16 265 260 283 265 
384 204 154 373 249 199 226 88 402 147 357 169 244 264 421 112 249 125 295 182 222 196 359 288 418 75 255 407 307 243 382 309 167 258 218 197 114 455 462 460 430 441 459 419 467 463 325 346 357 402 361 364 414 365 404 22 41 27 0 19 18 25 42 22 18 24 233 245 273 268 
385 211 157 383 273 210 214 92 416 160 352 171 241 256 420 100 264 119 296 171 207 188 363 302 419 69 272 411 287 247 390 304 146 273 214 204 111 442 454 449 440 441 472 428 467 471 335 356 352 418 362 386 418 377 411 35 12 40 25 0 20 18 38 30 23 30 240 256 266 254 
377 207 148 378 261 190 216 93 418 161 348 155 238 269 408 114 259 137 287 189 220 202 356 293 422 71 255 416 290 251 384 306 168 253 212 200 102 453 456 445 434 433 466 419 459 460 334 348 358 398 369 367 422 378 397 37 29 19 12 24 0 30 46 31 26 26 235 257 256 260 
403 218 142 369 266 209 231 88 413 158 367 164 247 269 411 93 262 135 306 173 213 196 366 307 436 75 256 419 302 248 385 319 149 261 218 217 118 451 467 452 425 443 480 441 470 474 349 366 364 425 376 388 422 376 410 41 24 38 15 12 17 0 39 36 26 27 244 246 269 272 
410 202 129 399 245 177 251 88 438 145 375 188 275 249 444 115 227 152 325 189 240 236 403 286 423 46 244 436 330 259 405 327 171 230 236 192 107 478 494 479 468 465 488 465 498 493 342 359 354 412 370 389 419 376 408 24 51 25 42 38 41 45 0 38 32 29 267 276 291 299 
387 209 146 392 240 196 215 90 411 147 353 183 258 241 421 118 230 144 313 182 215 198 369 289 420 70 239 409 309 238 382 318 174 254 204 182 113 466 470 471 439 444 472 424 482 480 323 347 347 400 355 365 408 360 395 29 47 19 20 19 17 30 29 0 30 35 238 254 267 260 
414 215 142 398 249 188 231 69 427 163 366 170 258 254 423 98 252 139 305 186 214 206 386 288 434 57 250 428 307 262 393 329 158 260 226 209 114 474 466 471 455 456 484 432 480 474 356 364 357 423 373 392 424 381 410 36 40 25 22 29 32 16 20 32 0 19 257 259 281 284 
399 211 128 403 259 193 234 83 423 150 365 189 258 251 436 97 255 138 302 173 212 215 381 288 423 55 249 441 314 270 401 332 156 254 221 211 127 478 485 484 456 471 494 450 488 484 343 355 353 422 373 381 443 384 404 40 36 16 39 21 31 33 16 33 13 0 266 277 285 273 
181 288 374 140 434 401 28 310 311 350 227 143 160 449 182 247 404 157 95 274 160 99 133 393 405 297 414 295 74 243 147 147 310 467 58 291 237 221 221 228 206 212 231 201 240 237 357 374 376 403 379 367 420 366 367 257 239 258 253 232 236 236 270 257 248 264 0 18 38 35 
177 299 378 125 432 394 54 324 285 362 215 150 172 439 168 260 400 180 110 288 175 114 127 408 396 304 424 275 69 237 148 151 331 464 66 294 242 202 203 219 188 199 220 174 236 218 356 385 367 399 382 349 417 346 361 271 253 262 245 244 249 255 276 250 267 277 15 0 31 16 
181 324 394 119 463 422 63 328 305 371 231 157 154 458 163 274 422 179 80 273 169 108 114 424 418 318 436 282 53 245 138 160 323 478 78 323 263 207 213 214 186 182 219 183 213 221 379 392 396 409 396 368 421 372 379 267 260 281 275 255 249 269 282 280 275 287 32 39 0 13 
174 311 401 130 450 415 56 316 309 376 223 159 167 460 166 278 415 180 87 276 186 111 118 407 423 323 429 289 73 251 131 155 321 488 84 311 254 204 195 199 172 187 221 186 220 219 361 388 379 407 391 367 425 370 369 278 249 265 271 259 263 256 287 277 278 274 39 11 17 0 

Depot information
153 476 1721
385 224 2187
337 16 2864
41 418 2654
478 100 660

Cust information
412 66 19
132 290 20
211 24 23
336 493 24
376 91 22
282 441 20
87 174 25
11 195 20
476 79 20
75 480 21
142 66 18
464 149 15
116 151 15
19 299 22
66 47 18
35 163 19
79 219 21
82 431 15
488 214 16
493 415 15
236 40 23
474 127 17
306 500 24
48 327 25
336 314 22
50 434 24
217 404 20
117 0 18
467 25 19
156 288 17
382 216 17
302 172 15
13 488 15
7 492 16
40 510 24
36 478 16
2 476 19
1 501 19
43 478 20
24 520 24
-4 500 20
452 343 23
475 345 19
468 347 25
481 412 20
471 366 23
446 399 24
499 415 20
449 395 21
451 422 19
249 105 16
211 103 17
243 97 17
233 105 20
223 101 17
228 109 21
223 97 18
247 82 22
239 103 19
231 89 20
232 85 25
110 303 21
111 317 25
92 318 18
101 321 21
