Seed 123 - Instance: n65m10_1
n 65
m 10
Q 275
L 0
U 1000

0 328 253 128 447 266 178 238 198 339 373 509 144 520 144 481 125 36 480 270 323 366 517 542 361 320 388 223 247 371 402 194 425 181 212 413 165 44 226 368 465 284 307 342 293 345 329 313 318 367 318 228 250 252 227 240 230 266 216 257 215 292 302 326 256 283 263 335 249 304 298 287 256 301 158 
314 0 443 416 504 151 423 459 460 335 434 373 366 376 203 296 208 349 400 356 506 200 399 384 168 183 282 131 295 475 164 199 401 286 165 176 339 312 478 244 388 419 206 219 178 216 242 174 214 198 190 241 290 302 270 269 258 261 264 275 298 67 111 101 108 92 71 74 396 451 439 422 415 470 237 
256 443 0 186 217 298 95 68 122 229 183 411 121 409 260 416 318 256 333 120 75 330 404 462 359 316 317 391 177 148 431 244 263 156 288 434 126 244 124 308 352 55 294 312 287 326 293 330 306 345 311 197 168 170 180 185 215 207 185 186 167 422 453 480 408 439 406 480 44 74 64 52 14 59 216 
128 416 205 0 405 341 109 164 107 349 348 545 119 532 228 529 229 104 485 259 237 405 544 597 430 380 430 335 268 334 482 266 418 217 297 480 175 129 122 399 488 243 371 383 347 410 376 363 384 414 366 272 263 267 255 269 270 301 259 270 249 398 404 434 351 372 362 432 214 259 262 228 206 237 227 
454 506 228 405 0 373 305 278 331 200 83 298 328 316 383 364 463 452 211 181 197 338 297 352 381 345 272 531 244 87 444 349 151 300 365 422 275 423 352 288 229 179 316 306 346 340 308 348 314 354 339 300 258 225 270 267 290 257 279 256 264 535 577 583 524 539 513 569 204 161 167 192 218 190 362 
282 149 307 335 360 0 308 340 350 175 287 259 261 262 146 215 186 293 267 210 360 94 291 306 89 66 178 188 154 322 151 90 250 148 52 152 215 249 379 121 264 277 85 100 41 90 101 47 77 111 51 106 156 158 131 128 103 123 132 141 156 174 233 243 205 192 171 214 265 313 300 291 297 327 121 
177 419 104 110 303 316 0 58 51 286 250 458 67 477 234 465 257 167 413 184 151 356 475 514 384 341 376 350 210 227 445 240 336 162 275 439 103 163 74 336 405 139 318 328 301 353 321 339 329 382 326 210 202 212 195 204 216 240 201 217 180 397 425 458 383 409 380 442 112 144 159 131 110 148 196 
235 470 71 145 283 347 71 0 65 280 242 481 123 469 265 486 320 226 405 183 102 378 467 518 410 377 375 414 223 209 478 270 321 207 313 467 152 237 75 368 414 116 340 356 336 387 347 361 361 406 359 253 213 220 225 241 252 267 234 240 209 457 474 501 425 445 431 510 117 123 122 109 83 114 243 
198 459 111 110 344 360 60 65 0 324 293 501 102 507 254 501 288 191 448 214 156 397 505 553 435 384 411 390 239 240 504 285 364 204 306 492 149 193 40 384 443 159 361 374 345 403 366 371 375 409 377 259 244 251 237 254 258 279 241 252 216 439 467 494 418 436 416 481 148 170 172 158 132 167 244 
329 324 231 346 190 177 280 277 312 0 130 203 251 214 246 219 305 352 138 116 246 157 210 249 198 151 105 353 99 182 250 170 83 157 190 237 202 309 344 119 135 187 127 115 153 143 116 160 144 174 139 124 115 83 122 114 123 84 136 88 124 353 388 404 350 362 341 393 178 185 194 189 215 207 211 
369 431 180 360 89 281 255 247 280 118 0 266 261 270 318 304 383 381 182 105 172 270 272 329 320 287 223 432 175 60 375 259 102 215 293 350 213 345 308 227 206 121 242 237 257 276 224 291 260 276 253 223 164 151 181 192 198 177 198 160 175 450 499 502 463 455 436 494 156 126 125 153 171 150 273 
494 362 398 536 307 268 470 479 503 202 271 0 432 16 381 100 448 522 110 292 440 170 40 63 202 216 118 446 279 333 240 310 174 342 312 218 380 466 526 158 80 351 205 183 248 184 179 224 190 174 218 286 286 277 290 275 281 242 290 276 310 414 448 452 440 427 403 437 370 377 372 383 404 390 356 
141 362 140 111 318 257 73 124 119 244 260 434 0 439 162 435 199 138 386 163 205 319 438 496 330 293 328 297 174 236 403 175 317 123 211 386 60 122 138 314 396 165 262 288 257 318 279 292 279 318 267 163 165 164 162 158 171 194 143 182 147 334 366 391 319 326 319 390 127 172 177 157 127 187 139 
505 364 409 543 303 263 470 477 509 200 277 22 448 0 393 84 454 523 106 319 445 174 43 65 209 223 123 449 296 332 223 315 185 331 317 207 387 488 520 160 91 358 206 201 236 183 186 244 208 181 223 305 293 276 284 280 273 258 300 289 316 415 451 452 437 430 418 430 370 384 366 388 409 391 357 
155 200 246 236 398 137 214 280 270 235 303 377 162 383 0 340 87 174 359 201 324 223 386 430 212 192 264 151 159 327 276 81 309 109 85 281 143 123 285 238 351 254 188 197 143 218 214 169 200 234 188 111 154 175 128 131 131 162 135 158 139 197 210 255 167 187 158 233 221 276 280 262 250 284 44 
483 297 419 527 369 214 476 479 514 214 316 103 426 92 335 0 399 497 168 309 450 124 115 109 140 162 109 393 271 359 156 286 228 320 276 122 371 441 529 129 153 387 174 146 203 134 163 172 155 127 179 266 289 272 285 267 255 224 284 262 295 336 385 388 379 360 350 345 392 400 401 405 408 407 327 
129 200 301 226 463 185 273 309 302 316 388 454 198 458 82 406 0 141 427 278 379 271 463 492 268 245 336 107 226 402 315 134 402 181 140 308 203 121 326 298 424 326 243 260 217 274 271 224 254 287 235 192 232 245 213 200 203 235 208 232 205 166 175 202 127 161 141 205 290 343 345 312 298 359 121 
21 347 259 101 457 281 171 230 184 338 386 508 129 528 170 492 150 0 472 280 302 377 522 571 366 346 412 238 249 367 418 207 426 190 234 435 166 57 198 379 483 287 324 355 298 369 350 316 340 389 339 227 259 264 248 252 244 278 223 255 232 310 316 357 257 302 279 354 253 307 296 267 259 297 180 
482 410 344 480 199 282 407 400 430 153 192 97 379 105 360 176 438 481 0 237 353 200 95 170 250 228 124 464 232 246 280 292 84 296 311 257 321 451 463 153 37 286 213 186 253 206 182 256 212 211 226 267 232 228 246 251 240 222 269 225 252 445 484 495 466 457 435 461 302 291 279 299 324 319 342 
269 368 108 268 194 208 170 182 217 111 121 305 173 307 216 311 284 283 242 0 158 225 301 352 266 232 221 346 72 115 333 166 172 101 214 328 120 238 239 193 253 80 188 209 208 227 187 223 198 255 210 125 87 70 94 103 110 117 106 89 78 366 395 433 355 382 352 403 81 110 91 91 101 118 185 
323 506 88 241 207 366 154 107 150 257 174 422 187 447 315 466 386 317 356 155 0 389 423 486 411 371 363 459 231 133 493 308 278 224 337 478 175 308 147 360 356 92 346 355 351 377 334 372 350 400 354 259 217 208 235 237 256 264 244 240 211 489 528 561 471 490 482 537 96 76 72 86 81 62 284 
352 209 329 400 331 97 359 395 407 159 275 175 305 174 230 121 281 380 194 230 380 0 206 202 55 57 85 270 178 322 122 173 210 215 155 111 255 325 423 45 176 291 66 30 77 9 60 70 44 30 61 167 180 173 173 167 142 140 175 162 185 257 300 300 275 275 246 270 298 327 310 323 317 345 199 
522 388 400 539 282 293 473 476 501 199 264 45 440 49 402 120 470 521 101 296 434 190 0 68 237 246 125 462 294 329 257 342 162 340 331 243 395 481 518 175 70 368 221 208 261 205 195 258 215 206 242 301 285 290 300 287 282 254 305 291 304 444 490 474 473 464 437 444 367 382 371 378 402 382 383 
553 380 460 580 347 292 518 526 557 259 322 76 486 60 419 109 491 568 155 352 488 209 83 0 239 244 174 468 340 391 238 360 233 388 339 223 420 522 575 200 129 426 247 219 277 218 224 261 239 214 245 333 338 325 342 324 321 287 338 331 350 435 477 462 467 446 427 451 425 432 433 426 448 439 402 
363 179 374 425 383 86 394 414 427 190 303 213 333 217 221 152 262 382 236 256 415 60 233 232 0 50 129 251 207 364 85 171 256 239 148 61 278 325 441 106 229 337 86 80 85 60 86 53 68 37 58 173 196 202 203 189 179 170 203 191 213 212 266 257 244 233 217 224 319 352 353 354 349 366 207 
315 188 321 379 349 53 332 369 377 163 283 212 292 217 188 173 245 335 237 218 377 47 241 244 52 0 124 243 155 315 118 128 229 185 110 119 248 293 410 87 209 302 57 51 51 49 69 25 29 56 25 133 171 163 145 140 128 125 146 161 183 222 251 271 241 231 216 250 277 315 307 301 311 337 173 
400 293 326 433 266 178 375 382 405 102 220 110 327 112 282 118 339 408 124 223 354 86 134 171 124 124 0 351 183 275 174 213 144 231 212 173 280 360 426 56 98 273 104 91 137 81 88 143 103 98 123 191 191 167 179 174 176 138 200 169 198 320 361 375 360 343 328 348 289 294 287 303 306 315 261 
213 136 400 333 523 186 358 414 380 358 443 450 283 454 144 382 99 247 449 355 466 274 473 476 263 249 351 0 287 468 268 186 423 253 164 285 292 209 402 304 452 385 255 280 231 285 278 233 268 273 240 240 272 303 271 269 254 285 251 287 265 88 100 128 43 75 57 132 374 423 424 393 383 421 173 
257 301 175 266 240 154 204 228 244 104 176 278 161 291 162 277 222 262 233 71 222 171 291 327 207 156 188 291 0 192 271 106 180 68 131 255 114 216 265 152 243 149 123 134 136 172 142 168 155 197 156 51 10 30 24 43 47 55 44 13 45 307 345 352 300 314 277 352 126 164 161 146 166 187 124 
366 470 142 327 96 327 230 204 253 169 61 330 240 333 317 368 397 368 241 116 131 304 315 380 361 308 273 464 177 0 421 291 158 226 324 397 202 346 262 282 263 104 269 281 290 308 271 315 297 338 304 236 180 172 201 211 225 209 206 183 206 472 526 531 466 486 461 516 118 79 92 99 138 92 294 
405 168 443 485 445 152 445 483 484 256 372 228 392 222 272 158 308 423 297 344 496 111 265 227 83 116 177 269 266 426 0 234 300 296 195 29 363 377 528 171 274 399 155 158 149 119 169 125 142 108 128 253 274 283 266 260 246 235 270 256 282 201 248 251 267 236 220 214 401 422 418 421 422 445 273 
207 202 248 260 341 88 229 273 277 171 274 326 179 326 61 282 148 215 309 179 296 157 335 368 166 137 217 184 101 290 226 0 254 81 52 221 146 179 309 168 303 233 128 141 98 154 145 129 126 175 118 54 113 116 78 72 79 108 85 102 89 209 239 261 201 219 188 248 214 265 242 236 234 259 53 
425 401 248 405 136 249 333 321 365 94 115 182 312 175 320 217 385 419 92 174 277 210 161 229 242 235 136 440 173 159 312 253 0 233 284 297 267 381 374 164 110 209 191 182 219 196 173 233 203 220 213 219 178 164 207 197 192 162 210 185 198 422 469 473 429 439 415 455 231 215 211 225 240 234 296 
186 276 169 209 284 155 159 198 197 158 220 342 116 346 104 329 192 198 288 103 222 214 353 378 236 178 240 257 74 211 291 89 245 0 117 295 76 157 228 206 286 148 166 177 145 210 170 173 177 230 176 69 63 71 61 55 74 101 52 82 54 287 305 329 267 289 254 325 128 191 170 157 156 201 68 
227 157 277 283 360 56 274 309 303 196 287 318 221 325 89 261 148 235 302 199 335 156 322 350 139 111 206 173 137 326 203 52 270 134 0 199 180 186 348 170 288 256 106 125 83 149 130 102 116 156 115 81 142 159 110 102 94 125 114 133 140 182 204 223 181 175 153 214 244 291 286 269 269 304 87 
401 177 424 485 423 154 438 467 483 233 360 198 390 207 264 120 311 433 272 315 464 94 225 217 67 118 172 279 268 398 26 238 299 284 199 0 355 385 514 149 241 391 155 136 143 109 149 114 125 79 118 227 259 265 261 245 241 224 265 250 273 228 266 267 263 261 234 237 379 416 413 408 413 424 263 
182 326 126 157 282 219 113 151 150 186 211 376 70 386 155 369 203 175 328 110 191 265 382 435 284 245 284 289 109 209 361 150 258 72 179 344 0 149 183 246 326 118 220 236 204 260 234 248 230 274 221 120 102 107 107 102 134 143 102 107 76 330 351 370 298 315 305 376 98 158 142 126 107 157 116 
47 295 233 121 421 246 163 228 190 307 363 473 124 489 111 442 124 53 455 245 312 333 492 513 336 295 359 196 221 346 377 172 395 161 187 377 159 0 228 341 435 258 286 300 267 328 309 275 294 336 295 204 208 239 209 207 212 250 197 228 185 269 293 309 239 256 238 309 242 290 281 266 236 285 137 
212 492 131 112 337 374 78 73 35 331 307 520 137 530 292 530 323 201 448 226 166 432 532 575 446 398 433 410 275 257 514 301 376 224 347 518 166 213 0 400 458 173 388 404 375 414 400 393 404 437 398 291 266 257 276 282 297 300 272 282 247 464 483 511 437 456 442 502 162 191 191 172 136 179 259 
353 259 308 394 282 132 348 366 381 104 226 155 309 168 227 121 291 367 166 194 347 45 176 203 96 77 51 303 155 267 161 180 165 204 175 143 251 324 400 0 136 273 60 48 99 50 39 96 65 78 83 153 158 162 155 150 147 118 163 137 184 285 325 331 302 293 275 306 269 283 280 292 302 298 209 
467 386 348 479 220 261 406 404 455 154 190 91 384 92 354 150 422 482 45 248 365 177 84 138 233 216 105 455 232 252 268 303 93 294 293 251 331 440 473 154 0 296 184 181 236 184 168 223 196 187 218 247 248 236 251 244 249 205 248 223 266 422 459 471 451 447 412 440 302 297 293 320 338 326 336 
271 422 52 238 185 278 137 131 175 177 123 359 150 358 243 380 324 274 279 88 96 293 372 411 324 294 271 381 141 104 407 230 214 159 273 390 121 252 174 262 291 0 262 270 270 299 250 296 277 317 273 175 137 141 166 156 184 185 156 151 142 432 458 472 414 423 395 457 24 33 36 25 53 57 227 
321 216 287 355 305 74 312 339 360 112 236 215 266 216 177 163 248 332 211 193 341 64 231 252 86 53 99 271 138 277 156 123 193 170 117 140 221 290 372 68 185 249 0 30 56 48 39 58 26 81 30 103 130 138 119 118 103 85 125 121 139 234 289 296 272 251 244 284 252 286 285 265 285 305 172 
328 212 298 381 311 101 334 362 385 117 235 182 282 188 198 162 271 341 204 196 356 36 212 223 87 61 76 266 142 296 148 146 186 176 126 143 232 306 396 43 182 261 24 0 62 30 19 56 23 59 38 133 148 145 140 124 131 93 148 134 152 252 292 298 285 275 250 288 267 302 285 282 295 318 187 
289 181 290 342 337 37 307 338 349 142 255 248 251 241 163 194 216 308 249 188 340 76 251 271 90 51 134 231 126 287 153 97 221 153 83 150 203 250 371 86 223 264 38 73 0 70 66 45 42 88 34 89 131 139 111 121 105 107 118 128 142 215 249 269 225 214 196 251 248 298 279 281 279 309 132 
355 203 329 405 332 93 367 375 408 151 258 174 303 194 218 136 282 371 196 220 372 8 194 211 61 50 93 281 161 305 111 156 213 200 134 100 250 315 432 53 195 295 59 47 83 0 49 58 31 34 42 161 180 165 163 166 150 120 179 152 183 249 280 288 267 272 252 279 297 315 312 307 323 346 198 
325 229 290 377 299 91 333 355 377 105 225 184 284 182 201 144 267 342 189 199 336 61 201 229 101 55 83 274 143 278 168 135 182 169 134 143 237 311 389 35 176 268 32 24 77 44 0 74 42 68 43 131 133 131 131 129 118 99 140 125 144 258 316 315 278 273 261 292 251 291 284 275 279 299 181 
312 158 325 365 365 57 335 375 368 177 291 226 286 234 171 173 230 316 258 235 382 73 245 260 69 33 141 216 166 330 136 118 249 173 99 120 239 275 409 97 242 286 65 60 37 60 84 0 51 74 28 134 156 166 150 145 130 134 162 149 173 207 237 254 225 224 188 225 277 312 319 316 302 339 174 
335 200 303 387 329 71 329 353 373 133 257 193 283 211 204 167 254 353 216 210 352 33 210 229 61 35 90 256 147 286 130 145 199 191 117 129 232 299 392 58 188 270 20 13 51 30 29 51 0 61 33 132 144 149 135 142 114 97 137 137 172 231 284 292 271 256 229 266 274 291 295 284 292 320 186 
363 196 349 423 343 96 385 405 425 163 287 188 323 175 223 124 276 375 219 253 397 30 205 218 36 58 103 271 192 337 111 177 216 217 143 84 282 325 436 77 186 306 70 54 82 31 59 65 51 0 64 161 192 183 187 187 173 157 199 180 201 235 288 298 271 255 247 257 308 337 341 332 341 353 219 
315 186 312 367 328 56 330 349 375 148 257 210 270 227 181 173 247 335 224 206 361 59 243 248 63 20 124 239 151 307 138 118 208 170 111 131 225 293 402 65 215 286 40 47 33 39 56 38 35 50 0 111 141 147 129 122 112 108 140 140 155 224 272 274 244 246 213 258 268 304 292 290 299 318 160 
225 239 196 257 287 107 214 248 268 138 208 290 171 289 112 263 186 229 270 124 257 162 312 340 168 135 175 232 66 244 236 55 225 68 85 229 127 191 289 149 260 179 115 136 89 153 118 131 127 159 126 0 56 81 43 39 32 52 37 50 46 252 281 306 259 266 238 287 181 221 207 199 200 218 82 
232 281 178 263 248 140 197 215 242 107 164 276 158 294 159 281 237 254 245 70 232 168 293 338 202 162 178 276 25 188 273 109 191 73 130 257 111 206 260 160 249 141 131 150 139 175 135 167 147 196 156 66 0 30 25 26 42 63 44 32 38 292 341 357 290 306 291 332 124 162 169 145 148 191 124 
266 300 157 266 237 167 212 212 240 96 161 274 175 276 162 282 239 263 224 69 223 182 275 329 205 167 173 302 23 180 272 114 166 77 145 260 109 233 260 154 234 138 133 137 133 180 141 166 151 186 155 65 22 0 54 50 67 51 51 36 52 312 351 379 316 312 304 360 118 162 158 150 144 169 138 
242 271 176 250 257 126 199 231 237 113 180 283 149 299 141 285 220 247 248 106 243 177 301 347 194 153 181 266 25 201 264 78 195 51 118 253 115 205 263 147 257 161 123 150 112 161 126 149 140 189 136 47 36 48 0 19 43 63 16 27 40 273 321 342 270 288 258 314 153 194 186 172 168 200 100 
234 267 198 268 274 118 219 245 247 109 184 286 158 287 135 278 198 241 254 96 255 153 288 343 188 141 186 259 46 214 256 76 196 68 111 243 115 200 278 143 236 166 110 137 107 159 124 135 128 186 135 34 39 40 25 0 32 39 24 37 46 280 308 331 282 284 247 310 158 197 189 175 175 212 96 
228 246 195 267 286 115 214 262 258 111 209 267 167 289 134 261 194 241 250 111 260 158 285 319 167 122 162 258 44 224 251 79 192 62 95 243 115 216 298 131 243 172 99 118 89 147 112 129 115 170 105 29 39 55 31 28 0 42 35 50 49 267 309 327 261 275 246 303 161 201 207 189 197 229 103 
265 259 206 307 264 124 237 269 278 77 178 242 192 252 163 226 245 281 216 113 270 133 261 304 166 125 141 277 44 213 243 97 161 91 123 215 152 236 315 123 200 189 98 96 105 132 90 123 102 152 103 54 59 64 61 40 45 0 60 34 63 291 326 333 296 291 278 331 163 208 192 191 207 224 134 
223 261 178 246 280 140 193 217 241 127 185 302 146 311 122 273 204 243 257 92 244 179 310 343 204 156 194 255 34 219 266 86 213 58 105 259 97 186 264 162 251 155 130 148 126 161 145 155 154 185 151 38 44 42 28 15 31 66 0 32 21 277 312 344 278 288 262 315 148 189 177 166 170 209 98 
262 293 180 271 242 141 217 230 252 99 164 273 168 289 150 266 224 254 235 96 238 157 280 335 186 147 171 276 26 186 275 95 168 72 135 250 119 229 278 149 240 141 124 134 119 168 128 152 135 187 132 60 31 33 27 32 41 36 30 0 46 298 343 363 297 297 275 342 136 181 183 160 158 196 129 
232 280 167 235 259 154 173 208 229 130 188 294 147 307 145 290 208 234 271 79 219 199 316 361 222 180 201 263 44 198 276 89 204 43 137 277 77 204 243 175 267 133 140 158 135 181 150 178 160 196 161 57 24 42 40 41 56 66 19 50 0 298 323 350 287 301 273 330 135 162 162 151 145 175 108 
284 54 426 404 539 176 408 462 433 356 459 406 346 420 195 336 174 314 440 375 490 247 435 432 212 217 336 97 302 472 204 206 416 286 171 217 321 283 462 281 411 419 252 256 217 234 255 206 234 237 221 251 292 308 284 273 262 277 279 306 300 0 45 72 55 25 46 53 411 455 441 435 429 456 218 
293 105 470 401 564 229 436 488 467 394 488 454 360 459 219 385 172 321 490 414 525 297 477 477 265 256 369 90 347 523 253 251 476 318 220 264 350 286 487 332 463 458 290 301 258 293 316 248 274 290 259 283 339 341 326 317 308 322 321 337 333 52 0 44 57 43 62 55 439 491 486 469 459 491 257 
318 106 478 445 597 232 464 499 482 396 508 459 400 467 238 386 209 344 498 424 557 297 476 465 250 273 373 124 358 538 250 257 481 347 228 270 375 319 508 328 478 477 295 316 262 299 327 245 302 284 279 309 364 370 334 338 325 351 343 350 354 72 32 0 85 74 88 42 471 513 512 482 471 509 283 
245 107 422 364 524 198 375 440 410 348 463 441 319 438 169 383 123 269 465 370 489 286 466 460 254 246 346 30 297 481 256 195 436 263 164 261 308 234 440 305 442 419 272 280 217 273 279 219 269 268 235 240 295 315 277 272 254 296 274 303 288 53 65 101 0 35 37 94 396 444 435 426 409 449 206 
272 86 422 386 533 183 395 445 439 359 454 440 343 441 192 368 156 285 444 369 494 265 457 454 223 232 338 79 307 481 238 218 432 288 179 244 317 251 451 305 446 418 264 278 222 270 288 207 259 267 242 249 296 327 288 273 266 292 272 298 300 33 39 72 45 0 30 62 412 458 454 435 415 458 216 
259 81 418 375 521 160 373 442 417 346 435 402 315 407 169 344 138 288 433 356 471 239 440 433 216 201 330 65 284 463 228 195 412 253 164 238 301 248 440 274 414 399 243 253 195 235 255 193 241 234 223 234 285 292 271 258 253 269 250 287 265 39 64 88 47 37 0 82 378 424 426 401 411 448 189 
339 81 483 427 569 207 442 494 477 374 488 438 396 427 229 364 213 358 456 417 532 278 444 453 234 245 357 122 346 513 211 257 463 322 216 232 368 312 514 304 454 470 268 285 248 261 296 237 265 262 258 293 335 345 313 316 310 316 322 337 326 50 63 43 93 60 90 0 451 489 486 467 470 496 256 
255 397 57 218 196 266 127 122 151 183 151 376 137 383 230 380 291 251 295 76 102 294 366 429 321 286 271 382 135 118 391 212 225 136 256 384 102 239 171 275 309 22 258 263 249 301 254 285 275 302 273 169 129 119 135 155 175 163 143 143 117 403 431 466 397 415 393 450 0 58 58 25 38 58 192 
299 448 75 251 179 313 150 114 167 188 119 376 170 385 284 407 352 296 291 100 69 315 379 423 353 310 304 414 174 95 435 249 206 188 285 420 144 291 190 295 317 35 275 300 281 325 290 310 308 350 311 219 160 162 195 184 215 210 194 178 164 462 477 499 448 446 436 485 56 0 22 39 53 20 255 
312 446 78 262 165 314 155 132 173 190 125 378 181 380 277 402 342 304 280 89 74 321 376 423 353 308 285 426 160 80 416 261 215 168 297 417 139 284 197 293 297 41 272 283 294 319 276 321 295 338 300 204 168 157 172 198 195 197 184 170 173 440 487 513 427 454 425 499 48 7 0 28 57 24 244 
273 438 44 231 194 302 136 106 161 201 149 373 143 384 251 389 330 283 304 96 75 321 381 433 344 313 293 392 152 111 424 236 235 150 282 398 129 262 160 292 310 23 281 281 284 315 281 305 293 336 285 192 158 150 165 187 198 188 171 161 161 441 455 479 425 425 401 467 35 46 44 0 40 44 221 
254 422 17 208 228 291 98 96 134 209 164 386 139 394 255 418 304 256 326 104 86 320 398 449 361 311 314 383 165 125 433 222 255 150 269 406 118 227 152 296 325 43 266 291 269 315 284 308 291 339 285 200 154 162 176 178 187 201 172 176 141 419 460 468 411 412 410 474 35 69 62 36 0 51 218 
294 452 58 252 176 325 137 121 168 221 136 389 175 391 279 410 359 302 304 122 56 345 396 455 375 332 323 434 180 97 439 265 234 199 311 432 160 288 181 315 316 54 302 304 311 330 307 345 308 357 312 225 173 179 197 206 223 222 209 194 176 465 485 518 442 456 450 510 57 23 40 40 58 0 264 
163 231 219 210 363 134 195 240 238 214 279 359 131 353 49 319 116 173 333 171 280 202 382 396 212 170 260 174 118 296 264 50 287 72 75 280 122 138 274 217 335 218 158 186 142 204 183 157 189 225 174 93 120 133 93 92 108 126 99 114 109 211 254 276 201 227 194 254 199 242 240 216 208 262 0 

Depot information
494 190 2397
382 480 1674
281 67 2340
467 79 2670
66 90 2608
294 361 2959
369 69 2854
331 26 2319
386 31 1654
169 247 1020

Cust information
129 137 16
38 382 24
382 133 23
35 389 15
393 282 24
100 439 22
466 305 20
498 169 22
40 285 17
231 163 21
241 12 18
206 383 18
16 366 16
11 433 18
234 419 17
246 378 21
137 343 16
476 395 20
258 226 18
151 84 24
230 490 15
332 292 15
89 225 24
317 215 17
335 330 23
213 476 17
332 161 20
467 200 23
388 6 22
180 347 20
49 310 18
241 95 23
230 342 22
213 353 23
266 348 16
210 380 21
207 342 15
261 378 16
225 360 23
210 400 25
244 362 25
292 263 15
264 225 21
247 220 20
276 238 16
276 246 15
277 262 18
241 264 22
285 237 23
256 235 15
283 219 20
430 462 15
474 475 20
467 506 23
469 425 24
453 450 23
436 435 20
438 506 23
262 103 23
225 70 24
223 75 18
250 81 24
274 79 22
233 54 25
365 262 18
