Seed 123 - Instance: n70m10_2
n 70
m 10
Q 208
L 0
U 1000

0 215 344 270 465 190 223 582 339 280 532 643 140 404 317 464 436 359 592 510 106 181 480 462 270 195 344 653 351 489 474 481 181 454 443 262 446 466 494 442 453 390 383 127 76 18 62 58 72 42 33 62 49 64 76 45 55 73 64 301 305 316 321 266 294 374 584 605 569 598 600 579 585 585 349 333 342 335 355 401 
205 0 158 187 285 175 131 395 136 158 345 446 101 229 131 312 310 165 386 335 178 49 309 324 94 145 140 449 211 375 282 314 92 270 269 190 263 261 341 352 298 202 254 98 223 217 242 235 252 181 231 259 225 259 261 225 196 237 243 121 134 116 152 102 135 186 381 392 380 400 409 379 388 389 219 197 223 195 226 278 
349 158 0 280 248 292 228 253 137 223 199 307 242 229 34 310 331 60 279 247 285 184 291 322 70 221 108 319 141 277 212 198 186 222 210 291 120 135 218 400 167 165 282 225 363 354 369 358 367 313 345 384 368 404 388 339 327 354 379 67 62 34 68 96 82 33 294 304 284 302 312 305 299 292 188 142 161 144 177 204 
273 190 273 0 241 74 57 439 166 55 459 484 138 194 273 225 181 262 425 302 290 184 249 231 224 315 190 476 378 521 292 451 256 245 239 12 375 346 481 186 444 193 148 211 316 275 302 313 334 271 294 291 294 313 321 293 294 333 312 285 281 269 291 271 295 297 376 399 383 406 412 373 387 377 402 373 381 372 397 446 
464 285 238 242 0 324 251 239 144 206 309 257 318 74 266 90 153 179 190 75 463 309 59 122 260 410 148 261 360 501 70 376 368 28 52 255 261 199 415 237 349 84 143 349 507 487 503 499 509 460 483 510 495 522 515 479 458 509 504 291 290 258 296 303 303 254 151 156 148 162 185 147 166 143 407 381 390 367 393 414 
205 173 299 80 319 0 76 501 222 120 485 525 99 250 300 307 264 291 477 362 236 150 327 293 237 279 233 547 376 526 362 475 233 313 306 73 403 398 495 244 450 254 205 181 248 209 229 238 272 207 232 224 225 254 249 230 218 267 264 287 289 278 297 258 300 336 442 468 435 465 471 441 461 435 383 361 386 374 395 429 
232 120 240 67 240 83 0 417 149 46 407 461 86 195 219 247 222 217 394 311 243 120 251 242 169 253 154 472 337 485 279 403 207 256 236 76 319 307 448 235 388 167 163 153 269 258 267 265 292 231 264 274 265 287 290 266 244 299 291 237 236 220 243 204 232 267 384 391 371 392 399 379 397 371 334 309 325 304 357 377 
586 379 267 447 236 495 410 0 294 389 162 53 468 281 283 312 378 235 75 188 542 419 263 337 316 462 262 88 344 396 176 280 432 233 217 448 177 142 282 459 262 265 370 468 600 599 630 615 619 565 598 642 620 647 653 590 569 600 628 306 299 284 307 355 320 249 137 142 131 148 139 156 151 138 386 339 362 343 353 359 
336 139 139 169 141 221 142 297 0 122 297 336 187 98 143 202 197 106 279 193 309 181 190 203 126 275 34 342 271 399 167 319 230 141 130 175 217 181 343 274 281 58 151 222 366 352 372 372 381 310 348 367 368 380 398 350 322 374 373 176 156 135 187 174 188 159 255 276 245 279 287 259 260 263 292 265 283 255 298 322 
273 146 235 71 198 128 49 384 109 0 404 424 127 140 231 196 172 210 361 271 295 159 214 213 189 293 145 430 342 495 240 419 230 199 208 75 312 286 444 207 373 146 131 208 320 302 323 314 337 265 301 310 307 335 332 305 284 327 320 245 238 227 251 215 252 252 348 352 333 355 371 344 343 329 356 335 343 325 352 385 
522 334 201 449 303 478 418 153 299 389 0 208 425 322 229 403 449 215 228 292 461 373 362 408 258 377 265 224 221 242 251 132 372 303 281 470 107 118 152 520 127 293 418 403 536 552 560 542 538 499 549 586 557 586 585 540 504 545 551 237 233 230 224 263 242 172 265 265 272 273 272 281 270 284 279 230 242 238 248 220 
628 437 310 471 258 535 459 59 336 427 191 0 515 303 329 329 412 279 75 213 596 476 298 355 370 524 312 32 380 440 188 314 485 255 241 501 237 196 342 481 310 311 405 508 667 643 685 658 662 615 653 689 663 701 690 638 633 668 667 363 371 341 360 399 378 304 146 130 140 141 118 153 133 140 436 394 429 397 417 409 
151 104 242 139 330 90 93 456 200 138 438 515 0 259 238 338 309 253 459 376 176 72 337 329 187 197 217 520 308 455 341 412 161 321 304 127 340 358 433 304 374 243 264 88 201 161 198 186 201 140 177 189 186 205 207 163 172 214 199 213 217 221 232 194 225 279 452 468 444 467 468 435 459 449 300 286 306 281 332 364 
402 228 228 196 74 264 186 271 102 145 341 310 263 0 239 108 125 177 242 118 398 262 94 112 216 381 125 312 354 483 126 388 314 66 65 195 268 227 421 203 364 63 113 319 454 415 446 445 457 400 438 461 436 463 474 419 412 464 456 265 260 238 268 269 282 233 204 210 206 217 233 196 209 196 396 361 373 339 390 406 
319 133 47 285 271 285 223 288 145 232 212 340 223 247 0 317 344 95 310 280 277 176 309 333 52 194 133 349 116 276 237 195 162 262 226 281 138 150 220 410 159 203 304 202 338 330 356 352 342 291 330 379 349 369 379 321 297 328 360 43 25 29 34 64 57 53 324 344 324 348 338 325 337 327 154 118 139 120 152 188 
479 322 297 235 90 301 241 312 187 211 394 342 340 101 316 0 82 265 265 139 483 346 54 34 301 459 207 315 434 568 177 467 401 97 128 227 339 281 493 174 429 147 98 390 505 481 523 511 526 456 490 508 507 518 525 504 476 525 526 353 337 317 355 355 364 323 208 222 200 223 235 198 215 196 470 440 463 441 477 497 
429 320 332 177 147 266 222 372 196 173 443 393 309 120 348 80 0 284 322 196 456 316 124 60 321 455 217 388 457 591 233 497 391 168 189 189 380 338 533 94 479 173 65 374 497 452 482 477 506 435 472 465 462 490 506 474 450 502 499 359 351 335 372 356 377 346 282 288 275 287 300 272 295 275 492 457 477 445 492 518 
366 172 67 258 190 286 226 239 96 211 198 287 246 179 96 257 286 0 239 202 325 209 222 261 104 265 72 284 191 332 161 226 216 187 156 265 127 108 262 356 196 119 242 233 384 373 397 387 401 340 372 407 390 414 426 370 357 391 398 107 116 75 107 147 138 85 243 265 243 267 282 252 257 248 233 203 205 194 220 243 
586 392 287 413 183 484 399 90 269 359 224 87 451 233 317 266 331 232 0 140 558 436 217 284 323 477 260 69 372 442 138 330 456 175 174 426 234 161 356 426 325 234 319 472 607 616 623 614 632 570 613 639 617 648 646 613 583 617 635 331 328 303 333 376 348 263 65 77 63 83 58 81 69 67 430 384 412 377 403 417 
502 321 258 298 77 367 310 190 188 256 297 202 373 119 276 135 202 196 135 0 504 345 102 162 292 439 195 205 374 481 65 380 398 67 82 318 244 192 394 292 361 131 201 407 546 534 559 549 554 490 541 551 546 571 582 538 520 557 562 313 295 274 314 339 336 255 100 111 75 99 121 89 105 94 436 380 410 382 420 430 
98 172 293 304 447 246 256 541 318 293 475 605 172 415 279 477 468 328 557 499 0 145 489 486 245 115 315 609 292 409 450 411 117 443 427 294 400 426 428 473 390 371 400 104 72 98 120 93 83 67 92 133 105 138 115 89 63 73 103 248 243 268 256 218 229 323 569 568 553 573 589 554 567 557 259 272 266 265 281 312 
171 50 198 173 307 152 131 415 166 150 370 471 69 252 166 344 318 192 433 349 162 0 336 330 129 154 173 489 236 392 313 345 86 309 287 186 285 299 366 340 321 235 261 68 207 199 209 197 205 146 181 211 188 217 223 185 159 203 207 159 156 168 176 119 158 215 432 431 416 444 441 415 438 417 253 222 241 229 268 293 
492 312 288 259 56 325 261 273 180 214 361 287 341 86 300 55 123 238 228 101 491 347 0 82 298 448 195 285 417 545 125 434 401 74 104 253 318 263 449 211 399 118 140 388 523 503 531 513 534 475 496 522 518 545 535 496 501 536 525 328 322 293 339 338 349 300 165 171 170 186 187 171 176 165 456 417 434 404 445 473 
479 331 326 219 121 287 241 344 204 207 423 353 329 117 329 18 60 266 276 159 481 341 78 0 312 466 212 333 457 575 182 475 407 125 143 227 357 300 514 159 449 148 99 386 509 485 504 517 530 457 493 511 506 531 522 492 475 521 531 360 363 333 360 370 373 340 229 233 233 242 248 223 233 217 480 445 464 441 477 507 
286 74 66 227 258 246 176 327 121 175 261 364 168 217 53 308 319 105 334 281 232 122 290 325 0 173 102 378 160 310 230 239 125 238 229 227 175 192 270 368 212 169 268 148 293 290 323 308 315 255 287 318 309 327 331 287 271 293 314 72 70 54 76 55 85 111 348 352 318 357 372 339 344 334 198 155 176 158 188 223 
209 151 215 324 412 294 263 463 273 285 376 508 207 374 192 460 456 263 480 448 129 146 458 470 176 0 272 536 168 298 391 300 54 410 384 324 285 330 322 494 273 335 395 115 176 217 214 202 182 165 192 250 214 231 237 200 162 178 197 171 161 192 167 138 137 230 490 498 482 515 522 499 503 499 156 147 157 158 173 201 
332 138 122 191 146 235 155 277 25 145 276 318 215 120 133 214 223 76 272 191 321 182 190 227 113 276 0 329 239 379 143 296 229 145 119 205 189 175 329 293 268 68 191 220 361 353 384 369 385 314 358 380 367 396 406 349 334 375 389 140 139 112 150 166 167 129 248 267 250 266 285 249 261 253 276 254 255 244 272 310 
640 441 331 490 264 528 457 74 337 423 222 31 521 313 359 335 389 304 76 197 617 479 282 343 374 530 331 0 412 460 204 353 512 242 235 499 259 213 351 490 341 308 401 533 679 670 693 670 678 626 671 684 666 693 711 656 649 682 686 382 378 356 379 412 391 319 121 123 125 111 95 141 126 136 458 424 441 424 429 432 
355 221 140 390 377 374 329 325 274 333 217 394 313 359 124 445 453 203 379 379 286 242 406 452 169 168 253 414 0 162 337 130 181 356 330 382 153 225 145 509 110 306 409 252 352 377 390 377 360 338 372 414 366 401 395 352 328 346 365 118 120 135 105 127 101 129 416 409 404 413 420 408 424 404 72 30 46 42 34 62 
484 363 285 532 491 527 481 389 405 477 249 438 452 484 264 576 597 319 445 491 394 397 531 588 303 291 389 460 165 0 434 120 324 490 457 541 251 301 109 661 148 442 557 391 463 498 494 487 464 457 481 533 496 514 507 472 441 465 489 260 254 273 233 285 242 265 504 504 494 512 514 494 509 490 148 171 173 172 145 105 
472 295 197 291 74 355 284 174 165 250 239 188 336 123 241 160 216 150 137 55 450 315 128 175 234 404 158 185 329 435 0 331 369 67 65 313 205 149 349 317 308 127 222 370 520 498 519 511 523 474 496 517 508 531 544 503 480 510 531 267 259 224 252 289 277 199 113 134 92 125 141 113 126 114 388 344 354 321 353 376 
468 323 202 465 391 472 422 273 313 408 128 316 411 384 204 462 497 238 341 367 397 339 427 471 255 304 288 341 119 124 325 0 310 376 354 474 139 195 41 566 37 336 462 350 470 493 502 487 469 445 487 525 484 523 524 476 446 459 493 196 202 196 170 232 203 176 383 380 372 390 391 371 392 371 161 140 162 159 139 125 
186 97 178 273 361 234 211 440 236 231 359 496 154 319 155 404 398 232 455 397 129 93 408 417 135 73 223 506 194 330 351 306 0 354 345 275 286 308 319 438 285 289 350 75 183 198 214 189 190 145 195 235 205 232 222 174 162 180 211 141 152 169 155 96 132 210 462 469 457 467 487 454 475 447 171 174 174 176 193 224 
456 280 241 255 13 314 249 231 138 210 307 261 328 76 246 107 173 173 186 68 447 313 76 121 257 417 152 251 367 477 61 369 363 0 42 260 249 193 397 245 352 87 162 355 492 475 507 499 505 450 472 497 491 509 513 471 475 497 515 280 276 247 274 286 301 246 144 154 133 150 178 149 142 134 416 364 383 353 401 401 
440 253 213 258 47 320 230 208 122 201 273 251 298 69 234 138 189 153 182 74 432 289 98 143 223 393 135 247 328 445 52 349 332 43 0 252 235 167 373 270 317 77 171 342 475 468 484 469 495 429 470 483 474 505 514 459 447 479 501 251 253 217 260 273 275 220 147 161 143 163 186 146 162 142 371 343 355 330 368 381 
269 192 295 29 265 82 79 458 179 70 465 484 126 199 286 229 201 272 437 314 295 177 267 227 236 310 203 490 384 540 307 472 259 263 262 0 373 363 492 183 440 193 141 216 320 265 297 291 326 266 285 294 293 300 326 278 294 325 307 286 278 269 304 272 295 316 401 401 382 404 435 388 407 390 398 369 393 372 421 435 
435 261 107 360 255 401 321 190 213 319 99 226 338 263 139 351 379 127 224 252 386 285 317 353 184 286 188 249 154 253 194 129 290 243 234 376 0 77 161 467 116 224 351 322 458 470 473 454 467 411 452 502 475 486 506 450 435 447 466 157 157 149 136 180 152 89 261 273 249 284 268 276 266 261 214 184 193 180 189 203 
455 262 143 341 204 389 325 133 198 293 131 191 350 227 151 286 346 104 165 192 426 305 258 316 193 327 164 214 227 309 139 196 315 188 168 368 78 0 209 426 169 190 319 343 485 471 508 479 495 442 481 523 479 521 521 480 453 487 507 192 192 159 180 212 198 113 199 198 199 213 214 201 197 190 279 242 253 227 256 267 
495 343 224 484 417 508 445 296 355 430 135 328 446 421 231 488 522 255 346 402 418 374 462 500 273 323 316 349 157 115 356 37 324 408 366 505 166 211 0 608 61 379 499 377 483 508 518 511 504 468 493 538 522 550 537 500 479 480 519 217 235 238 206 264 215 198 390 399 382 416 393 404 414 402 173 174 167 165 162 134 
431 337 384 178 240 244 222 474 267 205 522 483 311 210 397 172 91 354 419 300 464 337 200 140 363 480 295 478 522 668 322 569 423 242 271 176 459 419 609 0 551 246 120 384 479 444 478 465 503 448 456 461 455 468 483 467 459 499 497 409 408 402 433 405 435 410 372 369 366 381 391 356 374 366 541 516 522 509 538 584 
446 290 163 437 360 459 380 268 297 383 124 305 392 367 170 445 470 206 320 354 378 330 407 456 216 284 276 340 113 143 299 41 289 342 325 448 114 178 61 547 0 306 436 333 457 468 479 477 454 431 462 494 461 511 498 460 430 458 481 180 167 179 149 195 179 149 359 355 352 378 357 367 357 357 157 135 136 143 123 111 
376 191 179 182 86 245 166 258 72 140 301 307 250 62 194 134 172 130 236 140 365 223 121 164 180 338 65 294 312 437 127 349 277 83 67 204 238 183 378 245 317 0 129 268 426 391 423 421 424 374 402 420 409 430 439 404 389 422 432 218 219 187 214 229 241 202 213 220 198 239 249 203 232 217 337 301 323 298 327 353 
399 256 288 146 136 210 180 360 162 130 414 390 263 106 309 109 63 253 331 205 408 276 140 90 269 400 180 387 424 555 211 456 360 147 159 145 343 308 489 120 443 143 0 317 448 416 426 421 457 380 408 438 422 446 456 408 402 456 442 314 311 290 327 323 326 304 276 291 283 291 305 281 283 282 439 405 420 407 440 463 
146 91 218 210 364 168 173 469 228 190 406 521 83 311 195 380 368 239 470 408 113 66 378 396 157 118 232 521 248 379 364 365 75 352 338 219 313 345 375 390 328 277 325 0 155 158 166 164 171 109 145 195 161 190 195 138 126 168 173 177 173 200 194 132 167 239 459 475 463 488 483 471 485 455 239 231 240 219 247 297 
73 238 350 316 490 253 271 615 364 330 532 650 200 441 328 508 484 391 605 537 67 205 516 506 300 176 370 660 343 456 515 467 173 507 488 310 449 484 497 493 458 407 428 151 0 60 45 31 34 58 34 85 51 64 52 44 41 16 39 314 325 323 326 270 306 376 612 632 593 637 641 600 617 599 321 326 323 333 344 373 
20 222 364 281 471 222 241 604 348 293 539 647 173 425 329 479 456 381 612 524 95 193 501 476 298 208 359 664 377 489 502 489 197 487 461 276 469 479 521 443 474 408 401 146 53 0 39 34 80 52 28 41 30 40 65 25 64 76 44 324 328 325 331 276 303 384 600 609 586 618 623 599 605 604 339 355 358 340 384 403 
58 256 381 308 496 228 268 628 364 328 567 667 197 442 363 511 485 399 628 544 112 202 521 511 309 217 375 685 381 502 526 512 219 494 497 301 480 504 530 480 485 425 443 163 57 41 0 18 65 74 35 30 30 19 33 38 64 58 39 330 348 342 345 308 322 413 618 640 622 649 650 612 631 621 364 370 356 360 375 419 
50 245 357 313 494 246 278 609 366 314 544 664 178 448 344 517 485 382 619 554 103 196 520 500 298 195 378 663 377 481 503 477 196 486 472 291 468 497 506 469 466 420 423 155 31 27 28 0 41 55 19 41 17 37 43 19 51 45 19 331 317 334 332 282 324 388 612 615 598 628 649 602 626 603 337 350 350 343 359 394 
73 242 364 329 517 274 286 618 380 335 548 674 213 455 342 540 513 407 639 567 94 205 533 528 311 199 380 690 367 476 532 482 192 504 496 330 467 498 497 507 465 439 454 160 27 70 58 43 0 66 49 93 52 69 69 54 47 16 42 320 327 341 338 276 304 394 617 641 608 643 657 624 642 614 335 345 336 330 346 392 
45 183 313 270 446 213 237 565 312 277 504 610 138 406 296 475 433 342 563 501 60 156 476 465 255 165 319 627 321 458 460 444 157 443 435 271 427 442 456 432 421 375 384 110 55 53 77 48 68 0 43 85 60 79 92 50 33 81 65 272 269 282 291 241 268 337 565 578 552 586 587 555 571 565 309 301 295 300 329 354 
30 218 358 293 476 230 250 607 339 294 529 643 167 421 329 504 455 384 601 525 83 186 509 503 293 202 360 653 369 476 490 490 191 490 466 292 464 470 509 453 458 397 406 154 41 32 32 26 60 51 0 51 25 59 52 29 51 52 46 324 313 322 334 282 305 375 606 622 584 614 621 603 618 596 335 346 339 330 368 401 
60 253 387 304 511 235 268 638 379 322 582 687 190 461 364 517 465 419 628 554 124 213 531 518 329 253 385 699 414 522 533 520 223 506 487 301 489 521 537 456 497 430 435 179 73 51 44 49 76 84 49 0 53 22 37 66 86 92 63 357 345 358 369 322 347 412 637 649 613 644 647 621 630 630 388 388 389 382 409 446 
33 228 359 303 481 225 253 609 367 303 553 660 170 434 342 491 464 386 613 542 103 203 503 490 293 217 365 670 378 491 514 493 197 487 472 292 471 480 517 468 461 420 416 149 44 27 29 29 60 54 19 42 0 41 35 33 57 63 45 325 336 332 329 294 310 382 606 619 589 627 646 604 614 602 342 343 352 358 375 412 
59 269 402 322 521 253 284 633 386 323 571 688 197 472 371 525 497 417 648 559 126 232 544 522 323 244 389 710 402 510 543 526 237 516 512 313 493 517 547 471 507 444 447 181 65 59 19 50 61 93 54 26 30 0 30 52 89 74 44 365 357 366 380 324 350 414 631 645 629 646 656 631 647 625 369 373 382 376 395 430 
62 265 390 317 516 264 291 634 400 333 591 688 216 466 366 539 495 412 640 580 120 233 538 532 329 237 398 712 405 526 551 513 236 524 498 327 504 528 532 486 494 441 448 183 56 56 20 33 61 100 44 37 51 12 0 48 80 61 48 349 367 370 378 324 345 416 646 663 642 652 664 634 657 635 382 383 384 375 407 423 
45 219 353 294 488 223 250 599 351 297 523 651 175 429 324 500 470 365 607 531 83 181 513 495 288 195 359 660 345 479 492 482 188 490 459 277 459 473 483 456 442 395 411 151 45 38 36 28 41 46 25 56 27 51 60 0 25 46 44 303 318 317 315 277 309 378 602 615 590 622 633 598 607 597 336 332 324 325 347 388 
53 200 335 288 474 229 249 577 328 293 508 618 164 416 308 486 450 365 578 514 56 162 499 479 269 173 343 643 336 461 476 453 168 471 455 274 417 458 475 453 436 385 415 130 46 45 60 46 53 32 36 93 43 80 74 30 0 42 50 298 290 297 294 251 279 364 579 586 564 588 605 570 600 585 301 321 312 316 338 362 
73 241 361 322 500 271 294 604 381 334 526 651 196 455 335 536 508 392 626 562 75 199 526 517 297 178 371 678 347 454 510 476 191 501 480 325 445 488 489 495 439 425 451 154 28 81 69 54 16 68 62 81 62 79 74 56 59 0 48 319 320 326 325 265 306 378 611 621 600 643 649 614 626 610 311 317 316 321 346 372 
77 252 372 311 509 255 278 620 381 329 559 678 197 467 341 521 498 396 629 561 89 219 528 519 307 198 386 682 368 482 534 481 205 504 499 321 464 507 508 497 481 424 452 166 34 54 39 31 33 67 50 53 30 54 45 33 54 33 0 328 343 345 343 294 318 405 631 644 607 649 644 619 626 617 342 356 349 340 361 407 
315 123 66 282 279 300 226 306 176 229 238 367 230 259 34 341 362 104 343 303 249 161 324 355 59 171 144 375 102 251 261 197 145 283 247 286 151 192 223 417 174 205 322 176 309 314 331 319 327 286 308 362 330 361 368 300 295 323 335 0 18 30 31 48 24 83 350 354 343 365 359 350 362 351 153 97 124 107 143 161 
305 127 69 283 276 282 234 311 160 235 226 353 217 246 41 343 359 108 325 293 250 162 335 355 67 155 138 386 108 251 251 197 138 279 245 279 141 178 229 414 162 206 315 180 311 324 343 323 333 268 325 351 331 363 356 318 298 316 326 9 0 37 27 41 40 70 352 357 344 356 368 353 347 352 147 108 130 104 147 163 
321 122 32 266 252 273 216 279 135 208 226 330 230 231 18 326 327 91 304 282 272 159 306 334 55 197 122 353 129 285 232 202 157 240 227 272 146 152 230 398 170 191 300 197 330 330 354 331 337 288 327 373 344 379 365 332 304 323 354 47 41 0 46 65 55 69 312 325 304 326 341 325 338 324 172 133 140 129 167 195 
325 145 67 299 300 315 238 292 181 248 220 357 236 262 34 347 370 114 321 299 257 170 338 361 79 177 170 379 97 247 268 171 146 291 250 309 140 177 214 436 155 219 340 187 323 332 362 335 327 297 336 377 337 361 376 325 306 324 343 36 31 47 0 58 26 81 350 356 329 363 359 341 358 342 125 84 114 89 123 153 
274 102 98 264 292 261 220 346 183 220 274 400 193 275 62 361 376 134 359 336 207 120 340 369 67 129 151 424 135 276 283 231 92 291 278 279 180 211 261 410 205 233 320 134 269 279 294 286 289 233 279 313 289 320 308 264 248 280 296 54 48 67 71 0 36 119 371 393 364 402 391 371 385 368 147 109 135 119 146 175 
308 131 92 296 302 307 245 317 179 260 242 371 235 278 66 362 377 143 356 336 232 169 352 368 83 139 172 398 101 238 275 196 136 298 272 299 165 202 218 431 180 230 346 183 308 312 336 309 315 275 297 356 308 350 355 295 267 302 330 23 24 52 34 49 0 89 380 373 351 391 397 361 386 370 129 84 101 82 112 158 
370 186 41 297 244 320 253 241 155 257 163 287 263 240 50 316 343 77 264 248 308 224 301 336 104 228 130 303 141 267 206 163 217 248 210 314 87 107 197 417 134 198 314 241 392 389 403 393 401 346 379 427 392 432 419 376 361 392 404 73 87 66 79 115 102 0 289 307 271 303 316 298 309 282 179 131 150 125 167 174 
583 395 304 382 150 441 374 147 256 338 281 142 437 197 331 216 288 250 71 92 551 430 165 223 334 495 253 133 404 502 102 385 459 147 153 386 269 195 396 373 350 220 278 468 608 603 619 607 621 575 596 633 617 635 637 601 582 616 628 346 347 312 339 373 379 291 0 28 12 25 39 16 24 17 462 412 447 409 431 447 
587 394 312 396 167 472 402 145 266 361 285 128 449 215 336 226 298 259 69 103 569 431 178 250 348 512 263 106 411 493 121 371 464 152 162 411 260 208 395 372 370 236 299 488 623 607 643 628 630 579 602 647 614 650 659 612 598 623 638 359 359 335 355 379 386 307 28 0 36 22 35 38 18 35 462 435 447 425 452 449 
569 369 285 376 132 443 376 138 245 324 275 136 428 187 313 198 266 237 82 77 543 404 169 214 337 489 241 131 392 485 109 370 460 133 140 396 253 193 385 354 360 209 275 449 607 595 611 597 609 557 587 616 598 620 636 584 566 618 622 328 334 319 348 370 370 281 31 36 0 46 58 13 34 7 452 397 431 405 436 441 
591 398 310 401 155 472 393 143 276 364 282 136 458 221 339 210 294 267 69 103 576 444 185 241 355 504 266 130 416 507 121 379 480 155 169 419 281 210 399 377 366 229 290 475 630 620 631 627 648 584 609 644 621 648 657 616 601 638 648 360 358 333 357 387 382 307 34 18 37 0 25 28 15 38 465 430 453 425 449 465 
600 413 316 415 172 485 401 139 294 374 268 123 465 246 345 247 298 269 70 129 582 443 203 253 359 524 274 94 414 497 141 383 474 173 170 419 276 204 402 394 362 253 316 490 645 625 656 640 651 582 622 648 632 670 668 621 607 641 648 360 371 340 371 406 393 313 37 37 52 24 0 37 23 41 469 427 456 422 455 468 
585 385 293 373 154 454 370 152 254 328 285 138 449 201 318 213 272 244 77 88 557 427 155 227 336 487 258 141 400 496 104 371 469 132 140 382 272 201 403 353 354 214 285 474 608 593 612 613 616 561 597 627 612 632 651 597 588 609 631 341 337 317 348 377 373 296 18 34 24 33 52 0 19 20 468 426 428 405 431 444 
588 390 310 402 155 462 386 149 265 354 279 145 446 207 325 208 284 252 75 88 562 421 169 227 344 506 272 132 406 501 114 376 477 154 160 403 265 210 413 377 363 232 298 472 617 617 642 623 637 569 616 630 615 657 657 615 584 632 629 351 363 323 348 394 379 306 27 27 36 23 24 16 0 32 477 425 445 427 442 463 
578 381 296 388 148 445 371 138 247 346 278 140 443 192 328 210 283 237 81 86 558 416 161 213 327 487 252 137 402 490 110 375 459 140 149 381 255 204 408 352 366 206 277 458 610 591 613 613 619 558 591 613 608 631 640 586 574 616 632 342 346 315 348 369 365 286 13 21 26 35 47 5 20 0 467 411 443 403 430 438 
334 234 180 402 408 393 351 380 306 354 267 433 312 388 159 471 504 230 425 435 251 239 467 480 181 156 289 467 61 158 387 168 177 398 385 394 225 279 190 545 164 344 444 230 315 349 365 340 331 303 339 370 355 366 364 321 304 318 338 139 151 162 137 139 117 179 462 460 460 475 483 464 463 450 0 44 39 55 51 75 
343 197 138 375 362 361 325 357 270 332 233 396 289 353 132 448 468 199 386 389 272 222 419 450 165 157 250 416 27 167 338 143 163 374 345 379 179 225 177 522 126 316 407 224 339 351 373 351 336 314 351 383 361 382 380 341 315 329 351 99 99 140 96 122 95 134 419 418 400 438 434 426 432 420 62 0 24 9 53 86 
333 214 158 393 393 379 337 364 275 347 245 424 306 378 133 447 480 215 410 398 263 235 440 458 165 155 261 451 37 156 361 148 164 390 348 391 186 256 168 535 146 335 438 229 327 353 362 339 330 311 332 374 353 383 381 331 310 331 355 121 120 150 108 137 108 167 428 443 429 461 451 435 439 425 23 24 0 43 27 61 
328 188 129 370 366 361 312 338 252 325 235 399 286 348 112 440 443 191 386 391 255 226 414 452 142 149 235 411 42 169 332 149 172 351 339 374 176 234 164 509 140 305 415 231 322 344 361 352 340 300 347 373 356 374 372 324 304 322 351 96 93 132 90 101 78 130 404 416 395 423 434 410 425 409 63 16 33 0 40 83 
356 227 167 396 397 400 341 361 301 365 247 409 319 390 150 471 481 222 402 416 291 268 437 484 195 179 281 444 47 133 353 146 187 386 369 408 183 247 150 544 138 337 455 263 351 365 392 367 347 338 370 413 375 394 393 355 332 345 380 133 136 154 128 155 127 160 443 446 421 447 457 434 444 441 37 40 32 51 0 44 
393 264 198 439 413 436 390 361 330 385 238 407 355 395 173 484 517 253 419 421 314 293 477 509 225 209 302 442 61 100 373 117 221 406 384 452 199 259 118 570 124 355 466 295 374 410 415 399 395 368 396 429 413 427 437 382 359 368 395 172 178 189 149 179 158 191 438 461 440 464 451 448 455 442 63 81 66 88 38 0 

Depot information
1 53 1805
159 175 2246
294 213 862
43 305 2765
242 436 2291
7 241 998
79 262 2534
464 397 1169
202 303 596
97 302 2518

Cust information
483 251 20
493 442 16
64 179 15
197 399 16
283 188 19
169 483 16
101 471 17
285 265 25
422 453 24
296 459 15
84 20 24
124 159 18
213 475 19
152 488 15
232 192 19
193 36 21
225 294 22
484 468 22
350 93 17
476 15 18
308 410 16
461 134 25
171 86 17
250 430 20
260 404 22
33 301 21
396 237 20
383 301 16
486 119 25
13 475 23
437 148 16
214 358 18
106 420 21
113 112 24
20 0 17
-9 39 25
-18 15 16
-1 15 24
19 -17 15
35 47 19
3 28 16
-40 27 17
-7 24 23
-34 9 23
-30 -1 21
12 24 19
35 27 21
29 -14 18
1 -4 19
277 164 19
276 166 18
274 194 18
293 160 19
242 144 23
277 142 15
325 213 21
370 491 23
382 497 24
365 481 17
378 504 23
398 503 17
364 492 20
375 498 23
365 488 17
330 42 22
331 85 18
330 65 20
327 89 24
355 62 19
389 53 19
