Seed 123 - Instance: n70m5_1
n 70
m 5
Q 267
L 0
U 1000

0 370 363 168 472 213 212 425 223 309 313 93 199 125 261 409 212 111 446 190 130 489 176 252 509 242 121 354 450 233 530 225 403 101 430 257 164 263 312 178 549 554 534 534 560 526 515 521 522 504 512 544 518 480 393 432 432 404 443 435 423 419 386 420 430 444 463 464 473 430 458 459 449 453 431 
368 0 170 459 128 201 177 87 299 112 183 293 239 290 128 48 268 395 243 360 411 130 222 193 182 263 266 271 89 318 156 218 104 370 85 334 232 132 123 395 184 206 154 182 208 178 146 186 150 136 143 192 153 121 57 54 65 46 91 67 55 57 29 64 329 310 344 334 348 313 336 305 327 347 315 
370 165 0 503 262 271 248 235 209 95 56 304 289 324 145 184 191 430 393 425 459 227 273 301 173 368 290 127 223 212 221 165 102 401 196 208 262 219 88 447 261 246 243 218 227 199 239 231 202 192 223 243 188 195 153 171 204 169 192 185 174 210 190 191 467 473 501 487 483 464 492 459 465 500 448 
175 461 488 0 536 267 297 501 372 432 445 185 233 180 370 512 366 78 461 150 51 575 250 292 612 245 206 514 522 390 610 354 525 113 531 413 261 334 435 95 638 650 610 632 652 618 600 626 612 589 587 659 622 582 487 520 520 486 535 516 506 498 466 499 403 423 438 425 448 416 424 447 416 433 393 
461 120 265 529 0 270 262 51 408 220 289 382 305 370 254 103 390 480 183 417 485 77 286 242 205 305 354 395 52 430 155 324 202 452 100 432 305 219 245 449 141 178 115 167 187 163 118 169 157 144 117 175 163 106 130 101 72 110 94 99 105 65 98 97 284 276 317 301 286 262 307 259 282 308 277 
211 193 277 269 264 0 39 219 260 185 232 114 39 106 129 252 230 205 245 175 224 317 37 52 366 101 110 340 260 287 345 178 272 184 271 296 80 75 204 189 358 377 352 372 381 364 331 356 358 327 335 389 341 302 238 247 244 227 270 252 251 232 205 241 243 275 286 290 285 249 276 277 264 289 242 
222 191 246 283 251 21 0 217 251 179 229 121 52 127 105 230 211 224 252 199 243 289 53 56 344 112 116 315 255 270 342 160 247 190 254 288 77 46 174 203 356 369 332 363 375 352 321 342 327 303 310 381 326 286 212 229 237 204 261 240 223 211 186 216 259 275 317 303 293 259 291 276 270 302 249 
424 89 236 497 43 239 212 0 377 197 242 328 262 339 204 77 347 439 185 385 436 97 258 208 204 262 317 359 41 381 167 282 175 409 85 398 269 169 199 408 166 189 137 176 209 165 133 170 168 141 135 197 173 118 105 77 49 69 85 88 95 38 54 54 287 260 315 295 295 264 314 262 290 304 266 
230 297 210 382 408 263 239 378 0 201 162 211 266 237 192 325 37 317 486 347 329 399 228 287 356 358 204 144 378 27 419 96 265 287 355 55 205 250 183 345 433 426 429 419 429 404 430 411 395 369 402 432 382 389 301 341 362 328 361 341 325 359 328 333 495 525 539 531 540 508 533 510 521 531 491 
322 109 100 437 220 186 177 198 191 0 76 244 227 264 82 152 180 370 339 341 391 216 201 216 194 294 222 173 187 223 240 129 102 334 159 231 185 150 30 364 262 260 243 244 254 214 239 231 209 200 214 256 220 202 111 155 181 127 167 160 146 174 150 148 395 394 427 421 412 390 421 383 386 408 379 
307 175 56 454 284 228 226 256 150 68 0 257 268 284 107 190 145 375 389 384 399 266 224 262 230 327 250 108 245 158 265 103 125 346 206 179 212 195 55 403 290 285 289 269 272 249 283 267 251 242 270 287 248 236 163 199 219 199 228 208 181 224 210 206 440 447 494 484 468 431 483 462 447 485 446 
111 289 311 187 368 115 131 331 217 254 256 0 101 30 175 331 192 131 351 140 140 409 100 160 432 168 30 333 354 230 439 180 330 95 346 251 78 167 242 147 465 472 445 469 479 441 440 462 426 416 425 469 437 405 318 339 338 318 374 339 336 340 299 336 335 357 382 386 394 350 377 364 347 385 344 
194 228 293 238 310 38 68 251 265 219 257 101 0 76 150 267 239 185 270 143 202 336 36 53 386 98 90 357 290 302 387 193 302 159 306 312 62 98 218 154 390 418 384 399 416 383 380 391 387 365 365 422 377 346 258 286 286 254 317 290 282 266 235 266 267 281 309 284 289 267 286 285 260 280 245 
112 300 315 176 372 123 130 331 241 266 284 31 80 0 186 339 218 116 342 120 144 402 93 148 442 152 43 363 358 264 449 194 338 93 353 285 75 158 251 131 468 483 451 474 485 446 447 456 434 410 430 475 447 407 330 351 340 311 368 347 337 340 294 329 330 339 368 348 374 338 356 343 331 352 315 
250 140 143 363 245 123 115 193 187 69 119 178 147 201 0 178 153 291 306 279 319 253 134 157 272 235 162 220 221 210 275 101 159 260 197 227 120 94 73 293 296 315 285 297 300 279 287 285 273 257 260 304 262 248 157 190 204 157 204 181 171 186 147 181 354 348 395 376 375 344 386 356 350 373 335 
414 44 173 501 105 235 233 76 323 134 203 335 272 330 171 0 301 434 252 393 450 97 251 235 152 309 311 298 55 339 129 240 93 420 32 363 265 178 156 438 140 160 110 136 164 120 108 134 110 94 108 163 128 67 46 26 54 20 44 25 26 57 58 38 350 339 368 359 356 318 367 333 355 355 322 
214 265 180 367 388 237 219 346 34 180 143 194 236 215 145 294 0 309 448 341 331 368 216 263 339 323 175 156 354 58 384 70 249 262 329 78 169 234 160 342 419 404 411 391 400 367 395 385 378 355 389 413 365 349 284 304 321 290 340 317 310 333 304 319 471 493 508 506 504 476 514 485 489 516 458 
114 405 435 69 479 218 224 437 308 354 376 133 170 124 306 450 302 0 413 99 26 518 192 223 549 192 150 441 455 344 550 280 455 50 459 344 188 267 353 81 558 591 555 581 583 546 537 556 539 533 532 579 539 511 422 455 436 418 471 463 451 443 411 434 368 388 402 401 419 387 389 401 390 404 367 
445 238 399 466 188 258 263 186 488 339 400 366 275 353 301 249 448 406 0 328 426 256 281 225 386 224 359 506 225 501 328 386 330 400 264 520 309 230 342 376 321 363 297 341 371 351 295 348 339 316 291 363 335 291 280 253 221 253 263 256 271 210 211 235 119 99 130 134 111 92 140 97 120 124 104 
196 348 416 137 412 166 179 380 355 341 388 144 140 126 294 393 345 114 329 0 99 453 169 178 525 128 166 477 411 384 510 294 437 119 414 405 182 234 349 51 528 538 510 540 542 526 506 526 509 484 478 555 506 466 383 400 405 386 432 419 402 385 362 402 267 303 300 307 315 301 299 312 279 299 276 
135 418 447 56 494 221 236 451 343 373 402 155 198 142 311 449 331 24 430 111 0 536 213 232 571 217 162 457 467 364 561 317 461 70 478 376 214 290 385 64 572 597 562 580 608 566 549 578 556 553 547 600 566 518 450 462 469 451 489 466 472 438 428 455 366 402 404 390 404 385 389 396 380 388 360 
489 132 233 569 91 317 289 95 400 219 269 415 345 400 260 90 387 501 261 469 524 0 325 296 138 362 397 354 56 424 70 326 154 487 71 420 352 260 232 501 66 102 51 99 122 91 51 102 80 74 49 115 104 51 109 79 70 103 54 80 97 93 119 78 372 343 380 379 371 350 387 341 357 372 355 
180 217 266 261 293 50 56 264 230 181 223 102 44 91 131 255 209 187 296 172 213 324 0 82 378 125 85 327 276 264 366 156 268 153 291 275 32 91 200 189 387 395 363 396 398 381 355 378 374 353 354 399 367 318 245 270 267 235 301 270 264 245 215 255 284 303 338 318 335 291 314 311 302 327 271 
245 193 293 289 256 39 61 218 291 217 265 154 69 143 163 245 257 226 218 169 250 292 86 0 362 93 135 364 241 314 344 212 282 205 258 340 101 68 212 201 366 375 338 368 393 350 338 363 348 332 333 383 344 301 233 237 235 231 273 247 239 222 183 222 222 241 262 260 262 221 258 248 236 248 204 
513 187 167 613 212 353 347 194 361 201 218 444 384 446 265 146 353 541 386 531 570 128 373 363 0 431 413 277 178 373 95 317 114 522 137 368 366 304 220 548 113 79 116 78 72 58 134 65 75 83 109 93 46 114 140 140 168 152 120 138 139 182 188 163 470 468 498 496 480 457 508 462 473 494 472 
245 274 356 241 298 106 120 278 357 291 327 161 92 147 226 311 331 207 228 121 200 363 132 73 444 0 171 438 318 383 406 270 341 194 332 389 164 154 302 162 416 448 399 437 462 424 391 436 421 391 377 442 411 359 306 311 307 293 323 311 321 291 259 301 175 206 236 209 225 204 219 225 191 219 176 
120 276 293 212 365 105 115 312 211 227 238 38 99 43 156 318 189 151 346 168 158 397 84 141 420 161 0 310 346 225 429 162 305 105 345 254 46 156 228 163 444 463 430 442 456 425 417 441 421 388 407 445 412 389 302 328 325 289 346 334 310 313 271 306 328 353 386 374 388 348 373 376 342 370 326 
354 278 122 511 375 336 316 347 150 173 124 342 351 359 212 286 151 439 498 464 467 358 316 369 276 434 319 0 345 155 345 183 213 416 305 139 302 311 160 480 358 343 353 337 332 311 359 330 319 309 339 349 307 324 258 300 334 284 310 304 276 338 308 303 555 566 587 582 581 546 594 562 560 588 537 
440 94 224 526 53 266 240 51 370 184 250 351 286 367 208 63 342 455 217 417 482 59 290 255 175 304 349 335 0 394 119 291 145 435 46 394 297 203 214 438 115 155 93 155 168 134 88 134 128 103 81 158 141 70 93 64 29 57 47 70 63 34 63 56 326 306 347 328 323 295 346 304 310 337 299 
233 322 221 387 422 292 280 386 34 212 160 237 299 271 198 352 68 342 503 386 365 415 250 321 377 381 233 156 390 0 418 131 283 296 360 25 220 288 194 365 458 439 445 433 438 417 434 418 417 395 430 452 390 395 323 360 372 347 378 353 348 369 337 357 535 542 574 571 561 532 552 541 535 558 518 
517 171 227 622 149 362 334 154 420 233 259 448 377 454 278 121 390 553 325 508 566 74 381 354 86 409 416 344 110 415 0 345 151 531 97 432 379 291 235 540 27 49 47 37 58 45 47 39 21 51 45 38 53 52 128 121 122 136 82 116 124 142 173 133 425 407 444 441 441 409 445 407 427 430 403 
220 215 168 354 325 182 159 283 91 125 117 168 201 188 99 253 63 288 383 295 301 332 158 208 301 275 161 177 296 113 336 0 206 261 264 145 125 179 112 310 355 367 348 351 369 336 352 340 332 310 334 367 323 310 227 250 276 238 292 260 238 278 235 266 419 429 459 458 463 411 451 444 430 451 422 
396 107 99 509 201 279 251 169 267 97 126 345 295 352 162 95 255 459 329 421 468 144 268 274 113 344 322 217 143 291 143 207 0 424 106 289 280 224 111 446 164 170 158 143 163 134 156 137 141 110 134 160 119 120 82 92 143 106 112 104 97 152 124 112 410 417 454 441 428 403 444 421 420 450 400 
102 376 396 106 437 182 200 412 285 328 354 91 153 76 258 413 277 37 395 112 66 487 167 207 518 182 113 400 431 307 514 248 426 0 439 312 159 233 329 78 545 552 514 543 563 527 521 526 521 486 509 553 518 486 387 427 419 384 447 417 423 397 368 411 353 389 390 385 408 382 379 399 364 382 370 
439 82 195 520 100 255 249 78 350 154 208 352 295 351 192 25 319 466 268 429 490 65 290 261 123 327 333 308 59 369 103 278 100 423 0 375 288 202 177 440 112 132 91 132 143 99 102 123 96 83 86 142 93 57 56 13 50 48 15 12 35 63 74 46 353 343 376 378 365 345 384 335 362 375 351 
259 320 204 404 432 312 286 408 45 222 182 266 305 277 223 358 85 350 507 398 378 419 268 345 366 385 250 138 412 25 439 134 287 317 371 0 241 297 196 390 450 446 448 434 439 420 438 435 420 406 420 445 401 400 333 358 382 345 380 353 342 384 362 366 545 546 587 567 572 540 580 550 553 580 530 
162 230 252 263 318 69 79 267 212 182 203 68 76 88 129 263 185 191 323 171 203 352 44 113 367 154 63 295 303 236 385 131 270 165 284 244 0 111 181 191 393 416 374 398 407 373 362 393 379 341 358 403 359 345 253 288 285 253 301 278 274 260 230 259 325 324 368 348 365 330 354 333 337 357 321 
252 141 229 331 226 63 62 167 261 150 192 177 105 158 95 192 220 260 241 220 274 251 86 63 310 138 156 299 215 272 296 163 205 241 216 286 96 0 150 248 300 336 292 307 325 307 275 305 291 274 265 326 285 248 181 197 193 165 215 205 192 180 149 180 263 262 304 293 304 262 288 282 271 300 245 
299 125 84 433 244 203 181 199 183 36 56 247 223 248 88 166 160 368 341 349 377 228 187 222 206 286 232 174 216 200 249 105 103 320 185 200 188 160 0 371 271 272 252 243 262 230 249 251 226 208 228 258 224 201 130 158 196 154 179 174 156 179 150 168 392 394 444 438 432 402 440 408 418 435 391 
180 390 444 96 445 197 210 399 361 371 396 139 168 121 311 425 333 64 374 58 61 493 177 199 547 157 156 462 436 372 540 309 453 88 442 394 192 251 362 0 552 568 531 561 571 545 536 555 533 511 510 569 526 494 418 437 435 413 459 434 438 421 379 414 308 347 351 334 343 321 322 360 333 347 313 
547 179 256 638 130 366 344 166 440 249 290 451 400 460 304 126 413 569 307 527 587 59 392 362 109 410 429 353 125 455 37 354 171 540 112 451 395 314 270 555 0 59 32 56 70 57 32 48 64 68 47 57 72 67 157 115 128 145 107 131 131 143 171 140 413 409 440 437 413 400 441 385 412 430 414 
554 200 242 640 179 392 380 201 435 259 282 464 413 473 296 146 405 587 368 550 596 112 392 380 76 449 446 345 158 432 51 365 171 559 136 438 414 319 268 578 63 0 73 27 14 32 82 36 37 75 86 24 54 82 172 143 164 178 120 147 147 190 200 161 460 446 479 469 475 449 477 445 470 483 457 
523 162 257 612 120 339 332 132 419 247 280 438 379 445 288 114 402 554 293 505 568 43 361 341 132 402 418 357 92 443 38 360 177 517 93 442 373 284 255 521 40 71 0 65 79 71 26 59 71 64 35 74 89 64 146 102 109 137 96 98 125 121 146 111 405 387 409 415 407 373 410 369 397 412 387 
535 186 236 642 183 368 363 190 420 236 274 461 411 455 283 136 387 563 356 539 593 101 384 381 69 430 441 335 154 433 38 346 143 544 114 431 392 313 245 555 52 18 79 0 35 31 73 20 37 53 66 19 49 84 159 135 151 160 116 133 135 166 185 161 447 445 481 461 468 433 478 427 450 462 441 
560 200 228 662 202 388 379 203 422 242 275 475 427 486 300 149 392 588 367 556 610 122 411 393 69 451 450 329 165 425 66 355 163 563 146 427 407 331 256 583 63 29 97 36 0 50 94 45 45 61 88 23 59 104 168 158 159 167 129 141 154 190 201 175 467 447 496 478 470 445 487 449 460 478 456 
527 169 218 615 177 365 332 176 390 213 256 450 394 446 270 129 380 556 345 528 579 101 375 353 52 433 415 316 141 410 37 337 124 515 109 417 382 304 229 554 57 38 76 22 42 0 79 18 18 48 64 49 16 57 126 121 144 151 102 115 121 151 170 130 451 430 457 456 450 433 462 421 433 465 431 
515 149 243 611 114 334 322 141 414 237 272 448 369 444 271 120 392 545 280 488 550 38 364 335 128 402 427 348 96 436 38 348 160 523 96 451 377 276 241 527 44 86 16 74 79 73 0 75 53 55 27 72 76 57 134 94 116 122 84 108 120 114 152 123 399 369 423 403 406 366 407 373 384 414 377 
526 172 230 639 171 372 351 176 403 228 263 447 391 456 277 134 382 566 335 527 579 82 382 355 73 427 442 318 145 431 28 351 152 536 108 428 391 299 245 552 41 36 65 25 35 15 75 0 31 43 69 29 37 68 151 114 136 155 116 129 121 156 180 145 450 432 455 456 457 432 465 428 432 457 433 
516 158 219 619 145 349 326 170 390 220 258 434 372 436 268 107 369 547 326 500 569 75 368 344 82 407 420 313 130 410 20 339 124 524 100 406 361 298 232 538 52 57 70 27 61 14 69 18 0 26 41 58 36 55 128 109 134 129 94 100 119 152 163 135 441 423 461 447 450 412 459 421 429 443 423 
491 140 186 602 141 328 320 150 380 199 242 412 364 409 241 88 362 530 312 487 545 76 343 323 72 398 398 301 119 391 39 321 121 494 84 390 345 268 205 509 64 60 73 57 77 34 62 45 39 0 52 60 37 33 116 92 106 118 74 80 101 136 147 107 428 399 447 428 437 401 434 403 411 431 406 
512 134 233 587 116 330 310 119 413 217 262 435 362 420 273 101 382 528 292 481 552 35 350 314 106 387 398 340 95 415 32 325 145 492 69 415 369 272 233 514 39 67 39 70 92 55 26 66 43 57 0 75 73 30 119 87 106 123 64 81 107 109 147 114 390 380 424 406 410 373 420 374 387 404 377 
546 196 236 645 177 391 378 183 435 249 288 481 412 481 309 150 415 585 349 537 598 100 393 373 83 442 454 341 154 443 40 359 164 545 124 440 409 339 272 569 48 22 67 25 22 53 68 39 38 78 71 0 63 85 165 139 167 179 133 142 144 170 209 170 460 449 470 467 462 438 486 425 447 468 451 
511 167 188 620 168 360 323 173 380 208 240 435 377 440 254 112 355 546 347 506 573 90 361 346 48 422 407 300 135 403 42 330 110 512 113 402 372 303 220 542 64 62 74 39 58 33 87 38 29 44 75 53 0 66 137 109 140 142 97 108 122 145 159 142 437 424 464 451 461 420 463 415 450 461 440 
488 111 210 583 119 316 288 116 373 204 231 392 353 403 247 71 356 516 284 473 519 36 325 306 107 364 385 308 75 387 47 314 117 472 57 391 335 258 218 485 64 82 52 75 95 76 50 72 47 42 33 87 66 0 95 69 75 93 52 63 74 104 110 78 387 377 418 401 390 376 400 371 387 408 364 
402 40 157 503 121 235 212 92 304 119 163 315 259 331 161 31 282 433 262 402 449 109 239 231 143 312 296 263 87 310 141 216 70 391 53 318 260 176 124 417 159 160 142 148 171 131 143 143 136 102 126 169 119 88 0 54 69 39 77 38 24 81 65 60 355 354 392 377 369 348 372 340 359 372 346 
432 54 174 521 108 244 231 70 332 149 207 353 278 347 189 29 315 454 263 414 475 75 263 250 145 318 318 294 65 349 103 261 101 419 15 352 278 198 172 431 119 140 115 127 153 119 106 119 105 79 91 147 117 70 52 0 48 39 32 18 12 51 69 23 349 334 376 366 371 334 376 332 344 370 330 
433 79 201 510 70 243 222 55 358 173 225 346 276 336 191 43 337 442 229 405 463 73 276 240 162 303 329 327 39 384 120 266 127 425 43 389 287 182 183 420 131 154 119 148 167 143 111 140 131 116 108 169 135 73 63 44 0 55 50 40 47 30 58 25 330 303 339 335 340 292 337 301 324 343 306 
410 42 182 490 108 228 215 78 314 135 192 328 265 321 159 26 283 414 236 382 433 98 240 219 153 289 298 288 67 331 136 237 99 401 41 346 261 161 156 410 154 181 135 168 166 154 128 148 144 119 108 164 134 87 39 33 52 0 60 32 44 53 48 35 336 322 355 346 337 317 363 327 339 351 326 
452 78 201 548 90 274 267 85 364 180 228 368 304 370 207 42 338 464 268 420 489 56 282 259 135 328 340 316 52 367 85 283 108 447 19 388 305 225 180 469 107 133 96 115 140 111 78 110 96 83 75 130 102 46 62 24 37 58 0 30 49 71 90 41 366 334 389 382 362 332 384 338 355 377 341 
431 64 174 525 107 263 242 77 348 159 198 347 283 346 194 13 304 464 262 407 464 76 268 247 135 322 335 290 62 365 116 266 101 416 26 367 279 203 159 451 116 131 100 124 143 119 109 125 99 85 90 146 99 60 39 5 52 48 36 0 24 63 76 42 351 345 370 366 357 332 383 346 345 383 339 
418 65 158 508 111 244 240 90 323 144 181 347 281 330 182 15 310 439 263 404 454 91 265 250 133 322 328 285 69 335 127 249 83 406 33 350 273 200 163 430 138 158 115 140 154 117 113 118 109 90 90 159 111 79 31 21 45 39 49 22 0 64 61 35 344 336 379 378 362 330 369 340 346 375 343 
412 68 209 504 74 240 217 37 358 178 220 330 269 340 179 64 330 437 205 390 438 79 252 224 185 272 309 322 46 369 145 276 146 410 69 373 266 166 177 423 156 188 120 178 177 165 131 149 148 121 115 181 148 100 81 53 33 57 65 60 75 0 43 35 308 282 334 311 308 274 318 288 305 320 280 
390 45 196 474 94 194 185 62 316 143 206 305 227 290 147 57 291 406 223 355 416 112 225 199 185 250 285 313 71 338 169 235 130 364 76 353 232 151 164 391 176 203 152 193 195 168 151 179 165 139 142 197 173 128 68 56 54 39 78 63 69 48 0 52 290 289 318 327 315 275 322 279 292 325 274 
420 44 183 494 84 245 215 49 339 151 209 343 280 342 173 36 313 442 228 390 455 88 266 229 162 298 312 304 50 349 118 258 128 400 35 370 276 186 174 415 148 167 113 146 176 131 125 150 127 108 98 171 123 84 59 42 35 30 49 40 35 35 56 0 332 325 362 339 336 310 354 313 319 336 303 
430 318 473 388 284 257 269 280 500 395 453 346 257 314 353 342 471 372 117 268 363 372 285 227 475 187 338 552 317 532 426 425 429 361 352 545 316 258 398 298 422 459 394 462 481 445 396 450 437 418 387 467 452 397 360 349 316 341 367 359 356 308 302 318 0 41 51 38 64 30 43 65 19 35 22 
453 318 474 423 281 267 275 269 523 391 442 357 276 337 346 331 488 387 97 305 395 355 296 239 461 210 351 569 307 536 415 435 419 384 353 557 334 273 395 330 400 453 370 436 456 430 382 419 408 414 384 449 440 373 353 331 302 315 353 344 353 289 288 325 40 0 38 43 37 11 54 30 21 39 43 
466 356 500 424 319 291 306 311 556 429 496 378 302 368 378 377 520 415 123 312 395 391 325 266 509 237 389 604 347 562 453 452 449 405 376 596 365 300 443 353 446 492 414 470 483 464 420 457 447 446 406 482 473 412 389 383 336 356 385 385 381 324 324 345 63 50 0 13 26 48 20 49 46 20 60 
459 334 488 433 309 279 288 301 542 422 482 370 281 351 380 361 497 397 135 292 403 382 316 248 493 224 379 576 332 568 445 440 451 388 363 585 353 302 427 328 430 474 416 457 494 454 402 453 456 431 406 462 455 402 381 357 332 346 372 370 379 324 323 351 40 36 16 0 25 49 24 45 37 6 53 
471 333 493 436 294 290 300 296 537 426 470 393 295 357 372 355 509 414 119 311 412 375 327 248 488 222 387 594 331 577 441 454 437 397 374 587 350 307 420 342 418 468 411 452 472 453 402 460 438 436 410 456 462 399 383 361 321 357 376 373 373 311 317 342 56 38 30 26 0 55 29 38 33 22 62 
434 315 448 420 269 254 269 254 505 371 437 344 262 332 335 325 485 386 87 288 389 350 288 233 466 200 358 557 297 527 406 425 396 365 341 555 332 264 402 320 388 443 375 434 443 425 370 432 420 400 376 446 419 375 329 321 296 307 331 344 344 287 287 305 46 27 46 37 50 0 55 29 34 43 33 
462 344 491 426 301 290 287 310 525 426 467 366 294 359 377 367 504 389 131 295 383 385 320 243 505 205 377 584 338 563 450 448 452 391 380 578 355 297 441 334 445 489 421 475 492 457 416 460 446 437 417 484 468 402 381 378 334 366 374 382 377 330 314 349 47 50 31 16 44 45 0 55 39 12 50 
453 307 461 430 273 272 281 255 515 386 459 381 289 354 352 331 500 412 81 309 415 349 315 237 461 226 376 560 303 555 395 428 402 395 331 554 346 269 405 352 385 447 371 442 449 423 372 413 411 389 370 439 435 377 335 338 308 317 348 348 336 289 294 303 52 29 50 38 43 32 58 0 37 41 40 
442 324 465 421 295 257 267 278 516 384 445 348 264 333 354 339 488 384 125 291 380 351 293 222 484 194 347 554 315 540 422 438 427 372 353 544 322 275 409 321 427 471 394 450 470 438 382 435 429 421 387 460 445 390 354 339 320 331 365 347 347 295 290 318 31 27 40 28 44 29 34 44 0 22 33 
451 351 501 421 312 286 303 302 526 415 473 380 288 360 379 369 512 386 132 300 390 377 316 259 489 215 380 577 344 561 431 450 443 389 365 583 342 288 427 338 436 476 406 462 484 465 410 470 444 427 416 469 465 409 370 378 331 344 378 383 376 318 314 338 47 44 31 5 27 44 28 43 37 0 53 
420 305 452 409 278 244 266 258 507 387 433 343 253 309 349 334 474 361 103 267 374 349 284 220 452 190 345 555 309 526 410 406 408 357 344 538 309 250 381 303 398 450 384 432 451 440 379 440 425 404 375 450 436 379 348 329 311 326 345 329 349 287 276 311 18 43 50 56 62 28 49 40 32 49 0 

Depot information
39 170 1468
370 325 812
265 445 2208
41 13 937
479 296 2411

Cust information
246 182 17
249 201 18
436 292 24
85 376 20
271 365 16
227 410 15
132 175 19
222 159 24
146 153 22
245 305 25
403 354 25
111 361 16
76 72 22
479 120 15
168 41 18
73 50 16
479 370 15
212 193 15
275 164 20
423 486 19
267 91 23
146 190 17
163 498 17
449 328 24
69 397 22
483 432 20
164 334 18
346 421 18
89 104 24
422 365 16
64 412 23
187 211 16
282 227 23
257 373 22
129 37 19
507 423 25
490 470 22
503 401 17
481 461 17
485 478 21
464 454 23
497 399 18
478 452 22
466 441 24
450 428 19
479 403 18
497 464 17
451 454 24
455 397 25
377 362 21
412 358 16
429 329 15
393 339 21
435 366 16
413 363 17
401 363 24
424 313 20
392 306 24
413 336 19
427 19 24
457 33 25
465 -3 24
456 4 20
471 11 20
449 40 24
447 -3 25
469 39 22
443 21 19
455 2 15
432 34 23
