Seed 123 - Instance: n75m20_0
n 75
m 20
Q 214
L 0
U 1000

0 251 119 387 330 403 351 59 213 105 239 86 429 434 131 343 102 128 292 171 51 274 170 343 190 329 334 379 433 329 158 174 164 305 327 61 166 448 197 282 384 387 40 198 304 299 282 250 178 271 396 145 180 332 221 243 324 251 230 255 277 225 209 183 273 296 383 285 285 341 286 307 362 303 346 366 168 247 201 193 197 208 203 217 248 268 300 256 229 264 315 262 285 240 277 
261 0 187 202 127 255 270 272 346 324 347 265 240 190 322 120 357 367 267 211 294 343 110 100 212 201 172 356 216 88 269 115 114 118 102 229 203 247 81 384 171 146 228 313 325 206 55 213 220 316 237 248 235 137 115 255 239 245 231 178 207 147 187 219 237 62 147 48 64 96 43 44 97 60 97 105 219 242 264 272 210 222 262 281 62 91 113 139 43 54 104 45 90 106 157 
117 184 0 301 233 302 360 106 177 148 198 167 331 349 135 243 209 196 185 85 142 230 84 271 233 230 301 304 334 260 97 126 81 274 234 59 186 350 150 236 283 340 86 170 228 292 215 139 219 216 300 89 221 240 200 273 324 171 131 168 167 120 111 87 169 227 302 213 216 266 217 231 272 223 262 290 217 269 233 253 233 228 244 272 192 228 262 249 176 209 277 214 226 206 246 
384 213 300 0 87 81 460 400 375 403 374 415 59 126 394 118 493 458 211 279 414 332 245 171 418 92 333 251 84 190 311 285 241 312 122 354 403 86 248 354 52 246 377 352 271 396 252 206 418 277 57 318 425 83 309 433 428 217 236 153 178 200 211 255 194 185 165 182 169 182 186 168 170 175 187 174 418 456 442 457 421 419 456 473 271 280 289 350 253 249 253 256 287 306 352 
334 138 231 83 0 142 388 343 345 355 351 348 123 131 357 50 423 405 197 221 363 330 171 97 336 116 277 285 113 123 285 219 168 240 41 284 313 131 173 356 45 180 311 328 276 326 174 189 330 276 129 277 345 14 243 373 360 196 219 115 162 151 171 231 189 101 122 104 88 131 96 97 117 95 112 97 329 359 374 375 343 330 377 401 194 212 218 257 166 171 183 162 219 223 259 
404 260 293 76 133 0 510 389 337 404 340 438 60 211 372 166 506 442 165 257 430 278 268 231 448 64 398 194 139 269 296 321 272 356 171 363 424 132 298 306 129 312 376 318 203 447 297 176 455 249 20 297 455 132 363 493 494 186 212 148 143 182 198 247 166 230 230 240 211 253 227 222 233 222 248 230 454 481 472 480 446 454 490 507 315 344 348 395 293 298 321 295 336 347 395 
359 277 364 456 378 519 0 402 532 464 555 296 499 407 472 362 393 479 502 432 408 573 309 309 170 475 135 609 442 284 463 265 311 155 365 369 193 471 261 591 411 276 336 504 569 78 244 467 196 559 494 442 198 396 183 125 45 486 465 432 478 390 439 436 491 301 351 296 313 280 289 289 315 313 293 333 201 139 203 203 162 153 191 191 223 200 179 141 251 232 222 233 199 190 146 
50 273 106 395 342 401 397 0 173 62 185 132 427 453 101 354 109 105 259 138 39 238 182 373 247 338 369 366 442 365 128 195 187 325 326 61 217 459 223 246 369 419 73 154 290 334 301 227 228 244 387 118 222 340 255 285 352 229 208 253 253 223 193 163 249 318 406 312 298 362 297 318 375 326 354 370 217 274 224 233 239 248 250 254 276 302 327 307 258 287 346 288 305 276 313 
207 334 182 369 342 338 529 178 0 126 30 271 382 464 94 367 261 136 188 129 184 94 262 413 373 280 477 224 431 420 92 289 255 434 343 176 352 424 298 96 378 491 231 40 163 467 375 183 379 125 337 103 361 323 359 427 493 172 137 229 207 218 161 125 191 366 436 356 344 402 344 356 416 374 419 416 362 425 389 381 390 406 387 420 358 397 431 416 335 367 437 378 398 386 416 
98 313 144 410 356 400 460 71 137 0 155 173 429 483 34 386 144 43 259 149 71 208 222 390 298 334 420 330 468 394 122 245 210 394 354 112 258 469 267 221 407 466 131 121 259 408 352 226 275 234 396 109 277 353 309 338 406 222 205 270 251 224 210 163 257 346 439 344 343 388 352 354 401 356 406 408 281 340 284 304 291 313 297 319 323 354 385 357 305 342 404 336 355 330 366 
221 361 203 373 359 341 562 188 25 145 0 315 381 463 123 372 283 159 168 148 212 65 266 405 403 296 490 228 437 418 107 318 257 457 345 201 370 437 320 65 374 503 243 54 156 491 387 175 402 116 350 123 380 337 383 456 504 172 149 238 207 228 189 156 177 376 443 363 369 420 373 369 431 374 414 429 377 455 414 418 408 421 427 428 384 417 448 426 359 386 441 395 413 406 440 
75 258 158 425 348 434 293 131 283 176 315 0 456 453 205 349 111 206 350 214 113 339 184 355 148 379 312 443 461 343 227 170 183 269 346 110 112 475 197 366 400 388 71 263 381 258 273 306 128 341 434 208 102 350 201 178 252 322 280 311 320 258 258 237 332 297 389 296 301 339 295 294 349 301 332 364 117 179 131 135 148 160 142 150 222 252 273 233 215 252 313 254 243 219 226 
416 254 317 50 136 61 503 419 368 429 364 457 0 172 404 153 527 474 209 287 456 330 278 198 447 103 377 240 100 232 326 316 283 352 162 383 428 96 298 348 95 292 400 351 248 443 282 209 452 278 49 323 463 125 366 485 476 214 241 175 182 219 223 274 205 208 208 225 201 241 234 229 205 208 224 194 460 485 492 498 459 459 505 524 311 326 350 393 294 297 306 293 323 332 384 
441 196 360 130 122 195 414 458 452 489 472 443 157 0 475 104 541 528 320 353 474 444 273 105 386 214 282 378 71 133 389 306 274 267 137 408 400 108 262 465 103 158 404 451 390 343 212 303 398 397 190 385 406 135 293 407 374 318 333 235 276 269 308 337 287 144 66 160 147 132 173 164 121 141 122 94 411 419 445 444 390 403 453 460 251 246 240 310 233 227 197 220 240 267 307 
121 313 146 397 362 373 469 98 105 41 111 198 407 468 0 369 190 76 223 134 103 178 227 391 312 320 438 303 448 394 93 262 212 402 354 121 281 464 284 174 385 455 166 90 226 419 366 211 298 200 371 94 297 346 330 361 424 215 190 262 244 209 181 153 237 359 439 336 336 390 332 349 409 348 390 402 291 353 311 328 310 342 334 330 320 361 390 367 298 336 390 335 357 334 384 
337 101 253 120 45 174 355 339 370 367 379 347 150 107 366 0 435 416 236 247 369 353 180 75 308 139 233 313 103 101 298 194 189 213 27 302 315 149 163 389 76 165 302 339 305 308 136 203 316 313 151 281 337 66 223 354 327 223 236 144 193 168 211 243 216 78 78 71 55 79 85 64 75 69 96 76 330 347 356 371 311 310 366 375 175 173 182 231 164 161 147 141 190 191 250 
112 341 213 499 419 492 399 116 268 144 292 107 510 535 190 432 0 145 379 248 86 341 269 433 241 440 403 473 526 425 229 245 259 367 410 142 203 550 295 351 461 477 129 264 393 353 361 345 210 353 494 230 196 430 291 261 363 338 320 357 365 306 307 272 364 384 488 390 380 422 378 390 449 385 424 448 200 270 202 212 239 239 219 215 324 339 377 326 312 347 388 338 341 310 339 
143 368 180 462 414 445 495 98 146 55 174 206 471 531 75 412 144 0 283 190 103 225 263 436 327 380 466 373 513 447 144 291 260 424 397 156 293 525 316 234 437 499 173 144 295 442 391 276 312 255 433 155 309 402 354 377 446 273 242 313 303 276 249 198 291 401 496 387 391 445 376 391 454 410 441 449 291 355 303 312 332 340 324 339 348 378 420 397 348 376 444 387 399 363 401 
279 264 202 204 203 167 507 269 176 251 184 346 211 317 223 229 367 289 0 129 295 132 204 278 385 124 406 119 273 305 158 255 211 377 209 252 367 265 260 162 210 380 281 159 77 437 309 65 378 94 163 157 396 200 326 439 463 35 75 104 56 125 81 117 25 251 314 250 250 300 263 255 291 251 300 299 374 447 408 413 388 401 431 436 297 336 357 368 279 307 343 301 342 324 389 
154 226 71 270 240 250 428 153 132 149 149 221 294 344 132 241 258 189 122 0 167 151 130 283 301 203 360 224 319 289 67 173 128 307 226 122 262 339 193 187 261 357 158 102 161 357 271 84 282 146 270 39 279 231 261 340 387 102 73 137 119 88 70 27 122 252 331 231 237 281 224 243 300 242 295 287 267 348 315 308 306 310 319 344 246 275 316 291 221 245 297 245 292 257 301 
47 301 148 421 376 413 396 41 196 66 202 123 451 473 101 372 98 94 299 174 0 266 202 384 241 357 391 390 475 375 148 216 196 339 346 91 208 483 251 277 407 432 96 184 307 348 332 260 220 270 412 141 207 362 260 282 361 261 231 295 290 251 238 185 287 339 443 325 334 388 331 349 393 353 395 413 228 274 231 224 249 261 240 260 290 318 344 304 280 300 371 315 323 287 317 
273 363 225 337 333 281 578 249 101 201 72 345 337 431 172 350 341 236 137 157 266 0 278 405 426 242 511 159 408 423 127 328 273 453 334 239 410 388 339 48 342 485 295 89 77 513 388 149 420 60 299 145 422 308 393 488 539 133 122 218 170 215 169 150 159 356 434 367 351 414 361 357 404 360 410 406 429 486 449 443 440 447 464 465 386 412 444 457 356 391 441 391 421 411 455 
168 101 84 248 173 261 302 182 260 222 279 192 277 272 233 185 256 267 217 138 201 270 0 198 197 207 238 330 277 179 170 57 19 180 163 141 184 304 55 309 223 241 147 238 261 236 143 163 196 261 262 170 196 173 143 228 258 194 163 150 172 105 127 141 183 143 229 139 130 188 138 138 203 151 178 200 193 245 219 238 200 206 248 260 106 147 195 174 88 120 195 136 152 136 192 
353 98 277 158 97 229 314 358 401 408 405 353 205 108 405 64 429 447 283 294 381 395 182 0 281 188 192 379 147 47 329 200 200 168 92 313 297 173 168 420 123 110 313 392 353 268 99 263 314 351 203 315 304 109 191 323 297 281 285 209 237 211 238 281 269 60 51 70 75 43 74 47 10 64 38 23 308 327 339 350 300 294 350 367 145 151 146 201 147 117 116 124 155 175 202 
193 208 219 398 337 446 161 250 373 287 405 132 443 398 323 312 233 330 381 288 253 436 197 285 0 392 189 491 416 266 321 135 188 174 316 200 36 435 160 445 371 288 165 370 440 127 188 346 29 430 433 292 34 342 102 50 131 364 351 325 354 294 307 302 375 249 330 240 249 266 238 243 291 265 276 307 37 51 69 61 24 26 59 86 143 146 180 104 161 172 207 188 156 142 114 
329 203 237 86 102 78 481 323 298 332 295 383 98 203 332 146 440 386 125 210 365 250 217 194 382 0 362 195 159 222 235 266 210 329 122 284 372 166 245 286 108 280 325 270 180 416 248 129 398 205 66 246 396 95 311 421 444 138 157 92 99 126 142 181 117 183 217 182 167 223 181 188 203 189 213 212 378 438 422 439 399 397 424 456 265 290 302 344 249 248 269 251 301 290 349 
340 163 307 336 275 399 141 365 479 434 494 317 390 266 439 233 412 457 420 361 399 509 229 195 200 349 0 516 325 144 409 197 247 49 245 336 211 341 179 526 290 127 301 468 491 100 115 363 207 476 381 388 214 286 134 186 132 400 380 327 379 306 341 364 396 186 220 176 185 154 168 170 191 186 163 192 223 184 243 235 205 186 239 254 134 98 54 101 157 130 95 134 93 114 76 
389 355 308 259 280 193 625 366 242 330 209 442 240 379 298 310 468 370 127 241 379 155 325 379 500 197 520 0 315 393 237 378 326 479 307 338 483 311 366 178 294 469 390 232 81 544 400 158 491 114 200 250 489 273 433 540 572 147 164 202 166 231 193 211 153 352 391 352 330 397 361 346 391 347 391 380 498 550 518 540 508 506 538 557 412 432 470 473 376 402 446 402 447 448 481 
425 204 336 77 101 154 451 431 419 464 432 445 105 61 444 103 522 507 275 319 473 388 278 132 406 156 308 332 0 168 377 307 275 303 133 382 411 36 278 425 68 199 393 415 330 398 230 274 422 362 136 367 428 123 318 433 427 273 289 211 247 244 277 305 265 171 104 177 169 172 188 164 152 176 172 134 427 450 463 469 423 414 469 482 268 287 285 331 246 257 244 239 275 289 328 
343 96 265 200 137 257 274 362 420 397 421 340 245 151 397 95 427 439 315 299 380 416 172 49 266 219 163 405 175 0 341 192 182 125 117 315 259 219 147 440 158 78 299 381 367 215 66 272 286 384 242 321 291 151 168 293 250 298 303 219 262 212 259 287 279 62 71 72 75 21 57 67 43 56 31 44 288 290 314 320 261 267 321 332 115 108 109 177 109 102 72 93 117 150 169 
162 262 96 323 285 289 448 129 82 115 99 222 322 399 97 292 239 147 162 55 166 139 173 338 319 237 399 235 370 346 0 212 161 352 274 130 291 379 221 154 311 408 166 65 162 386 296 133 309 127 294 17 296 266 283 369 421 124 89 174 159 152 110 68 150 291 375 291 281 339 288 298 331 300 340 349 301 354 326 337 309 325 342 348 290 306 350 344 266 301 352 288 321 291 350 
158 101 126 289 201 326 247 186 296 246 313 153 317 305 246 208 260 274 257 179 209 334 70 208 147 250 192 384 312 192 212 0 69 143 185 142 124 323 48 341 246 244 119 279 334 198 122 218 149 318 315 197 149 209 91 184 224 238 225 193 224 161 183 182 245 162 254 134 146 176 143 151 197 145 191 222 137 183 167 189 144 154 184 194 81 119 159 135 79 94 163 102 115 103 129 
170 120 96 256 183 262 322 190 253 213 273 196 277 285 231 185 253 261 209 129 214 276 5 192 184 209 243 315 287 186 166 66 0 193 173 130 173 294 74 305 232 262 130 227 258 254 142 168 203 257 256 159 195 177 140 240 263 183 164 141 169 109 126 142 190 136 233 140 143 194 137 144 193 149 192 208 197 250 222 222 192 205 233 247 113 145 183 187 99 127 181 127 163 132 201 
304 117 260 304 234 372 165 336 437 374 449 266 344 261 400 196 366 418 372 306 347 452 187 154 166 322 48 466 298 134 356 149 196 0 207 275 175 332 142 487 275 143 261 416 429 97 75 319 180 424 339 331 191 239 97 172 127 347 344 278 323 266 296 322 343 152 195 135 158 130 136 153 150 142 135 165 184 186 208 226 170 153 224 229 94 55 25 60 112 79 69 72 43 66 63 
317 102 221 113 33 159 359 331 333 359 357 335 163 134 342 27 407 392 208 232 361 332 152 76 303 122 249 306 119 103 278 191 171 219 0 289 288 142 155 367 80 170 281 316 275 309 139 198 324 297 158 277 330 35 212 333 339 207 216 133 178 151 182 214 181 83 112 88 72 110 79 72 87 65 109 85 322 342 357 356 316 309 370 370 167 181 188 240 143 162 170 148 184 203 236 
43 234 72 348 301 350 359 51 180 110 216 119 380 401 133 302 147 152 235 120 80 237 127 317 202 286 337 341 387 305 122 139 136 286 280 0 180 417 177 264 338 367 39 162 270 307 255 205 186 251 342 109 198 283 201 260 325 204 178 226 236 181 162 129 228 257 354 266 268 305 250 272 318 259 307 328 192 262 207 208 199 217 212 244 221 238 287 246 211 237 291 246 266 229 272 
175 197 201 390 317 429 191 211 344 270 378 123 432 387 288 310 202 300 377 264 221 414 182 295 44 370 197 478 401 273 283 125 182 170 294 182 0 447 145 433 362 309 140 337 422 146 196 325 31 402 424 270 43 327 110 92 159 347 327 297 341 269 289 268 351 252 334 229 258 270 230 249 290 249 278 300 29 95 69 65 49 53 64 100 152 155 179 130 164 184 211 185 161 126 143 
461 233 346 69 124 123 484 447 444 465 429 485 77 108 452 152 543 520 262 331 486 387 292 179 450 159 351 320 46 205 378 321 299 325 140 413 446 0 297 424 95 241 426 405 338 430 273 281 467 355 108 365 467 132 343 471 462 286 296 225 245 244 278 319 259 193 143 211 204 209 203 202 168 188 198 169 458 476 483 501 451 448 506 519 301 302 310 360 289 287 271 270 303 327 375 
196 64 140 258 184 289 265 232 313 261 331 196 298 254 276 163 284 304 258 188 248 326 75 161 167 239 176 363 279 145 239 53 73 134 161 182 156 294 0 364 225 205 170 297 329 181 88 221 163 313 283 214 175 175 81 193 222 241 217 182 211 153 176 189 237 119 201 100 117 152 113 118 170 122 150 178 170 208 209 213 161 173 220 233 63 95 138 134 40 82 144 77 100 79 137 
281 376 237 366 351 308 594 246 91 220 68 371 350 474 171 374 355 229 173 180 276 37 312 428 457 287 524 180 433 449 156 356 299 477 359 263 432 415 348 0 364 511 306 109 107 534 427 170 445 80 322 166 438 340 425 509 549 158 158 240 189 233 204 172 187 400 447 380 376 428 391 396 426 399 440 428 433 509 455 476 465 466 466 494 405 434 486 463 377 409 462 423 438 429 486 
370 167 281 59 63 125 414 380 362 395 381 404 98 100 399 69 470 442 210 266 407 338 215 116 372 118 287 282 59 154 305 247 227 267 79 329 361 88 233 376 0 213 339 361 278 355 204 211 376 299 95 310 381 49 269 402 391 227 234 154 177 183 204 253 210 137 110 139 132 146 152 136 125 122 134 121 380 416 420 415 375 368 416 442 228 246 245 300 220 207 213 198 247 259 291 
395 159 334 247 191 309 278 427 491 465 497 383 285 150 468 156 473 510 365 362 447 486 253 99 283 289 144 457 203 85 413 235 255 145 173 375 297 233 212 502 206 0 365 468 444 221 130 344 316 455 305 404 324 206 209 304 255 372 357 295 328 288 325 365 341 136 98 130 147 78 141 123 86 119 86 99 304 310 342 355 291 280 340 365 174 155 124 199 181 141 93 135 138 181 180 
53 229 99 359 298 369 330 85 218 148 243 71 398 403 150 298 131 175 278 163 86 277 139 302 170 325 301 374 392 298 163 132 136 268 279 44 144 422 162 300 343 351 0 209 319 278 242 238 160 280 369 161 142 305 177 213 281 239 211 235 250 197 197 163 268 259 360 258 251 292 248 262 324 267 312 320 145 219 163 182 171 177 181 198 192 236 274 228 191 217 281 221 237 198 246 
204 319 160 356 325 309 521 168 35 122 39 263 348 440 96 345 266 153 164 119 179 87 233 381 359 273 461 224 414 383 73 265 224 413 325 168 341 425 295 99 351 461 211 0 154 451 366 158 350 112 326 84 348 318 343 423 465 135 132 210 192 188 152 116 161 352 415 339 339 393 325 338 394 350 399 389 341 403 371 374 373 378 386 410 331 369 408 389 309 342 409 349 375 368 413 
311 322 227 254 271 203 570 284 170 263 157 385 268 388 237 314 405 301 72 165 308 77 262 350 438 188 483 73 338 376 174 335 270 440 285 267 415 335 329 110 282 450 310 143 0 498 375 112 437 55 220 175 434 254 400 501 531 92 123 168 128 190 140 149 108 330 378 331 321 382 334 330 363 329 368 373 435 500 469 469 452 449 476 493 361 398 433 430 342 378 412 376 410 406 440 
297 203 302 405 320 460 72 339 475 402 484 247 454 346 415 299 355 433 448 356 348 514 238 250 115 401 89 549 391 234 397 191 252 105 301 308 141 426 201 541 358 215 278 456 511 0 170 391 152 485 442 385 151 325 110 114 31 408 410 362 406 335 373 364 421 245 288 239 249 234 241 234 252 237 239 262 151 112 171 157 134 120 158 160 150 136 127 84 185 164 166 175 135 115 78 
274 48 216 238 172 286 233 304 379 352 406 274 279 201 366 137 353 384 300 256 328 391 149 97 204 253 119 408 225 83 309 134 155 80 137 257 205 272 101 425 207 131 236 357 377 175 0 260 222 367 286 288 228 170 101 227 199 294 281 214 269 191 245 270 289 80 149 79 77 74 63 79 115 85 89 115 213 216 252 254 204 204 246 263 52 55 72 121 52 25 63 21 60 67 118 
239 224 145 195 173 184 466 224 179 230 177 300 217 308 206 220 343 269 60 100 256 142 167 257 342 118 374 172 255 264 132 217 165 331 181 210 312 273 214 182 201 346 225 157 112 386 275 0 345 108 189 120 331 167 277 398 422 33 39 63 39 78 45 80 41 228 277 231 220 273 216 229 270 227 274 271 342 396 360 382 343 351 386 404 249 296 325 337 235 266 300 252 304 284 346 
175 220 221 425 330 455 187 218 360 287 397 117 453 402 294 329 221 318 383 283 227 428 200 310 26 398 210 499 435 272 304 152 188 188 313 192 31 449 163 443 391 306 151 364 431 156 220 345 0 409 436 284 11 353 122 73 154 360 336 336 363 285 304 295 368 274 348 260 271 278 246 267 317 277 280 325 20 75 44 54 21 51 62 74 178 176 193 126 190 191 229 193 179 158 142 
273 315 203 280 283 237 546 241 129 234 113 355 277 391 198 319 349 248 91 148 279 55 251 352 418 210 465 132 354 369 139 301 243 431 290 237 400 351 310 77 292 439 285 112 45 485 358 122 421 0 253 151 413 273 384 461 514 83 102 167 120 176 142 123 121 324 389 322 322 371 316 337 381 334 375 376 406 461 447 438 428 442 454 465 359 393 414 425 331 365 413 370 390 382 424 
388 235 289 50 123 34 499 382 341 391 350 441 47 178 374 147 494 449 171 260 423 303 261 218 435 73 386 213 130 244 299 316 252 350 155 362 413 116 280 317 111 292 370 321 234 446 285 185 447 252 0 289 450 121 348 467 461 181 205 154 155 184 205 257 167 211 215 228 194 230 209 224 208 215 241 210 436 473 464 484 441 447 474 507 310 317 333 369 280 282 307 278 314 330 379 
155 252 84 308 276 287 455 127 100 109 112 221 328 384 105 293 230 145 165 46 147 149 159 319 292 246 387 249 371 317 15 203 154 333 277 119 265 370 221 160 307 389 146 90 169 381 285 119 300 142 303 0 280 253 277 353 413 125 90 167 164 144 110 63 149 285 360 261 264 332 268 271 329 282 325 331 283 350 319 324 308 305 328 344 273 297 332 317 241 285 338 282 303 281 337 
168 222 216 428 335 455 205 219 365 282 395 110 457 418 293 331 211 310 388 287 220 428 199 310 41 405 227 498 425 296 302 137 202 194 314 185 27 462 169 442 396 329 157 348 445 164 227 334 26 408 437 283 0 343 128 76 152 356 330 338 355 276 297 296 375 269 348 268 284 286 258 265 308 279 306 329 10 79 45 39 44 65 45 64 186 174 199 138 191 207 238 203 196 158 144 
332 130 228 77 31 126 405 327 338 346 329 358 128 140 347 54 435 392 199 230 366 306 168 122 335 98 283 263 109 144 276 219 175 237 48 288 319 140 178 340 52 214 293 310 256 326 175 180 342 280 113 251 351 0 239 359 369 194 195 119 160 129 161 207 165 116 125 104 87 134 123 110 119 110 133 128 331 372 374 382 333 341 388 412 203 220 237 274 173 193 201 170 226 236 267 
217 109 201 308 231 362 176 260 366 306 392 203 354 289 325 209 288 338 341 263 263 396 126 196 111 309 135 432 317 158 293 88 138 88 207 203 106 350 75 417 281 207 188 344 391 115 96 282 128 379 340 273 141 241 0 140 144 301 291 259 289 227 256 258 299 151 233 144 153 181 152 159 200 152 173 203 129 142 153 164 108 106 171 169 60 53 91 61 76 84 124 92 66 39 68 
251 253 279 447 361 483 124 286 438 340 444 190 484 410 373 338 258 374 426 329 278 476 242 306 63 435 183 539 436 289 354 178 243 169 337 247 79 468 210 511 394 299 214 406 487 114 228 390 70 476 464 351 86 360 129 0 96 401 396 375 396 330 365 343 419 290 363 270 292 299 269 272 307 288 290 318 82 21 63 82 54 33 72 66 186 184 181 129 207 208 237 219 179 156 136 
311 245 313 431 348 480 51 360 495 404 510 259 484 390 426 320 363 446 470 386 356 525 276 279 127 427 114 573 413 251 423 219 263 142 338 312 161 444 218 563 383 259 292 471 522 45 203 423 157 521 475 393 164 373 136 99 0 435 422 387 433 364 386 394 452 274 325 265 279 260 257 261 293 268 260 288 153 99 157 152 124 123 161 167 187 152 142 102 208 180 193 199 164 154 101 
253 232 168 223 204 193 481 239 163 224 152 305 229 324 207 221 353 268 51 90 266 139 180 275 352 146 406 154 283 299 121 241 179 342 208 220 338 282 226 168 227 363 253 135 104 415 294 38 364 84 182 121 358 199 301 418 445 0 46 99 60 96 68 86 34 242 297 239 236 286 248 251 281 247 285 291 356 410 386 393 363 374 389 415 289 309 351 347 253 281 323 271 317 310 363 
230 228 128 225 219 205 469 202 135 196 141 283 244 339 170 236 308 241 59 66 235 124 164 288 351 157 392 178 288 289 104 212 160 336 211 182 319 308 221 157 227 367 211 119 115 408 285 40 331 90 208 107 334 198 296 394 432 29 0 88 60 101 38 65 56 252 316 242 225 284 231 238 287 248 283 288 341 390 371 367 338 356 376 402 274 305 325 331 255 279 331 270 308 285 353 
252 176 170 149 124 155 425 257 224 269 242 296 164 234 247 152 358 302 104 133 290 214 135 196 324 85 336 206 209 213 166 204 143 295 130 209 317 228 180 244 158 290 238 204 167 355 227 76 337 167 151 177 329 110 265 361 379 82 92 0 53 59 63 109 80 177 227 170 148 218 171 169 214 178 221 198 315 367 357 363 336 343 372 389 227 245 276 298 194 208 262 209 248 257 310 
269 208 182 171 164 148 473 260 201 264 197 319 175 275 240 185 364 295 49 130 278 177 170 245 351 104 368 147 234 252 154 234 175 323 164 226 342 248 228 189 180 327 265 192 130 408 259 46 348 140 149 155 353 154 293 399 437 47 75 65 0 89 65 116 38 222 260 213 194 263 215 214 261 223 263 245 348 397 383 392 354 373 388 417 252 284 314 332 246 260 297 259 289 300 344 
225 146 108 194 138 184 398 203 212 238 213 267 217 269 228 161 322 273 116 105 238 205 98 194 288 133 300 223 232 218 152 155 101 263 137 167 267 258 155 241 174 286 186 185 183 333 191 83 283 175 188 137 282 125 211 321 360 107 91 66 92 0 49 97 86 158 243 150 145 211 157 176 216 160 206 209 269 340 304 316 297 289 319 339 184 218 248 255 162 191 234 188 229 226 275 
219 203 110 208 184 203 437 203 161 202 178 258 236 292 183 203 303 243 97 65 230 167 131 251 304 134 351 192 261 264 110 190 126 294 175 172 288 279 187 196 205 321 198 157 146 359 239 38 309 131 198 102 299 176 245 364 388 71 48 71 75 56 0 50 67 201 272 210 191 256 197 216 245 218 254 264 301 358 344 330 308 321 337 354 236 267 300 299 216 233 275 243 277 257 301 
183 225 96 262 230 243 427 168 144 157 137 230 279 336 143 246 275 204 107 29 190 151 128 269 292 180 354 218 321 284 72 187 137 313 214 135 277 318 186 170 253 363 169 105 149 370 256 78 303 142 256 61 295 207 252 341 393 78 56 111 109 83 50 0 105 240 307 241 221 283 232 230 291 242 279 298 284 355 308 324 303 321 337 353 237 278 313 314 220 244 299 246 293 268 324 
263 239 181 183 177 152 484 248 182 260 182 318 200 293 219 207 359 285 41 115 291 162 190 261 367 104 383 146 255 276 139 241 189 349 192 218 335 257 226 181 195 357 265 160 103 414 288 39 358 105 155 152 360 174 307 411 438 38 63 72 34 103 76 96 0 244 293 225 227 270 227 237 278 236 278 267 353 423 404 405 384 381 408 424 275 316 347 346 244 272 316 267 304 310 356 
298 62 221 174 94 232 304 315 367 360 376 311 210 148 358 77 392 394 252 253 342 374 138 66 257 185 179 356 162 63 287 157 156 150 69 270 259 207 117 389 138 136 261 336 325 232 68 227 269 321 213 286 285 111 159 292 258 240 254 176 219 169 199 235 228 0 98 22 22 50 16 7 60 23 54 71 269 286 309 307 264 257 307 326 121 122 123 169 98 93 99 84 119 133 170 
386 144 309 170 106 218 345 412 442 441 454 388 201 78 435 77 480 479 312 325 426 434 225 56 332 207 223 398 123 74 379 254 235 202 110 349 329 149 217 459 112 101 367 415 374 285 147 277 357 398 219 365 348 125 230 365 317 309 322 238 276 246 274 316 297 103 0 109 104 77 116 110 56 92 67 48 339 371 390 391 349 344 387 401 184 185 192 242 180 174 143 170 189 219 230 
282 35 210 174 97 230 289 303 364 350 369 299 230 170 338 70 388 396 258 235 332 363 141 61 253 198 169 359 179 73 280 138 145 151 78 249 234 218 116 390 130 141 245 337 318 225 60 218 248 324 220 277 254 121 157 268 265 250 238 171 210 169 212 237 240 18 108 0 18 52 19 19 66 14 72 78 256 281 281 285 254 251 304 323 100 109 120 160 96 84 93 80 123 135 166 
299 56 211 164 77 224 301 304 360 351 361 310 209 155 343 62 386 381 253 222 338 361 128 57 257 183 196 343 159 71 287 152 139 163 68 256 251 203 125 375 135 140 251 328 312 251 95 207 260 309 212 272 268 92 171 286 283 229 228 147 203 148 200 220 221 25 118 17 0 77 23 19 73 23 72 83 261 301 310 311 262 253 322 324 111 120 140 185 107 92 117 89 132 143 191 
340 86 256 195 124 246 281 364 411 402 421 333 234 127 394 93 425 433 295 285 379 405 177 33 266 227 151 394 169 20 331 178 192 126 93 308 262 197 159 427 154 90 302 386 368 241 90 263 279 364 235 330 298 137 169 300 268 286 298 221 247 211 246 279 276 46 71 61 60 0 65 61 40 61 11 56 278 294 307 325 275 276 320 344 123 125 124 176 117 94 73 96 132 150 185 
289 29 203 177 111 237 302 293 364 344 371 292 225 174 343 76 386 393 246 237 320 359 120 72 251 194 184 349 177 71 271 142 141 140 89 252 226 219 106 381 147 133 240 331 333 233 68 214 250 328 211 273 251 103 148 281 256 234 237 163 210 167 192 221 222 17 107 6 20 67 0 13 77 22 79 82 259 271 295 292 253 236 301 304 103 115 123 165 90 74 110 69 105 126 170 
305 45 212 184 90 237 302 321 365 365 374 298 224 160 363 73 395 406 254 245 333 358 139 64 257 181 184 357 181 48 282 153 155 151 76 270 245 207 110 386 133 121 256 349 326 244 78 216 257 323 217 271 266 103 157 289 267 242 242 179 210 173 200 244 234 18 105 14 22 52 30 0 69 12 67 79 271 296 304 306 257 247 302 319 116 127 130 165 87 86 100 82 115 138 167 
359 96 281 168 116 231 304 367 406 399 416 357 214 114 410 78 440 451 286 296 403 410 189 17 299 206 192 375 152 42 334 207 193 166 87 322 296 185 178 428 119 82 308 388 366 260 95 267 313 364 210 327 305 131 202 308 285 288 280 202 262 221 256 289 271 57 53 63 80 39 80 59 0 67 37 26 304 317 344 346 296 290 356 360 158 151 143 195 145 129 105 111 148 161 201 
297 52 220 163 91 221 312 317 365 362 374 301 219 160 350 71 395 407 256 236 345 368 146 54 252 193 184 352 161 59 288 145 152 155 69 268 259 191 116 391 135 127 272 353 324 248 70 221 279 332 216 279 276 96 169 287 263 250 252 167 219 174 214 234 242 11 94 21 19 50 32 14 69 0 60 61 259 300 309 318 264 264 320 335 118 121 133 186 109 98 109 89 129 130 175 
339 94 258 180 117 251 302 359 401 411 415 335 237 139 404 79 434 442 292 301 375 401 179 41 262 222 155 392 163 13 344 197 189 150 107 308 275 188 163 444 133 93 303 393 369 244 77 276 299 365 224 335 308 134 183 292 275 298 289 215 259 204 263 296 282 58 73 72 65 25 79 66 22 63 0 49 297 308 313 327 276 268 320 341 129 119 130 188 129 101 77 95 117 153 171 
370 120 286 168 112 219 331 382 410 422 427 368 199 103 409 66 450 460 290 292 400 408 194 27 296 196 193 384 129 44 351 205 202 167 92 318 300 167 184 438 113 90 326 394 372 268 108 265 325 370 214 344 320 110 200 337 301 290 297 204 242 223 253 283 264 70 50 91 87 52 92 73 21 63 38 0 317 332 356 352 317 304 369 379 166 159 167 223 158 132 120 136 155 179 222 
169 218 219 421 332 449 197 218 360 281 391 116 461 408 297 323 203 308 373 276 225 417 196 301 44 377 216 500 434 288 302 138 183 196 318 188 34 450 167 427 374 309 139 345 438 154 215 331 13 417 441 286 17 342 129 86 146 356 335 321 354 275 299 279 359 272 348 262 257 280 241 264 306 277 294 313 0 74 37 51 27 44 50 71 166 180 190 133 178 179 234 197 171 158 149 
235 250 279 441 372 479 134 275 430 329 455 167 487 415 367 349 263 355 430 346 272 476 236 314 59 422 190 544 446 290 357 192 239 186 338 259 95 472 195 491 403 315 216 421 490 107 218 397 59 477 473 357 79 368 131 22 109 405 379 366 405 337 356 338 417 279 356 270 296 297 268 296 317 293 296 330 69 0 59 66 43 51 72 58 187 182 188 139 214 198 238 223 193 158 144 
190 256 235 447 369 472 190 229 390 299 401 116 478 433 323 363 203 317 424 302 231 447 233 347 55 423 227 529 453 319 314 173 231 212 352 207 54 498 197 462 416 336 173 380 472 162 255 361 46 440 482 308 43 374 162 78 156 388 371 361 380 311 324 318 400 309 380 285 309 319 284 300 341 306 320 356 55 63 0 26 60 55 23 34 202 214 234 170 204 232 272 229 203 186 165 
189 262 242 459 379 483 183 229 393 288 422 130 488 446 314 370 213 317 412 312 229 461 237 346 55 430 236 539 461 313 325 188 239 213 366 221 74 502 214 477 410 339 174 380 479 173 243 364 46 447 475 324 43 378 162 65 160 393 360 355 390 328 337 317 405 301 378 300 308 326 285 314 347 299 316 361 58 62 26 0 59 59 11 38 197 201 238 175 223 225 269 231 224 183 184 
196 210 220 419 345 450 162 234 384 288 397 134 450 397 316 311 237 323 399 291 245 448 199 291 28 386 195 516 425 263 322 135 191 177 319 211 36 459 166 448 381 303 162 361 446 133 202 347 32 423 450 298 34 350 109 44 135 377 350 323 354 289 314 313 367 258 348 242 259 268 250 254 299 260 284 316 39 61 51 52 0 17 64 67 156 165 177 115 169 179 228 193 176 146 133 
224 221 246 415 332 456 152 256 405 318 417 149 457 396 342 307 240 339 408 302 256 450 200 296 29 390 191 516 427 272 326 154 205 155 320 220 65 444 177 466 373 287 195 385 459 117 206 349 43 439 443 310 57 338 107 44 124 371 348 331 369 298 324 318 370 254 326 245 272 278 242 260 294 255 276 297 49 49 72 61 33 0 71 80 166 155 164 112 174 179 213 191 166 125 110 
198 258 251 461 376 497 181 245 401 304 416 136 490 442 322 363 203 325 419 322 246 457 244 354 68 434 241 546 466 316 339 193 234 223 357 218 65 510 220 471 427 357 171 393 482 158 248 382 58 448 485 320 51 391 164 79 164 392 371 366 391 319 347 337 412 310 392 309 307 322 303 307 358 308 322 355 68 54 31 8 49 62 0 24 205 203 229 158 228 222 273 235 221 179 166 
223 273 275 483 406 504 192 256 410 307 426 147 511 457 346 385 212 326 438 339 248 476 264 370 78 444 241 544 481 324 356 209 263 226 387 227 83 507 239 500 444 368 188 400 500 173 276 389 71 461 506 345 65 402 173 74 151 412 399 377 415 345 370 352 424 321 398 320 338 333 311 321 360 338 339 381 74 59 43 32 66 83 19 0 219 225 241 184 235 249 282 257 238 213 184 
241 79 198 267 194 321 228 272 367 317 376 230 307 240 319 162 311 352 298 235 286 376 113 148 157 271 127 404 268 119 279 91 123 88 162 223 160 303 59 405 221 172 199 345 371 158 55 268 170 355 303 258 167 187 52 180 177 274 265 211 270 200 240 245 273 120 192 103 113 126 104 101 144 114 140 156 172 189 200 215 171 146 207 231 0 39 84 90 26 29 95 43 47 36 87 
272 94 231 277 206 333 199 294 394 345 412 250 319 243 345 190 349 394 336 272 309 416 141 148 149 288 107 434 281 113 311 117 150 52 179 256 168 303 91 446 240 142 227 362 390 134 63 283 185 395 321 298 175 216 63 183 165 313 308 244 296 231 266 279 301 119 198 121 124 122 104 116 143 122 136 159 180 180 196 205 168 149 219 229 44 0 39 74 60 35 79 46 28 30 73 
311 116 270 292 216 364 184 333 420 395 454 268 349 253 395 197 376 424 365 320 344 453 179 143 183 304 56 476 287 111 354 151 185 32 193 282 186 307 137 484 259 131 256 399 423 112 79 315 197 430 339 348 209 222 89 179 151 342 326 283 317 257 295 304 329 131 177 128 151 121 139 139 139 128 122 164 207 202 228 235 176 168 237 237 85 48 0 70 107 69 45 68 46 73 64 
262 153 245 332 271 384 138 298 404 352 436 222 389 293 357 248 325 385 371 310 313 457 182 200 108 337 98 477 325 178 332 123 173 56 241 250 134 370 123 460 289 191 220 386 438 85 106 324 126 426 367 319 142 269 56 129 110 341 331 301 335 273 301 301 350 172 250 161 190 176 176 176 202 182 183 218 140 122 167 164 120 112 174 185 95 60 74 0 101 89 117 114 66 47 19 
222 51 170 261 171 300 239 265 336 298 348 220 294 231 298 154 324 336 275 224 268 352 104 143 170 235 143 384 257 124 263 77 101 105 155 203 157 286 42 388 206 173 202 315 348 185 67 223 189 326 278 244 192 176 86 204 214 252 245 198 244 158 208 229 245 100 180 83 105 125 83 94 135 95 133 160 170 211 218 229 171 182 221 230 44 58 108 112 0 52 103 45 66 64 112 
270 65 214 249 168 308 215 280 365 324 376 254 304 227 348 159 333 367 306 252 303 397 135 121 181 266 127 398 256 95 287 95 124 85 163 244 172 285 83 426 222 150 216 359 361 153 40 253 193 353 290 276 191 178 85 193 193 284 272 219 255 188 240 258 285 87 161 85 91 95 81 87 129 104 114 144 179 202 230 231 175 187 230 249 41 45 62 90 40 0 63 23 37 51 91 
322 88 273 251 190 316 223 352 431 388 446 312 295 197 406 161 389 433 352 299 359 436 181 107 205 275 86 445 234 66 345 170 197 62 160 295 222 281 127 473 206 84 284 413 418 167 57 305 233 420 295 342 249 204 118 229 193 319 322 258 300 242 280 303 317 108 146 107 120 85 110 92 105 96 86 117 226 235 269 273 223 203 270 277 86 69 56 106 107 66 0 67 61 96 115 
263 52 220 256 159 306 239 285 378 331 376 251 287 221 348 137 356 369 298 261 306 392 123 122 189 255 125 411 232 90 287 109 141 76 139 232 185 283 69 410 199 147 219 357 364 167 20 253 198 350 277 280 199 169 83 218 194 280 276 208 267 193 237 256 276 92 160 68 87 95 66 77 122 90 91 132 207 224 223 233 186 181 231 260 41 38 65 105 51 18 60 0 63 63 110 
276 91 227 296 201 349 190 313 392 348 408 255 338 239 370 181 341 388 343 280 332 423 153 147 161 293 85 444 269 125 333 129 169 46 185 260 176 312 101 438 243 136 235 378 407 131 62 293 169 394 324 303 189 226 76 182 162 314 304 249 306 236 280 288 305 120 182 123 122 131 121 125 140 117 131 168 185 188 217 216 176 163 210 236 43 26 34 69 65 45 67 48 0 51 59 
239 108 211 309 219 336 187 283 377 321 402 212 337 262 339 202 323 372 330 270 292 403 147 163 137 304 107 428 296 130 311 91 132 72 194 227 134 330 73 424 254 174 214 350 395 114 67 283 141 376 324 283 150 222 47 156 152 312 291 252 288 227 247 262 300 137 208 124 139 141 128 144 177 132 140 189 143 167 175 196 149 126 197 212 49 29 70 64 72 50 101 59 36 0 54 
276 149 246 334 265 393 142 310 426 367 449 245 381 292 385 241 337 400 375 313 325 463 185 197 111 352 73 495 331 177 347 142 197 54 250 268 145 370 131 470 295 184 236 401 454 62 111 331 140 442 389 328 155 280 59 135 107 368 354 294 332 274 316 306 361 169 247 167 187 179 174 178 209 186 176 213 154 143 168 178 138 124 167 188 94 79 70 15 116 109 104 107 58 55 0 

Depot information
352 384 776
142 247 1188
316 290 1712
164 49 2773
155 129 1013
225 16 917
17 481 618
386 362 2152
473 227 2136
439 340 2861
485 207 2241
304 440 858
179 10 1239
43 87 2770
448 309 1103
126 148 2112
396 471 2602
477 362 1300
348 110 1148
352 231 2119

Cust information
398 390 16
469 143 17
234 274 15
82 181 23
172 447 23
238 76 16
21 349 16
404 14 19
92 51 23
72 215 15
398 244 19
206 323 18
239 275 15
65 334 15
148 151 21
339 342 25
199 435 22
103 18 21
183 297 19
497 145 21
139 88 24
1 223 15
314 373 19
452 225 21
416 86 19
60 430 17
103 274 24
327 152 16
194 456 25
429 124 17
208 26 24
386 250 17
204 460 25
168 124 21
141 356 25
139 482 15
53 459 15
347 141 25
352 168 16
268 146 23
309 127 25
274 192 17
317 185 15
349 217 17
328 125 25
119 209 21
50 147 25
126 218 25
133 203 21
75 208 24
129 220 20
119 211 25
72 184 24
119 206 22
72 204 17
71 172 21
199 451 20
144 486 22
201 488 20
200 494 19
174 455 23
158 454 21
197 499 24
192 516 19
135 309 19
103 318 16
64 320 17
98 375 19
151 290 19
118 291 16
59 277 25
116 282 21
94 319 24
121 336 24
87 375 24
