Seed 123 - Instance: n75m20_2
n 75
m 20
Q 178
L 0
U 1000

0 415 451 383 243 344 390 451 242 267 344 344 294 97 161 438 177 175 393 423 29 294 341 113 259 110 434 115 410 258 116 168 236 300 144 70 273 407 398 293 360 301 122 103 245 363 98 182 384 355 488 76 464 213 353 126 208 117 103 145 81 96 99 62 112 97 100 130 120 123 103 125 327 277 287 282 310 279 267 254 264 418 441 441 430 439 450 413 449 469 451 443 433 441 462 
420 0 53 228 300 127 57 77 332 167 117 89 146 396 332 65 320 250 447 187 390 222 386 459 383 500 69 317 81 348 481 247 477 172 356 478 212 48 225 143 239 150 342 434 469 171 319 429 523 334 235 352 187 220 292 507 461 484 467 488 454 436 445 458 465 485 450 488 508 487 457 496 145 201 182 181 215 210 163 185 202 303 338 323 334 356 310 322 272 288 298 308 262 280 318 
450 68 0 276 320 136 84 31 351 196 168 155 174 435 358 38 352 301 449 169 431 236 377 488 415 536 47 362 130 372 515 287 487 206 379 509 261 50 273 176 288 196 390 481 494 222 362 475 514 342 189 383 161 251 298 553 497 536 516 516 486 476 489 495 497 511 468 520 538 524 498 523 183 248 223 239 265 269 212 229 247 301 319 314 326 331 286 301 267 267 291 293 238 264 302 
383 231 281 0 407 305 249 292 429 224 147 186 257 418 395 292 224 279 597 389 374 361 535 467 508 470 281 335 173 461 475 280 544 316 400 422 129 268 27 235 20 136 274 446 535 65 307 499 639 498 437 354 414 315 456 494 532 490 469 510 453 444 450 439 469 481 445 504 504 490 486 495 130 140 146 126 90 120 168 179 144 486 528 522 527 537 513 504 482 484 509 516 467 465 526 
240 292 310 402 0 174 255 295 49 185 301 263 170 181 99 298 285 165 201 217 214 101 137 205 117 299 278 145 331 71 240 167 190 137 120 288 304 273 403 192 390 267 257 218 175 366 179 169 247 139 278 179 264 103 124 281 186 268 251 246 248 211 223 243 220 251 212 233 280 266 229 243 273 272 267 287 334 313 234 235 281 191 209 211 201 205 213 186 215 224 230 221 207 214 237 
344 126 133 295 192 0 81 120 218 116 176 125 73 310 235 109 282 181 339 104 313 116 266 359 271 421 108 241 168 234 385 182 353 67 249 403 230 113 302 101 280 174 287 353 353 234 252 326 392 220 182 272 145 139 185 432 360 415 393 406 367 347 362 368 373 398 360 387 423 401 380 406 172 201 188 212 254 243 171 178 214 210 232 222 230 247 205 210 201 198 222 211 174 179 231 
380 47 77 247 262 90 0 71 285 131 125 83 113 363 288 61 299 218 412 163 354 176 331 425 343 463 62 291 108 308 441 212 436 127 310 445 207 43 247 116 249 132 306 395 422 185 291 395 466 305 208 316 155 184 269 470 434 455 446 458 427 399 399 431 413 438 408 437 462 461 441 462 144 191 171 181 221 213 143 174 194 257 289 298 306 304 267 281 241 258 275 277 225 237 292 
440 78 33 295 299 126 90 0 340 214 176 152 175 430 361 35 368 290 434 133 415 214 353 468 399 537 19 347 135 359 511 293 477 194 379 515 275 63 304 185 293 199 389 465 482 229 366 460 505 318 172 374 132 252 287 546 483 529 496 511 493 458 463 491 485 512 474 508 525 526 485 525 193 259 244 242 287 271 212 235 260 277 290 286 296 321 258 281 245 245 268 265 221 238 277 
234 323 345 439 30 211 277 332 0 223 326 292 192 177 79 321 308 177 192 252 217 127 120 202 76 293 320 153 364 56 235 178 160 158 114 285 334 312 438 208 407 312 274 202 143 384 194 148 221 119 283 189 282 126 140 272 161 252 233 215 232 182 209 235 212 246 183 207 260 240 214 228 312 304 288 316 354 322 264 267 301 213 225 215 215 214 223 181 237 240 239 230 220 214 243 
262 168 208 220 188 118 134 201 215 0 121 94 64 245 200 181 186 102 374 224 236 150 309 304 291 353 188 165 168 247 325 106 347 105 202 327 131 169 230 47 223 93 187 297 347 182 176 309 421 288 292 186 257 97 252 348 339 349 315 334 300 294 287 303 314 335 285 332 350 355 322 331 101 104 88 123 146 133 61 82 116 297 318 313 311 337 311 299 295 307 310 313 266 283 315 
348 121 169 144 299 173 130 176 322 123 0 51 146 359 307 159 207 205 473 256 317 239 409 394 401 435 161 267 78 368 415 192 462 196 307 405 111 146 142 123 129 37 256 395 460 80 262 406 527 378 324 286 274 204 352 445 440 447 420 437 396 391 391 388 402 412 396 432 454 436 408 434 36 89 76 90 97 105 92 90 108 371 395 398 398 405 367 374 353 364 376 391 335 348 391 
338 96 152 171 259 132 90 162 296 101 53 0 96 337 285 137 222 168 446 224 309 218 365 389 369 427 152 247 89 324 414 182 430 157 298 386 119 111 183 95 163 50 248 371 424 120 257 382 495 330 286 281 238 168 309 434 425 432 395 426 390 369 381 373 387 410 374 409 438 421 401 421 50 106 92 111 142 143 89 93 122 324 347 348 352 363 338 338 321 311 331 350 287 308 343 
295 150 175 269 177 80 98 169 210 56 138 102 0 269 209 154 238 128 346 164 254 122 272 324 268 381 160 193 175 238 352 126 339 68 211 347 170 125 270 43 257 121 223 307 337 205 204 315 407 250 242 218 217 89 220 382 346 355 337 366 316 301 317 326 325 353 301 349 364 365 325 345 121 158 142 169 188 174 110 118 165 246 280 272 284 289 256 242 247 246 254 276 230 242 286 
82 402 444 429 179 306 368 436 172 255 349 332 272 0 96 417 236 176 309 378 85 255 274 59 200 143 419 93 400 191 76 164 173 254 68 131 308 397 430 272 394 328 185 42 154 400 124 110 312 274 428 84 431 188 289 126 127 111 76 90 81 49 46 84 67 80 39 92 119 107 74 93 323 307 303 325 328 319 279 274 303 355 366 372 370 370 383 347 393 395 396 387 391 385 399 
156 331 364 385 94 242 298 359 88 191 300 272 196 90 0 343 244 137 253 289 139 167 208 136 144 217 331 72 349 117 180 125 157 181 31 215 278 327 400 207 380 283 195 136 159 354 118 122 273 209 354 110 339 124 206 206 159 198 173 176 166 129 126 163 134 184 136 152 190 189 147 178 275 278 267 286 310 296 244 240 267 284 292 294 292 290 296 258 308 306 309 294 303 284 309 
431 64 47 278 286 116 55 29 326 193 156 141 149 421 346 0 342 262 428 145 412 211 364 463 382 520 23 336 122 335 497 270 473 169 355 479 252 29 276 160 277 186 363 455 460 227 334 444 494 310 183 367 142 223 277 525 466 505 477 494 460 455 461 463 467 487 441 477 511 502 481 497 188 223 213 235 257 249 198 204 235 259 302 294 291 318 269 292 251 248 276 270 220 236 273 
189 302 356 222 301 302 304 362 306 187 207 218 230 232 244 346 0 141 477 393 177 314 417 282 360 278 339 178 276 348 288 144 381 271 233 229 131 312 227 213 198 186 77 264 377 209 128 336 518 404 453 169 417 223 391 287 356 277 272 306 248 271 258 240 272 265 265 298 294 309 286 295 194 130 144 137 140 123 161 144 116 449 466 473 462 489 471 437 461 459 465 473 429 443 478 
167 241 287 276 157 180 226 296 186 92 186 168 131 178 140 268 143 0 365 277 139 175 282 212 233 254 275 87 236 217 236 10 284 161 133 232 172 249 279 119 259 171 130 195 277 243 90 244 393 272 341 107 314 88 256 271 263 258 233 267 224 198 211 208 221 231 202 242 259 253 230 261 169 138 144 174 190 161 120 113 153 319 348 344 344 343 343 301 332 327 344 337 304 302 345 
401 458 448 609 201 346 411 442 194 382 481 447 347 323 263 423 477 366 0 302 380 242 83 316 141 423 413 325 499 151 362 354 187 302 279 418 500 416 595 373 591 471 435 327 188 550 362 234 97 112 325 348 344 296 172 396 224 362 362 332 377 323 330 380 322 358 320 312 363 347 331 331 470 476 476 482 515 495 437 432 479 192 173 176 170 156 212 161 230 238 223 202 249 242 216 
430 179 159 393 222 118 151 138 252 223 262 216 175 374 284 142 392 268 312 0 386 131 248 429 280 493 127 309 253 254 463 268 389 128 323 481 323 161 389 191 389 273 393 414 386 324 336 369 373 192 68 355 48 205 158 497 391 468 455 452 442 398 425 444 423 460 410 432 470 476 435 456 280 298 284 305 345 335 259 277 318 131 153 163 167 170 123 154 105 106 133 147 83 107 139 
37 394 438 366 216 305 347 422 223 242 326 312 262 86 145 411 180 139 369 394 0 279 328 114 243 122 397 95 380 250 120 154 229 277 120 92 256 379 377 254 341 297 105 88 235 358 75 179 386 338 459 45 443 196 325 144 214 123 111 151 94 112 90 81 120 112 96 141 146 141 132 149 290 250 262 277 280 266 239 243 246 394 422 407 425 417 418 372 414 442 414 428 410 399 444 
292 224 237 377 100 101 185 213 114 149 242 212 125 253 158 201 295 178 237 143 277 0 172 291 181 377 209 196 259 139 323 174 273 66 177 350 288 212 385 136 356 241 273 291 269 309 229 260 294 133 203 236 189 104 104 373 277 341 331 335 323 278 292 314 288 325 294 315 356 339 315 324 233 259 255 264 292 283 202 220 268 155 186 163 185 186 177 147 156 172 168 167 157 149 179 
350 378 378 520 145 257 344 366 138 299 407 380 281 272 214 353 418 300 82 249 336 162 0 288 105 396 344 276 417 82 330 287 197 221 215 385 421 361 527 306 509 402 379 289 185 471 323 221 157 61 272 311 284 239 93 374 224 346 315 316 340 275 303 341 304 327 287 299 355 323 301 313 401 399 389 420 449 436 372 367 398 145 136 145 137 140 172 116 184 196 175 150 194 185 181 
111 456 496 471 208 356 419 482 194 302 396 382 318 52 143 466 268 227 316 429 103 301 298 0 207 109 468 138 465 215 52 225 146 313 115 116 351 447 481 320 438 381 215 25 153 438 156 98 313 320 465 130 466 229 314 77 111 69 39 42 49 22 33 59 17 48 13 36 58 46 34 48 389 356 350 359 383 364 320 329 337 396 409 412 398 414 415 365 424 442 423 409 422 415 440 
257 390 400 490 116 272 349 381 88 277 386 355 264 199 126 384 370 240 130 290 240 186 97 210 0 294 380 200 414 57 242 251 109 213 148 294 397 373 497 295 487 371 313 207 108 460 252 125 150 118 330 239 322 191 147 291 139 254 238 221 254 191 219 247 205 243 208 199 257 239 216 227 376 370 358 384 414 393 339 333 362 226 223 218 218 210 231 190 257 278 249 238 251 242 259 
99 506 538 471 307 418 464 545 297 357 443 438 365 132 213 517 265 265 420 501 118 369 388 101 308 0 521 188 490 310 71 268 237 380 197 55 367 507 484 365 451 396 213 114 243 453 195 204 388 398 550 164 551 305 421 34 210 60 79 113 61 119 103 58 96 67 107 108 59 82 91 97 417 370 365 387 394 364 363 357 358 480 498 508 492 496 511 472 513 534 506 508 500 497 522 
429 68 46 288 293 110 62 19 309 186 162 143 145 404 337 15 351 279 419 134 395 202 352 452 382 527 0 337 139 341 493 267 473 176 362 489 255 40 291 168 279 185 363 440 448 237 345 434 488 313 167 369 141 227 261 514 460 505 482 502 475 451 452 474 457 493 452 485 508 507 467 492 185 233 230 226 254 261 211 226 243 265 291 288 289 304 263 287 228 234 250 268 206 217 273 
111 318 363 345 139 238 282 348 162 173 260 244 198 88 74 333 178 85 329 309 79 191 265 153 197 203 342 0 317 187 159 77 216 187 78 162 233 319 343 188 330 233 119 130 221 315 44 160 345 266 381 51 364 106 274 192 209 187 173 176 138 128 146 143 159 178 143 168 193 193 164 178 236 213 211 234 262 239 187 197 201 326 349 346 350 349 350 316 347 357 343 344 330 341 368 
396 75 113 175 331 180 110 145 364 167 79 77 171 403 353 126 270 246 504 248 370 259 434 461 432 498 132 316 0 383 484 242 504 218 368 459 166 108 160 140 162 114 302 449 485 119 313 457 555 394 287 346 256 251 348 497 498 488 470 502 460 442 443 441 464 473 448 479 495 506 468 502 92 162 145 133 172 168 147 145 169 368 392 390 386 405 358 383 341 355 360 374 314 323 378 
270 351 364 463 63 232 302 362 45 253 357 335 227 196 117 339 350 210 156 259 240 132 102 218 56 306 340 197 386 0 253 223 148 181 148 310 356 333 474 254 449 338 300 220 143 416 239 145 193 99 293 220 294 161 127 295 153 273 250 248 249 214 225 264 212 257 213 215 280 253 222 233 356 340 342 356 398 375 302 314 345 188 206 202 188 206 209 167 225 229 224 217 214 215 225 
96 485 512 485 246 383 433 508 233 330 431 402 345 84 173 494 280 236 344 455 114 328 325 37 241 72 482 166 488 255 0 249 182 332 154 100 379 472 495 342 455 400 228 50 180 450 186 121 331 337 514 156 499 261 359 60 133 35 14 44 37 56 54 52 45 21 45 56 35 32 42 39 406 374 373 387 396 368 347 332 363 422 446 434 443 432 444 404 463 464 450 446 453 443 462 
169 250 296 273 154 178 220 279 178 90 188 185 121 164 132 260 152 14 366 282 151 175 287 223 247 257 260 76 250 219 248 0 278 141 143 239 160 255 276 110 251 163 120 208 281 236 94 244 380 283 347 107 317 70 252 275 277 252 241 270 226 207 210 210 227 232 203 256 259 271 237 249 167 156 142 171 187 165 115 115 136 309 341 345 346 351 342 295 334 343 329 344 315 321 353 
249 468 500 544 198 369 433 475 154 341 449 435 343 160 160 462 386 279 197 389 235 268 200 144 107 234 461 224 507 137 179 288 0 313 152 260 428 457 563 363 527 423 323 166 18 513 257 73 169 214 435 225 428 273 259 208 56 184 174 151 193 157 172 196 149 187 158 136 201 177 148 164 443 425 424 435 462 439 398 387 428 322 330 324 328 318 333 301 363 375 350 348 349 351 363 
307 180 205 325 120 75 128 186 164 122 196 169 71 261 184 178 274 152 295 139 260 59 217 312 223 383 171 191 211 191 333 145 313 0 205 347 229 161 337 94 303 190 259 300 309 257 215 275 352 192 194 231 183 99 159 382 310 367 336 340 332 296 306 332 313 353 293 331 359 347 329 349 196 212 191 217 264 238 175 174 215 189 211 220 220 225 206 185 191 201 209 206 178 184 217 
131 348 387 395 104 244 313 365 105 205 315 284 209 75 21 361 244 138 278 319 128 181 220 118 145 192 359 69 366 135 143 136 159 208 0 193 296 345 416 218 386 292 188 113 151 363 113 97 281 234 376 100 355 133 228 181 143 164 156 163 142 108 123 146 131 147 114 138 174 168 142 161 303 270 266 283 318 302 255 252 272 308 305 312 310 314 312 288 330 330 327 322 316 309 346 
70 477 510 428 285 410 431 501 288 308 403 393 340 118 214 497 217 229 433 476 86 356 392 110 308 51 498 161 465 316 105 228 257 361 187 0 336 476 440 340 407 357 180 100 258 421 148 210 418 402 544 143 524 273 399 88 214 77 86 133 64 115 106 60 117 90 122 126 98 115 115 123 370 332 329 349 354 334 330 319 327 476 499 479 497 501 504 448 496 522 495 501 487 480 506 
287 204 274 116 301 229 202 284 318 142 113 137 168 312 276 259 116 152 509 327 262 284 435 353 403 365 252 228 172 374 376 154 445 243 288 325 0 231 134 152 102 73 167 335 442 95 209 380 534 403 387 231 356 201 378 379 414 386 372 403 346 348 349 335 371 372 351 389 384 381 376 384 93 44 46 39 32 11 87 73 38 421 446 439 439 457 425 410 406 415 436 425 399 408 436 
419 35 60 253 283 109 44 61 305 169 134 104 131 398 318 24 325 256 434 159 377 200 362 452 370 507 41 305 110 323 478 245 456 160 344 462 239 0 258 138 259 168 339 437 455 205 332 426 498 322 193 334 150 221 278 513 466 480 469 476 457 435 434 453 455 465 423 478 497 480 469 486 158 200 195 216 244 234 181 190 221 270 308 298 309 310 266 285 245 257 279 291 223 240 291 
384 233 280 12 409 309 255 297 428 228 150 175 259 420 399 285 224 277 612 403 370 373 528 471 511 490 282 354 171 481 477 271 551 334 411 446 125 255 0 242 30 154 283 457 556 77 321 511 653 493 455 363 399 307 479 504 542 504 482 514 446 470 451 449 488 478 456 507 497 501 483 504 145 142 141 128 100 127 181 169 146 496 522 525 530 541 501 505 483 486 505 508 476 464 519 
283 140 185 241 184 82 107 181 216 42 108 82 23 263 209 148 205 113 374 199 255 145 304 315 292 367 156 196 153 246 338 121 350 103 232 350 155 130 240 0 220 94 207 303 349 183 186 313 432 280 247 218 234 112 235 372 341 361 350 354 322 307 319 316 323 355 313 359 380 369 344 364 101 120 117 128 163 161 92 98 136 277 303 291 292 317 277 264 276 273 289 292 251 246 299 
371 237 274 30 387 296 255 293 409 212 133 175 239 396 378 275 203 251 577 376 350 355 502 456 482 459 295 325 157 447 453 249 534 317 378 421 96 250 33 214 0 139 255 427 529 68 300 481 618 474 432 333 407 289 459 479 509 459 454 496 420 438 429 425 445 458 444 478 480 487 462 487 122 123 127 96 75 91 148 161 122 486 518 512 507 533 503 478 472 486 498 510 445 465 496 
311 148 189 145 282 174 134 212 306 88 43 50 119 317 268 192 177 165 466 269 283 238 398 372 367 411 199 237 108 338 390 158 440 196 283 363 86 159 146 102 128 0 210 362 429 86 229 388 514 357 324 255 295 188 325 422 421 412 382 419 358 370 372 351 389 396 354 410 413 418 389 406 15 66 38 67 97 77 51 67 64 358 390 381 391 396 364 364 345 353 375 381 327 335 378 
124 333 378 279 263 283 307 389 269 185 251 254 229 187 192 350 68 118 453 378 108 292 378 209 315 217 374 121 301 315 221 130 320 252 194 167 159 331 285 223 263 216 0 203 321 253 88 261 453 384 455 102 419 184 369 234 298 224 220 247 178 198 195 177 226 220 207 254 226 240 233 252 229 177 176 181 197 161 179 157 170 418 446 433 439 463 449 418 427 448 448 458 427 420 463 
103 444 467 444 206 356 400 476 190 289 393 373 315 37 138 452 269 205 315 403 87 290 291 27 199 110 447 137 445 215 47 207 157 294 101 109 335 424 454 299 432 353 208 0 169 416 137 109 310 311 457 118 452 215 309 101 120 63 52 58 57 23 21 48 27 52 13 57 75 60 33 61 365 336 330 338 365 335 323 309 316 378 395 405 402 393 414 360 408 441 424 405 407 414 438 
236 467 485 551 180 366 432 465 154 336 447 422 332 172 170 464 386 270 198 379 227 268 191 162 115 239 449 214 486 140 178 286 7 293 150 267 433 451 561 343 535 420 318 164 0 500 257 68 161 210 428 226 420 252 257 223 54 186 181 155 198 146 157 205 161 186 150 145 192 176 147 148 429 417 416 427 453 446 394 380 408 316 323 324 321 307 337 287 358 357 329 328 354 340 350 
378 170 221 64 361 233 194 239 373 179 77 121 194 398 358 223 212 245 539 333 353 318 462 441 448 463 219 316 111 422 464 235 518 255 356 414 97 210 69 171 68 82 258 433 501 0 283 459 591 438 373 325 344 256 410 477 501 466 449 483 427 426 421 431 455 458 422 476 469 471 461 473 77 101 109 96 83 89 117 124 106 427 461 463 458 475 443 445 428 420 445 453 405 400 462 
88 320 377 314 193 257 304 372 203 165 262 251 202 114 132 349 125 78 361 345 79 221 324 168 248 192 337 48 316 238 178 77 262 219 123 149 201 318 313 204 298 231 79 149 260 286 0 211 396 316 413 50 383 147 310 193 238 192 165 205 149 160 141 140 166 182 153 183 207 201 170 192 243 192 196 212 238 199 192 184 185 372 376 386 394 387 381 355 378 385 383 385 375 374 398 
177 445 475 489 156 325 404 457 136 303 408 381 306 112 122 447 327 238 239 374 174 241 215 104 129 196 447 175 453 151 131 232 70 282 112 202 391 431 499 323 489 375 273 101 77 468 194 0 212 230 413 169 412 223 258 170 41 148 131 113 137 92 112 144 89 136 95 89 145 130 110 119 384 367 362 394 407 381 350 344 367 317 342 333 332 330 339 294 358 376 347 357 362 353 359 
379 511 515 646 251 400 474 509 230 419 522 502 406 300 278 504 511 393 98 381 384 292 139 313 145 405 489 339 566 176 337 396 160 348 288 406 533 491 645 424 633 508 454 314 170 602 385 228 0 195 400 358 408 338 242 378 191 341 340 310 342 305 325 354 295 335 317 301 354 318 312 306 525 521 500 541 570 551 472 477 522 265 250 259 263 252 297 243 322 320 295 282 320 316 297 
353 339 334 502 123 236 292 315 130 291 369 342 245 290 197 308 412 278 124 203 336 147 51 318 119 398 302 275 395 102 347 277 221 197 216 399 396 319 493 272 494 368 383 303 218 433 310 238 189 0 220 294 238 219 52 391 248 352 336 326 350 310 314 339 321 353 303 326 366 349 326 330 371 382 367 393 418 402 343 332 384 96 107 113 98 106 133 74 151 151 124 130 148 132 146 
474 223 205 449 264 179 213 172 290 284 313 273 247 441 344 184 457 335 325 83 447 200 270 465 335 560 170 386 285 298 515 335 436 194 377 541 402 187 446 255 448 327 458 476 424 374 409 412 390 217 0 407 57 276 180 545 450 530 507 497 493 462 470 492 487 524 464 499 530 515 492 510 322 368 360 372 396 407 323 333 382 140 148 157 148 168 131 170 106 81 110 124 89 106 124 
84 341 379 343 172 281 322 393 174 201 294 267 217 79 111 370 154 111 352 356 56 232 298 127 230 171 374 43 352 216 153 107 230 225 86 133 229 348 349 226 334 244 107 110 228 315 39 179 371 311 424 0 398 146 296 174 200 161 135 166 116 109 123 109 128 147 122 170 168 171 143 169 258 223 235 242 263 241 218 214 219 355 386 380 386 397 379 354 385 403 384 389 362 376 412 
462 194 147 399 267 136 174 133 294 249 273 250 209 429 337 135 419 316 346 48 437 176 291 461 337 541 122 365 263 291 508 305 428 181 354 512 349 150 403 222 406 281 435 460 418 335 391 418 419 239 42 402 0 257 205 548 453 518 506 492 481 460 460 482 478 506 467 477 531 510 485 511 281 340 309 341 365 357 296 307 337 161 188 173 181 195 154 181 131 116 141 156 112 116 154 
215 222 264 306 105 124 198 246 121 90 200 182 84 185 120 232 223 86 304 213 190 112 234 231 207 295 222 120 244 163 271 70 268 89 132 285 201 218 312 100 286 182 180 226 265 257 135 216 347 218 271 161 264 0 190 301 256 281 252 282 243 215 235 245 239 276 229 269 298 283 255 278 181 190 169 194 228 203 138 148 186 250 259 267 259 277 259 246 256 260 273 276 247 237 274 
351 293 306 461 117 191 262 275 136 261 338 304 210 288 203 266 389 254 153 153 339 103 96 314 152 418 262 265 342 114 352 265 244 149 237 396 373 272 468 238 454 337 372 325 247 413 295 254 235 46 185 294 188 183 0 403 280 375 349 341 351 320 326 361 332 370 324 336 384 366 338 355 337 358 349 361 403 381 317 315 346 77 88 83 97 97 109 60 108 129 101 109 117 99 127 
119 500 559 493 296 426 485 551 273 362 452 434 377 122 216 524 280 275 404 487 138 362 373 90 281 36 518 194 500 293 57 265 208 384 198 82 376 512 505 376 468 413 229 88 214 483 192 160 379 382 542 164 542 295 408 0 185 29 56 88 57 97 84 67 93 53 90 86 25 55 82 79 427 384 380 405 409 387 365 356 366 481 485 486 483 475 498 439 509 519 507 504 502 499 519 
218 475 493 530 194 368 436 494 169 335 446 428 341 144 149 465 357 264 231 402 201 271 223 126 125 214 466 193 484 152 147 261 51 316 146 222 428 452 530 346 510 415 311 116 55 487 239 46 200 236 453 201 439 254 277 188 0 162 150 118 163 114 122 161 109 150 125 105 159 133 130 123 420 401 405 432 454 423 370 370 403 347 344 342 338 347 370 306 373 393 369 369 377 367 389 
115 482 525 491 263 410 454 519 259 347 440 421 353 98 180 514 293 248 368 475 132 344 355 64 249 70 508 191 501 279 21 266 189 348 162 96 371 493 492 372 465 400 219 74 188 459 198 136 344 352 519 151 520 277 376 34 154 0 34 55 46 69 63 58 62 15 69 55 12 30 56 39 408 379 376 385 404 390 355 347 370 441 460 449 468 452 478 425 470 490 476 470 460 469 490 
104 469 505 464 249 393 435 503 227 331 423 412 340 92 165 481 270 235 356 455 108 328 321 45 242 75 482 167 471 242 25 231 180 331 141 88 361 475 490 336 465 392 216 41 176 457 167 136 332 335 497 137 500 268 346 54 143 34 0 50 31 49 33 45 40 25 39 59 38 36 33 35 403 349 370 379 394 364 351 338 350 422 440 430 432 444 454 393 461 477 456 457 450 443 478 
140 489 519 512 237 405 452 511 234 352 438 422 357 92 175 506 304 255 339 455 158 324 312 46 218 109 492 193 506 242 44 267 150 349 158 132 385 489 522 362 484 415 259 61 152 471 210 106 298 326 509 165 510 283 348 70 118 59 58 0 75 61 57 80 44 56 54 16 47 31 35 8 421 394 381 413 421 409 381 373 379 426 433 432 435 435 436 388 458 461 444 431 450 432 462 
67 455 485 438 247 372 414 490 230 314 391 389 335 73 154 462 242 225 373 435 80 317 342 63 245 59 477 149 460 263 51 211 189 332 131 78 337 459 464 332 428 370 180 51 196 428 145 148 352 339 506 118 482 250 348 59 155 56 48 84 0 69 43 5 67 37 64 71 57 72 52 60 378 345 341 345 355 337 318 311 322 435 430 445 440 445 455 395 458 478 463 443 456 439 475 
108 437 468 450 210 352 403 466 193 292 382 382 310 48 123 441 258 210 320 403 113 274 276 25 202 115 439 124 438 203 58 201 150 302 113 116 339 437 455 317 428 369 195 10 156 426 147 98 305 299 454 119 465 215 308 88 127 82 61 69 52 0 27 63 31 67 8 44 88 69 38 67 364 333 327 348 364 343 328 308 323 381 388 395 392 390 403 361 420 427 407 412 395 403 421 
83 437 483 443 212 357 416 483 203 293 386 369 314 46 139 452 257 215 328 419 102 298 299 20 204 94 446 145 448 223 49 203 162 296 105 110 347 427 457 316 425 372 208 9 167 438 147 112 326 304 482 123 467 242 325 93 133 56 51 55 48 22 0 46 29 53 16 50 64 69 40 60 380 343 335 352 371 353 327 311 338 397 417 418 413 418 425 381 427 446 421 429 415 404 439 
75 460 499 439 237 363 412 491 223 310 384 374 313 66 160 458 242 214 375 446 81 308 328 54 255 67 477 135 441 259 56 218 209 317 150 68 336 454 449 313 425 365 173 53 198 422 152 147 357 339 503 110 478 252 349 64 163 51 45 85 20 57 43 0 69 29 54 76 53 69 58 78 364 323 335 342 365 329 324 305 313 426 445 437 451 439 445 396 453 467 444 453 448 434 460 
117 454 490 470 214 370 418 486 198 311 401 399 320 59 150 459 284 218 325 419 111 303 296 8 205 95 462 146 462 213 46 236 160 318 123 126 362 451 482 328 460 379 221 38 148 442 161 93 314 306 479 126 476 240 332 77 122 56 42 47 54 32 25 62 0 60 35 31 55 52 28 37 394 351 349 363 387 361 346 339 342 404 413 408 416 415 426 376 430 443 434 429 425 422 440 
96 477 522 480 249 383 454 516 246 334 416 415 339 97 175 499 282 247 356 452 118 338 342 49 250 54 493 159 468 252 13 232 181 336 157 71 368 469 476 347 463 395 216 51 187 451 172 131 349 358 505 135 514 259 366 47 153 24 32 53 30 62 47 43 42 0 52 53 25 37 38 49 395 354 363 369 388 360 349 349 358 440 438 454 448 451 468 424 476 476 454 451 455 463 469 
103 431 487 452 200 341 407 459 184 284 385 368 305 52 127 442 256 210 323 407 101 288 292 23 208 99 450 132 448 220 55 208 151 295 103 107 348 433 455 309 436 366 211 11 165 425 147 99 318 309 464 116 469 222 317 100 117 65 48 53 50 16 13 59 32 68 0 55 67 71 32 65 372 331 336 343 369 355 317 305 337 391 394 406 406 407 404 369 410 438 409 402 409 404 425 
125 487 504 502 228 391 450 494 218 332 442 409 339 96 163 493 298 243 323 442 135 304 297 33 200 124 482 172 476 234 42 242 140 336 144 127 394 473 510 358 488 405 242 65 143 473 194 103 299 324 489 166 492 259 329 79 109 56 43 26 76 50 61 80 42 62 57 0 61 43 35 34 410 375 381 397 405 387 361 357 376 398 404 411 407 417 427 381 431 447 431 421 431 435 447 
120 492 549 488 265 421 471 532 251 354 449 424 360 110 189 521 292 255 369 474 131 355 351 75 269 73 518 187 498 284 38 267 195 360 176 87 379 504 496 368 467 411 233 68 197 484 199 150 345 361 541 167 528 301 382 31 152 11 43 55 54 83 60 64 69 41 79 70 0 40 46 40 431 390 377 397 412 387 366 361 376 447 460 465 466 463 477 431 493 488 472 481 468 469 501 
130 501 524 494 263 415 457 530 241 343 443 433 355 107 187 502 300 270 357 465 133 349 329 54 244 88 501 193 507 254 28 271 164 365 161 113 382 488 502 365 476 415 244 59 173 485 208 126 319 353 517 163 521 278 358 49 127 33 44 29 68 75 57 71 53 51 76 39 33 0 36 33 423 378 397 401 417 395 364 360 389 439 451 437 450 447 454 417 467 483 470 462 459 455 488 
116 459 507 475 238 373 427 498 220 324 424 397 339 63 154 477 289 239 327 434 127 304 298 33 216 99 477 157 469 223 40 238 158 333 123 120 376 453 491 339 459 387 221 45 164 450 177 104 319 322 490 144 488 246 336 67 118 55 33 32 61 37 38 53 27 54 44 28 49 33 0 25 402 370 350 367 398 372 344 341 345 402 409 416 426 425 437 387 436 447 432 439 429 420 439 
137 496 532 501 247 393 455 512 227 338 436 426 345 105 171 494 309 266 326 461 146 326 311 56 230 91 487 182 484 250 29 255 160 340 144 123 389 485 501 354 490 401 251 57 167 483 195 113 317 335 499 175 502 267 346 63 128 51 45 20 60 54 51 78 48 51 54 29 57 32 34 0 414 385 382 399 422 400 363 359 380 411 431 433 422 438 437 395 460 463 455 436 456 452 470 
318 135 197 139 288 172 128 196 315 95 39 55 124 337 280 171 188 179 469 271 300 245 408 380 381 416 190 244 93 356 405 178 448 200 301 373 89 155 145 106 135 12 215 370 443 79 223 386 527 364 334 261 281 187 342 416 431 406 385 412 372 369 364 378 382 394 360 410 422 417 388 427 0 71 48 58 96 96 68 68 67 371 399 380 389 408 383 372 361 353 370 386 341 345 383 
285 187 254 137 273 213 193 259 296 118 97 107 162 306 260 232 123 158 486 306 257 263 412 339 379 364 235 223 161 346 368 154 430 215 270 330 38 207 138 136 115 51 164 341 413 104 200 371 517 385 360 231 339 178 346 387 400 372 353 383 337 341 342 325 359 358 333 373 388 379 353 376 73 0 24 36 56 51 48 43 24 382 408 414 427 425 396 389 382 395 410 411 369 376 427 
277 188 228 140 262 189 173 239 297 97 78 95 136 301 271 217 142 148 463 286 259 240 398 343 362 375 221 210 147 325 372 132 411 192 265 341 47 193 142 124 121 37 171 326 417 97 200 376 501 376 356 227 320 167 339 392 412 372 356 396 333 332 331 339 346 361 341 368 386 397 354 379 45 25 0 36 61 49 44 35 29 386 413 392 415 426 396 381 377 384 385 386 363 362 415 
302 194 238 126 287 216 194 248 313 130 86 107 168 319 292 236 144 158 488 314 281 268 429 369 395 393 226 229 143 357 387 155 433 223 287 352 43 216 126 145 97 47 177 339 431 84 221 395 538 396 374 247 332 193 367 391 414 386 379 394 349 361 344 346 379 366 346 389 402 394 377 394 55 24 33 0 52 36 69 70 40 409 427 422 421 435 415 395 400 404 409 412 381 371 423 
309 209 262 99 324 252 225 270 352 151 107 137 202 342 316 264 142 186 516 337 278 306 441 383 406 396 259 247 163 386 394 185 472 246 305 351 40 228 113 161 89 95 190 374 456 85 236 401 557 425 406 257 358 226 406 409 450 398 389 416 363 361 374 361 386 395 368 411 404 408 398 419 91 49 71 45 0 35 106 86 45 441 458 465 460 474 436 441 428 435 452 460 410 412 470 
292 217 279 108 316 235 210 288 340 136 107 136 177 306 295 263 113 174 506 345 263 294 425 360 402 365 271 227 166 377 374 166 452 239 302 340 18 246 129 152 108 88 173 341 430 100 203 390 550 411 390 231 372 206 388 394 425 380 362 405 337 351 350 334 356 377 349 387 386 404 379 385 97 50 61 30 31 0 90 82 27 426 443 440 444 470 440 424 410 431 438 448 400 403 456 
260 175 210 182 249 168 155 225 264 61 76 73 98 280 233 205 161 129 444 270 251 203 360 326 335 369 199 190 133 309 344 117 395 158 237 316 77 172 175 80 151 49 180 311 392 126 180 337 484 330 321 219 283 140 301 374 379 369 349 369 325 316 319 325 334 338 311 367 369 374 352 371 58 56 36 57 89 89 0 14 69 345 375 368 378 378 362 341 334 361 362 373 315 335 376 
252 177 232 174 248 183 164 227 273 63 92 102 118 266 231 206 147 118 448 272 241 226 366 328 333 362 228 187 143 303 350 106 398 184 253 306 80 189 173 89 146 54 173 312 393 123 176 339 479 344 345 202 311 150 317 358 365 357 343 372 309 320 310 303 328 334 318 357 362 356 329 350 59 58 48 64 102 87 24 0 59 348 383 373 390 384 369 362 355 365 372 368 341 334 383 
263 208 247 129 280 221 187 256 300 110 109 124 150 292 264 249 114 143 484 305 239 267 404 337 382 356 254 210 161 340 346 134 422 215 260 317 40 227 155 124 123 73 156 328 417 100 197 375 518 387 379 214 346 194 346 373 395 371 350 375 320 328 320 320 337 352 324 368 382 372 347 386 72 11 30 31 52 34 56 55 0 387 418 420 430 428 409 405 392 399 401 416 374 388 427 
422 312 295 500 191 200 272 273 214 281 371 337 246 352 268 259 438 309 191 138 394 155 142 401 220 479 265 327 364 181 430 309 319 179 306 483 411 266 502 269 474 359 414 384 303 432 355 335 277 104 131 363 156 242 86 481 339 452 426 415 426 392 401 433 393 439 393 411 457 444 412 412 365 384 370 406 436 432 343 359 385 0 30 36 47 48 42 38 50 72 43 27 53 61 61 
431 337 310 514 219 229 298 300 224 308 397 353 274 376 295 293 474 344 186 170 417 173 130 415 221 502 284 340 380 199 449 332 319 219 311 486 439 296 532 303 505 393 437 408 315 453 375 336 252 113 150 378 174 261 97 492 351 455 435 422 442 390 415 442 404 442 405 415 469 443 422 434 398 423 404 426 452 451 370 380 417 39 0 8 20 25 34 37 73 82 44 29 76 72 45 
434 321 318 516 213 236 290 285 218 314 392 347 266 372 297 289 461 328 183 157 419 169 152 414 216 504 271 352 383 205 444 345 315 213 319 490 445 296 527 290 500 394 439 407 316 455 392 326 267 105 159 374 178 273 91 490 344 455 437 429 430 391 408 433 406 444 396 417 469 436 412 426 385 409 407 432 462 453 378 378 416 26 21 0 12 40 42 51 71 62 37 25 76 64 55 
445 335 328 516 216 239 290 300 218 314 393 347 277 383 295 294 478 333 183 159 420 168 141 395 220 505 284 347 390 201 447 337 329 224 309 484 437 296 537 302 517 401 452 403 311 453 393 342 266 107 152 379 183 268 86 484 350 449 427 426 440 397 414 441 405 448 394 409 468 445 417 432 405 411 399 428 464 448 373 377 433 39 4 26 0 19 39 52 63 71 56 45 93 84 49 
437 356 337 541 224 256 309 304 219 330 407 378 300 386 303 310 472 340 171 184 415 186 135 415 215 499 299 349 412 194 444 342 324 231 306 489 460 321 547 316 523 401 455 407 313 484 391 328 247 101 177 389 208 275 110 479 350 448 430 434 451 398 410 440 411 452 397 403 457 437 416 428 419 427 421 444 470 455 377 404 444 63 36 34 23 0 54 49 85 84 63 46 96 92 70 
450 308 299 503 211 217 262 261 232 306 369 345 263 380 294 263 456 323 211 133 430 166 160 418 237 518 251 341 369 206 456 330 333 206 330 502 437 286 517 275 499 366 434 411 325 446 375 358 278 135 115 380 161 260 111 498 366 477 444 450 448 416 421 451 415 467 417 437 477 462 438 442 368 406 381 413 455 430 367 373 402 23 50 30 42 49 0 63 49 52 17 20 62 49 38 
412 325 318 492 175 206 279 291 179 292 362 328 244 333 250 293 434 315 166 155 384 143 124 362 182 454 274 307 383 173 408 306 282 196 269 446 422 290 510 284 481 361 406 362 292 439 349 307 241 76 156 358 196 234 53 452 303 424 404 386 410 354 374 412 381 411 357 376 427 404 387 407 368 383 369 393 429 428 354 351 387 47 46 54 48 43 67 0 86 95 67 67 92 71 82 
445 277 256 475 220 203 253 233 240 296 358 317 244 395 300 241 464 330 227 111 429 166 189 416 251 508 237 348 352 229 466 333 349 192 323 491 415 252 481 259 478 357 437 427 352 420 387 369 304 154 88 374 118 260 122 497 373 474 462 441 461 420 423 462 428 467 416 430 473 457 440 448 363 393 381 388 431 411 345 349 395 61 66 61 71 80 44 82 0 33 38 41 25 34 49 
461 294 256 491 234 196 261 238 241 294 366 313 262 398 312 247 473 337 240 109 436 177 197 437 277 537 240 352 337 238 463 329 368 209 344 515 427 262 497 287 471 351 441 422 367 418 399 368 319 156 88 401 123 268 132 520 383 490 475 468 472 418 444 469 444 470 427 446 503 485 462 470 353 405 379 399 441 424 350 355 394 67 82 79 77 104 39 85 34 0 31 55 35 29 44 
443 297 279 508 230 207 269 254 236 303 368 330 265 394 302 273 467 343 211 138 433 166 168 431 238 512 261 361 363 208 463 337 341 208 316 500 437 266 512 279 497 374 444 425 330 436 378 348 301 141 121 382 159 254 109 504 370 466 445 436 444 415 429 446 418 461 422 440 488 462 441 438 375 401 379 403 454 431 351 364 415 46 38 35 57 62 15 68 36 42 0 19 42 52 21 
446 313 307 516 223 211 284 283 228 312 379 349 263 394 291 278 471 347 208 139 423 169 168 410 236 513 272 362 366 207 461 335 347 205 324 497 438 278 522 298 505 375 453 411 327 440 379 346 286 119 133 379 158 258 107 501 370 462 440 437 460 414 424 453 427 455 406 421 477 469 435 441 376 413 393 422 453 434 367 371 421 36 43 23 45 51 20 52 43 50 27 0 58 55 35 
443 264 250 460 212 179 229 227 234 272 326 299 232 384 284 216 447 310 241 97 411 149 196 423 257 500 224 337 325 226 460 300 361 169 310 498 395 239 461 242 449 335 414 399 348 412 363 360 328 144 80 368 102 243 110 492 379 477 449 443 451 411 411 452 421 449 405 430 480 462 421 441 338 376 348 385 407 407 325 334 364 63 83 68 96 106 48 95 39 29 51 65 0 26 55 
429 268 260 472 203 175 246 237 217 268 350 308 226 371 283 224 450 301 225 101 412 139 186 406 253 491 233 328 336 206 452 302 348 184 314 486 404 250 469 248 469 347 423 407 348 408 378 348 306 149 95 363 124 233 100 480 374 460 434 430 448 391 422 452 413 460 410 421 473 452 420 432 340 378 368 390 419 409 332 333 388 53 80 58 83 89 46 77 30 33 42 60 18 0 59 
461 318 298 521 239 227 281 264 249 327 397 347 276 400 319 279 484 342 213 142 434 195 186 433 249 520 277 373 383 234 476 359 366 213 340 526 448 289 525 300 497 382 467 432 345 457 410 358 294 136 121 404 159 287 124 519 375 498 469 454 468 435 447 464 436 478 435 437 503 477 454 463 399 419 410 434 457 459 366 389 427 61 43 45 48 57 34 86 42 52 31 35 56 47 0 

Depot information
382 438 949
25 255 2044
2 207 2047
10 480 717
309 221 1148
135 217 2998
65 243 1930
18 190 832
338 218 917
161 322 1595
57 359 1008
77 325 1516
157 277 921
403 362 1459
346 295 1936
30 208 1658
214 488 2625
242 356 1233
421 58 1602
129 115 2123

Cust information
362 420 25
230 193 16
360 101 21
451 370 23
398 182 15
471 465 16
34 200 23
316 360 21
8 320 20
360 183 16
470 398 23
240 356 25
488 231 15
190 224 17
361 311 18
430 473 19
113 438 17
41 228 22
0 478 24
147 298 18
26 475 17
89 371 15
270 464 15
436 373 23
481 229 17
24 418 22
303 400 23
454 281 23
497 77 18
318 101 23
109 54 18
333 392 15
89 90 23
239 286 23
276 109 22
489 438 21
486 268 25
481 414 19
465 399 16
492 369 17
441 415 17
439 365 21
441 379 25
437 418 18
458 370 23
466 411 15
440 370 25
481 361 18
490 414 16
492 392 18
465 376 18
488 377 15
81 371 23
116 413 19
115 398 23
100 417 21
90 448 21
110 444 22
131 370 23
138 381 21
124 420 22
237 51 22
252 28 23
247 31 23
254 27 23
269 19 17
222 33 23
264 61 23
195 44 24
186 33 20
217 32 20
228 28 25
186 61 16
196 58 17
214 15 25
