Seed 123 - Instance: n85m20_2
n 85
m 20
Q 284
L 0
U 1000

0 268 246 360 217 208 215 295 62 227 281 18 172 91 300 158 290 37 80 264 128 101 110 113 97 78 25 384 321 335 223 214 41 193 234 440 331 87 249 330 250 173 211 141 190 90 301 259 78 120 144 334 215 278 163 209 251 258 321 115 103 98 372 304 326 332 338 358 302 346 330 333 333 360 333 334 330 327 356 310 349 323 297 175 126 154 170 144 141 180 155 170 129 144 174 158 193 215 173 214 210 205 192 197 177 
263 0 486 258 444 390 470 92 309 80 57 271 416 348 509 280 268 232 332 32 386 193 370 220 294 308 281 571 396 546 349 246 249 347 357 340 401 209 123 199 86 123 467 200 408 257 90 306 232 265 390 309 282 33 418 455 264 472 413 181 206 369 409 368 362 401 378 418 359 369 347 356 401 428 391 254 243 248 286 243 281 286 257 117 161 147 137 136 134 111 110 119 150 149 118 120 110 77 108 70 85 82 110 86 107 
243 487 0 440 59 131 145 455 250 465 477 233 269 192 87 383 357 280 170 471 152 327 240 276 300 193 248 171 261 114 192 315 253 165 186 476 269 295 415 462 420 370 134 284 307 325 467 270 268 237 127 391 266 492 129 275 304 72 268 344 281 238 327 279 299 286 322 314 295 323 316 310 280 297 297 412 431 415 405 403 396 383 374 396 359 343 357 380 376 378 363 372 338 352 381 381 420 441 391 440 435 430 412 418 398 
359 258 450 0 417 323 501 163 400 317 206 361 509 406 441 441 103 339 364 217 414 317 455 253 422 348 364 462 253 462 247 161 329 279 281 114 242 284 139 71 192 225 495 232 526 401 153 197 282 267 407 104 200 234 439 548 157 394 256 291 263 457 218 226 193 233 204 244 189 192 162 188 227 248 221 53 36 40 63 57 57 83 85 272 296 245 221 286 289 239 239 257 243 258 253 269 296 284 288 266 279 289 298 240 288 
213 440 48 406 0 93 147 415 209 425 439 201 231 156 105 351 316 245 138 422 128 281 201 223 271 135 210 197 226 139 174 271 205 128 149 440 255 252 369 429 381 332 123 248 287 287 422 228 218 187 85 356 219 439 95 245 279 77 244 291 252 213 301 264 286 283 304 302 259 303 299 296 252 268 266 369 399 372 383 362 378 336 333 345 318 299 318 332 335 333 321 332 286 297 347 346 373 387 348 389 397 385 377 374 368 
207 382 135 335 89 0 224 344 214 373 368 202 289 171 141 335 246 221 133 367 161 255 244 182 272 141 210 208 147 174 86 181 181 58 63 366 175 223 285 350 319 254 198 182 316 269 353 139 176 124 136 271 128 376 150 302 178 104 184 258 193 233 224 162 194 198 223 212 169 204 205 211 173 199 188 288 314 288 281 283 277 249 260 302 277 258 267 290 275 286 279 289 229 263 299 298 331 342 324 333 352 338 345 311 322 
223 474 136 513 146 221 0 488 191 434 485 198 145 155 207 291 425 244 160 466 113 314 155 280 232 181 205 294 356 230 281 367 240 236 266 552 383 284 425 511 447 373 22 316 192 260 488 355 268 253 118 466 332 487 95 137 374 213 374 327 290 151 425 387 410 403 425 414 382 415 422 407 378 406 409 482 499 469 476 466 484 454 442 385 339 350 377 366 342 386 361 369 337 341 380 385 407 434 385 423 406 396 404 409 389 
288 99 464 162 416 358 480 0 339 161 56 290 455 361 478 331 200 270 338 57 395 218 391 216 349 316 317 536 352 515 303 188 257 304 314 269 340 216 61 103 53 130 463 190 458 302 10 261 248 248 397 237 242 73 415 498 208 437 340 207 200 393 342 312 310 328 308 350 282 304 286 290 337 354 329 167 171 178 201 156 203 214 185 154 186 156 128 160 178 139 142 144 162 167 144 156 164 149 165 141 155 145 175 126 159 
55 301 242 402 215 209 195 321 0 253 329 46 130 72 294 145 331 77 97 303 103 133 69 144 89 87 35 376 335 339 253 261 78 200 247 477 342 122 288 381 290 223 179 178 136 78 345 290 110 162 133 389 247 319 137 178 276 271 363 143 136 72 400 340 344 364 381 403 329 376 350 352 349 380 353 377 386 381 377 345 373 366 347 200 155 198 222 196 178 217 205 198 188 183 213 209 225 253 198 237 231 236 227 232 217 
227 80 466 317 410 380 447 173 266 0 125 234 352 302 497 214 317 192 294 113 347 147 325 214 230 296 243 572 421 544 360 277 227 344 367 420 420 171 186 264 149 138 426 207 349 194 169 339 219 250 369 357 308 112 379 403 296 454 426 134 202 318 446 413 407 438 419 468 385 422 386 406 430 442 430 308 311 314 356 298 333 334 300 82 108 134 138 95 99 108 119 101 162 132 101 99 57 35 66 61 42 54 47 75 73 
292 53 486 210 430 372 493 44 318 138 0 285 431 356 492 311 250 250 339 35 386 220 385 225 325 318 305 561 384 543 324 206 267 339 350 308 383 215 93 154 65 133 473 191 430 289 65 293 239 260 406 261 269 24 408 490 237 467 372 181 199 369 377 353 347 366 352 400 318 355 327 328 361 382 368 219 216 219 257 197 238 243 231 137 166 147 119 149 166 121 123 143 171 157 127 123 132 115 141 102 124 120 144 104 150 
18 280 241 365 192 193 208 300 55 238 289 0 163 81 298 153 305 45 84 281 118 103 117 118 106 80 21 371 308 337 234 214 41 176 213 425 328 94 264 346 253 184 198 136 172 86 312 248 79 126 128 338 217 301 147 196 239 258 327 130 118 106 369 314 323 330 346 359 292 339 311 337 327 352 322 341 342 328 342 327 353 310 296 188 139 164 170 156 147 185 175 165 147 146 189 183 212 222 190 226 218 212 197 213 177 
170 426 272 520 250 287 155 442 128 356 436 170 0 134 321 181 457 194 168 412 136 240 65 280 132 186 151 424 422 365 351 376 216 301 339 579 438 252 413 496 406 345 137 295 45 163 462 379 239 268 177 485 355 439 160 44 397 317 450 265 262 80 501 441 451 471 476 487 440 464 455 453 459 460 457 488 493 495 512 475 488 481 464 315 281 317 341 303 293 327 314 312 304 310 322 323 318 358 311 362 345 344 324 346 311 
81 335 193 401 145 173 137 357 62 304 345 79 134 0 255 201 329 111 45 344 55 177 76 162 125 53 62 325 314 278 231 250 98 163 207 461 318 160 312 389 301 230 143 186 163 146 363 255 124 153 72 360 226 356 86 175 262 219 322 176 150 69 374 304 334 342 357 354 300 341 342 345 331 350 336 358 385 368 371 349 380 338 337 248 208 221 243 221 225 235 236 222 199 208 251 229 273 289 238 275 277 260 268 262 246 
302 504 78 425 101 139 224 486 289 490 506 294 334 249 0 436 341 315 218 482 222 386 295 294 377 231 309 91 214 56 191 314 281 177 169 442 227 343 410 467 447 397 206 322 371 365 495 250 283 250 179 363 250 507 186 338 297 57 225 373 307 294 276 238 277 253 297 271 269 279 296 290 250 253 249 400 407 388 390 386 392 367 353 426 395 380 379 404 394 410 403 408 362 375 410 410 453 481 432 459 464 453 462 430 442 
152 281 380 461 347 350 305 336 142 203 313 160 184 208 444 0 407 144 219 287 242 140 162 243 80 233 147 514 462 478 366 342 189 323 362 547 474 176 312 429 288 253 286 246 162 73 343 390 200 266 265 461 355 307 259 228 377 407 475 175 214 153 518 460 462 486 490 504 440 468 444 472 462 482 466 440 436 438 457 413 455 431 422 209 164 231 243 184 175 216 229 205 215 201 211 201 193 217 173 218 207 216 194 238 175 
301 277 356 110 328 246 440 203 347 321 243 297 447 332 335 407 0 294 289 254 348 292 394 205 378 272 316 367 172 360 160 101 270 206 176 152 153 233 160 136 204 196 413 170 468 359 203 107 238 201 320 49 119 261 354 485 73 303 166 259 207 385 147 137 119 147 123 165 98 106 88 103 140 162 129 63 94 66 66 66 50 26 33 249 273 222 196 264 275 220 234 258 202 236 244 259 292 279 285 272 282 278 287 257 284 
33 244 271 327 232 212 254 264 73 209 247 61 188 111 324 143 291 0 110 238 169 57 142 91 98 99 49 402 312 373 238 204 42 205 243 410 335 61 222 321 221 155 245 121 212 78 269 236 56 112 164 337 219 255 185 244 242 281 332 80 81 124 365 311 310 347 350 375 301 348 317 325 331 357 332 313 317 318 340 297 324 312 289 142 94 130 140 131 118 134 145 130 103 123 141 148 153 182 131 186 181 160 155 164 136 
85 337 172 354 142 148 162 324 83 305 345 72 177 47 217 226 296 120 0 322 68 167 131 136 154 31 91 311 266 273 179 221 71 143 184 436 281 131 279 364 290 225 157 167 207 166 334 222 100 112 61 322 193 336 91 214 232 196 283 182 147 115 340 277 283 302 306 328 281 309 304 306 294 315 289 328 352 338 334 312 346 306 297 230 201 206 211 211 202 216 214 211 188 191 233 229 259 284 242 276 266 252 264 256 250 
266 45 455 225 416 360 461 66 315 122 28 286 420 328 476 299 241 240 318 0 368 183 370 213 309 302 290 542 368 530 319 216 242 329 339 317 377 198 105 171 54 105 457 194 406 264 71 279 229 240 370 267 262 36 399 462 238 438 381 163 202 367 378 340 346 377 353 404 326 345 318 326 369 389 370 211 214 226 264 216 255 248 226 110 153 135 106 133 127 110 105 112 140 129 102 101 111 84 116 76 98 104 123 72 130 
119 389 147 424 121 164 95 388 105 341 385 113 130 53 217 244 349 169 62 380 0 216 101 193 179 78 128 293 299 240 232 266 129 174 219 477 308 195 342 424 348 285 99 229 164 189 398 273 164 172 37 376 243 391 28 161 279 192 323 224 203 91 364 313 332 342 355 358 322 359 345 339 327 352 343 401 403 383 398 381 386 359 357 287 246 258 274 268 267 280 282 281 239 256 294 273 317 344 284 333 316 310 318 313 286 
95 179 341 317 295 271 311 225 135 151 205 112 242 165 378 133 280 58 172 185 222 0 188 115 132 156 104 457 339 418 258 211 103 245 268 401 355 51 203 291 184 122 294 125 230 101 233 274 102 140 232 337 248 217 239 272 232 332 352 34 95 177 391 343 338 359 361 396 327 351 321 347 340 380 358 307 304 309 336 287 330 307 284 79 40 106 112 70 59 97 99 93 98 79 82 83 109 119 75 126 121 102 106 125 86 
113 376 231 454 198 244 148 405 83 312 392 118 59 74 303 162 390 150 119 372 103 196 0 220 100 123 99 397 385 332 300 313 159 257 296 540 399 187 364 441 345 285 134 241 83 137 411 337 190 207 125 447 311 381 128 109 334 287 406 207 217 17 447 381 405 417 417 447 381 411 397 401 400 416 408 429 447 436 448 408 441 410 401 272 235 260 276 260 234 270 273 258 246 253 265 264 282 320 270 309 312 288 279 302 269 
102 214 259 253 228 169 294 203 159 216 220 121 273 159 285 244 188 100 123 200 199 119 217 0 195 114 134 354 244 345 162 124 75 140 175 331 245 65 161 246 170 97 273 45 283 163 215 164 39 58 180 229 131 225 218 309 138 248 246 94 29 198 288 227 239 267 247 282 220 241 230 237 247 275 250 219 230 222 246 203 243 220 197 140 126 92 108 119 115 117 117 125 82 91 145 134 173 195 158 174 186 167 183 149 169 
102 310 306 434 264 292 236 351 76 241 332 109 140 135 364 77 374 112 166 304 159 121 108 198 0 158 84 453 402 406 325 302 131 276 319 505 419 161 317 404 300 223 217 212 129 54 358 348 159 213 193 419 300 321 199 172 324 330 414 150 181 89 461 393 418 426 428 466 395 424 404 415 417 439 415 405 409 402 427 384 413 402 378 213 155 207 235 189 179 210 206 197 198 202 210 210 202 235 196 224 225 218 206 242 198 
83 315 179 351 140 140 173 317 89 295 332 69 190 65 223 218 278 100 30 302 79 157 132 107 163 0 90 309 253 279 167 192 68 125 174 413 273 139 269 353 268 203 156 151 200 160 328 204 101 108 74 326 193 323 100 210 225 203 270 173 116 127 318 259 277 299 313 309 267 296 275 290 270 294 282 310 334 314 332 298 314 297 284 209 178 186 206 197 201 223 211 213 170 180 217 220 255 275 226 252 255 242 244 254 232 
27 297 253 378 198 209 208 318 22 244 302 23 158 76 303 144 321 54 79 279 111 109 101 126 83 82 0 377 329 330 241 235 63 198 245 453 336 112 258 350 253 189 189 159 162 76 319 260 85 135 125 361 228 301 149 198 258 275 347 119 125 78 376 321 341 344 368 391 326 358 344 352 342 354 337 348 362 359 374 332 362 332 326 190 134 167 200 168 169 189 176 179 151 163 198 179 215 240 196 232 228 205 206 227 182 
384 567 165 462 184 205 305 518 386 560 554 366 413 326 92 522 359 394 307 551 297 442 397 352 463 300 377 0 223 63 237 348 355 238 204 450 242 403 460 484 505 444 297 368 453 461 527 270 358 319 279 377 294 574 279 427 324 125 236 440 374 381 268 244 264 253 285 258 277 296 290 281 256 245 246 433 450 414 393 421 408 381 394 483 465 430 445 486 476 469 462 468 435 454 489 480 521 548 511 531 527 512 516 501 510 
308 407 256 249 245 166 356 346 345 424 376 305 434 305 226 469 169 325 267 373 298 352 373 231 395 256 333 223 0 231 90 165 280 144 105 251 25 295 278 285 336 291 365 240 456 398 355 106 265 204 281 180 121 397 308 462 151 188 35 325 261 366 78 43 73 48 86 56 75 90 89 81 47 46 60 222 230 223 204 227 195 170 184 350 351 300 299 344 345 315 321 331 300 319 356 347 393 406 383 376 389 380 394 362 385 
340 539 120 461 145 183 240 510 336 548 529 338 371 277 60 477 372 355 275 527 245 409 345 335 412 273 335 76 233 0 229 347 334 205 205 471 246 369 452 489 483 424 231 353 396 413 515 275 326 304 231 388 290 556 225 364 341 92 247 419 355 340 303 265 292 270 312 284 292 313 308 306 255 271 276 435 454 428 416 416 418 395 399 457 430 409 426 457 446 437 430 447 405 415 466 448 499 513 472 496 500 502 506 485 477 
221 341 201 255 168 78 291 313 243 366 332 225 342 216 188 381 164 222 184 325 227 264 292 157 317 169 234 232 100 223 0 122 182 68 21 284 100 216 249 281 280 239 279 166 381 299 322 79 191 132 192 201 67 341 210 379 122 155 110 256 191 292 168 109 116 124 145 145 111 140 142 136 118 134 116 219 234 219 206 204 219 185 174 280 261 227 242 279 270 254 254 278 226 239 274 285 324 333 298 311 318 307 328 291 309 
208 240 315 169 266 186 353 180 257 270 212 215 375 245 306 332 86 198 213 219 275 208 323 123 292 212 235 355 165 339 137 0 171 152 156 235 173 169 131 159 162 148 352 94 390 285 197 96 147 112 267 129 59 240 293 410 49 273 173 185 129 304 204 154 148 180 166 210 126 150 128 152 169 190 174 121 142 135 148 108 132 102 105 184 191 143 141 192 199 164 160 176 131 156 196 181 233 226 213 229 236 209 236 188 216 
55 258 237 323 198 183 225 261 86 226 266 44 198 102 276 192 270 55 83 239 131 97 160 86 135 67 66 356 273 317 187 169 0 162 191 404 284 74 219 310 216 159 214 113 214 126 283 208 42 77 136 312 182 269 170 244 211 245 287 97 76 129 339 274 277 293 303 332 261 302 291 295 298 306 296 298 296 300 319 269 293 287 268 166 129 139 142 150 136 157 146 143 123 121 154 153 198 210 168 204 200 182 186 194 170 
190 339 166 297 138 39 244 307 198 336 340 189 300 164 176 323 200 189 140 319 178 240 251 142 266 128 201 225 139 203 53 148 158 0 50 339 157 188 244 311 274 221 228 156 319 274 315 107 147 97 151 243 97 343 178 318 144 129 152 226 160 241 205 145 160 176 196 198 146 194 185 182 156 173 180 262 272 252 244 248 243 216 224 257 249 215 236 257 249 243 240 247 195 227 267 254 314 308 279 300 319 305 306 286 294 
235 365 182 268 147 73 280 317 247 365 354 215 337 213 176 369 181 234 168 329 206 268 288 177 321 171 239 223 110 213 22 149 196 42 0 309 122 217 254 297 290 242 269 182 355 304 326 86 184 126 192 221 86 365 208 365 145 141 114 255 187 277 163 114 139 129 150 152 120 162 138 154 114 140 138 234 250 242 234 227 219 193 210 295 287 246 255 285 281 268 267 270 218 250 292 294 338 337 311 325 333 329 326 296 309 
422 350 487 116 456 359 565 266 475 412 315 443 594 471 444 540 152 412 426 327 479 408 529 323 514 404 441 454 257 470 281 227 392 322 312 0 232 375 253 162 291 308 555 305 606 480 267 221 363 321 455 103 246 327 484 625 200 428 244 381 342 524 199 220 203 222 176 227 194 184 164 181 211 217 219 113 124 118 96 140 107 130 140 356 386 332 326 377 374 326 342 360 323 334 351 368 393 388 390 365 379 377 400 346 392 
327 388 273 237 256 165 375 335 343 427 381 321 448 323 240 462 145 319 279 379 320 352 395 245 415 264 345 232 21 250 101 162 288 151 108 232 0 298 290 284 326 307 373 247 471 396 349 101 278 223 282 166 132 400 317 461 140 213 20 335 262 385 59 41 51 32 59 53 54 70 87 68 24 37 27 212 232 205 190 203 189 171 165 355 351 289 292 358 347 329 331 342 288 313 348 354 387 402 383 376 389 386 385 347 392 
81 203 298 290 246 216 284 215 136 184 218 104 246 162 335 177 248 64 147 196 200 54 185 65 151 136 106 401 306 376 222 167 66 195 221 360 303 0 165 265 165 99 267 70 246 119 228 213 49 91 198 284 178 214 222 285 201 289 312 53 41 185 340 282 297 304 318 333 272 300 278 289 300 331 311 259 277 270 285 259 270 249 247 99 69 72 95 95 88 92 89 92 58 66 100 89 126 161 119 148 151 139 137 127 107 
248 124 404 153 372 301 434 78 291 178 97 252 420 313 407 320 164 219 271 98 344 191 366 152 303 269 264 467 286 449 236 121 224 254 254 251 283 180 0 109 46 77 421 125 422 280 79 194 193 193 337 187 193 110 362 452 143 375 287 174 157 339 288 269 259 281 270 299 227 260 226 247 267 292 266 138 136 153 173 128 169 150 139 134 178 111 88 137 143 106 106 135 119 114 127 138 164 147 162 132 147 139 175 113 172 
346 195 468 75 432 337 513 114 389 267 160 344 502 383 452 429 149 318 365 168 421 290 448 233 399 350 359 482 292 501 274 163 300 309 308 167 273 274 100 0 129 187 506 212 499 381 103 232 275 250 405 146 220 169 443 545 166 423 280 259 240 426 272 270 238 273 248 285 239 234 213 219 277 286 260 79 67 82 123 83 105 136 114 226 269 210 188 243 251 197 206 230 212 223 220 225 266 236 250 222 241 237 248 206 253 
251 95 426 182 378 320 437 64 281 131 64 256 402 302 446 295 206 217 284 59 342 174 342 174 291 281 255 498 330 478 269 155 220 272 297 294 326 159 65 130 0 81 423 151 407 260 67 235 192 211 353 224 221 82 377 455 200 401 338 142 169 349 342 298 283 323 307 358 283 300 272 280 309 348 315 187 180 187 218 165 200 214 177 104 150 93 88 120 140 84 87 104 116 112 95 95 137 103 122 92 108 101 131 82 136 
170 119 360 220 322 262 382 127 221 134 125 192 337 247 382 235 194 142 224 119 278 127 289 111 239 207 194 443 309 421 234 139 163 230 249 317 295 101 95 194 73 0 352 91 336 206 132 211 136 137 281 244 184 125 309 376 171 361 304 91 100 262 318 273 273 298 292 331 249 290 268 269 295 321 295 207 206 212 224 195 230 218 199 71 98 35 13 69 68 29 42 48 37 50 72 61 115 108 84 86 92 91 104 57 93 
209 467 140 495 134 211 16 480 171 428 472 199 149 130 213 293 416 226 151 456 90 282 127 268 229 161 192 297 358 244 272 339 210 238 261 555 376 267 423 507 436 362 0 309 171 243 488 338 238 246 102 455 326 488 79 131 352 203 382 302 286 141 434 370 390 390 407 412 374 418 396 399 369 394 396 459 478 461 467 451 460 439 437 365 317 335 351 337 340 366 362 351 315 330 365 364 377 417 372 412 412 388 376 392 375 
132 199 298 215 257 197 307 184 178 200 190 145 301 189 317 259 173 120 156 191 220 129 244 48 224 146 151 381 231 355 174 95 113 161 179 300 243 71 140 221 136 86 296 0 308 190 193 162 78 67 219 222 133 199 230 350 133 272 250 96 57 236 283 229 219 258 241 283 202 240 206 232 243 270 234 189 208 207 222 177 214 186 182 130 116 73 91 130 126 113 102 110 53 79 132 111 177 182 143 171 166 156 165 133 151 
186 409 310 522 286 315 182 453 132 341 426 178 47 165 370 165 462 201 196 405 177 231 90 289 125 215 169 457 460 394 363 391 217 333 361 598 463 245 421 513 405 349 183 318 0 149 460 400 238 280 204 512 375 441 200 74 423 347 472 267 273 103 520 465 488 489 509 512 469 504 476 486 478 491 486 510 520 503 515 485 505 487 466 312 276 320 325 290 283 321 311 312 299 299 328 308 309 341 298 351 339 340 322 337 300 
91 258 326 398 272 274 255 308 85 213 299 98 170 148 371 83 347 87 156 264 178 100 134 181 51 159 73 460 400 418 298 281 126 264 293 487 396 121 286 381 252 192 241 181 147 0 313 322 147 199 202 407 285 281 202 215 305 347 409 127 155 113 451 383 390 415 412 444 374 409 381 388 396 425 408 385 377 383 392 368 393 382 345 169 113 169 193 155 148 182 183 166 170 172 168 166 177 207 150 190 193 178 172 202 164 
295 106 476 168 438 352 497 18 334 182 59 300 455 354 475 360 215 274 335 65 409 228 401 218 347 330 324 534 360 513 312 191 274 325 330 251 350 213 78 117 63 140 479 203 457 321 0 274 259 261 391 222 256 67 416 496 218 440 342 218 214 398 355 316 316 342 305 358 297 317 294 291 328 363 336 164 158 177 213 152 194 209 195 169 199 154 148 173 182 148 145 153 162 163 161 154 189 152 185 144 150 153 180 128 176 
245 317 255 195 243 155 340 253 273 349 294 257 389 259 240 389 98 243 221 278 267 273 332 167 333 209 269 270 91 274 76 86 204 106 82 227 103 207 195 221 251 206 325 150 405 326 264 0 187 149 258 142 42 312 266 414 66 219 105 255 184 331 125 79 77 112 98 141 58 104 87 84 98 125 92 165 185 151 147 145 155 121 125 270 261 207 204 258 253 230 233 248 208 215 252 252 315 316 294 296 312 292 305 260 296 
66 228 251 299 204 171 255 247 119 215 240 75 231 117 293 212 241 62 104 234 157 94 189 42 158 84 86 359 277 333 186 151 38 161 180 373 271 51 183 274 199 129 252 72 257 130 252 186 0 58 157 274 161 251 192 273 183 265 272 92 36 169 315 269 262 282 280 320 238 293 270 279 279 293 287 267 272 274 290 251 274 262 236 141 114 100 115 121 124 132 128 128 94 96 147 135 170 199 145 184 180 171 173 157 161 
119 257 231 269 199 130 264 236 155 246 260 131 275 144 262 257 191 108 114 244 164 142 212 57 208 101 133 311 221 288 117 119 75 109 136 334 209 102 191 259 212 148 256 74 288 190 260 137 68 0 166 239 119 264 190 303 129 208 231 139 66 211 269 204 201 239 227 265 203 221 202 215 212 247 225 223 241 241 241 220 240 221 201 170 166 126 141 166 167 150 148 173 113 135 173 171 226 225 197 214 227 217 220 185 191 
133 384 134 413 95 127 112 399 133 357 399 131 173 79 194 260 339 180 72 374 35 235 131 187 192 85 134 270 287 230 198 265 148 155 195 469 298 199 344 418 338 290 91 209 196 198 398 251 172 154 0 372 232 411 28 192 276 167 289 232 204 121 343 295 298 316 331 328 300 331 316 318 295 321 310 385 392 373 389 360 386 350 335 294 260 261 270 283 267 293 278 277 239 257 287 290 310 345 292 336 334 313 309 322 303 
335 302 375 100 347 278 472 227 369 365 273 351 489 378 360 459 51 322 334 266 378 330 438 231 430 325 363 376 168 383 193 129 292 242 203 108 149 293 189 147 239 241 455 212 521 399 231 137 275 237 368 0 139 282 388 527 118 337 154 301 264 433 148 142 122 152 118 155 118 99 95 96 148 170 131 73 91 56 36 69 50 30 60 304 305 261 248 298 312 255 266 279 252 271 295 282 337 318 312 312 320 310 329 283 333 
228 285 261 187 231 138 329 234 265 316 278 227 366 240 252 362 112 212 189 259 251 234 303 125 319 190 239 285 123 286 83 72 183 93 101 234 120 192 179 226 221 191 316 123 377 281 260 41 168 102 232 148 0 293 264 391 47 206 136 217 160 299 164 101 104 126 144 173 86 124 101 108 116 154 132 156 170 160 167 162 148 125 120 237 225 190 197 229 226 201 204 223 171 202 241 231 286 286 255 265 269 272 284 251 267 
298 46 480 225 453 388 494 67 327 111 24 292 447 359 520 304 271 261 344 40 406 201 392 228 324 330 314 558 402 553 345 229 278 340 362 329 394 217 114 168 71 130 481 201 441 287 82 315 248 259 411 281 285 0 427 473 264 464 400 188 226 372 407 367 365 386 368 423 346 359 343 354 389 412 379 237 229 230 274 223 262 270 253 139 173 152 145 155 152 134 136 134 171 150 126 126 123 91 129 95 105 107 121 94 131 
153 405 132 439 97 149 83 404 133 368 421 135 147 91 179 257 345 191 86 394 38 242 116 202 199 95 143 272 305 223 218 281 162 164 211 481 307 218 362 445 367 297 72 236 195 214 430 272 180 191 43 392 255 416 0 171 294 164 322 245 216 116 370 320 329 330 346 351 322 361 347 350 319 329 340 390 412 396 395 398 400 371 363 306 270 284 298 300 295 306 300 291 275 281 303 305 326 365 307 349 346 331 334 345 315 
220 470 268 548 261 315 139 501 168 401 490 208 43 170 348 211 490 248 208 452 167 286 101 320 171 227 196 419 459 372 367 402 243 335 373 614 469 282 447 537 455 382 146 344 80 215 492 429 265 303 193 535 389 476 180 0 432 333 469 307 305 122 524 471 485 484 508 506 471 510 493 500 488 504 488 533 538 528 542 509 529 509 498 362 316 361 363 352 339 365 362 365 351 338 357 369 369 398 348 399 391 382 375 403 360 
245 261 297 143 265 181 376 200 288 298 231 250 390 261 294 373 77 226 241 230 299 244 349 137 327 220 253 327 155 324 121 51 214 143 144 205 150 196 148 178 184 170 351 126 417 312 204 63 179 136 266 118 48 265 292 431 0 254 160 217 161 334 164 131 120 148 123 180 110 132 100 114 144 154 141 122 136 105 114 113 121 86 72 231 242 167 174 225 226 194 195 224 173 179 225 216 268 268 251 250 262 255 258 215 247 
273 465 68 405 82 100 210 440 279 451 462 270 303 228 41 416 308 289 189 451 197 346 271 265 332 200 266 133 187 79 149 271 240 134 128 429 206 292 371 434 409 357 192 275 347 342 456 207 259 222 151 343 221 469 159 333 262 0 215 345 281 269 264 210 234 227 268 245 229 257 256 264 223 223 223 372 386 366 358 367 358 323 330 382 356 344 349 378 376 369 372 376 326 341 389 377 427 429 402 432 421 413 415 396 397 
321 400 271 255 256 180 381 336 356 429 377 335 446 323 233 475 157 332 292 386 316 356 391 247 415 272 347 225 32 252 117 188 296 162 114 231 24 304 298 281 336 315 365 244 478 401 350 97 281 225 303 158 129 394 314 482 161 201 0 340 286 396 69 33 51 44 76 49 58 71 78 79 30 28 30 210 238 207 184 210 181 167 182 355 350 304 318 352 363 323 327 348 297 313 360 353 397 397 388 400 394 396 392 369 394 
111 168 330 296 283 250 314 202 146 133 194 120 264 171 364 174 261 69 175 159 218 44 215 102 157 162 125 440 322 403 243 185 101 225 252 374 336 46 159 267 162 95 306 94 266 114 218 254 92 127 231 299 222 184 255 295 209 342 334 0 64 204 367 316 322 342 340 380 303 325 302 320 337 363 332 275 287 284 300 257 286 279 249 62 25 73 79 51 35 75 70 68 58 63 66 68 93 109 83 119 109 92 87 91 72 
93 198 292 271 232 204 285 200 147 188 204 102 267 153 307 206 219 86 141 184 191 98 212 33 173 115 122 373 257 346 187 122 72 164 201 347 266 36 150 252 152 85 286 39 267 156 207 185 49 80 195 256 154 215 222 317 158 270 286 72 0 207 303 261 251 284 273 306 236 283 248 269 268 291 277 235 242 240 263 221 258 237 218 122 85 66 88 97 106 102 103 103 58 66 112 116 146 159 135 154 163 155 147 141 143 
101 356 229 442 204 242 139 382 55 311 383 103 72 80 302 167 377 144 100 355 98 185 25 199 89 113 88 380 379 338 280 302 145 238 279 523 389 193 340 440 337 269 147 224 90 119 395 311 166 201 117 419 292 381 129 111 336 268 398 200 194 0 429 373 389 394 407 424 373 411 400 393 381 408 392 414 425 421 432 396 437 393 385 263 206 245 274 242 238 260 266 263 240 233 269 256 279 305 252 302 295 276 279 283 252 
363 427 332 221 301 228 443 358 407 447 380 377 497 376 272 518 161 361 339 384 375 389 438 283 460 331 380 274 90 291 159 199 331 211 172 194 61 338 296 284 343 332 423 283 532 447 358 134 324 256 352 141 170 411 371 523 160 264 54 375 316 438 0 76 64 43 54 28 73 48 86 70 60 53 53 207 206 202 174 194 164 164 183 378 381 333 334 388 381 355 347 368 316 339 375 383 436 415 403 411 425 402 414 385 410 
320 388 279 222 264 177 373 326 334 419 345 308 432 318 242 451 141 307 270 352 316 334 393 229 411 274 319 260 51 265 102 154 278 147 121 227 36 293 261 251 294 285 372 230 458 390 315 88 266 201 289 145 117 369 311 460 116 217 31 314 259 370 62 0 40 36 60 59 28 57 50 47 31 48 38 192 207 186 173 188 155 135 146 329 325 274 285 333 342 297 304 323 283 304 334 330 385 376 358 359 370 353 381 327 354 
321 359 294 193 267 185 402 309 345 397 347 316 444 332 260 463 111 324 279 335 332 344 405 232 412 271 344 272 58 284 130 136 289 162 125 192 58 292 247 246 286 266 393 216 472 387 302 91 260 212 306 107 119 362 331 477 117 239 50 308 258 386 62 30 0 46 30 75 38 37 29 32 38 51 24 166 184 165 148 162 140 123 128 331 341 273 271 341 339 295 296 314 271 298 333 333 379 371 356 357 359 348 376 331 351 
337 405 283 217 281 194 409 331 372 436 361 335 466 339 250 473 134 349 302 371 340 358 403 257 436 300 351 256 60 275 138 172 312 167 130 222 37 302 279 276 314 307 385 244 497 403 342 97 282 239 324 144 130 400 335 494 137 230 44 335 289 413 44 27 31 0 50 29 57 41 61 57 15 37 16 198 214 187 159 194 167 145 156 353 353 310 310 361 348 323 321 346 301 322 362 351 397 396 373 397 402 380 409 369 392 
346 379 324 188 309 210 418 314 383 422 359 355 487 352 278 486 113 345 310 341 357 368 425 257 441 309 368 296 81 309 144 156 313 197 150 172 64 304 270 248 297 293 421 246 514 421 320 117 287 245 339 115 144 366 363 519 126 271 70 338 274 409 40 46 40 47 0 67 55 16 41 23 46 68 35 161 171 151 132 160 139 125 131 346 363 305 300 354 343 307 321 345 294 303 339 338 388 379 372 379 379 383 397 344 375 
358 432 308 235 287 213 418 367 395 460 401 367 483 372 253 513 157 371 337 389 373 389 447 296 453 321 378 242 62 280 160 210 320 193 166 213 62 333 297 301 355 326 406 286 527 447 369 126 308 260 339 150 164 409 357 512 176 250 48 363 306 435 26 70 67 48 66 0 78 63 86 71 42 19 53 211 227 215 191 222 192 169 195 384 399 343 337 387 390 354 366 375 327 351 382 373 423 419 402 408 424 417 436 378 411 
310 363 281 205 271 187 380 293 342 390 335 303 431 306 266 436 112 300 276 336 325 312 385 208 396 253 314 278 58 279 95 133 269 148 118 208 61 268 235 239 271 268 378 195 453 381 299 60 246 203 296 123 99 343 319 465 109 223 71 303 240 371 83 30 35 48 51 88 0 49 29 31 51 66 46 164 182 159 132 157 141 126 139 319 312 257 261 322 307 279 284 308 251 267 308 297 352 354 337 350 349 339 364 320 345 
343 372 329 198 293 214 413 302 381 418 339 350 467 342 282 471 123 339 307 344 351 354 411 258 424 296 352 279 82 304 131 161 304 197 162 188 59 314 262 231 305 279 415 248 493 410 318 110 278 230 335 107 136 355 344 502 117 260 64 326 277 414 47 47 36 47 7 71 58 0 44 15 41 58 50 159 168 149 129 162 132 121 135 351 355 301 283 337 350 317 309 328 294 298 338 346 384 372 377 374 381 358 375 333 364 
322 354 323 171 291 199 413 290 361 393 321 328 452 341 287 450 78 306 298 328 336 323 406 220 401 275 333 292 93 309 123 124 287 172 145 172 81 285 231 223 263 256 409 218 488 394 295 81 253 202 313 81 103 335 346 497 96 263 90 299 249 393 76 61 45 65 34 79 48 33 0 13 57 75 62 138 151 141 114 140 126 87 103 317 333 275 268 316 326 281 285 316 262 287 314 319 367 348 341 342 353 338 351 312 356 
331 362 307 173 290 196 414 304 357 400 338 330 453 335 277 455 92 320 305 323 334 350 416 232 426 287 342 292 89 308 133 139 299 190 145 170 74 287 244 227 285 267 400 230 494 387 302 89 270 224 325 106 119 347 337 493 115 260 69 327 262 396 57 42 34 61 35 81 32 19 23 0 45 71 44 151 159 154 125 162 121 117 132 320 327 279 270 327 329 303 300 313 275 297 325 328 377 363 358 348 374 362 364 327 359 
321 394 273 231 260 182 385 320 351 427 365 319 444 320 244 465 148 330 281 369 323 343 396 246 412 279 330 256 36 265 118 171 289 156 124 219 26 296 274 269 321 293 388 241 472 388 324 85 268 222 308 138 123 382 327 478 131 215 26 331 277 378 58 33 32 14 43 49 43 44 60 51 0 29 16 192 219 198 172 195 172 155 163 352 358 291 295 353 339 320 310 339 296 306 346 348 393 389 363 374 393 379 378 353 380 
357 421 283 256 273 201 409 345 368 452 384 342 474 342 241 489 165 348 307 385 352 386 426 275 432 289 355 239 58 252 145 185 322 177 137 232 35 330 301 299 352 331 397 268 499 414 368 122 293 254 316 162 154 411 333 498 166 218 27 363 298 401 43 59 71 38 62 36 79 67 85 63 34 0 28 218 235 213 177 210 189 164 185 373 367 331 325 382 375 344 344 374 323 328 380 372 424 426 399 402 409 396 419 380 407 
331 385 298 227 264 185 402 337 371 424 355 328 456 340 262 466 144 331 305 356 328 347 398 260 432 284 350 251 42 271 130 175 296 174 138 213 39 314 276 274 307 293 383 248 480 403 329 96 285 231 305 129 138 387 333 485 131 235 28 330 264 396 54 36 32 17 41 50 47 40 52 37 11 27 0 198 214 177 155 195 173 146 158 360 361 308 295 352 341 329 313 337 289 303 355 343 399 395 377 381 394 381 398 355 387 
328 246 413 45 377 287 473 164 373 309 206 324 496 357 402 434 70 312 336 224 386 295 432 228 406 315 339 432 220 423 218 133 293 255 246 113 215 252 140 85 176 202 468 200 493 373 157 160 264 235 368 63 155 236 397 529 115 360 226 263 227 414 201 192 173 198 165 225 157 172 139 165 205 222 201 0 28 19 57 15 51 66 57 260 283 210 210 265 261 230 231 243 212 231 239 247 295 274 280 263 282 262 296 228 287 
344 241 438 33 390 302 485 157 381 306 201 341 500 387 411 436 93 327 356 218 413 308 453 232 421 333 349 440 241 436 236 151 310 271 260 113 234 276 129 81 171 213 486 207 514 377 173 170 278 238 389 74 176 235 408 542 131 374 225 286 251 422 221 196 176 220 170 240 182 175 158 170 215 225 207 22 0 28 66 40 61 62 66 270 297 224 211 261 268 227 229 260 238 233 251 263 295 271 293 263 288 270 302 248 280 
328 264 415 50 380 297 467 170 363 321 219 328 479 377 395 446 71 313 328 235 386 304 435 234 412 320 352 410 217 421 225 127 283 246 235 119 197 270 134 101 193 199 475 201 507 376 167 165 270 226 385 60 151 244 395 535 114 372 209 282 236 421 198 191 158 184 159 209 157 154 142 153 182 203 194 28 30 0 50 33 34 55 48 262 287 213 216 278 279 230 227 251 224 237 245 250 306 287 286 270 287 274 303 243 294 
344 279 409 77 367 288 472 215 384 349 247 345 493 387 381 465 55 335 340 263 399 338 454 249 431 331 363 399 190 414 206 147 319 247 231 96 182 293 166 116 212 232 475 212 515 407 212 154 274 242 384 36 162 271 406 530 119 362 191 303 266 427 161 169 132 169 125 192 132 142 109 117 176 182 159 52 61 50 0 61 25 47 59 299 317 254 245 290 299 247 259 273 246 267 291 276 336 317 319 311 321 314 320 268 328 
306 243 409 54 373 291 458 170 355 301 214 316 465 344 391 427 63 299 326 205 372 284 422 210 395 300 333 422 222 419 215 112 278 239 239 127 211 258 132 84 159 193 461 176 492 354 159 161 244 224 368 68 149 224 392 517 105 360 205 261 228 398 202 190 164 206 164 215 151 159 137 149 186 227 196 20 39 35 59 0 49 46 41 252 270 197 198 248 248 212 209 236 212 215 232 231 292 269 275 245 265 263 271 223 282 
344 288 412 73 372 284 474 205 389 338 250 350 493 365 383 443 55 323 335 240 400 324 441 238 426 327 357 414 193 417 212 133 308 249 233 103 196 277 157 119 209 223 467 209 502 395 210 155 281 230 368 50 167 257 407 539 104 357 193 287 251 425 168 159 152 161 146 186 133 145 112 123 179 189 161 46 59 36 19 50 0 38 39 271 296 238 235 283 298 240 253 272 238 249 266 277 328 299 315 293 301 286 311 270 302 
316 271 365 92 340 253 441 201 364 339 238 315 461 345 355 441 22 303 313 243 373 297 412 222 408 293 326 384 183 384 190 119 271 213 208 122 165 251 160 126 199 211 440 197 481 368 210 111 251 215 344 38 140 259 377 514 81 323 174 285 231 407 157 137 118 154 133 169 114 126 104 107 157 166 139 62 67 48 38 49 34 0 35 258 278 219 219 265 279 233 242 259 215 246 257 264 313 306 291 286 300 278 315 252 298 
292 261 370 93 335 251 443 186 341 302 221 303 460 327 366 419 28 287 295 229 356 288 402 203 378 281 316 396 177 394 193 101 267 213 204 139 175 247 139 114 189 197 438 178 476 360 190 129 228 200 331 57 119 250 368 501 79 329 180 263 215 380 183 146 129 174 134 197 132 137 104 120 154 196 167 41 65 53 56 44 40 34 0 255 264 201 198 255 249 222 215 240 196 215 239 231 290 274 277 267 285 277 279 234 283 
162 116 378 277 339 305 378 159 202 98 140 189 315 238 417 192 255 144 220 105 279 86 273 145 212 222 186 484 354 469 276 195 164 271 281 357 352 106 127 240 98 64 360 129 306 176 159 256 147 175 299 302 235 126 318 355 216 385 361 61 115 259 374 336 338 356 352 383 310 336 325 334 339 368 355 255 251 252 288 233 285 261 254 0 49 53 62 30 37 42 48 11 66 44 12 9 62 53 28 55 62 45 52 47 50 
117 153 364 296 304 275 339 181 172 111 176 132 281 202 399 172 264 102 184 154 256 46 233 126 165 177 151 466 345 445 267 204 122 242 278 380 341 72 172 262 152 98 324 120 263 124 194 254 119 153 246 309 245 179 278 312 236 359 349 22 101 222 386 340 329 368 364 383 319 357 322 328 344 366 350 284 297 288 302 262 301 282 257 54 0 69 81 40 19 75 64 55 82 68 59 46 69 99 53 87 81 80 72 78 50 
144 133 356 230 297 259 344 154 204 144 146 158 309 227 376 229 209 128 203 136 264 90 271 82 204 181 180 447 292 410 230 151 127 221 241 333 293 80 105 211 105 22 344 83 323 177 152 203 108 123 266 252 179 144 285 356 176 336 310 58 83 244 338 284 283 311 292 341 262 299 264 269 293 321 298 220 229 221 240 194 248 227 197 64 70 0 26 66 70 44 32 45 25 24 48 47 117 100 95 105 105 97 105 65 92 
175 124 356 223 328 268 374 132 215 131 132 177 329 226 392 244 206 137 210 121 267 112 282 113 235 214 188 445 302 425 240 137 140 225 257 306 303 92 86 198 73 11 356 88 337 192 143 219 114 140 279 253 178 127 308 380 164 347 318 92 95 277 323 282 277 310 288 334 262 287 271 268 306 330 300 201 208 203 241 201 238 212 204 66 83 32 0 66 83 38 43 59 48 31 49 55 116 105 83 101 104 92 96 66 90 
147 135 377 286 323 293 365 159 181 97 149 156 305 213 406 177 254 111 205 131 270 60 254 124 196 208 167 482 348 458 276 201 143 260 294 382 342 92 144 240 120 79 342 117 299 153 178 267 130 167 286 305 239 148 295 349 219 379 363 54 108 248 388 336 336 368 357 381 312 335 328 338 347 367 344 261 269 268 306 262 291 278 250 36 33 65 64 0 24 45 38 18 68 46 39 28 49 83 45 57 72 45 53 58 32 
136 145 373 282 331 282 346 166 173 94 149 152 300 212 404 172 276 119 205 137 256 54 253 130 185 201 152 472 352 434 279 192 143 259 289 374 341 73 161 246 122 82 336 130 282 151 177 265 122 168 258 300 237 150 292 327 238 360 362 35 103 232 389 328 326 363 341 379 315 338 318 327 341 367 355 262 266 276 311 264 290 284 248 34 25 74 75 17 0 47 59 34 68 46 51 42 72 76 34 69 69 73 67 60 43 
171 112 376 242 327 289 372 129 205 113 132 185 323 241 411 219 220 148 219 105 279 95 283 128 226 219 188 470 325 447 264 165 153 237 256 328 315 99 101 210 80 38 364 99 332 195 139 225 124 158 282 261 215 125 302 381 202 358 327 83 100 275 357 294 305 318 322 354 285 305 287 298 309 342 321 221 233 233 260 217 237 233 205 36 62 28 35 60 51 0 21 41 46 36 37 41 95 82 70 68 82 76 84 51 81 
167 120 380 234 328 269 361 129 214 116 136 173 317 235 402 226 219 139 217 112 278 94 277 118 203 213 183 454 319 439 246 164 146 241 255 330 326 85 104 220 99 42 359 109 329 187 152 233 117 149 276 275 203 141 304 359 193 354 322 73 94 260 349 302 299 329 325 360 279 316 280 292 317 356 315 228 226 235 263 206 256 244 213 44 70 27 38 47 48 14 0 25 59 34 30 24 78 75 66 73 74 58 88 42 65 
167 112 380 262 343 288 367 141 194 109 128 172 312 229 405 195 246 138 221 108 286 85 264 128 198 215 181 483 334 455 275 190 146 252 282 365 344 88 126 221 103 52 355 110 309 175 155 260 131 174 285 281 223 127 297 360 212 362 345 58 112 252 376 318 312 349 341 385 293 336 302 325 340 370 350 247 258 247 274 241 278 268 230 11 47 59 59 17 41 31 26 0 67 52 30 13 67 76 38 68 59 62 59 55 57 
142 157 327 231 291 244 346 164 183 151 152 153 298 206 359 215 212 116 192 151 234 101 239 73 193 178 166 418 282 389 216 129 107 204 226 325 288 71 112 223 119 37 326 55 313 174 176 205 95 121 237 255 183 165 260 342 159 330 294 57 59 236 332 283 268 299 285 334 252 285 268 276 283 305 295 208 236 234 254 197 245 230 211 68 71 20 50 78 61 60 49 65 0 28 65 77 111 127 98 103 108 97 108 87 100 
140 148 340 249 309 255 355 160 191 133 144 156 301 203 384 201 223 124 193 136 249 74 250 94 194 190 171 441 320 411 235 154 129 231 248 339 318 61 128 227 116 43 337 93 300 169 176 224 108 142 265 268 188 164 267 335 191 340 310 52 63 231 338 300 294 321 311 350 264 312 273 283 302 337 311 222 242 235 268 224 252 230 211 57 58 23 46 41 53 44 28 46 28 0 47 38 105 94 68 89 107 85 95 79 74 
179 107 379 261 348 305 384 153 211 97 132 190 329 236 423 203 260 142 225 95 282 91 276 126 211 211 188 479 353 460 269 190 164 269 285 354 356 92 135 234 102 59 367 132 324 165 157 251 141 182 287 291 237 123 302 366 221 378 366 78 124 261 381 329 321 346 337 388 319 341 304 322 343 376 338 238 253 250 283 247 269 269 235 9 60 63 61 36 49 28 36 16 62 54 0 4 58 64 43 53 61 34 56 37 38 
173 104 376 272 337 304 378 145 211 92 125 189 311 246 424 207 255 129 233 119 284 96 272 134 213 218 181 492 340 454 280 197 147 255 291 351 346 90 120 219 106 53 356 121 316 175 162 255 147 178 285 282 236 120 311 352 229 369 362 74 102 261 375 331 332 345 350 386 311 340 305 319 344 364 345 246 251 265 287 241 266 264 245 13 64 57 60 28 43 40 25 8 60 58 18 0 61 58 32 47 63 41 59 44 46 
198 115 431 296 390 347 409 180 218 53 140 201 328 257 468 189 300 152 260 124 303 113 279 175 207 244 199 536 396 506 320 241 197 298 336 399 389 126 173 266 134 112 375 174 311 168 172 303 186 217 313 329 279 142 329 358 270 427 412 104 163 266 434 382 371 394 384 439 359 389 366 379 383 420 399 291 296 291 335 283 327 321 286 60 78 109 101 52 67 94 95 63 111 102 59 60 0 41 34 33 28 42 8 71 29 
208 84 440 274 403 357 414 145 255 45 105 219 353 285 477 224 280 192 274 94 344 136 311 190 246 280 228 531 403 505 333 244 219 310 330 380 397 147 150 235 114 110 420 178 356 203 152 311 189 224 349 314 280 111 369 395 273 440 413 113 166 311 413 382 360 408 386 433 350 377 360 361 394 422 398 284 274 282 306 267 312 304 286 71 102 100 104 78 75 84 76 81 118 110 64 65 46 0 56 21 17 24 36 48 62 
179 124 402 297 355 310 380 176 208 82 139 185 312 247 432 186 291 139 246 123 286 89 270 157 195 235 194 509 373 479 296 219 170 283 304 387 380 109 165 250 116 90 359 145 308 164 171 282 143 185 292 325 264 130 312 360 257 396 376 80 141 262 410 359 347 388 375 406 348 370 332 359 373 392 376 281 283 276 322 270 303 298 281 44 44 77 90 31 42 74 68 42 99 81 40 48 34 58 0 54 51 31 38 61 22 
217 74 430 275 386 334 409 137 245 50 97 211 347 278 457 220 272 173 271 91 322 131 304 172 236 255 222 528 376 495 317 225 201 315 325 372 378 138 145 238 93 98 405 158 349 196 139 301 190 220 341 307 261 100 349 384 263 416 391 116 150 291 400 361 360 398 366 419 333 371 342 361 370 397 372 267 260 265 310 255 287 281 260 43 82 93 96 75 66 68 82 66 114 97 44 46 38 28 42 0 17 15 31 39 44 
202 93 440 290 390 338 418 144 245 39 112 210 356 274 460 210 283 171 265 95 315 125 310 183 227 262 219 538 398 503 329 225 206 305 328 379 399 144 151 238 121 94 404 170 337 193 156 300 185 226 323 327 273 101 358 384 253 435 398 99 153 293 413 372 363 387 391 427 353 373 344 357 386 424 385 277 276 283 318 274 296 303 275 58 79 97 90 76 65 79 87 68 116 91 54 54 39 12 44 21 0 32 33 52 41 
204 81 425 271 385 340 397 152 240 49 119 215 342 273 443 197 284 164 252 103 323 114 292 166 217 258 212 529 390 491 319 228 187 289 322 380 375 131 141 243 98 88 392 157 335 183 156 293 173 214 312 321 261 123 349 383 246 413 389 101 143 283 415 368 347 380 378 417 331 371 350 357 368 400 378 264 276 275 297 249 304 282 267 51 78 90 81 44 73 76 77 43 98 86 47 49 38 33 41 26 25 0 30 30 34 
190 111 414 300 371 333 390 174 229 59 127 202 331 261 449 196 296 160 254 118 305 110 293 177 199 247 212 533 393 504 321 229 179 311 336 393 398 143 174 252 119 103 380 175 314 161 173 315 173 219 320 326 280 127 339 374 269 415 403 97 149 282 419 381 371 406 392 427 355 389 356 360 390 422 391 295 301 288 331 277 317 310 283 53 75 109 113 46 71 88 73 63 120 83 56 52 11 40 27 36 25 31 0 60 30 
205 83 412 240 378 318 415 113 229 76 93 213 346 277 446 235 246 176 262 86 323 130 305 146 240 242 220 500 367 473 302 183 181 291 311 353 358 134 113 209 74 66 389 131 337 194 137 273 167 202 315 289 235 92 347 397 232 412 373 91 141 281 383 342 327 357 344 390 319 341 314 322 344 372 345 242 237 250 280 234 270 248 230 42 92 70 56 58 75 51 60 40 83 81 43 39 55 49 61 42 39 32 57 0 53 
177 109 406 293 368 318 385 174 218 63 144 184 311 255 445 185 286 139 241 121 295 81 272 160 196 225 192 517 390 475 303 220 177 293 326 401 392 116 164 265 120 109 373 161 306 162 183 293 155 200 295 317 259 137 326 360 249 406 386 81 127 268 416 360 352 390 376 422 342 381 346 369 388 408 380 293 292 295 325 267 303 310 289 34 50 97 105 33 56 69 71 52 98 90 40 49 34 59 13 49 43 28 21 68 0 

Depot information
352 284 735
367 24 2619
180 456 2968
127 23 2706
201 418 2113
168 337 997
311 489 528
283 13 1373
372 322 1623
428 77 2615
326 10 2686
348 295 2334
431 427 1627
329 353 2846
111 448 2689
496 265 1262
117 116 2386
357 254 2055
296 335 1969
337 29 2476

Cust information
307 395 22
382 202 18
396 384 21
276 215 25
439 305 25
290 322 15
362 302 15
23 459 23
47 252 23
81 475 21
135 270 19
185 161 19
317 267 22
175 298 16
136 288 22
28 14 18
42 237 16
331 210 15
255 67 24
181 3 23
299 56 20
308 124 15
311 475 16
266 188 25
470 411 25
428 270 16
279 3 25
125 208 21
304 241 20
249 244 18
277 393 25
81 94 18
154 209 24
346 6 17
287 415 23
441 468 17
153 162 19
128 414 17
34 240 23
360 185 15
299 207 15
389 374 17
0 200 23
55 220 23
53 196 21
29 216 15
31 181 15
0 220 21
71 200 16
37 182 25
62 172 23
51 179 17
42 223 15
15 231 18
36 213 17
131 57 19
129 41 24
122 61 19
91 71 18
140 66 21
101 71 19
108 98 18
129 96 22
365 126 17
376 169 21
317 145 25
312 128 19
370 143 15
371 152 23
333 123 25
336 130 20
356 132 17
312 161 16
331 152 15
360 122 16
359 126 22
409 112 15
395 83 17
391 127 22
385 88 16
395 92 18
386 101 17
404 111 23
356 94 23
397 125 16
