Seed 123 - Instance: n100m10_2
n 100
m 10
Q 9999
L 3
U 24

0 388 320 316 212 538 272 126 615 125 426 104 262 391 102 106 360 389 58 102 463 159 454 209 425 381 456 350 527 439 573 333 339 39 430 404 450 445 390 446 374 463 386 440 293 511 354 437 266 430 489 334 367 181 277 370 398 189 264 243 107 136 144 141 144 144 127 112 129 135 139 120 142 391 398 409 382 406 398 404 380 390 378 409 397 412 365 384 373 412 391 386 387 341 365 345 313 313 324 344 336 345 329 344 315 353 317 314 359 465 
387 0 154 318 194 163 221 278 229 374 269 296 199 213 308 335 305 47 390 328 180 252 243 239 259 26 142 136 180 178 187 260 255 437 57 55 211 131 107 119 334 211 283 73 117 173 217 175 174 373 134 309 44 333 330 238 327 274 154 239 285 270 265 256 263 270 274 286 286 270 264 289 249 121 122 108 126 80 105 122 121 101 74 112 101 107 92 85 112 139 97 115 66 287 320 293 301 281 290 309 305 302 332 319 288 304 296 293 296 216 
318 154 0 175 115 284 241 212 349 256 169 214 213 315 225 294 166 114 280 273 163 181 354 127 338 150 154 51 225 289 293 305 120 343 143 147 317 260 220 265 397 166 159 204 99 304 79 142 190 250 178 171 154 207 191 315 399 261 174 268 218 189 191 194 175 186 193 200 197 205 187 210 177 86 83 125 81 114 110 116 79 83 99 123 104 127 77 93 86 113 113 72 108 339 376 352 339 327 339 372 355 364 383 389 338 353 346 342 357 320 
301 317 168 0 202 419 373 265 477 197 154 251 336 461 214 321 54 263 254 321 255 232 504 156 502 302 269 188 341 460 437 457 73 349 306 290 477 419 381 423 514 221 96 376 239 479 111 218 315 129 308 28 318 137 43 464 532 368 310 374 233 221 241 237 242 211 229 240 242 266 242 232 236 219 215 246 211 274 234 241 221 232 242 248 233 257 237 248 226 231 244 228 258 469 509 486 460 463 483 498 472 484 486 511 467 497 464 464 502 485 
220 193 110 217 0 340 178 112 405 190 259 111 148 269 127 174 234 188 207 170 272 67 322 80 305 202 262 158 318 275 366 262 192 241 228 214 313 277 227 284 319 265 228 258 95 329 186 248 121 314 272 221 182 162 212 260 335 177 113 180 109 84 97 79 65 84 90 101 102 101 93 109 68 185 191 213 192 202 208 221 176 183 177 221 211 208 166 168 177 205 205 184 179 266 309 298 262 246 282 303 290 289 295 316 267 288 256 263 293 307 
551 150 271 416 337 0 334 424 84 515 338 449 318 293 471 490 420 177 531 475 212 393 279 392 299 152 178 257 139 236 49 342 379 571 128 144 234 161 196 146 408 257 377 117 252 153 312 228 324 447 152 418 191 466 459 331 393 413 299 369 440 422 428 419 399 429 417 438 425 427 420 438 410 208 213 186 217 169 204 187 227 208 197 201 190 185 217 191 225 220 186 223 191 379 407 390 397 387 383 412 413 396 434 412 387 396 387 402 392 233 
268 217 235 361 176 330 0 167 384 308 402 221 37 115 245 189 394 241 304 176 361 166 190 236 157 199 318 264 377 176 381 91 357 303 250 253 176 206 169 216 157 382 394 228 168 243 321 343 53 468 345 379 183 299 374 98 184 99 79 37 202 209 190 196 178 204 206 210 182 180 181 200 167 277 293 287 275 261 289 290 271 254 251 293 286 289 266 243 276 310 259 266 247 105 142 120 104 107 112 129 117 136 135 139 98 128 99 115 129 206 
129 286 225 267 104 430 172 0 496 164 367 50 149 280 80 74 310 285 142 69 376 42 345 146 329 266 358 254 423 314 463 244 281 158 318 302 324 339 278 341 301 382 319 323 191 383 277 357 135 392 382 279 252 164 266 260 328 113 153 148 57 66 57 45 50 78 59 56 23 17 40 53 36 296 293 307 285 286 311 314 284 277 290 307 292 307 273 278 292 304 301 279 275 251 287 268 240 224 248 264 241 272 259 284 241 260 235 239 282 343 
609 216 330 486 418 75 387 491 0 580 395 511 378 350 524 554 455 232 591 527 265 470 320 448 353 219 221 319 178 273 68 404 424 648 207 216 291 210 254 197 463 297 419 177 314 171 382 278 385 497 196 467 258 535 526 368 442 480 354 432 498 469 482 474 464 496 499 504 498 486 472 503 460 271 268 232 287 231 248 243 289 272 251 253 246 246 277 267 268 275 248 284 237 423 461 429 439 438 436 451 449 436 474 466 430 435 453 456 440 261 
131 359 243 207 191 507 311 161 574 0 329 109 282 416 84 175 251 351 82 187 394 151 489 129 465 366 403 287 466 457 532 387 238 162 391 367 461 439 389 452 450 381 279 425 274 508 267 373 270 309 420 211 355 74 166 408 472 262 277 303 125 122 120 124 143 117 118 116 137 156 133 104 154 333 338 353 327 341 336 354 313 327 332 359 351 366 314 333 321 350 343 316 346 394 426 417 380 371 395 417 385 404 404 418 380 409 371 393 426 492 
417 269 179 140 275 340 410 368 393 331 0 342 381 457 318 433 109 234 382 401 143 324 516 237 505 276 190 146 239 431 336 485 96 468 258 240 454 383 357 378 548 103 62 314 260 430 99 114 349 108 209 132 295 263 191 475 555 427 322 425 340 306 331 328 305 309 322 325 333 355 323 345 318 158 149 197 167 202 175 181 161 179 196 177 171 185 177 191 175 162 197 166 211 502 545 522 490 497 502 523 527 533 545 546 507 514 493 518 531 463 
107 297 213 240 113 450 217 50 505 113 345 0 182 318 54 99 280 293 96 97 372 55 393 119 359 293 352 249 438 355 470 289 263 147 321 312 382 371 322 378 343 361 291 347 205 409 251 349 178 362 395 253 266 126 226 300 364 155 182 200 19 48 42 46 55 52 38 24 38 54 47 20 45 296 308 328 303 293 302 319 283 286 280 316 297 320 274 292 290 301 297 286 295 287 314 300 270 269 300 316 301 314 295 315 283 301 281 272 315 391 
249 200 219 339 138 334 46 141 380 292 384 190 0 145 212 186 357 214 263 158 331 143 220 194 199 195 311 238 363 177 375 119 322 297 225 228 194 207 155 211 196 344 343 216 140 249 289 326 31 445 315 350 164 278 356 127 208 103 56 65 169 162 159 167 153 181 181 174 159 142 150 183 146 253 257 251 261 232 267 274 244 241 221 275 254 261 239 219 241 279 248 230 209 153 185 162 140 130 141 165 159 154 174 182 130 156 130 145 166 209 
384 223 316 459 263 292 129 286 341 425 477 332 147 0 347 290 470 262 410 297 386 276 69 341 55 217 354 324 375 85 344 60 423 411 258 267 76 155 131 154 135 418 456 214 222 186 393 399 155 550 357 457 189 416 465 50 124 207 166 139 323 318 308 292 283 328 329 326 290 295 301 312 280 331 339 306 320 279 317 330 307 302 281 334 306 323 308 285 320 347 304 298 275 92 122 100 116 134 104 122 127 112 150 124 120 110 122 132 114 105 
113 328 227 218 135 467 244 82 530 74 326 54 225 350 0 122 267 312 78 131 377 87 431 102 407 323 371 241 437 383 483 313 244 155 344 331 401 386 344 400 385 369 274 382 220 442 245 336 211 337 385 239 287 99 206 344 410 199 201 227 57 55 60 74 76 49 41 49 64 76 67 40 80 302 308 320 303 322 313 328 283 292 301 313 303 323 289 289 292 316 318 290 292 335 363 337 305 296 337 338 337 350 338 364 310 351 305 327 360 418 
105 348 276 334 173 478 191 72 551 193 433 102 182 293 118 0 359 355 141 25 435 115 361 203 333 324 408 323 472 354 511 256 346 132 371 357 359 366 327 373 279 429 378 373 241 417 333 412 173 454 436 342 301 202 324 283 304 104 190 151 96 122 114 121 112 127 118 103 95 84 103 90 118 363 373 366 366 354 377 370 334 345 351 385 357 376 338 328 347 377 349 334 332 250 265 267 233 225 243 264 230 263 243 264 234 262 227 220 263 376 
356 313 172 46 242 402 389 315 466 254 102 285 349 474 251 371 0 255 315 348 234 276 527 191 522 299 241 175 318 454 418 480 50 390 287 279 486 416 384 434 545 192 56 358 256 462 99 188 335 105 283 29 322 183 92 480 558 404 322 411 286 258 273 256 274 255 260 264 291 306 287 270 274 206 215 247 210 254 224 230 208 231 245 233 235 231 220 230 209 211 245 220 249 492 525 504 482 471 500 522 502 506 526 538 484 518 495 504 523 485 
403 61 125 282 186 168 248 284 233 356 230 306 222 267 311 347 274 0 370 323 149 239 294 223 303 62 89 91 151 229 192 285 231 427 38 37 253 176 147 174 366 156 226 118 120 219 180 141 207 328 104 274 75 295 312 273 360 302 176 274 289 259 264 256 250 273 280 282 285 277 258 283 250 82 72 63 81 29 66 60 67 50 44 74 68 61 49 52 63 82 30 52 13 333 360 338 337 322 328 357 344 346 368 372 320 346 338 335 333 261 
61 397 279 263 193 532 300 135 604 80 392 106 267 413 86 146 317 375 0 148 435 155 469 188 451 378 428 311 503 452 557 356 290 87 417 401 453 462 409 458 416 418 337 436 276 507 301 418 277 390 456 276 372 124 229 390 442 230 265 265 119 121 132 125 151 114 117 122 119 127 130 102 136 373 378 397 373 383 384 404 352 358 361 395 385 391 355 354 370 375 372 349 368 372 387 386 337 329 368 391 365 375 367 387 345 380 344 350 391 474 
110 325 263 312 172 464 169 71 521 186 410 83 161 296 132 16 351 336 134 0 418 111 352 197 323 307 393 300 457 346 495 244 319 137 354 356 337 369 298 360 280 417 373 372 238 404 316 403 177 433 425 323 282 200 300 263 314 97 176 154 98 107 93 97 114 127 107 97 72 79 96 98 107 332 356 352 343 347 350 371 328 333 323 355 351 367 322 315 335 361 342 320 333 231 263 244 226 201 245 254 231 244 233 246 228 247 218 228 265 363 
470 190 172 253 278 211 367 369 267 407 136 381 342 398 368 450 226 131 434 430 0 326 423 283 424 187 69 133 96 350 216 429 201 511 138 147 376 286 279 290 490 61 178 225 225 320 156 50 319 243 83 241 205 351 288 416 500 422 300 388 364 347 354 350 338 340 340 367 367 372 360 373 339 102 94 101 103 115 87 77 104 115 119 69 94 81 117 128 103 72 109 104 145 445 492 453 452 454 451 482 469 464 486 498 456 465 453 468 468 380 
155 245 174 234 77 405 166 56 462 160 322 72 148 284 93 110 267 252 146 110 333 0 344 101 329 253 314 207 387 301 439 240 245 188 282 267 324 317 262 315 299 332 283 296 150 355 238 307 132 349 348 252 220 156 236 258 319 129 127 150 48 44 43 28 15 45 59 57 35 38 35 62 9 261 263 276 243 263 271 266 238 250 247 279 252 269 228 232 256 271 259 244 242 260 299 279 240 245 258 275 271 272 276 282 248 279 241 243 292 349 
448 253 359 505 328 277 198 346 319 491 500 396 210 80 419 361 518 292 476 358 418 347 0 388 51 233 369 366 389 79 333 130 482 480 288 288 65 136 153 157 153 442 500 220 283 157 434 428 215 586 378 504 221 474 526 100 127 262 229 223 381 374 369 364 355 379 377 378 367 362 354 393 360 370 369 333 360 317 346 353 346 332 317 348 339 347 324 320 352 376 316 343 306 156 176 157 185 189 158 175 179 157 191 176 163 162 175 181 140 61 
211 250 131 152 72 389 242 133 453 130 230 120 208 332 106 192 176 231 184 197 274 100 391 0 377 233 259 144 331 348 411 308 145 250 252 249 371 334 273 332 387 254 194 307 137 373 139 250 194 263 287 161 228 94 154 329 401 228 186 239 123 89 96 103 95 90 87 107 109 134 99 119 107 193 206 230 201 218 208 231 179 191 208 234 211 229 200 200 192 215 219 182 222 330 370 351 322 316 337 365 340 349 348 364 323 356 323 339 359 379 
433 249 352 502 308 305 158 326 349 475 499 374 198 51 391 336 505 291 454 338 413 311 40 379 0 251 381 355 383 78 358 95 468 460 285 292 61 155 146 177 135 449 498 225 274 183 418 416 203 585 371 509 226 459 507 82 108 240 218 184 358 349 352 338 337 368 359 362 330 335 341 368 322 368 369 335 368 301 356 355 347 332 320 369 352 338 320 322 345 362 333 337 305 118 142 105 137 142 124 145 137 121 161 143 142 128 150 146 121 90 
383 20 148 320 188 158 203 269 222 354 276 292 180 217 323 332 312 70 384 322 180 253 236 226 240 0 141 135 181 181 207 250 264 435 47 49 205 131 101 128 320 215 289 75 96 174 204 179 179 363 158 314 45 318 330 224 326 271 154 234 279 262 259 252 261 279 271 277 265 276 260 285 246 121 127 106 132 71 128 130 107 90 92 115 116 111 112 91 117 125 96 116 67 278 327 293 291 276 292 307 302 299 327 325 281 289 294 293 304 198 
456 132 163 274 260 170 333 358 218 401 184 368 313 343 364 427 256 103 437 397 68 316 363 260 374 149 0 118 92 299 178 376 209 488 101 87 323 229 226 242 446 103 218 158 195 261 175 82 295 282 37 267 170 332 313 353 452 376 259 365 345 330 329 325 327 326 343 341 340 336 330 358 317 68 80 56 77 73 61 53 89 80 92 47 55 49 97 89 82 66 80 84 95 410 449 410 419 406 407 433 430 427 456 457 404 417 408 427 432 322 
349 131 50 185 159 247 265 253 313 290 163 242 233 330 247 314 176 93 328 309 142 216 361 153 350 140 118 0 203 297 279 336 136 374 140 127 325 253 228 265 414 128 153 206 104 304 86 108 226 250 142 169 153 237 209 335 408 298 187 287 236 208 218 217 210 229 222 239 241 231 216 248 212 57 64 93 57 91 72 94 53 75 65 74 76 100 65 66 61 67 90 52 99 352 391 367 346 354 357 396 374 377 384 402 357 374 356 358 378 327 
527 172 229 343 314 128 369 415 169 473 234 423 351 372 440 477 317 137 500 461 103 378 384 342 391 172 83 198 0 317 122 414 284 562 134 131 329 241 249 234 481 134 269 167 253 264 232 129 342 350 52 324 207 420 380 386 483 442 316 409 423 397 406 391 389 390 413 420 410 423 395 427 389 145 134 119 150 148 127 116 155 143 159 114 134 107 164 160 147 145 126 147 145 437 488 462 445 450 457 471 460 462 489 480 442 460 460 460 458 328 
421 176 285 456 282 231 159 313 267 454 440 354 176 82 391 347 468 222 455 339 351 314 68 341 78 185 308 293 311 0 284 141 409 463 207 224 43 84 91 92 193 390 434 145 225 97 370 349 189 537 305 455 157 429 482 118 178 250 177 194 354 344 337 318 315 342 351 352 327 328 325 352 319 284 304 277 282 247 275 293 271 272 264 298 282 275 264 260 292 295 260 265 226 165 211 170 199 199 189 201 196 189 214 210 174 189 195 193 186 33 
570 181 302 425 377 55 380 453 65 544 348 480 359 352 499 526 408 185 563 496 207 436 332 404 357 199 181 263 113 285 0 391 384 610 154 170 289 204 228 205 452 243 372 157 283 187 325 221 349 441 149 432 214 481 463 381 453 466 334 423 462 453 456 434 441 462 456 466 453 463 446 476 428 218 234 187 223 184 205 200 229 215 205 206 209 199 225 211 230 222 195 220 201 432 471 429 431 434 434 459 446 434 474 473 426 437 444 453 432 285 
337 251 311 448 253 342 91 234 395 393 480 286 122 61 315 244 479 283 357 245 428 251 128 317 95 243 365 336 404 133 383 0 414 355 287 283 132 209 172 220 82 439 463 250 240 238 384 402 128 557 394 451 218 380 453 29 93 163 165 108 273 268 271 259 262 298 281 275 254 250 269 277 248 337 348 337 340 301 350 341 323 315 299 358 342 345 322 306 343 348 313 319 290 48 77 54 65 57 55 68 71 62 92 92 60 63 55 66 54 169 
328 270 134 70 197 378 346 278 424 227 104 245 316 423 240 337 47 226 287 326 198 231 478 138 468 272 207 136 279 408 373 414 0 366 251 253 435 386 328 370 505 161 64 327 199 429 64 174 290 140 248 56 266 184 113 426 507 349 274 366 254 230 236 232 229 213 221 233 260 256 253 257 243 163 159 192 171 218 174 191 171 194 191 194 195 199 169 193 171 166 190 180 202 451 482 472 432 443 447 475 456 461 483 481 440 475 434 460 480 441 
55 442 343 334 258 576 306 152 649 156 454 134 278 417 143 127 386 434 78 145 517 195 473 253 453 430 492 374 569 456 605 357 357 0 455 452 479 479 434 494 393 486 404 480 326 539 391 489 298 473 510 355 408 215 311 396 422 215 294 275 155 181 177 186 178 172 177 154 172 154 171 153 177 430 429 443 425 445 442 455 425 416 423 462 433 463 411 408 425 447 442 424 427 350 367 380 323 331 364 371 350 364 337 365 335 369 343 338 374 501 
424 57 155 300 209 147 244 308 211 383 249 329 222 267 345 369 288 38 409 344 145 284 283 246 282 64 98 136 136 209 163 285 252 457 0 24 234 147 129 143 359 177 254 74 140 176 199 149 220 354 101 301 88 328 336 283 356 324 188 293 319 283 296 296 279 294 312 311 297 310 286 315 285 97 110 79 110 59 85 94 108 86 66 86 72 64 95 86 90 114 60 85 56 327 367 323 328 334 326 344 346 341 364 353 331 333 332 340 333 231 
405 49 135 305 214 149 236 300 204 376 234 326 234 267 340 355 297 31 404 353 149 277 285 240 295 56 97 116 140 209 164 293 240 441 26 0 231 154 139 162 375 168 264 81 121 198 186 154 218 348 112 293 82 338 322 271 361 308 196 281 304 277 287 283 282 298 298 311 292 291 290 305 276 91 101 75 102 43 74 88 82 63 64 79 79 61 79 74 89 93 68 92 49 335 354 327 334 318 331 350 343 337 374 363 330 342 330 343 335 245 
450 213 320 485 302 235 186 328 291 474 461 374 198 77 394 362 481 249 464 347 375 323 56 372 61 197 314 322 337 23 290 133 434 470 242 236 0 106 103 113 180 412 456 183 237 118 403 374 197 550 328 474 185 453 504 117 169 265 197 204 369 343 339 334 338 356 360 366 340 341 341 366 325 307 311 302 322 268 298 303 311 294 286 323 301 306 279 283 307 334 276 304 267 160 192 170 185 198 172 188 189 173 210 205 181 176 189 197 168 21 
441 138 270 415 270 158 206 324 209 448 385 360 199 147 393 371 421 165 459 354 293 302 148 324 162 134 243 259 255 89 195 206 387 487 150 162 94 0 68 18 271 319 392 83 197 62 336 295 193 484 240 413 126 418 440 181 261 294 193 245 350 338 335 340 317 344 347 360 349 344 323 371 327 249 250 209 237 193 224 237 233 211 201 236 214 211 213 207 227 237 212 215 177 240 263 233 255 260 246 252 260 239 281 280 240 239 245 269 247 103 
401 103 225 377 217 190 150 284 236 391 353 304 158 129 330 325 381 155 405 312 277 268 157 286 148 98 231 214 249 80 222 168 334 422 131 142 120 61 0 61 253 300 360 98 147 110 287 264 143 443 230 381 86 373 401 155 238 253 141 201 307 279 287 270 265 306 288 300 293 279 269 308 263 225 228 187 219 174 212 204 209 189 167 217 190 188 196 169 202 230 190 196 158 218 255 224 215 216 206 245 225 227 247 243 221 219 228 221 213 116 
447 117 259 420 289 150 213 351 187 460 396 371 206 169 389 388 431 175 460 377 289 319 145 332 162 128 226 248 242 100 192 202 387 488 147 146 105 12 74 0 266 322 406 79 207 62 327 279 206 484 233 422 129 430 454 189 267 301 209 258 365 346 336 346 337 365 354 353 355 336 345 367 334 244 243 221 244 191 224 233 220 211 202 224 214 208 218 202 223 240 209 218 185 247 289 244 265 259 245 277 279 264 303 287 261 246 264 263 248 105 
375 325 401 524 316 412 163 288 455 437 561 338 190 128 381 297 544 368 405 278 488 310 163 386 131 329 452 415 487 192 452 79 489 388 377 371 187 274 248 281 0 512 530 324 312 300 459 482 207 624 459 523 296 447 532 108 47 200 231 152 329 331 325 331 323 353 349 335 320 308 324 334 304 423 435 411 414 393 418 424 405 394 388 430 410 417 385 380 413 437 391 408 364 61 30 50 66 76 52 34 52 35 69 44 71 34 78 64 45 202 
454 206 156 223 260 254 374 365 310 386 111 357 346 409 364 429 179 171 423 421 56 325 445 264 449 222 97 132 154 372 246 431 162 493 183 181 394 316 295 310 527 0 150 244 229 352 123 46 330 215 124 208 234 309 257 429 530 415 315 406 361 338 343 344 334 335 336 356 349 360 348 363 342 103 100 118 102 153 115 106 117 138 139 105 118 113 124 131 110 83 135 118 160 477 518 485 463 467 469 495 486 493 503 501 469 478 475 479 481 397 
368 277 152 96 228 364 382 322 415 273 57 299 347 456 279 390 59 236 333 374 191 275 499 183 494 289 220 155 274 446 365 461 51 416 253 252 456 397 355 405 530 139 0 344 233 443 73 160 344 103 243 74 288 216 125 453 550 402 320 389 293 256 271 276 268 259 280 278 304 307 281 283 278 166 164 213 175 227 189 181 179 199 206 187 182 209 199 198 177 175 202 175 229 489 517 509 481 470 494 512 505 498 509 531 471 495 473 494 502 468 
439 76 205 369 264 120 237 326 165 436 316 359 218 216 365 387 367 109 453 360 219 299 228 297 228 77 165 189 180 150 163 252 317 473 82 98 165 85 101 70 329 253 335 0 172 104 267 225 208 428 160 360 96 377 408 243 323 323 200 275 348 328 326 323 314 326 344 334 329 333 317 352 312 175 184 148 179 112 165 170 166 152 140 168 153 145 153 154 177 178 132 164 113 284 333 298 304 303 303 319 322 297 331 330 297 295 294 300 301 174 
294 107 85 234 101 258 161 175 317 267 262 210 129 220 210 240 247 120 282 229 225 156 285 152 270 114 183 106 256 216 283 232 214 340 129 137 241 189 155 194 310 221 235 179 0 239 177 203 120 321 210 248 100 236 260 222 325 214 94 192 182 166 179 155 166 172 180 186 170 180 164 205 158 135 141 152 140 121 142 148 112 106 115 141 140 141 116 104 121 157 120 120 108 264 309 271 263 255 261 289 272 273 296 308 255 275 260 265 289 246 
493 160 310 462 337 137 245 380 179 509 418 419 264 174 443 418 456 208 507 409 310 362 147 375 170 170 260 298 263 101 190 235 416 544 188 191 109 68 116 63 293 339 427 113 249 0 374 319 257 514 255 469 167 468 498 213 283 337 242 284 408 380 383 391 367 403 398 397 397 376 380 407 380 280 287 241 269 234 269 265 269 246 235 276 249 253 262 242 277 276 233 267 220 265 296 274 285 297 283 281 295 273 315 308 277 275 278 299 270 99 
337 219 85 114 183 330 326 262 382 266 96 248 295 384 254 342 100 162 308 330 145 235 427 154 434 213 165 81 242 369 328 392 61 371 210 185 402 319 294 334 467 133 89 265 174 368 0 133 263 171 186 109 223 192 154 401 469 346 255 342 260 226 244 236 236 215 224 235 254 263 233 252 230 102 111 143 110 171 133 142 117 129 132 132 138 151 123 137 105 126 144 122 163 427 452 424 422 411 429 443 435 432 447 454 416 428 409 424 448 395 
439 172 146 230 254 229 351 356 292 358 117 344 329 395 356 425 200 142 420 402 40 305 427 256 428 182 76 108 130 356 237 414 168 473 149 155 375 296 267 285 490 48 163 228 191 312 113 0 305 232 93 212 199 306 254 403 490 407 283 387 351 311 319 326 307 322 311 339 329 345 322 339 325 76 66 87 88 123 88 83 101 101 111 64 81 81 109 108 80 59 94 91 130 446 475 450 445 436 437 475 460 457 491 489 451 454 434 453 465 365 
250 173 201 315 119 323 66 145 382 286 368 178 23 147 210 185 338 214 263 160 327 131 215 198 207 163 284 220 340 185 351 146 298 282 217 213 200 205 151 204 211 330 346 215 115 244 264 318 0 428 314 336 146 267 339 149 232 113 43 81 178 154 168 145 147 168 180 165 158 137 144 185 136 250 257 249 232 220 246 264 232 223 214 258 230 255 215 215 240 261 233 217 202 167 190 177 154 143 161 183 168 173 185 204 157 187 155 157 178 221 
440 378 255 142 322 451 471 404 500 317 113 367 435 546 348 451 95 323 392 434 239 358 596 276 589 369 279 244 332 527 449 549 145 462 346 349 562 476 455 477 630 202 100 421 337 524 174 223 423 0 315 120 385 259 163 543 636 473 398 493 363 341 342 345 356 337 333 355 364 377 359 368 360 261 265 285 258 311 268 274 255 291 288 266 270 290 280 292 262 254 303 267 316 578 609 588 559 563 584 598 586 586 591 617 573 602 562 571 599 567 
479 149 191 312 277 160 342 374 191 415 213 376 325 356 384 441 276 106 463 435 72 348 359 294 382 145 44 161 55 303 146 376 243 528 104 112 320 230 240 236 456 110 245 169 207 253 188 95 299 309 0 282 184 369 335 372 452 400 273 372 370 340 350 346 338 367 352 370 370 374 358 372 354 98 95 79 110 100 79 82 117 111 108 73 97 70 121 105 112 100 103 110 102 413 452 435 418 432 414 451 436 437 466 466 420 435 428 440 424 319 
321 312 164 18 218 416 383 276 482 224 127 256 342 460 239 337 31 276 280 323 240 248 522 161 505 300 259 173 338 462 417 453 51 362 291 282 478 417 381 417 520 200 82 368 251 469 103 205 333 121 295 0 300 159 75 454 551 366 312 391 246 226 245 236 245 226 228 246 253 262 261 257 254 211 210 254 205 267 230 242 220 230 249 228 238 242 221 238 210 212 239 217 258 472 513 496 462 462 475 503 486 499 495 511 467 492 459 484 504 491 
373 53 154 317 181 186 180 254 245 345 292 266 157 198 289 316 311 90 358 286 221 219 220 227 228 35 159 151 214 164 216 218 261 409 85 88 193 118 77 119 304 244 293 94 83 162 215 199 140 373 170 308 0 306 335 196 290 251 124 201 268 241 240 245 221 249 259 269 246 243 246 264 231 145 158 123 141 109 137 153 137 113 114 140 134 132 110 109 133 156 109 126 93 246 287 260 256 264 246 290 264 264 285 282 253 276 267 269 270 200 
178 318 196 140 161 463 309 168 520 72 263 127 273 408 83 211 186 301 139 207 347 157 473 97 450 330 352 237 413 423 482 390 181 214 329 324 454 420 373 432 440 326 222 393 228 467 200 313 268 265 370 161 312 0 130 395 470 261 250 294 138 122 129 128 131 114 102 114 141 157 147 114 138 280 289 303 281 314 303 297 273 282 290 294 297 305 263 269 279 295 296 278 296 407 422 418 372 374 395 423 399 417 412 434 389 406 381 397 415 461 
285 340 200 51 213 457 387 267 526 173 184 228 352 465 202 318 85 301 234 310 289 239 536 150 508 337 313 218 384 467 467 455 109 306 339 337 487 456 395 449 520 253 127 407 271 490 163 273 339 153 330 70 347 130 0 459 553 369 307 384 240 207 225 222 220 195 211 221 244 244 240 231 225 258 259 284 245 300 280 279 243 274 287 278 268 289 268 270 263 255 283 251 294 481 511 490 454 467 477 492 490 490 490 506 476 491 460 473 498 502 
356 232 305 460 271 328 95 266 370 407 482 302 133 33 339 271 475 279 396 272 419 254 112 321 71 236 366 322 388 125 379 40 427 382 283 283 114 180 164 180 90 437 468 226 226 216 384 399 154 554 363 458 198 399 473 0 92 178 167 115 287 287 291 281 281 316 311 301 272 276 267 313 278 343 342 332 335 297 334 347 318 297 290 352 336 320 312 296 335 347 315 313 281 61 101 61 78 90 65 99 94 74 116 105 84 76 95 96 86 135 
405 326 390 539 342 395 171 328 442 463 558 363 214 105 398 321 563 360 440 312 502 334 133 412 98 311 442 422 489 182 457 102 519 426 362 367 168 258 228 267 34 524 555 323 309 281 481 491 220 634 449 542 286 466 546 100 0 217 244 183 346 349 357 346 337 363 361 365 347 324 338 370 327 434 426 410 435 380 432 432 401 402 379 433 407 412 390 389 414 448 406 413 383 77 58 72 95 117 74 72 91 61 101 74 101 68 94 94 47 180 
198 280 270 365 183 405 91 115 479 254 439 159 93 200 203 113 393 299 228 100 409 130 262 226 249 265 382 299 434 264 463 159 355 213 314 320 258 288 242 310 191 420 402 322 216 333 335 394 105 483 403 378 249 262 372 172 228 0 125 57 158 165 155 158 144 181 173 157 132 125 147 154 131 331 337 348 340 322 345 341 321 314 311 339 342 335 316 298 315 341 316 316 297 153 169 171 137 121 152 166 152 168 153 180 130 171 123 142 178 286 
268 164 159 306 117 291 84 156 351 279 334 180 63 173 201 206 316 180 276 177 298 133 222 176 209 145 267 190 316 191 339 152 276 292 195 183 197 202 144 201 236 304 322 204 83 253 249 288 46 412 268 306 131 254 319 165 238 137 0 104 169 162 165 142 145 174 176 165 161 157 153 188 147 217 213 227 213 193 215 218 189 183 195 218 205 227 193 184 194 236 193 198 167 180 228 202 170 169 195 203 202 213 206 217 181 193 187 181 200 216 
240 238 257 374 186 360 46 153 422 307 423 200 68 157 241 169 406 281 264 145 393 156 212 242 194 227 353 284 411 201 410 110 367 279 292 287 210 237 203 247 158 401 391 261 180 295 339 387 79 481 382 386 199 287 376 127 182 69 100 0 190 187 190 179 175 206 202 198 177 165 173 200 165 313 312 311 317 289 312 317 299 276 290 314 300 323 274 287 298 323 304 287 270 119 136 127 102 91 110 121 104 135 118 138 93 125 91 103 135 238 
116 289 214 247 118 430 195 43 500 111 332 21 170 306 54 103 284 279 113 98 363 59 377 108 347 283 346 245 426 343 477 274 256 157 317 305 356 352 301 353 331 363 291 341 189 413 258 346 170 363 373 263 256 125 225 306 358 143 165 197 0 49 32 44 49 29 26 17 19 46 29 10 42 287 286 301 292 297 306 312 280 285 270 310 296 315 265 283 272 306 284 274 284 296 325 311 257 256 293 298 290 293 299 303 270 304 271 273 315 387 
139 271 182 210 70 414 193 60 481 132 317 47 172 313 65 130 262 251 141 110 342 47 384 92 355 252 329 209 388 340 441 279 230 175 295 272 359 332 290 349 334 326 262 332 172 394 215 302 159 346 348 222 243 114 208 289 349 153 156 188 32 0 16 17 18 18 13 35 40 48 37 53 33 249 269 285 246 275 271 275 238 257 255 283 261 274 249 250 247 264 269 253 247 289 312 299 266 265 285 301 296 312 297 311 270 308 273 291 313 359 
125 282 194 225 89 415 192 54 494 132 317 49 169 303 62 108 272 263 138 97 348 41 366 97 342 258 332 213 399 322 448 278 235 178 293 286 340 338 275 341 335 334 270 328 164 392 232 324 155 346 351 237 242 128 228 282 344 149 164 191 37 23 0 13 33 23 32 26 33 37 19 25 32 272 268 281 261 283 289 287 247 261 252 286 271 300 249 262 252 283 271 253 254 276 301 294 256 264 288 296 290 288 280 306 275 298 256 268 306 366 
133 258 185 236 84 406 193 62 483 129 316 53 164 290 63 112 267 259 123 97 339 23 365 101 342 269 317 222 397 336 451 262 231 186 289 284 340 335 272 329 326 341 268 314 160 379 232 310 152 359 345 234 239 123 227 288 351 155 141 173 42 13 8 0 25 26 25 35 34 49 20 50 16 261 276 276 262 272 284 294 240 257 248 275 268 278 242 255 265 267 258 258 245 282 316 301 250 247 269 296 269 290 281 313 276 292 268 267 301 361 
155 252 181 233 64 405 180 49 477 143 322 52 148 294 75 121 275 256 134 115 347 19 357 99 330 254 318 213 380 320 433 266 231 189 284 268 343 328 280 322 319 323 280 310 159 375 222 312 152 351 336 247 236 133 218 283 340 144 140 169 37 23 34 17 0 43 34 48 33 38 31 39 28 257 251 282 251 261 258 277 232 240 252 269 262 278 238 230 242 277 253 236 239 278 298 290 259 254 272 297 274 282 275 304 251 290 260 262 288 350 
135 274 194 220 85 436 217 62 497 104 309 40 190 315 55 137 247 263 127 111 345 57 382 88 371 266 336 209 392 341 454 300 218 169 310 302 373 358 292 363 343 341 267 329 169 406 214 319 178 326 349 236 259 103 213 303 364 166 177 198 46 25 21 31 35 0 10 20 41 50 38 44 48 261 266 299 257 286 275 287 253 268 260 284 287 297 258 244 263 282 268 248 261 311 341 314 281 275 312 323 305 325 310 330 296 321 278 300 325 391 
134 285 190 221 83 417 215 64 491 123 314 43 182 310 53 122 259 273 118 103 355 48 376 83 371 265 323 230 393 344 459 295 233 177 312 287 357 345 307 347 346 332 267 328 179 397 234 331 183 338 363 236 250 107 215 296 371 161 179 197 32 18 31 22 31 22 0 19 36 54 43 40 40 268 266 297 274 276 274 293 246 271 271 282 289 298 247 260 260 288 269 255 259 296 320 322 274 269 308 308 289 313 312 328 277 306 289 278 328 386 
128 278 205 227 102 425 210 55 492 122 338 28 177 318 45 97 265 288 112 96 352 60 379 96 350 274 351 242 416 355 463 282 245 164 321 293 362 345 293 351 339 343 284 335 179 405 247 343 179 348 374 254 271 127 232 298 352 147 174 193 21 42 24 35 41 32 27 0 33 42 39 18 48 273 275 309 280 277 295 312 273 279 274 309 283 307 271 269 277 291 280 276 277 284 314 311 264 254 290 301 291 310 298 306 268 303 266 289 312 382 
131 272 199 254 97 424 193 25 493 143 338 38 169 299 61 94 280 288 123 76 366 32 373 111 340 277 348 236 410 328 465 271 247 172 308 306 334 348 277 356 310 357 292 333 180 393 258 344 162 375 366 258 253 137 238 277 348 139 164 177 27 51 22 31 27 41 35 34 0 20 30 27 36 290 289 292 272 278 297 300 274 261 275 298 296 303 274 271 280 305 284 275 277 273 302 282 245 239 262 294 277 287 285 293 268 283 243 265 295 358 
132 281 207 260 109 417 167 21 489 138 338 47 143 281 73 78 303 272 133 70 361 46 357 117 321 268 350 241 404 325 462 254 259 157 308 289 333 331 290 340 303 361 313 325 186 378 264 340 143 377 379 272 247 155 249 276 324 114 160 167 39 44 32 31 44 64 48 48 11 0 38 47 24 286 288 302 272 279 286 303 259 263 273 315 289 306 275 269 266 291 290 261 276 265 281 278 242 241 250 283 266 272 268 293 249 276 234 243 287 352 
145 265 191 251 96 411 181 40 482 151 328 36 149 287 66 113 279 265 126 98 350 23 366 108 340 259 339 223 394 312 440 266 239 177 291 283 346 336 276 338 325 337 290 328 176 386 235 316 146 355 352 246 238 135 231 284 333 147 145 158 29 27 25 12 27 42 35 39 17 20 0 41 11 272 284 289 276 280 288 285 248 249 260 300 281 294 252 258 258 284 275 255 265 262 288 291 250 244 264 284 270 282 279 285 249 284 245 263 294 350 
104 295 206 231 120 436 218 60 518 115 341 21 177 312 55 110 271 285 98 94 360 68 390 107 374 298 345 254 422 347 466 283 255 139 318 319 360 355 310 374 341 355 299 343 191 409 250 349 180 353 382 261 276 127 229 302 356 158 176 187 10 48 24 37 54 34 23 27 33 41 49 0 47 291 286 323 296 301 294 313 277 280 293 313 310 317 271 283 284 309 296 273 276 290 324 305 282 266 289 306 284 316 294 319 273 298 273 273 306 387 
143 259 175 233 81 395 165 54 474 147 318 62 154 284 92 113 269 252 145 100 353 13 347 101 325 259 319 223 400 318 433 249 245 181 282 271 338 322 261 318 307 329 274 314 149 368 229 319 149 353 340 256 230 136 237 275 325 132 130 165 46 36 20 22 26 39 52 40 34 43 10 51 0 258 257 285 253 269 275 282 244 240 247 280 268 291 244 240 245 282 270 236 241 263 301 290 255 245 259 289 270 282 283 302 244 288 251 262 283 337 
394 129 80 211 199 216 279 302 272 334 162 286 249 325 300 360 208 77 378 351 94 243 353 200 365 130 73 48 148 289 236 345 157 427 97 104 308 240 213 238 417 96 165 182 128 270 110 72 233 264 107 208 151 272 256 329 434 339 204 319 295 259 256 259 257 271 261 284 290 293 278 297 261 0 11 47 9 53 23 27 17 40 42 35 33 43 48 54 29 27 46 35 60 379 416 393 378 381 389 404 389 386 407 406 384 395 375 394 393 326 
402 127 100 217 198 217 287 290 275 326 147 295 258 334 300 371 202 78 366 354 94 266 359 215 365 123 74 56 148 293 233 358 167 439 113 88 309 247 212 248 427 97 164 173 143 288 116 65 243 247 105 218 147 290 249 348 439 343 215 322 287 269 272 276 258 261 269 280 279 291 278 298 267 12 0 46 14 66 36 37 39 44 62 21 33 55 38 42 33 10 56 31 65 379 414 397 378 379 391 415 399 402 424 413 383 395 391 396 392 320 
406 96 120 251 210 171 280 313 249 358 181 329 258 317 322 375 250 59 393 351 89 276 332 231 351 103 43 88 115 266 183 341 197 447 76 72 288 206 199 205 413 118 211 140 153 248 153 83 247 292 66 238 137 314 289 328 423 342 214 317 311 273 286 292 286 283 300 296 296 311 300 308 285 47 43 0 56 38 37 24 51 31 35 27 26 5 51 50 39 34 27 47 59 370 411 386 369 375 371 405 383 394 416 418 370 394 368 372 396 289 
393 127 94 216 181 221 274 299 274 335 168 284 262 325 304 353 198 76 372 344 93 252 367 198 368 123 67 63 145 294 232 338 155 436 110 88 310 244 209 232 428 97 176 172 126 268 115 79 244 253 108 215 152 275 251 329 433 329 213 308 279 248 269 264 252 272 266 273 288 286 270 278 261 17 20 41 0 68 33 38 26 40 58 45 40 58 31 54 22 18 53 20 67 378 415 387 382 379 370 397 401 390 404 418 376 387 367 395 390 324 
402 68 105 262 204 181 253 283 235 346 202 305 233 284 311 361 259 31 379 336 118 265 305 215 304 84 91 87 137 241 202 307 220 446 59 45 273 196 166 176 393 137 225 125 121 226 155 123 223 320 109 258 103 312 290 298 384 317 192 290 294 256 270 276 269 272 280 287 291 285 262 290 273 59 55 37 55 0 50 59 53 42 38 64 47 51 43 36 65 59 30 44 29 330 388 357 336 342 334 376 356 356 385 373 337 350 350 346 352 262 
396 122 94 228 207 204 278 308 253 352 171 302 251 323 313 376 225 56 378 346 98 270 351 218 350 121 50 72 132 294 200 332 181 444 81 76 313 230 208 236 423 115 188 155 132 255 138 83 247 268 80 218 139 292 263 330 420 336 210 324 295 262 271 266 265 269 274 288 302 294 278 305 282 29 24 26 35 57 0 18 28 36 37 29 23 19 47 35 32 25 34 40 69 379 406 395 383 370 377 397 403 393 413 411 364 384 384 392 402 300 
414 117 115 253 210 185 290 309 248 354 168 312 269 334 317 378 229 74 400 361 80 282 346 236 354 120 46 91 116 291 196 355 186 454 90 84 309 239 207 229 431 109 195 163 157 258 138 75 256 268 68 228 141 308 281 337 421 352 226 326 307 291 282 278 279 288 300 306 312 303 297 308 281 31 32 21 38 51 17 0 48 38 56 11 35 28 47 54 51 22 35 39 72 380 420 391 387 383 385 410 400 395 426 428 378 399 382 398 393 316 
385 106 68 219 180 227 260 270 271 323 174 289 248 312 280 335 214 63 355 325 116 233 339 184 338 124 93 44 164 277 230 325 156 417 90 83 309 232 193 230 415 121 169 177 127 260 107 95 225 254 111 219 131 259 257 319 400 319 201 303 265 235 255 249 244 244 245 271 263 275 252 266 241 24 39 45 26 53 35 46 0 33 29 46 34 56 22 36 22 36 38 10 67 364 389 370 352 353 373 383 384 383 401 391 364 371 361 379 384 314 
388 86 92 245 187 195 262 289 268 336 191 293 227 287 293 341 226 38 361 327 118 243 330 192 328 88 91 61 159 262 211 306 184 429 80 77 290 208 185 220 390 130 206 138 105 252 144 105 217 293 113 241 113 287 272 301 387 302 182 284 276 248 258 245 235 255 257 277 276 263 268 281 240 39 48 49 37 29 38 51 31 0 19 39 26 52 28 12 32 41 18 30 33 357 393 357 341 347 347 377 364 359 380 389 348 359 340 349 366 284 
378 78 103 240 176 184 256 289 256 330 206 296 232 279 299 343 238 36 377 333 129 241 325 194 324 82 78 65 141 258 209 315 182 420 77 70 285 204 177 209 386 138 200 144 100 245 135 111 206 291 101 241 112 284 277 292 397 299 177 288 282 241 256 250 237 264 262 275 280 263 254 286 243 46 45 35 51 36 48 53 48 24 0 61 29 42 33 20 42 65 14 42 18 337 377 351 335 332 349 365 354 354 386 370 331 364 333 349 350 275 
407 127 110 232 204 202 294 313 261 362 176 315 281 325 312 377 216 82 385 353 82 270 350 229 358 126 43 74 129 300 199 359 176 453 89 82 305 244 221 234 428 95 190 172 146 274 133 61 248 262 79 234 137 299 271 339 436 342 236 320 314 286 298 281 282 279 284 306 302 303 293 309 279 34 27 34 44 49 15 14 43 55 47 0 31 23 47 53 38 17 42 45 63 381 415 403 385 383 380 414 411 395 422 413 377 394 385 401 405 311 
410 109 103 237 210 191 289 297 243 354 169 297 260 313 302 359 236 67 384 354 95 264 352 217 353 101 62 81 135 268 207 331 184 431 85 77 296 219 192 222 423 116 187 163 132 265 135 84 240 279 92 230 129 300 279 320 406 329 208 317 305 274 279 281 269 275 284 285 287 287 284 306 269 27 24 28 27 42 23 28 42 30 31 34 0 19 44 35 24 27 25 38 58 374 416 369 378 363 378 396 379 383 413 411 363 374 375 380 381 292 
412 93 125 260 223 171 294 309 242 365 181 326 263 320 326 377 235 63 398 372 88 276 345 234 349 116 47 90 108 279 200 342 199 454 72 69 288 208 207 209 427 115 199 153 155 256 154 95 253 291 82 248 123 316 297 327 419 352 219 307 319 277 288 284 286 294 303 301 311 312 284 316 288 53 44 15 54 37 32 31 63 37 46 34 33 0 45 51 52 34 26 43 48 371 410 379 373 373 380 400 385 389 415 412 361 388 376 387 392 306 
372 99 71 239 171 209 256 271 280 325 177 275 240 290 291 330 217 57 348 332 128 227 342 188 334 104 98 57 156 272 227 308 178 404 93 73 289 220 191 217 394 129 195 157 109 253 134 111 212 285 110 227 118 274 272 318 396 311 179 278 274 241 258 244 229 245 255 274 271 268 242 267 248 34 36 43 35 45 48 54 29 25 21 44 46 40 0 26 21 47 43 10 39 352 383 360 338 341 342 378 362 369 377 385 355 374 352 366 357 294 
384 89 88 247 165 193 247 275 267 331 184 281 231 295 279 344 230 42 359 326 128 234 313 194 317 100 94 67 148 261 223 310 192 408 71 68 288 205 187 196 393 140 201 147 104 240 144 118 205 282 115 224 107 283 262 306 393 294 181 286 274 234 255 256 247 264 251 264 266 261 251 270 253 54 42 49 44 42 46 63 35 7 16 62 43 52 13 0 32 66 24 36 30 348 373 348 333 338 354 359 352 369 388 382 342 347 334 354 359 284 
392 121 81 223 179 221 267 292 272 324 174 288 248 316 292 356 213 62 359 343 94 249 359 193 353 121 88 45 155 274 221 342 171 432 89 86 310 235 211 223 403 114 166 161 115 281 118 93 237 271 107 213 139 282 252 321 421 317 212 304 276 257 251 255 246 263 260 283 280 283 261 293 250 10 24 54 24 64 37 39 23 30 46 42 25 39 20 46 0 43 38 29 53 372 413 370 358 362 364 388 389 377 397 401 366 382 358 383 392 315 
399 122 107 230 209 204 292 319 272 347 163 316 269 331 315 373 213 76 374 352 71 276 364 214 373 144 68 62 138 298 219 354 173 453 97 94 327 250 221 254 431 81 176 168 160 284 124 69 264 255 89 209 161 279 256 346 435 340 221 318 311 277 279 281 264 284 292 289 291 308 284 307 283 35 30 36 26 62 33 28 41 44 61 34 25 36 46 49 45 0 61 41 79 381 424 404 382 383 396 419 397 418 428 436 378 410 393 403 407 323 
398 79 96 258 187 192 273 286 251 354 200 305 251 298 307 359 235 44 383 344 109 263 331 207 318 96 72 84 130 268 192 321 199 428 67 54 284 199 182 193 396 133 208 137 132 243 151 107 223 301 88 244 119 296 290 315 402 317 203 303 303 271 264 265 258 275 272 295 286 285 266 302 260 46 47 38 58 22 41 35 41 25 19 46 26 24 36 33 40 60 0 42 27 358 395 370 347 341 355 371 371 371 395 400 341 375 359 372 368 283 
378 114 76 220 173 215 262 271 270 314 174 287 232 298 290 351 204 56 367 329 122 249 341 191 344 109 84 47 147 276 220 314 180 411 96 91 296 234 197 232 404 114 175 162 109 267 111 94 223 277 113 221 128 264 262 312 416 303 189 286 267 237 259 250 238 263 247 259 273 275 249 275 244 37 37 57 34 58 34 49 15 21 30 50 38 50 10 18 23 52 38 0 54 367 400 375 348 353 368 391 366 379 396 402 363 377 359 366 368 310 
377 74 107 254 173 186 251 286 236 335 216 293 209 276 293 349 255 21 379 315 131 234 312 218 311 63 86 91 151 243 206 295 214 429 48 52 263 178 158 180 375 155 218 114 113 225 151 117 212 316 112 263 91 300 294 289 367 291 170 274 275 253 252 256 255 264 269 283 281 265 266 284 245 58 75 53 76 15 59 69 57 32 25 60 52 58 37 38 51 82 38 61 0 331 362 336 338 319 326 348 350 355 375 362 330 338 330 333 354 259 
339 293 351 481 273 373 118 253 439 393 499 296 151 94 322 249 493 322 377 235 463 257 154 339 120 278 405 352 447 172 425 51 457 365 334 329 165 238 203 249 64 469 488 289 258 268 430 447 150 569 429 486 259 400 475 75 88 142 184 106 287 283 286 279 264 305 308 294 273 268 267 295 263 374 391 363 385 343 368 381 361 343 339 392 370 370 359 337 363 389 355 366 328 0 44 27 25 36 24 39 30 33 59 43 22 31 41 30 35 189 
358 330 384 518 320 407 146 268 472 419 554 321 185 127 367 267 523 358 381 264 486 297 165 373 147 313 439 402 474 204 459 91 487 376 354 354 201 262 240 284 25 521 531 330 303 305 450 490 205 618 462 522 293 421 522 101 59 185 230 146 309 314 318 300 297 326 327 311 289 281 295 312 295 426 428 405 411 383 421 428 408 385 378 426 407 420 378 375 411 432 388 406 361 54 0 31 64 73 37 29 33 32 43 12 54 35 52 42 26 217 
350 302 356 490 292 378 127 266 436 406 508 308 150 91 339 259 511 342 384 263 468 273 148 341 118 291 414 370 455 169 440 44 461 372 323 339 172 247 213 240 52 482 501 305 268 280 436 455 172 588 422 488 263 419 488 77 68 164 188 132 311 308 302 286 278 308 304 309 278 266 289 317 281 391 396 371 386 344 381 397 362 361 346 387 376 372 352 342 379 405 371 364 340 30 31 0 53 65 32 33 35 19 67 46 45 10 43 54 12 184 
322 284 346 466 265 403 112 236 440 369 497 271 128 119 301 223 487 332 341 219 448 241 184 332 140 293 404 360 460 190 449 63 431 342 333 318 198 254 212 258 86 476 473 297 253 289 413 450 159 562 426 469 262 385 468 94 110 130 166 100 260 267 268 251 255 292 284 281 257 237 252 276 249 369 386 381 382 350 371 391 363 344 340 394 375 371 354 349 360 386 351 359 338 28 62 51 0 13 26 37 22 47 49 66 20 51 18 17 51 211 
314 285 333 451 252 386 100 220 458 377 489 257 124 120 304 226 471 333 333 219 453 234 181 324 159 272 411 342 449 204 449 62 425 323 322 320 188 254 220 257 90 465 466 307 259 296 409 437 153 569 413 464 255 377 464 93 117 130 178 92 270 273 265 252 237 282 267 274 233 239 240 263 242 378 387 372 376 344 382 388 348 340 337 383 374 375 352 340 372 378 348 355 327 44 68 64 16 0 41 56 41 55 44 53 35 44 10 27 62 206 
335 292 336 484 277 377 116 255 447 391 515 303 147 114 332 249 500 337 374 228 456 251 154 331 118 280 415 356 451 187 429 45 452 364 325 328 168 248 219 248 53 471 499 293 254 278 420 444 162 574 430 485 250 398 475 84 75 160 177 113 291 298 287 287 271 313 302 289 262 262 277 288 255 372 384 368 374 333 385 391 361 346 340 395 362 374 354 345 366 388 358 363 340 21 51 29 27 29 0 34 32 32 56 43 21 36 31 32 38 189 
350 320 374 498 308 398 137 268 462 413 531 307 178 124 353 262 525 354 383 259 489 272 177 359 144 309 435 390 465 200 455 77 475 359 351 344 192 258 225 263 34 505 507 319 290 281 440 477 183 602 440 510 288 418 506 87 77 161 215 122 314 299 293 291 285 322 323 298 297 277 281 320 274 407 419 405 396 376 405 410 398 383 362 415 389 395 385 372 402 425 389 382 355 33 24 27 39 46 27 0 32 25 41 26 50 21 53 35 28 216 
321 316 354 481 271 412 117 240 467 384 527 289 152 135 323 235 501 344 363 221 468 256 177 340 151 293 439 374 474 209 463 70 458 335 349 346 186 258 231 272 53 498 492 315 276 289 437 458 167 592 436 488 269 391 492 89 85 148 205 104 293 297 273 274 274 305 288 296 265 263 260 289 263 396 400 383 384 351 396 399 375 365 355 412 393 392 364 361 381 411 360 370 350 38 33 43 26 40 20 32 0 41 33 27 35 43 25 27 42 216 
340 295 371 497 290 405 123 269 448 417 521 310 157 100 341 257 506 346 383 256 461 279 165 356 119 299 435 370 459 178 433 67 458 364 343 347 182 249 222 250 49 488 495 314 288 274 441 457 173 590 441 494 278 424 496 71 59 172 193 134 299 298 290 292 288 324 306 310 285 280 275 305 288 385 399 383 399 363 395 402 370 367 362 408 379 387 361 369 394 404 366 376 348 25 27 19 48 58 31 26 44 0 54 31 33 7 38 39 14 200 
329 320 384 492 301 423 148 245 478 406 536 297 172 156 332 227 511 366 361 234 489 262 190 348 175 325 445 394 483 221 471 87 468 338 369 366 223 277 259 305 72 513 512 335 289 322 458 482 194 595 471 496 287 402 496 121 104 153 220 115 291 290 297 294 278 304 307 286 267 257 274 290 283 408 417 404 421 372 406 413 396 389 372 423 406 414 379 378 404 428 401 394 362 50 39 68 57 44 51 32 32 60 0 33 52 57 47 41 68 234 
359 328 371 497 316 419 136 280 474 422 550 318 176 131 364 257 522 373 396 266 482 277 166 366 138 320 448 405 475 210 454 79 478 369 354 352 187 272 251 285 30 507 523 318 308 304 453 476 189 607 465 506 282 422 503 99 71 165 213 136 308 324 300 306 294 321 328 313 299 274 292 326 288 422 422 409 421 370 424 413 403 393 390 414 416 406 379 379 406 437 384 392 365 43 10 49 57 53 41 13 39 25 43 0 42 29 53 46 30 212 
331 278 345 461 258 390 109 234 430 392 504 272 131 106 314 224 488 325 351 232 451 245 158 334 133 278 408 362 444 188 431 60 434 346 335 323 174 249 218 252 66 464 480 300 264 285 411 435 143 576 420 463 261 376 462 68 92 135 185 94 274 274 263 265 257 285 278 278 268 249 247 274 246 366 387 369 365 331 374 378 347 355 339 380 362 377 343 348 365 395 343 361 336 17 56 47 19 25 13 44 23 43 62 45 0 28 27 21 46 208 
357 306 354 483 281 386 124 267 450 417 531 319 158 103 348 260 520 341 382 253 469 274 144 359 121 289 424 374 469 184 442 53 463 367 345 335 178 255 227 250 52 481 510 311 280 277 428 463 167 597 442 485 269 422 490 85 69 159 211 125 310 307 288 294 295 328 306 315 294 273 291 318 274 382 390 389 400 365 389 388 372 362 364 405 374 382 364 347 383 404 376 375 335 29 38 10 37 56 28 29 30 19 48 32 27 0 40 31 21 182 
321 290 338 470 263 388 97 235 439 377 510 276 129 111 322 216 491 337 354 216 449 246 171 317 134 277 407 347 461 183 447 71 433 344 336 325 190 253 227 260 80 477 476 293 262 284 414 448 148 576 422 468 255 389 467 95 94 128 177 104 276 283 266 261 253 293 278 271 249 230 246 271 251 372 388 365 365 339 378 381 359 354 334 394 373 376 348 332 361 382 346 364 324 41 54 45 4 27 38 46 26 49 48 45 20 47 0 26 55 213 
325 292 351 467 262 395 114 242 464 382 509 286 141 121 316 239 490 339 349 225 466 248 177 337 141 283 425 377 465 206 456 73 440 334 346 330 184 265 231 269 74 484 478 311 274 300 416 453 158 580 443 481 261 390 480 95 103 137 196 101 274 281 281 260 257 304 283 270 263 256 266 291 257 380 396 388 382 358 396 395 379 358 349 400 389 392 355 346 372 410 353 361 349 28 54 41 16 20 36 44 15 44 32 36 33 46 23 0 47 220 
366 295 363 487 293 396 124 281 433 429 531 309 163 94 361 266 514 344 399 261 480 288 147 351 105 299 428 377 456 172 444 54 463 379 337 337 175 248 210 255 46 493 517 307 273 279 446 452 174 593 431 506 258 421 508 69 46 180 213 132 316 323 313 307 303 331 313 303 285 288 286 321 285 403 395 388 396 350 399 395 380 363 363 406 395 385 373 357 388 418 378 376 336 34 38 23 53 53 40 24 47 21 54 40 50 23 59 44 0 186 
466 197 322 493 325 237 198 352 279 483 458 397 205 91 421 383 498 254 471 358 365 329 53 377 82 203 318 337 337 39 285 168 451 481 242 245 28 97 119 98 203 409 471 167 263 97 392 384 208 565 320 485 194 455 517 139 184 286 216 225 374 360 362 369 344 384 369 370 358 351 359 395 353 316 319 287 324 267 302 312 308 295 275 316 300 294 284 277 322 326 279 304 258 187 207 184 202 215 185 197 204 196 243 223 208 192 214 214 190 0 

Depot information
457 72 1
171 330 1
310 336 1
469 371 1
330 230 1
55 420 1
199 130 1
359 132 1
3 459 1
497 184 1

Cust information
386 480 1
400 148 1
224 153 1
86 135 1
432 166 1
368 67 1
456 415 1
206 362 1
484 117 1
359 80 1
251 483 1
352 172 1
18 147 1
389 256 1
44 126 1
172 322 1
216 446 1
296 365 1
159 491 1
57 203 1
55 468 1
128 92 1
415 391 1
478 39 1
173 369 1
182 366 1
40 187 1
67 274 1
116 254 1
63 283 1
95 20 1
293 488 1
418 436 1
109 335 1
256 274 1
17 290 1
364 393 1
276 464 1
229 169 1
490 493 1
191 461 1
462 387 1
177 294 1
474 237 1
500 345 1
107 110 1
66 31 1
271 77 1
234 196 1
221 100 1
391 152 1
381 182 1
378 169 1
373 172 1
364 175 1
396 181 1
393 175 1
391 161 1
373 151 1
364 144 1
367 162 1
397 153 1
360 168 1
262 398 1
261 404 1
226 404 1
263 397 1
214 375 1
244 404 1
239 413 1
261 381 1
241 376 1
233 372 1
242 414 1
239 398 1
225 406 1
249 373 1
240 369 1
259 389 1
258 414 1
227 384 1
255 380 1
217 362 1
130 55 1
116 19 1
117 50 1
155 49 1
162 50 1
133 51 1
123 29 1
143 33 1
120 40 1
148 10 1
120 19 1
145 53 1
119 43 1
154 48 1
150 39 1
111 44 1
24 199 1
