Seed 123 - Instance: n100m20_0
n 100
m 20
Q 9999
L 5
U 16

0 241 292 131 211 90 197 292 258 303 206 262 213 105 211 51 252 295 216 162 298 115 213 147 374 247 171 294 219 120 94 188 157 235 168 294 83 311 312 217 293 148 197 23 263 289 248 361 221 42 203 30 173 175 201 278 220 277 263 189 145 129 170 214 313 276 231 229 84 51 113 94 86 109 97 116 105 114 114 86 106 89 107 119 84 87 61 35 59 71 104 96 54 60 66 289 261 228 221 254 258 248 255 263 242 225 243 280 197 235 204 184 187 218 224 218 201 228 206 119 
251 0 497 299 366 239 146 520 388 509 354 73 400 197 310 238 377 532 262 405 528 166 424 380 506 468 189 185 233 123 190 209 200 285 192 513 234 516 468 418 458 227 412 250 392 449 469 591 205 254 373 271 393 79 100 510 48 352 262 213 372 163 224 398 524 453 386 37 296 226 342 322 328 342 327 341 337 335 349 317 330 327 325 337 318 164 240 230 219 193 181 197 220 200 244 264 250 201 243 257 246 232 216 213 265 253 202 270 387 403 378 371 369 402 370 397 379 407 395 363 
283 491 0 213 133 349 394 277 452 330 182 489 121 391 459 309 199 196 297 170 180 358 98 200 170 82 343 452 485 371 311 318 307 322 341 310 274 325 166 86 144 307 306 289 181 137 130 318 499 260 126 282 158 442 415 163 476 504 345 332 234 354 435 130 325 378 132 459 326 348 237 248 228 250 241 248 215 235 247 263 263 248 266 229 249 368 315 323 343 354 378 365 337 336 319 578 525 502 499 516 526 526 532 553 502 488 535 557 382 388 388 374 377 389 408 412 386 402 377 232 
120 310 209 0 83 188 189 328 344 338 93 293 112 231 321 171 136 291 142 150 263 143 166 155 257 180 156 275 327 193 124 140 131 169 163 330 70 342 203 130 192 118 260 127 149 171 210 387 341 95 102 116 147 232 226 259 288 379 191 161 180 158 271 105 364 349 105 272 189 169 161 151 128 177 152 159 144 155 161 161 153 142 167 146 143 192 177 146 173 179 203 205 165 165 162 407 370 322 344 374 365 361 359 370 353 338 344 396 292 330 312 288 282 308 314 322 307 323 300 163 
208 373 142 98 0 273 269 317 419 367 59 361 39 298 407 246 95 270 185 147 242 234 130 186 170 151 220 319 404 259 188 194 197 191 212 344 170 373 136 70 101 176 300 221 97 103 191 388 424 182 10 187 146 312 304 240 360 463 211 200 228 233 351 28 372 391 33 337 253 251 195 211 189 204 194 188 178 189 212 209 206 195 219 180 208 255 245 225 250 255 281 287 244 240 245 485 443 406 423 436 447 443 442 458 442 408 434 464 341 380 367 333 331 369 383 379 360 368 356 207 
82 255 337 198 267 0 249 283 190 277 275 270 271 67 153 41 316 306 273 209 314 174 249 173 439 291 229 343 160 139 146 245 199 305 233 258 141 284 381 288 366 218 171 72 330 367 282 358 172 96 281 83 213 202 233 305 211 205 314 257 146 183 106 289 287 230 289 243 46 61 127 105 117 112 122 128 131 123 123 98 101 99 101 128 118 85 32 67 31 56 93 54 51 65 25 230 195 161 171 192 198 197 202 210 166 170 190 215 145 190 157 134 134 161 157 168 143 182 168 142 
196 141 392 198 259 243 0 481 408 479 232 119 276 227 353 217 251 458 121 314 458 83 338 333 382 379 51 95 297 112 111 80 93 134 48 479 149 505 335 317 333 89 387 205 264 326 401 537 283 187 278 213 318 96 48 428 139 396 129 75 335 72 274 268 500 459 266 107 283 200 296 283 277 296 274 300 292 290 304 278 288 267 306 284 272 155 228 199 220 186 186 208 211 205 227 366 349 297 310 330 319 319 297 314 332 317 289 360 394 417 382 377 361 410 392 402 380 412 402 318 
302 518 268 323 322 300 479 0 286 85 351 534 298 342 318 290 403 76 445 181 107 410 214 174 424 206 450 559 403 419 369 446 425 478 456 67 341 65 404 281 379 405 132 297 409 372 156 74 423 304 328 276 178 467 498 132 491 354 506 451 169 421 364 333 71 158 345 505 251 325 189 224 228 191 208 198 218 199 188 227 204 231 195 211 209 376 284 311 312 330 364 339 313 323 281 464 433 422 413 427 433 442 451 467 407 406 457 457 216 197 220 210 226 219 239 223 225 207 191 169 
250 376 448 350 409 189 404 276 0 221 438 427 419 192 92 203 486 340 456 303 343 336 359 258 581 383 405 510 174 318 321 414 379 472 403 244 325 247 524 411 504 384 182 240 495 499 340 304 207 265 419 247 311 346 387 348 337 92 494 418 209 350 176 433 253 138 437 372 179 229 233 224 246 208 236 222 242 224 221 210 219 228 208 236 217 260 215 242 218 223 247 205 210 236 207 212 175 206 182 166 194 188 225 247 147 170 238 189 85 77 59 89 97 71 59 58 65 64 86 227 
290 497 333 352 359 269 492 92 204 0 401 542 346 318 267 280 442 152 472 214 190 411 257 201 483 285 452 575 359 412 385 455 427 496 452 47 339 42 461 323 441 436 117 293 451 435 205 108 376 309 371 273 231 462 480 193 476 284 513 477 176 417 317 371 36 101 379 488 236 302 200 228 238 205 209 201 212 208 202 221 219 230 206 217 217 355 272 309 300 324 353 329 295 315 277 409 384 383 356 364 383 389 412 416 342 346 412 394 153 143 172 165 155 156 165 161 171 148 141 198 
214 350 183 91 55 273 241 351 427 397 0 346 74 310 421 251 62 314 133 198 299 221 174 228 177 181 192 293 423 258 196 173 169 149 188 373 155 397 110 109 111 151 317 229 52 103 235 431 432 190 47 212 184 291 274 280 335 474 186 168 243 210 360 61 411 407 37 323 269 247 228 238 199 250 225 235 217 214 242 246 234 220 242 227 230 260 262 233 254 258 273 300 268 247 259 500 464 416 431 445 467 445 446 465 451 414 445 476 384 391 386 359 369 386 396 395 378 398 383 232 
261 62 480 292 354 264 112 545 430 529 329 0 375 236 364 275 336 538 209 396 517 143 426 392 477 469 160 134 271 151 183 166 182 235 166 518 231 555 440 409 438 187 439 257 369 435 473 608 257 262 356 266 397 88 81 510 92 396 218 180 389 153 268 366 562 487 372 42 320 241 359 332 331 355 331 352 354 357 357 335 337 334 359 347 346 198 259 248 240 213 190 237 249 233 263 312 303 262 291 318 284 290 270 267 326 301 250 317 407 433 411 409 402 422 406 420 415 439 416 366 
202 405 123 103 44 281 288 296 418 360 64 387 0 324 411 254 114 248 191 148 226 237 116 170 172 114 232 350 412 287 216 217 208 218 246 323 173 347 132 58 107 204 289 229 116 96 171 357 423 176 23 201 137 343 323 207 366 457 241 234 211 239 365 30 352 384 38 359 253 267 201 200 179 199 185 199 175 186 202 226 206 190 225 184 197 286 244 238 268 269 300 285 259 259 252 501 455 414 415 455 470 456 447 464 437 430 445 485 338 363 359 327 335 356 360 378 358 368 348 198 
109 209 387 228 315 64 222 343 180 316 309 240 324 0 128 79 356 358 280 243 354 152 313 227 470 337 227 325 120 128 159 248 205 311 230 316 160 335 421 337 414 226 216 98 369 389 323 395 128 133 317 128 268 162 205 360 182 180 322 263 192 162 61 323 351 258 335 200 104 60 187 162 180 175 165 178 190 181 174 155 158 149 163 184 153 87 73 92 57 48 61 25 65 70 86 183 152 112 118 148 161 158 158 171 136 117 145 173 175 217 179 175 170 191 183 187 164 210 188 197 
223 316 450 340 398 145 362 332 82 268 416 360 397 132 0 179 452 369 412 307 373 294 372 281 560 405 340 446 104 252 276 363 344 438 358 290 273 298 518 413 502 348 219 211 472 486 373 370 142 236 403 229 311 291 329 368 288 63 449 377 222 292 106 407 300 195 412 314 148 188 227 215 240 223 227 227 235 234 224 205 213 226 209 238 214 197 178 203 179 174 189 149 176 182 165 152 111 130 102 101 136 133 151 172 80 89 166 126 132 138 113 122 119 134 107 117 109 138 136 225 
60 241 316 155 233 47 231 293 211 265 242 262 244 87 177 0 292 292 238 182 294 139 241 159 397 269 211 328 188 147 122 211 181 290 211 277 112 288 360 258 334 198 172 33 305 322 262 354 201 73 235 48 187 196 220 290 208 231 300 220 129 155 137 257 304 242 266 222 59 43 120 85 109 97 88 104 107 113 104 87 84 95 98 121 83 88 18 42 41 70 90 66 47 42 12 265 234 196 181 216 234 225 228 249 210 199 220 249 180 198 166 162 165 179 174 180 177 200 184 121 
240 378 198 126 92 320 242 400 474 438 50 353 111 352 449 283 0 362 137 243 330 241 213 269 141 216 206 282 457 280 221 172 190 131 201 430 184 441 99 150 84 173 374 257 29 105 270 459 451 231 92 240 229 315 292 313 371 506 166 182 284 237 405 73 442 457 62 350 328 285 272 276 245 276 274 262 258 274 279 292 273 256 290 252 261 296 292 281 297 303 315 323 302 298 297 520 491 456 453 478 500 494 484 490 489 457 472 516 420 437 437 409 413 441 435 451 421 450 416 278 
286 520 199 284 285 315 463 87 342 153 312 529 261 370 360 301 354 0 429 149 29 398 160 152 366 144 433 544 432 407 353 416 403 436 420 119 312 153 343 226 324 390 162 289 358 316 88 126 465 281 271 273 159 475 474 57 491 402 455 417 165 393 385 284 147 230 293 510 275 318 188 227 214 191 214 196 190 192 193 225 217 224 202 189 225 377 305 325 327 353 376 352 327 333 306 506 475 444 429 462 470 475 487 511 429 426 487 480 246 266 271 260 262 272 294 286 282 268 245 185 
215 254 305 146 180 264 121 451 443 473 153 215 192 293 400 258 149 429 0 277 405 136 275 284 283 310 93 162 384 188 143 50 85 35 75 447 145 473 230 242 219 67 369 216 164 221 343 508 376 202 177 212 282 210 156 379 254 458 64 42 303 128 333 182 484 465 172 223 291 233 275 261 245 295 257 276 261 276 288 287 283 267 294 266 255 226 255 214 246 238 240 261 242 229 256 435 410 358 382 405 400 405 382 389 409 391 378 423 405 430 410 384 379 426 410 425 402 426 403 294 
171 405 174 137 160 208 317 192 299 221 188 399 142 242 307 176 237 141 286 0 134 251 79 40 299 116 275 414 348 274 230 287 246 294 284 196 183 226 257 127 241 242 146 164 241 218 92 253 354 152 162 135 15 329 335 121 366 348 328 288 93 264 284 171 230 246 176 365 169 215 84 99 83 89 93 76 76 90 87 126 99 105 98 82 105 252 181 193 192 235 256 248 196 208 191 430 374 354 358 368 396 391 383 410 364 337 381 413 218 241 229 220 221 235 242 259 238 241 211 93 
287 513 176 270 249 305 460 119 357 184 286 520 222 357 374 284 323 33 402 133 0 396 122 144 327 114 420 526 446 395 339 407 374 422 406 155 319 172 329 195 299 364 188 293 328 275 69 145 473 282 244 260 134 461 470 29 491 418 435 402 164 382 386 247 177 252 254 488 264 319 193 216 202 188 202 190 195 190 179 215 211 224 200 196 219 368 292 311 319 332 373 360 321 322 298 522 470 462 453 453 485 476 481 512 438 432 494 485 264 269 289 281 282 283 307 287 305 280 270 182 
111 151 353 146 219 173 84 401 341 397 224 155 246 161 278 147 232 403 142 249 378 0 290 246 375 330 81 176 255 60 40 97 60 164 90 394 84 422 329 268 308 94 317 124 241 314 335 471 231 133 229 131 266 89 92 365 146 336 176 104 255 29 206 241 432 372 240 118 206 123 219 208 201 226 198 221 200 212 229 202 209 202 223 226 206 95 145 130 134 109 119 128 124 119 147 310 288 229 250 282 281 268 269 274 272 253 246 297 298 331 304 291 293 324 313 323 300 332 319 246 
211 436 112 162 136 254 351 198 361 261 167 429 120 307 366 231 206 162 289 77 125 289 0 99 233 53 293 413 408 305 246 297 279 312 295 238 201 262 213 87 203 270 199 206 199 173 80 263 429 194 132 189 63 383 374 118 399 410 321 293 149 300 346 144 259 306 142 401 222 250 132 161 136 148 148 139 134 154 157 183 165 168 175 134 167 283 232 250 256 268 300 289 261 264 250 485 447 409 412 435 453 450 454 472 419 402 436 473 278 301 292 283 274 303 311 312 308 306 288 139 
143 391 196 166 193 170 317 174 251 198 223 390 173 216 271 150 261 165 294 48 153 251 101 0 328 152 281 411 325 254 224 280 262 320 289 182 170 201 292 168 278 254 119 156 254 263 104 232 342 140 176 135 52 332 333 135 344 325 331 288 63 266 266 200 199 202 206 366 138 185 40 74 75 62 68 60 63 62 66 90 81 80 74 56 66 218 162 171 171 202 226 214 172 184 158 390 359 335 324 346 361 362 355 371 322 324 368 365 185 213 194 184 187 200 209 208 210 209 177 47 
358 512 171 246 167 439 379 434 563 482 162 488 176 473 559 408 154 358 283 301 331 378 246 335 0 237 341 411 578 407 350 320 327 263 331 459 309 491 60 185 63 301 427 380 130 83 282 479 582 330 160 361 273 456 416 327 489 623 287 316 366 366 525 153 490 528 149 480 420 405 351 368 329 371 358 350 327 353 359 375 363 352 374 340 348 431 411 384 415 419 432 451 409 406 398 648 605 568 577 613 614 617 592 616 601 570 588 642 495 516 511 486 503 511 530 524 521 518 500 353 
258 481 78 182 159 293 387 218 400 277 182 464 116 352 408 263 229 151 308 117 121 332 48 151 234 0 342 441 442 351 284 325 312 324 335 250 242 278 212 84 197 299 241 254 208 175 65 253 462 230 141 241 92 416 404 100 455 444 345 331 187 331 397 143 269 322 154 442 265 293 173 200 177 192 196 182 183 183 184 220 203 210 213 184 199 322 284 281 288 306 334 335 306 306 276 530 490 451 441 479 481 484 495 502 462 443 487 507 304 320 340 302 317 331 352 338 332 333 310 173 
174 177 339 147 208 215 64 447 404 460 190 143 243 231 340 203 200 420 82 277 417 73 309 284 334 334 0 134 305 112 95 34 31 116 12 430 106 463 299 273 293 51 361 186 213 284 358 504 291 154 224 188 292 137 86 401 169 396 116 55 301 69 273 230 473 428 220 135 248 191 261 245 229 266 250 262 243 247 258 259 248 248 272 256 234 146 200 167 192 172 165 194 188 179 200 369 343 300 307 353 336 331 318 326 350 315 304 371 355 383 370 359 343 378 368 391 361 381 379 273 
292 195 442 277 318 328 93 573 497 576 281 136 337 317 447 310 278 555 153 417 534 172 412 405 415 455 126 0 386 191 217 135 169 148 134 557 233 581 357 390 371 178 472 295 286 374 480 623 360 289 329 308 396 181 121 512 193 488 137 140 411 163 347 334 606 553 330 168 374 305 395 366 360 394 371 381 379 383 402 363 368 362 391 389 366 260 311 295 310 297 279 301 293 281 322 433 416 373 391 408 403 412 368 373 421 393 358 438 481 515 480 462 454 490 483 492 479 507 485 394 
228 224 488 325 416 158 312 413 184 368 418 288 415 119 105 186 445 432 384 348 453 253 401 310 581 447 298 388 0 211 262 333 313 418 315 377 269 381 525 443 517 317 283 203 471 501 415 460 45 254 416 225 369 217 275 449 190 137 400 338 288 262 62 437 386 289 435 241 196 182 287 245 262 267 262 272 277 268 274 246 244 252 263 272 263 163 187 190 166 153 160 144 164 166 183 97 49 34 15 49 48 54 56 76 53 22 62 65 229 237 206 219 201 214 211 210 199 226 227 285 
127 137 374 184 270 140 109 413 321 399 247 149 270 135 251 146 279 403 183 274 397 56 302 256 411 342 100 199 214 0 79 133 101 222 110 396 114 426 359 312 347 135 306 129 284 354 362 483 194 141 270 149 281 81 89 381 101 296 208 147 249 69 167 271 427 369 271 99 181 102 241 204 215 237 200 214 225 210 233 199 210 192 212 220 207 74 135 117 113 96 72 119 104 94 140 265 254 198 211 244 246 240 221 225 255 224 198 264 287 320 294 285 286 298 290 313 282 307 305 246 
90 186 306 127 189 148 120 377 320 369 182 180 213 163 285 123 209 350 129 223 350 56 246 222 347 294 83 214 252 86 0 92 77 175 101 366 43 384 293 234 289 87 280 95 225 270 304 446 260 96 202 116 230 139 138 335 175 330 167 121 225 60 199 206 401 348 215 160 166 119 195 166 163 191 171 192 180 176 201 171 177 162 178 189 163 98 130 98 118 103 105 128 114 111 123 330 290 243 261 296 288 278 281 284 283 257 257 322 288 311 282 268 273 311 293 300 287 314 295 213 
170 199 325 138 204 243 72 441 409 450 174 184 226 232 357 221 184 426 60 284 393 94 286 272 310 317 34 130 322 126 103 0 49 89 22 443 121 462 272 253 263 30 357 199 202 271 341 512 326 173 202 189 276 144 107 381 204 419 83 17 294 90 294 205 480 437 200 177 269 189 274 254 248 271 255 264 237 263 260 248 260 245 259 259 243 165 207 185 206 191 191 209 207 184 210 393 376 316 327 365 355 358 347 354 364 345 323 379 385 403 378 366 361 383 391 393 383 394 373 288 
150 193 307 134 178 215 84 409 373 422 170 185 212 224 336 193 177 398 71 253 374 73 271 248 328 310 35 161 315 112 61 30 0 110 48 417 88 437 279 255 272 24 329 159 198 260 328 483 302 147 200 152 245 142 109 359 183 392 121 61 260 70 271 198 440 404 191 159 235 172 245 218 211 244 225 232 229 230 252 224 236 216 241 218 225 154 195 154 174 173 175 191 169 158 180 369 347 295 303 337 345 336 326 326 340 315 302 357 344 380 351 333 325 370 364 363 351 376 345 245 
241 277 314 173 179 313 148 478 485 507 141 227 214 315 444 280 140 439 38 298 426 164 302 326 264 317 106 160 419 218 168 87 115 0 114 476 175 512 219 261 222 91 416 252 157 214 373 534 407 236 203 239 296 228 184 401 284 501 34 81 335 172 370 202 523 489 188 240 315 260 307 295 288 326 291 296 288 309 311 316 308 300 316 292 294 244 280 265 274 270 266 284 267 266 286 486 451 396 411 455 446 431 428 423 447 427 411 462 434 460 444 430 431 460 462 456 437 469 450 316 
183 180 340 152 211 234 57 458 411 454 187 147 238 239 356 219 205 418 67 287 415 74 311 283 343 339 23 132 319 110 96 30 34 100 0 447 122 471 281 284 278 55 353 194 215 278 351 515 310 171 229 199 276 137 96 392 180 412 99 39 304 68 285 231 485 446 214 144 260 189 271 257 244 263 252 270 247 258 277 263 266 239 273 249 238 161 208 188 195 195 180 203 199 184 203 387 364 294 314 350 348 341 320 326 362 333 320 368 379 401 381 367 357 384 374 390 370 391 377 273 
288 503 312 318 342 273 480 60 230 37 380 528 336 324 294 269 419 138 464 196 162 405 233 180 453 240 447 555 370 398 371 448 418 487 437 0 337 34 443 307 413 410 112 275 423 393 187 89 397 280 341 267 194 454 481 163 475 324 510 448 159 397 327 355 43 116 354 480 216 293 176 214 212 190 199 198 195 190 190 195 201 212 187 202 212 349 265 305 284 325 342 328 289 299 275 431 390 385 377 374 404 388 419 434 350 362 424 418 158 151 188 171 175 178 198 182 199 171 160 177 
76 228 280 71 154 145 152 334 309 349 157 229 170 168 288 123 199 316 136 185 303 94 221 189 323 240 111 245 267 112 49 112 82 173 113 324 0 363 265 195 252 92 260 94 207 243 255 408 264 67 160 90 183 177 171 296 220 343 182 140 185 92 227 184 362 325 171 195 152 103 155 131 121 152 136 146 140 140 163 150 145 142 163 142 129 114 126 104 111 109 128 133 116 102 116 352 310 272 266 299 312 308 302 315 288 268 295 330 260 291 281 252 250 296 275 283 266 303 280 178 
311 535 336 358 376 290 492 65 247 41 413 552 354 325 295 281 454 136 474 219 165 419 266 206 485 269 466 591 382 422 387 459 441 502 473 41 348 0 468 328 450 445 115 291 440 426 207 90 413 304 360 284 224 465 498 193 502 317 535 474 191 425 350 366 23 123 381 504 253 320 215 236 236 212 234 222 226 223 204 218 225 235 203 225 241 367 292 313 307 339 372 340 321 318 302 450 403 412 392 390 415 407 420 459 365 369 427 412 175 161 184 181 192 173 194 194 200 173 170 202 
321 464 158 202 122 395 340 411 538 460 112 442 138 429 524 361 107 347 225 256 326 323 224 297 52 211 289 368 533 372 307 272 275 225 285 429 267 465 0 155 39 251 393 326 81 49 281 457 533 303 116 317 255 404 376 304 446 584 239 256 328 330 466 117 464 500 101 427 388 355 322 319 300 336 316 310 307 310 325 330 328 316 341 308 309 380 368 357 362 378 389 395 372 359 365 604 569 533 539 568 570 564 555 561 543 542 540 597 476 482 481 451 454 491 496 503 491 486 462 315 
218 418 79 142 74 283 329 274 407 331 106 420 58 322 406 250 139 220 235 123 196 287 69 162 174 75 273 394 433 302 237 258 250 255 277 302 197 316 150 0 134 244 265 226 133 103 129 325 443 200 61 212 106 364 360 171 395 452 271 260 193 281 382 73 320 360 82 386 269 269 179 208 171 204 196 178 163 181 205 219 210 206 209 188 196 301 253 254 279 293 316 313 271 279 261 511 474 429 433 466 478 476 473 479 445 437 451 502 339 350 346 333 318 360 353 368 356 363 324 193 
298 461 142 186 107 375 337 398 516 443 117 430 108 415 492 346 89 330 226 239 307 313 186 278 66 200 279 375 521 349 278 272 261 216 275 413 252 437 21 122 0 251 390 306 74 26 243 436 508 284 116 301 221 391 372 289 442 548 243 257 310 307 465 101 454 479 82 416 363 344 286 300 275 310 298 299 269 288 297 319 321 300 321 293 298 355 345 330 357 363 374 394 351 346 344 586 556 503 515 535 559 546 541 549 540 507 531 579 443 455 467 429 442 466 462 478 469 473 441 311 
157 214 299 112 174 211 91 411 397 434 162 195 194 235 356 192 161 397 70 256 377 77 261 264 308 297 48 177 313 125 73 43 22 96 44 422 89 431 264 228 255 0 328 176 171 252 324 474 309 135 183 163 246 165 134 360 211 404 107 58 268 79 284 184 437 418 184 174 247 172 243 214 212 250 222 235 227 235 253 222 228 222 234 237 225 152 191 179 179 189 189 209 183 180 191 384 351 300 327 353 347 342 334 340 348 338 329 380 341 371 352 342 337 378 370 379 361 372 346 253 
202 414 290 258 284 183 379 134 184 115 330 427 290 222 212 180 367 179 375 141 175 298 199 118 429 237 363 472 282 308 269 360 325 408 355 97 241 124 411 260 385 337 0 187 378 362 182 187 299 202 285 172 171 352 378 177 372 245 425 371 92 313 240 305 138 104 307 388 123 213 104 121 133 104 113 124 136 111 97 117 121 133 103 113 134 259 183 206 188 218 252 233 200 207 184 346 301 294 289 291 311 314 340 360 268 278 344 333 104 111 112 107 98 100 131 123 120 112 91 99 
14 248 300 136 208 63 206 282 237 279 214 266 214 104 201 46 270 288 221 165 280 124 223 154 364 259 191 309 203 130 103 190 154 246 180 268 81 304 339 225 303 164 177 0 266 303 247 357 220 38 214 25 169 193 201 279 223 262 264 206 135 140 157 221 299 250 225 217 89 56 112 86 87 105 79 98 107 94 108 81 90 81 103 106 89 84 49 35 47 59 98 92 41 49 47 288 241 220 208 245 252 249 234 254 231 220 237 273 201 226 198 176 171 220 205 205 200 222 195 116 
265 392 192 145 88 325 264 394 476 444 66 366 104 362 469 299 23 360 160 229 323 257 212 255 128 207 216 296 465 281 218 202 192 155 203 422 200 447 83 151 82 177 373 274 0 83 279 468 462 239 96 248 227 336 294 310 381 516 185 193 294 242 420 81 460 461 73 362 328 306 270 286 261 293 275 274 265 275 281 300 278 278 302 260 278 305 300 284 308 323 314 343 296 305 310 540 504 467 470 503 510 494 492 510 494 476 486 522 423 445 440 418 423 438 442 440 433 443 419 294 
303 461 121 172 101 369 327 372 500 430 92 419 92 405 487 333 99 306 236 223 295 319 187 262 74 181 275 369 500 353 279 270 263 225 270 408 241 424 56 114 20 247 362 299 84 0 227 418 504 259 91 282 205 394 371 258 428 544 249 266 304 314 458 75 433 449 74 424 352 332 291 299 267 300 281 283 265 271 297 315 300 283 303 272 289 364 342 322 352 351 370 385 343 350 332 572 536 494 499 535 536 533 538 545 535 502 517 554 431 456 453 433 427 455 461 467 451 455 427 289 
243 467 131 221 186 273 396 154 352 205 240 474 167 336 374 259 282 83 344 99 74 346 71 103 287 68 353 477 423 352 307 347 336 357 349 192 262 210 267 144 256 331 172 254 266 244 0 204 445 227 199 224 95 426 428 41 456 420 385 356 155 339 375 200 217 271 217 458 246 291 157 180 176 171 181 168 158 163 168 188 173 178 171 161 169 320 273 271 272 301 328 313 275 295 274 498 443 441 413 448 456 447 471 475 419 413 469 465 256 278 281 262 261 278 305 285 292 288 264 153 
362 580 318 386 386 342 552 74 320 109 416 603 365 394 366 353 456 129 511 245 143 479 252 224 486 268 500 632 448 472 436 503 487 544 506 88 396 92 463 339 434 480 187 358 461 433 197 0 481 347 384 352 259 540 551 175 550 393 569 524 237 489 415 384 76 197 394 570 310 378 259 284 275 257 277 266 279 265 254 281 279 286 257 260 284 430 355 369 379 389 432 394 382 377 346 517 470 483 461 458 485 478 493 513 446 437 499 489 242 232 261 254 262 246 273 262 281 263 232 237 
235 209 502 333 423 179 283 432 203 391 423 264 429 115 141 194 462 451 367 356 454 243 426 335 573 455 301 371 43 191 245 317 300 410 302 397 274 402 531 449 518 321 307 212 462 509 431 472 0 264 424 247 363 211 252 456 187 144 393 335 303 259 75 434 425 308 436 215 203 173 305 261 275 283 276 290 298 295 294 257 270 270 268 299 268 177 184 199 169 171 149 148 184 170 194 90 63 19 38 64 57 36 39 50 75 55 30 67 242 254 228 224 236 246 219 228 215 258 263 292 
31 248 276 108 174 103 197 292 265 307 193 256 175 149 245 72 232 292 190 146 275 127 193 146 327 238 163 294 250 129 82 158 139 234 160 290 57 308 296 195 273 146 193 44 223 262 232 358 254 0 176 31 164 198 212 260 238 294 246 174 144 123 182 192 317 287 187 242 114 91 117 92 91 115 90 104 91 105 115 106 102 95 113 95 89 112 86 68 92 94 122 110 90 81 89 323 276 254 242 268 283 280 278 304 279 250 272 300 225 240 224 199 209 234 232 235 218 241 215 125 
208 373 126 103 11 274 263 326 414 376 49 370 19 310 398 234 94 278 186 154 254 227 132 177 173 137 226 325 426 269 212 209 199 190 223 344 172 374 124 72 96 179 302 219 96 96 188 379 433 173 0 198 154 327 306 234 366 462 226 202 213 228 359 16 363 382 36 340 270 257 211 204 190 206 203 210 191 199 208 225 220 209 229 190 201 278 257 231 249 275 286 286 262 259 249 490 451 429 416 443 465 451 457 463 449 428 434 475 356 375 363 341 336 366 372 371 366 384 343 206 
21 256 269 123 188 91 207 276 250 273 214 272 189 120 229 51 239 280 212 154 260 133 185 134 351 241 175 306 240 142 98 186 169 256 190 269 73 297 317 210 299 158 180 31 255 282 223 338 244 26 198 0 150 196 222 260 234 271 254 210 126 140 167 203 296 252 209 243 87 65 95 63 69 91 81 95 88 88 89 81 79 60 93 88 79 109 67 56 81 84 106 118 73 67 66 313 264 236 232 263 280 265 260 295 253 244 270 284 200 233 198 175 181 208 210 220 194 233 208 117 
178 404 162 148 157 206 314 182 318 237 178 406 129 266 320 176 229 144 287 28 129 256 54 62 275 91 273 413 366 287 221 283 254 304 275 207 173 238 240 111 231 255 157 171 225 222 89 243 383 147 142 143 0 329 345 127 367 356 331 290 91 274 298 150 244 249 160 371 174 215 91 123 92 113 107 97 85 105 97 119 123 122 116 82 106 241 194 199 219 230 266 246 204 222 202 446 403 369 355 388 390 400 398 421 373 362 398 412 229 252 260 234 229 259 264 265 246 254 221 96 
184 65 431 235 309 197 114 477 355 468 300 93 333 165 274 203 325 476 208 330 455 98 375 320 452 405 119 166 208 61 132 161 152 221 145 456 182 465 406 367 406 168 365 191 329 384 410 531 209 200 314 205 341 0 63 441 53 322 222 162 308 90 194 321 481 421 331 37 239 169 301 271 270 286 272 272 282 273 283 259 269 256 285 275 271 114 195 165 166 150 126 152 172 163 193 267 258 204 216 258 239 243 213 218 250 227 191 269 344 356 337 323 326 350 334 343 341 358 351 298 
202 95 421 234 304 228 55 497 384 489 279 66 321 219 343 218 282 482 166 344 462 84 376 326 421 406 83 115 262 89 121 114 108 175 89 484 168 493 382 361 366 137 395 217 299 372 414 555 257 205 313 225 344 76 0 445 104 386 161 128 333 85 239 308 517 457 305 75 270 190 311 288 278 301 290 302 300 305 308 275 298 276 307 290 275 150 219 199 215 181 154 194 192 188 218 328 301 247 274 312 296 284 272 275 311 295 258 312 388 408 378 363 365 385 383 387 380 400 378 326 
277 509 158 248 221 305 441 124 340 205 273 516 215 358 379 277 301 63 383 113 40 363 105 139 321 106 401 504 433 377 326 384 361 408 403 172 292 176 309 163 286 349 173 280 295 272 36 172 459 268 226 256 114 447 454 0 472 414 429 385 156 385 392 241 189 248 239 489 258 310 175 206 201 178 199 184 184 185 183 209 197 199 197 187 198 362 287 288 302 327 347 344 307 307 280 510 471 445 432 456 483 467 483 507 431 423 489 491 273 269 292 277 274 294 296 296 296 290 267 177 
212 51 465 276 348 224 144 499 335 477 346 79 376 177 285 220 364 505 247 363 497 141 414 353 508 447 169 202 192 105 169 193 196 270 170 476 205 502 440 412 431 196 371 206 368 436 459 556 182 226 362 242 367 62 100 475 0 306 252 199 345 131 187 369 496 432 372 58 261 175 324 291 288 321 287 319 311 300 323 283 290 295 303 310 293 148 206 200 197 176 144 157 193 167 217 244 229 168 197 222 220 217 177 189 241 209 171 234 356 381 349 343 334 351 336 345 338 356 354 333 
263 348 515 378 455 210 413 362 99 287 482 395 448 192 56 221 507 415 455 348 429 342 411 316 624 447 397 485 118 305 334 415 385 487 409 318 330 324 580 468 549 402 255 259 526 554 414 393 159 301 463 286 369 324 378 410 315 0 487 424 274 355 152 477 323 211 474 341 202 244 280 269 288 264 271 284 304 287 270 253 253 280 260 299 277 245 233 254 228 239 238 213 229 239 231 146 111 159 115 114 142 126 167 168 82 120 166 125 167 169 139 159 150 148 131 140 126 145 170 277 
260 263 345 191 205 316 125 503 482 510 168 214 233 311 443 282 168 467 66 335 433 177 329 337 279 355 108 127 407 218 166 93 125 42 101 501 190 532 240 276 239 98 422 261 184 254 394 569 398 247 219 264 320 215 166 422 253 503 0 68 364 162 357 226 523 499 213 227 339 282 324 307 297 325 310 312 307 312 339 329 316 315 342 319 319 254 293 269 280 286 277 303 281 275 297 463 451 397 411 435 432 430 410 434 446 417 394 464 457 467 453 429 437 476 455 462 454 476 454 345 
183 209 334 144 199 254 74 461 419 469 166 183 221 261 384 235 173 424 59 278 415 107 299 301 315 337 40 142 352 137 119 17 50 68 36 454 130 478 256 272 260 53 375 197 183 264 346 515 345 177 199 192 292 165 124 384 199 430 71 0 300 92 299 218 479 443 196 168 267 216 268 262 245 291 252 263 257 259 280 262 259 254 281 276 263 187 240 202 213 207 196 235 226 211 222 403 389 328 354 384 368 361 351 372 379 347 336 395 387 417 384 364 383 415 402 399 390 406 395 301 
146 377 244 189 217 148 318 176 207 180 253 381 215 187 233 136 297 174 302 85 171 241 158 45 368 187 288 406 290 246 212 302 269 338 297 149 179 179 325 200 308 255 88 124 297 291 149 239 297 139 229 120 95 307 338 163 347 279 350 297 0 267 221 242 186 171 236 351 113 161 28 60 72 31 56 50 47 56 22 52 48 73 50 49 58 219 130 149 159 191 205 187 169 160 145 365 323 293 274 304 317 309 326 349 284 273 321 333 142 163 159 147 138 159 165 170 158 177 137 26 
137 158 345 153 219 171 71 415 343 420 210 147 241 177 302 161 231 405 130 266 388 18 299 268 358 335 52 175 249 68 49 73 57 167 73 404 91 426 328 269 317 82 325 151 242 297 337 479 258 124 230 144 259 104 89 369 147 344 156 103 264 0 209 234 436 383 243 133 199 146 227 205 197 236 204 235 221 215 240 213 223 210 224 228 211 104 162 132 142 128 131 142 147 130 152 332 296 251 263 283 286 296 259 279 298 274 265 323 315 353 312 305 309 331 326 343 309 340 320 247 
156 221 449 275 355 100 265 354 172 321 375 269 363 53 93 125 395 400 338 284 397 195 342 275 524 397 266 352 66 163 196 293 251 360 283 339 215 338 478 371 465 267 248 154 417 442 366 420 83 194 366 183 303 200 236 385 186 142 364 301 229 220 0 368 344 265 366 221 141 127 222 188 225 208 202 210 224 218 212 190 205 206 205 216 211 119 132 139 108 111 111 86 112 125 115 149 101 81 70 89 99 94 102 129 84 78 97 135 181 207 174 174 176 192 180 178 175 193 202 226 
224 379 142 98 16 289 276 320 433 376 59 373 34 314 420 260 75 284 193 165 250 244 134 202 158 157 228 333 433 271 218 201 209 195 219 345 166 384 104 69 100 192 299 226 89 82 196 392 427 186 18 206 161 338 307 239 377 463 221 203 224 239 376 0 390 391 11 350 282 268 220 227 201 233 221 215 192 200 225 230 217 221 228 208 203 274 260 242 276 288 300 297 257 261 269 513 475 424 439 460 469 473 449 470 440 430 453 484 357 376 370 362 343 381 394 381 368 394 370 213 
312 542 323 347 368 301 494 65 237 49 415 551 362 346 301 293 455 141 488 220 172 424 254 196 482 278 471 604 386 430 390 478 439 505 478 50 364 8 473 336 454 437 125 310 449 426 218 88 415 313 378 301 231 491 501 179 508 325 525 474 183 433 349 374 0 115 381 510 259 325 224 231 254 214 241 226 243 233 217 230 234 235 217 233 235 379 302 320 328 343 379 340 317 336 298 451 407 408 384 385 420 417 439 467 376 388 438 419 191 175 204 188 185 194 200 207 214 190 167 210 
266 448 390 334 375 225 453 157 130 85 412 490 380 264 200 238 454 221 470 247 248 384 287 219 523 315 431 551 289 367 345 439 403 501 429 125 323 121 491 361 464 402 94 255 464 466 267 192 324 273 395 264 254 417 457 248 433 217 518 443 172 381 265 388 132 0 397 440 193 260 201 197 212 188 200 203 224 208 197 189 203 217 182 202 214 313 239 265 260 280 293 273 269 271 246 331 302 314 293 284 316 316 331 358 275 269 334 314 90 72 95 98 95 89 107 87 105 66 84 177 
222 382 151 98 31 298 263 339 444 378 49 369 46 328 427 261 69 282 182 178 268 246 146 194 155 163 216 314 437 282 216 202 197 174 229 369 184 383 103 94 100 183 318 231 74 93 207 393 430 199 23 209 160 327 294 241 378 479 214 205 236 237 371 11 394 405 0 344 287 267 217 223 209 226 210 220 196 213 222 232 226 217 239 211 219 291 268 243 262 290 304 295 264 275 268 500 478 425 430 454 460 461 462 467 446 440 451 494 377 390 384 367 353 384 395 396 388 406 372 235 
225 48 457 276 344 243 114 512 378 504 324 42 361 205 313 236 348 504 218 362 500 120 403 350 479 437 140 153 241 98 159 165 176 243 150 493 206 517 424 389 430 179 398 225 359 420 458 558 214 225 342 236 384 54 76 477 47 357 228 171 356 130 230 350 526 441 345 0 276 192 320 299 306 332 308 314 309 321 331 293 303 301 313 324 303 149 232 212 200 192 156 185 195 203 232 291 275 220 236 267 266 266 237 230 283 251 204 273 365 407 367 363 349 382 365 389 364 389 377 333 
92 286 313 203 254 47 284 259 172 238 279 320 268 102 156 48 319 272 298 161 272 191 234 133 417 269 247 366 187 191 184 254 222 315 262 227 148 239 369 267 360 247 128 88 334 343 235 298 207 105 257 92 170 233 261 252 256 200 342 266 112 203 141 271 243 194 275 282 0 78 103 71 89 74 73 83 95 83 86 56 77 68 66 101 74 126 59 91 66 102 137 97 88 103 55 263 214 210 188 212 224 215 235 263 188 188 223 239 129 152 130 118 109 130 130 148 130 153 134 91 
57 210 334 165 244 59 203 320 218 304 255 234 248 77 182 39 295 323 242 211 317 133 256 186 414 286 183 286 179 114 104 195 171 276 201 308 117 311 355 282 350 186 200 56 301 343 292 385 187 84 262 62 216 170 198 317 180 231 269 213 170 138 118 272 326 263 268 190 95 0 148 116 118 145 128 134 147 144 144 120 130 116 121 144 119 55 37 20 14 26 47 46 16 16 31 258 207 173 186 215 214 208 200 229 202 185 195 224 190 226 183 186 185 207 209 207 186 212 197 163 
118 355 232 163 196 136 301 186 238 209 230 354 188 183 233 112 269 194 273 83 194 223 143 55 353 186 273 384 276 241 193 257 245 320 278 192 165 217 312 179 303 244 100 119 278 284 150 245 285 108 205 99 102 298 319 178 316 289 324 279 46 225 221 220 216 197 225 320 93 143 0 33 36 34 27 27 21 12 9 50 44 45 35 23 46 189 134 132 147 165 192 187 144 163 115 356 305 288 289 297 315 318 326 342 289 277 323 339 161 189 183 158 157 181 180 179 169 184 161 14 
89 316 263 145 199 98 284 221 215 220 229 331 196 157 210 86 281 223 275 110 215 206 173 86 367 212 234 368 242 193 170 255 227 298 246 200 134 241 322 203 295 214 133 83 278 288 179 278 257 95 200 79 120 266 288 216 288 262 320 267 51 217 206 209 247 201 219 300 72 106 43 0 41 44 21 39 49 31 37 22 30 22 31 32 10 164 93 108 107 144 169 152 107 115 81 329 291 250 247 281 300 280 288 315 251 257 290 306 155 181 161 144 155 179 186 177 169 183 149 43 
103 315 235 123 174 128 280 212 245 228 201 340 179 169 241 101 247 218 248 92 200 189 137 76 345 188 231 361 275 199 171 246 200 278 245 210 137 234 306 182 279 206 127 80 265 270 175 287 285 78 194 81 106 273 275 196 295 298 308 256 63 201 221 199 236 221 209 295 98 127 40 37 0 50 18 32 14 25 41 39 43 35 48 19 21 171 107 108 113 157 162 167 130 142 98 359 296 273 265 290 312 305 302 323 276 271 299 327 167 207 188 157 176 195 210 195 189 195 169 50 
112 350 255 168 210 131 303 188 220 205 233 350 212 170 210 108 294 204 298 106 205 224 165 63 365 194 263 396 262 237 201 268 248 324 265 191 163 213 329 199 301 235 92 110 297 293 162 253 275 114 207 91 116 291 306 180 304 259 340 290 38 244 211 229 215 187 233 328 90 135 32 42 42 0 41 35 41 35 14 43 36 43 11 30 38 174 116 130 129 149 193 175 125 138 103 349 299 268 258 281 308 300 303 333 266 267 308 324 148 163 156 139 147 162 174 169 168 168 144 36 
88 320 249 152 192 108 279 218 224 227 231 348 194 163 217 87 260 216 274 89 217 211 149 66 349 190 255 375 269 202 162 251 224 291 249 195 140 235 311 186 306 218 122 94 263 290 182 272 273 85 196 72 99 278 294 186 290 275 316 254 45 215 203 214 241 206 221 301 80 130 31 18 24 31 0 27 28 23 39 27 28 22 39 31 5 159 101 117 126 141 178 166 125 135 99 328 297 259 258 287 303 288 298 324 279 261 289 313 164 186 165 143 159 183 185 178 180 198 170 44 
99 333 232 144 189 131 281 208 238 209 227 345 196 169 238 108 262 189 276 79 202 213 140 54 355 184 264 377 281 211 190 251 228 311 251 189 150 211 314 197 293 234 105 96 276 286 152 267 283 109 200 87 102 292 290 192 302 280 325 274 39 232 218 219 229 213 226 320 98 136 30 28 24 36 14 0 34 19 13 37 41 37 32 29 22 188 114 120 127 151 187 160 134 143 124 352 296 284 275 292 321 316 321 323 276 261 317 334 167 184 174 156 153 176 183 186 175 187 161 26 
106 338 216 136 176 133 282 202 249 213 204 347 167 184 239 120 260 206 262 68 187 205 129 49 328 175 253 363 275 209 168 256 213 291 244 205 132 223 300 178 286 223 123 105 249 267 146 270 290 102 177 83 84 284 293 181 312 291 305 256 50 208 230 184 243 223 204 320 103 133 29 32 25 42 34 26 0 21 28 57 50 45 52 19 41 175 128 137 138 170 178 169 135 151 129 351 310 291 282 308 325 324 320 340 288 284 321 333 180 210 190 171 167 196 211 198 200 207 177 52 
113 344 229 153 192 128 297 198 231 219 219 350 182 169 229 100 271 207 267 83 201 217 145 50 359 177 249 389 264 218 190 265 228 310 266 195 156 229 319 196 297 224 121 109 262 286 152 265 281 98 192 95 98 278 301 185 301 279 319 264 51 233 208 211 223 203 220 326 85 137 22 41 36 37 12 7 22 0 16 43 32 31 36 23 21 178 119 131 120 156 189 177 125 140 106 352 306 279 268 290 317 297 319 336 269 277 311 336 168 190 176 144 154 184 179 184 177 189 158 29 
117 355 234 160 205 134 300 191 212 188 231 358 204 177 234 111 270 186 281 95 188 223 155 59 354 178 260 388 263 223 192 265 239 308 273 188 171 199 318 201 304 234 99 117 288 298 150 250 292 123 220 95 106 281 303 184 310 279 325 289 40 234 223 229 214 198 234 319 100 154 27 46 33 21 32 15 32 18 0 41 35 42 23 21 33 194 126 141 136 168 190 172 142 156 119 343 304 285 280 290 309 304 318 330 272 275 310 332 146 179 158 136 151 180 176 176 168 168 142 27 
101 321 261 168 224 90 277 222 204 221 248 342 215 153 208 72 293 233 269 123 231 210 180 79 374 208 258 377 243 203 179 254 216 303 253 212 156 224 339 212 315 236 125 82 297 312 182 283 250 90 228 82 138 265 291 219 285 262 330 269 62 214 183 231 228 195 245 292 69 104 52 16 40 36 40 40 57 39 48 0 26 25 18 49 25 154 84 97 98 128 153 142 105 117 89 326 270 248 246 253 290 266 280 310 253 236 282 290 152 160 151 129 134 161 159 169 154 159 148 63 
106 318 262 157 214 97 282 202 215 211 241 332 221 158 203 89 291 216 282 116 223 199 173 87 378 205 257 387 259 208 171 265 222 318 257 194 147 228 335 201 317 229 112 90 290 289 177 274 264 102 215 82 119 260 281 206 297 264 319 262 46 228 204 232 221 188 241 297 73 123 48 31 42 35 21 32 46 21 30 15 0 25 30 39 23 168 104 116 119 148 174 145 119 125 105 321 286 249 241 279 289 285 284 308 252 251 287 295 146 173 163 129 143 159 170 178 154 173 157 43 
95 319 261 153 190 97 269 211 233 215 222 333 188 166 215 94 259 215 264 113 221 197 159 68 355 191 233 358 266 208 160 235 216 297 237 205 138 229 315 199 290 220 119 72 262 289 173 287 260 87 207 74 108 268 288 204 288 282 308 261 58 200 201 212 238 205 216 295 80 106 49 12 30 39 11 41 41 36 42 23 18 0 27 30 12 158 85 101 106 137 160 140 109 119 96 340 297 265 257 275 294 285 290 314 259 256 300 321 156 187 183 152 161 177 192 196 182 182 173 54 
110 331 257 164 220 103 290 192 200 193 241 361 220 165 214 95 291 212 294 108 206 218 167 71 373 204 267 390 245 215 180 267 229 320 266 178 157 214 334 216 310 235 111 94 301 294 176 254 273 104 225 90 128 288 306 187 310 260 332 284 36 223 205 226 222 182 231 316 62 121 33 39 55 19 39 23 55 41 26 35 18 27 0 44 25 170 102 123 132 153 166 158 127 142 101 334 280 272 259 265 287 295 289 305 265 257 295 308 134 162 148 137 124 157 167 172 149 157 134 48 
104 348 235 148 191 130 293 198 240 211 225 356 189 183 249 114 265 186 266 72 185 210 135 57 343 185 260 372 277 224 184 262 236 301 267 186 155 223 315 177 281 237 121 116 271 268 149 264 298 110 202 87 86 286 307 185 319 280 321 260 56 214 223 209 237 209 207 326 106 138 15 45 31 27 30 19 29 26 19 39 36 34 37 0 32 177 119 134 138 170 184 171 141 149 113 349 324 288 289 309 327 320 328 348 283 272 324 345 167 201 186 168 167 188 189 204 185 201 167 30 
97 328 255 153 209 109 283 225 234 218 231 328 197 163 225 82 275 221 263 103 203 199 154 84 357 197 252 359 265 197 175 251 217 287 242 209 134 225 321 200 293 218 116 92 276 276 175 282 274 92 203 80 121 260 284 194 283 276 318 257 54 211 206 208 229 200 227 296 69 112 32 17 16 34 20 23 44 35 41 30 25 4 39 26 0 174 96 119 108 140 172 154 121 130 99 326 293 274 250 278 299 297 304 317 262 250 286 308 161 177 175 149 156 185 177 185 171 184 157 41 
99 172 357 189 255 91 174 370 264 356 257 193 281 81 208 97 299 374 218 235 374 99 287 227 415 322 148 250 166 58 100 170 142 245 173 349 122 366 367 302 357 153 250 80 298 356 316 432 174 109 281 110 248 111 143 345 140 255 244 186 203 115 124 284 386 307 273 162 130 49 191 155 172 177 171 181 187 185 187 169 174 158 165 187 171 0 84 67 62 42 26 58 60 49 88 249 202 166 177 197 209 203 188 200 203 169 179 226 242 266 236 218 214 246 244 253 239 254 244 194 
60 232 315 161 254 25 225 299 216 271 257 266 243 69 164 17 300 292 258 181 310 156 248 171 402 273 203 319 172 126 130 220 178 284 204 276 115 302 357 256 339 201 171 38 300 326 273 361 187 75 261 65 190 185 222 291 200 224 300 237 147 164 125 253 304 230 270 227 63 39 121 83 115 124 100 108 126 109 116 80 90 100 97 115 93 82 0 33 21 50 82 57 37 39 16 261 211 194 188 206 214 225 217 240 208 187 201 243 181 190 181 148 153 188 190 185 171 188 184 125 
34 225 327 145 238 56 208 313 235 311 246 250 243 86 190 40 270 317 225 193 316 114 246 165 397 289 184 288 190 101 103 187 153 269 175 289 94 308 353 267 337 175 193 28 282 319 263 378 205 75 239 52 192 160 203 302 196 241 272 202 153 140 145 244 323 256 251 199 86 20 132 99 125 135 110 129 127 128 143 107 102 100 126 140 105 67 36 0 39 44 74 71 38 37 37 272 230 200 192 220 218 218 216 231 218 203 208 246 201 218 197 190 186 217 210 209 206 215 204 141 
51 223 338 176 255 44 212 316 218 289 267 249 262 68 182 35 291 324 243 198 310 128 244 172 412 284 186 297 174 120 110 217 179 288 194 295 126 315 367 265 350 179 187 55 302 341 282 364 186 85 267 78 216 168 203 308 186 220 277 218 149 155 107 258 321 252 279 205 83 10 149 99 129 134 114 127 134 136 144 103 104 118 115 127 110 74 31 39 0 44 65 48 14 37 33 259 206 178 184 211 218 209 207 228 185 175 194 236 181 217 178 175 172 200 181 193 185 195 190 144 
75 198 354 183 261 58 191 338 233 322 265 224 275 67 172 52 295 350 230 229 338 122 271 206 421 309 188 297 157 91 117 196 169 273 179 309 128 347 376 293 358 173 230 75 311 343 308 392 167 106 261 101 223 152 192 330 170 234 284 216 186 140 100 272 346 284 272 183 102 25 165 129 137 163 138 149 151 150 167 134 149 132 144 152 149 38 64 45 34 0 42 39 28 21 59 246 204 150 171 201 188 195 186 203 184 158 185 222 204 231 201 197 195 227 204 221 207 227 223 183 
98 174 367 195 281 81 184 374 245 354 272 200 295 71 176 82 302 366 245 247 360 103 296 227 427 346 162 279 148 90 109 197 156 276 173 332 120 372 381 314 376 179 244 85 314 374 340 424 150 117 276 106 253 133 156 354 137 233 269 201 199 114 99 292 372 306 289 168 135 52 183 160 167 182 174 189 177 180 187 150 170 161 179 181 158 20 77 71 55 41 0 43 68 52 91 222 192 149 155 185 186 176 165 195 177 152 171 213 221 258 224 215 206 229 221 238 218 252 228 204 
102 204 376 209 285 52 210 336 210 319 294 235 290 40 155 82 321 356 267 239 361 141 299 212 439 327 189 305 131 117 140 213 180 283 208 326 149 333 403 314 388 210 231 78 329 365 315 391 152 121 300 111 238 144 201 340 156 213 299 222 184 140 92 292 338 277 310 182 98 48 181 147 151 168 164 173 165 162 168 133 160 157 157 180 145 60 60 62 48 29 43 0 40 47 73 205 180 147 138 167 166 171 161 177 163 138 158 207 205 224 186 174 178 205 203 212 180 222 200 191 
68 216 347 169 245 44 204 311 222 305 268 245 267 66 169 43 294 328 241 208 327 135 266 190 422 294 182 305 178 124 112 209 182 285 204 301 106 307 361 280 361 191 210 54 312 334 275 369 187 87 268 70 210 168 201 305 178 225 290 222 151 145 112 276 326 260 271 208 88 7 141 110 121 144 114 140 135 132 148 118 120 113 134 141 112 62 36 39 9 39 52 54 0 32 31 243 206 177 175 202 211 196 213 231 192 166 188 231 195 208 191 171 182 198 205 196 190 214 196 151 
50 203 332 169 249 66 189 320 221 305 261 234 270 60 178 56 294 327 229 202 328 122 252 184 413 299 187 292 178 112 96 195 160 266 189 312 101 326 371 269 342 166 206 45 300 343 296 392 188 82 256 68 217 154 187 324 181 246 268 211 165 135 108 259 341 266 268 195 94 19 152 131 124 139 120 147 136 143 159 128 136 118 142 152 116 57 48 34 31 27 46 40 18 0 39 247 204 161 186 204 207 211 209 214 193 176 193 242 196 237 190 188 178 222 201 224 191 216 212 169 
64 238 331 173 252 23 228 297 203 275 264 275 249 84 177 20 299 299 254 188 298 148 232 165 417 288 209 323 174 130 130 208 197 280 223 263 121 303 370 271 341 206 188 47 301 342 260 358 194 78 244 60 199 201 224 285 208 228 288 234 147 159 114 257 290 232 255 224 48 42 132 91 115 123 91 111 125 111 127 81 96 86 107 123 102 91 5 38 34 53 91 57 33 55 0 253 222 194 178 215 217 209 222 242 188 184 213 245 166 186 162 155 147 176 171 177 174 190 178 134 
293 257 582 417 480 234 355 480 210 422 497 320 510 183 165 274 539 501 450 417 517 314 492 392 655 519 376 425 96 282 320 391 378 481 388 436 342 441 612 515 599 388 353 299 541 577 492 506 90 330 501 308 428 275 332 511 246 142 482 406 367 320 141 513 445 336 511 272 258 257 354 337 344 338 335 349 356 346 340 319 327 324 338 358 327 251 253 259 251 233 236 221 244 244 253 0 64 82 89 62 59 48 74 72 86 98 86 43 281 292 259 267 261 276 261 265 246 273 289 346 
263 257 539 384 462 191 345 420 180 383 462 319 467 148 119 236 495 475 414 390 478 295 439 344 619 489 339 416 48 252 305 367 348 447 366 398 310 410 563 481 543 362 307 255 503 538 458 478 69 277 459 280 392 248 304 469 235 111 455 393 318 302 101 466 398 292 475 279 234 213 319 290 300 303 298 297 307 315 313 264 288 283 280 309 282 204 219 232 215 206 196 176 215 214 209 51 0 63 38 32 39 30 57 65 49 52 73 25 238 245 208 234 217 228 210 226 219 226 240 318 
213 213 509 339 422 168 286 433 197 377 406 248 424 113 130 196 444 455 354 360 449 234 416 339 566 460 287 355 43 197 254 321 295 406 299 394 272 410 521 435 509 301 305 215 467 497 430 482 22 241 418 230 363 193 251 454 172 159 386 336 286 245 77 428 407 311 439 217 194 174 296 264 283 267 270 271 294 273 272 240 249 257 262 291 255 154 194 192 163 155 136 131 176 165 179 95 55 0 49 73 44 60 48 66 72 47 51 74 239 256 220 236 233 236 219 237 216 235 248 301 
232 241 499 341 424 170 304 397 182 366 424 282 417 125 93 197 451 433 374 345 450 246 399 324 570 451 309 390 25 215 265 326 313 424 318 378 276 386 534 426 522 320 278 216 475 499 411 463 39 248 424 229 358 228 278 431 201 122 409 340 273 255 71 438 384 290 443 247 186 182 290 245 268 267 266 275 273 272 271 243 259 260 260 274 250 179 192 192 169 162 162 141 175 177 187 96 45 33 0 36 42 44 67 89 36 21 61 68 212 239 203 215 205 219 196 202 184 223 217 279 
242 253 511 373 449 192 329 415 162 355 450 310 447 150 112 220 487 455 411 382 467 276 431 338 601 471 347 425 56 251 290 366 351 449 359 376 294 379 569 459 535 364 290 248 500 530 447 459 68 273 457 257 389 261 304 463 236 109 439 388 298 291 90 453 386 295 454 282 208 210 311 282 303 290 294 290 310 303 294 263 278 284 269 302 277 210 202 217 204 192 185 169 197 205 216 74 24 64 43 0 43 43 56 77 22 30 78 44 214 235 199 208 214 228 205 203 203 223 232 294 
266 230 541 381 450 192 336 447 195 382 463 289 459 152 125 225 486 483 398 383 484 284 443 357 616 480 343 399 46 243 289 361 330 438 347 401 314 420 569 477 560 348 325 253 503 534 464 492 50 282 467 263 400 244 289 475 206 124 442 370 328 297 99 471 426 324 460 253 231 208 321 286 319 304 301 321 329 308 319 273 289 298 291 319 306 200 212 236 205 199 186 183 210 211 226 53 40 50 49 44 0 21 30 56 51 46 60 29 249 254 220 235 239 239 236 229 227 243 250 317 
255 241 529 367 452 187 322 429 186 394 451 298 461 154 134 222 496 467 415 389 473 276 450 347 608 484 335 401 42 228 283 366 345 441 355 391 304 409 559 469 538 347 306 243 500 536 444 472 54 291 445 268 387 231 302 472 206 132 427 366 308 277 94 461 426 300 458 254 233 202 314 281 306 304 287 315 316 297 302 270 289 287 284 324 302 205 219 227 211 189 175 176 205 200 212 43 20 60 47 39 16 0 38 61 63 40 55 42 236 258 225 240 224 237 232 221 212 234 247 308 
245 218 532 357 443 192 303 462 222 416 441 262 456 148 150 227 476 490 390 397 488 256 446 365 601 478 309 369 46 217 277 346 316 415 328 410 291 423 563 459 536 334 338 242 485 527 471 495 38 273 445 276 403 223 263 488 184 157 421 356 333 260 98 466 437 332 469 225 237 211 316 288 318 313 307 313 321 309 308 281 301 303 301 321 303 190 212 229 200 181 166 162 196 192 224 74 57 42 49 57 46 46 0 28 91 74 16 63 270 278 241 244 254 269 251 244 251 267 269 313 
259 209 557 372 450 217 304 466 239 419 464 266 464 167 160 240 481 502 405 398 503 268 468 378 618 498 316 380 72 226 290 359 324 424 336 428 308 444 575 491 564 348 361 260 504 554 473 524 49 288 466 283 411 210 285 495 191 171 427 359 346 285 124 469 448 357 476 229 254 226 343 315 327 325 320 337 343 330 326 301 302 321 315 348 327 206 224 249 217 204 199 192 231 221 243 55 68 65 86 84 50 48 39 0 107 90 35 57 283 305 260 284 281 279 260 277 255 280 293 334 
235 267 500 350 443 173 337 402 160 351 444 320 448 147 89 197 487 429 412 365 438 285 409 329 588 446 351 431 61 253 286 372 335 445 350 356 298 358 557 447 531 346 285 242 500 531 427 435 76 279 446 259 376 262 307 431 243 88 434 389 285 301 80 440 364 275 459 272 189 188 277 258 291 264 265 277 287 272 272 253 267 259 259 283 267 196 206 209 193 191 190 173 197 201 203 85 43 73 46 33 60 50 87 104 0 30 87 55 202 224 192 196 196 194 183 190 171 202 214 282 
232 253 499 330 420 161 322 404 174 352 419 304 430 119 95 182 464 426 387 338 441 266 400 307 567 438 327 394 21 212 267 331 309 428 318 364 269 373 532 430 519 323 285 218 460 511 426 445 43 249 428 237 356 242 287 438 221 116 420 354 272 267 61 437 384 274 437 249 182 178 283 259 277 261 265 275 278 269 277 243 253 254 257 278 251 187 183 195 171 166 160 150 172 174 179 86 37 52 23 37 60 57 61 82 43 0 84 74 215 217 191 200 187 207 193 191 177 215 225 270 
239 199 536 347 424 192 290 451 228 416 428 254 436 152 165 210 465 476 375 378 496 241 440 364 601 471 293 372 68 214 270 335 309 410 322 417 278 444 550 459 531 328 342 248 474 514 466 503 39 261 450 266 388 201 257 487 177 174 406 343 318 263 113 457 443 333 448 218 230 194 308 296 309 295 292 304 321 302 321 277 278 288 290 307 302 189 211 216 196 183 171 159 191 194 210 79 67 31 75 86 57 62 19 30 96 79 0 85 271 295 256 251 249 262 258 257 254 284 272 316 
278 269 547 392 466 222 346 459 190 395 472 313 476 174 134 255 511 485 438 396 488 304 455 374 639 504 365 430 77 264 322 387 364 460 372 409 330 415 582 485 574 376 335 262 525 557 467 484 67 315 482 283 417 260 328 491 232 114 465 396 329 312 121 482 426 321 498 274 247 244 334 317 329 316 317 333 346 334 322 293 310 306 312 343 304 232 244 257 230 212 204 188 223 229 235 27 41 70 59 52 32 41 52 57 65 66 69 0 255 273 224 239 247 256 235 245 237 245 259 343 
211 378 382 292 340 161 384 207 82 156 386 420 346 181 125 167 408 249 413 227 280 316 283 196 501 305 362 488 223 286 287 379 353 442 380 165 261 180 456 328 446 359 94 187 430 426 258 250 237 230 355 206 233 331 369 280 341 163 455 397 154 315 193 363 189 79 376 373 125 190 155 165 187 149 163 162 172 172 159 137 146 160 143 177 158 227 178 191 176 195 218 207 179 192 175 273 240 240 225 215 248 248 272 292 204 211 278 253 0 38 38 22 32 37 36 40 38 31 17 145 
224 407 393 314 372 185 421 197 89 147 408 443 367 219 152 190 435 262 429 243 274 335 299 209 526 321 385 511 228 319 314 394 364 472 407 153 287 162 477 355 468 384 94 224 456 446 272 233 260 241 368 226 257 376 403 277 373 158 472 405 162 344 200 389 179 64 394 410 144 211 190 175 203 162 180 187 191 192 178 172 168 190 156 197 179 266 193 225 207 226 251 226 214 230 198 280 250 263 230 229 264 248 277 294 205 233 286 256 33 0 47 46 52 33 43 36 57 23 32 175 
204 367 392 315 352 155 379 220 73 178 382 410 368 186 112 182 425 284 404 230 285 317 296 211 511 329 364 487 194 282 290 387 357 436 373 189 285 197 475 347 456 359 118 198 440 443 277 268 225 235 355 206 253 329 370 280 349 144 456 390 152 317 176 381 208 90 380 363 136 197 180 168 180 161 167 168 188 167 160 162 149 181 146 181 176 227 178 188 178 199 231 190 193 201 171 266 209 218 201 199 232 234 256 267 180 188 247 233 30 48 0 25 42 24 12 27 8 29 35 163 
185 359 362 295 347 134 362 218 89 170 370 408 345 172 132 158 409 266 388 218 269 293 278 186 493 300 355 458 215 279 274 351 339 433 361 166 265 196 456 329 434 332 103 181 413 413 269 259 227 198 342 192 233 320 356 264 326 162 441 364 131 298 183 353 184 109 355 355 101 177 154 142 168 147 160 159 174 145 145 140 132 161 137 154 141 216 150 184 164 185 209 188 170 187 146 277 220 218 197 217 236 232 261 279 186 194 265 239 28 61 22 0 10 47 43 36 38 57 33 154 
198 374 372 280 337 140 362 207 82 172 360 400 345 178 126 147 411 249 389 223 271 294 277 173 483 320 343 473 208 285 280 361 329 416 353 180 257 196 451 335 436 327 104 188 409 426 263 269 237 208 344 194 222 331 363 276 325 161 426 370 144 293 173 357 187 106 365 350 102 181 162 136 168 139 145 150 178 158 136 135 128 157 129 154 152 216 153 184 172 183 199 174 175 184 146 268 222 222 200 209 227 231 253 276 189 202 251 237 29 46 32 10 0 35 54 37 38 40 40 136 
218 383 398 313 375 162 411 208 83 162 397 431 353 198 125 191 446 277 415 246 281 330 294 207 521 321 382 504 220 307 302 382 363 465 396 161 282 173 491 353 474 363 104 200 452 449 279 256 241 243 370 210 261 355 401 284 360 144 469 413 155 345 188 385 194 82 394 382 149 212 176 173 193 161 178 189 196 191 172 168 173 187 163 197 189 259 188 209 190 218 236 207 202 222 182 276 236 236 215 221 247 245 258 284 194 198 277 259 24 27 38 51 44 0 26 13 23 22 23 166 
224 372 395 307 381 160 384 235 54 175 401 416 367 180 111 187 432 275 417 252 297 313 304 223 521 351 384 493 200 294 298 384 363 446 392 195 281 202 501 366 473 371 126 214 456 466 286 278 227 236 374 217 260 333 378 300 336 144 468 410 178 323 182 395 213 107 387 371 128 206 193 169 209 171 190 193 203 185 185 169 178 194 159 196 184 232 171 197 185 200 217 208 203 214 187 254 212 221 207 194 231 232 235 265 177 192 260 229 39 46 19 45 45 25 0 15 18 37 48 173 
223 387 413 326 366 170 394 234 67 169 412 429 373 199 113 190 444 282 418 248 305 315 303 217 533 346 382 490 210 295 295 394 369 466 393 189 300 184 491 373 469 381 123 213 442 456 303 270 243 248 388 210 268 346 386 288 360 145 471 410 177 333 178 397 201 80 397 376 149 217 179 182 193 177 198 190 203 179 186 161 168 195 160 200 178 248 188 223 189 225 243 215 196 223 178 269 225 227 207 198 237 233 244 265 189 192 268 234 43 29 31 41 43 26 19 0 18 27 50 183 
212 365 404 314 366 149 382 233 63 182 390 415 351 172 100 174 427 271 407 249 299 307 311 211 514 326 362 471 188 277 278 374 339 438 374 200 276 204 473 346 465 364 111 192 441 446 282 274 218 221 366 196 251 336 377 299 345 143 461 400 168 309 161 367 213 99 378 368 136 187 185 165 182 171 167 179 190 187 159 150 162 172 159 192 165 229 178 204 185 205 227 190 192 197 167 257 217 215 203 202 222 224 244 253 168 180 258 226 30 56 16 29 34 31 28 34 0 30 43 176 
220 399 394 320 381 177 404 207 75 153 399 432 380 209 134 188 451 273 435 242 289 325 305 206 527 330 390 495 233 319 320 405 372 460 403 178 303 188 488 367 471 374 106 215 454 455 287 255 258 251 375 232 263 362 389 288 360 149 475 420 163 336 203 397 186 79 392 384 148 206 195 182 204 164 186 187 197 195 175 165 174 191 173 194 192 247 185 215 201 235 238 219 207 212 194 268 229 250 223 218 241 236 268 281 199 204 272 252 25 15 41 39 41 19 32 31 39 0 39 185 
215 398 361 291 351 167 387 207 88 133 368 432 348 186 143 170 418 238 399 229 266 305 269 185 496 304 372 482 227 308 303 379 350 434 369 156 275 155 467 329 453 360 80 208 425 420 255 243 247 219 359 205 240 351 385 267 349 173 454 386 136 320 195 361 163 81 360 389 122 192 159 157 176 151 158 167 179 170 161 152 142 163 140 171 168 239 188 208 190 207 245 213 204 206 168 296 252 252 221 232 259 244 274 304 205 215 289 259 13 38 38 44 36 34 48 50 44 38 0 153 
127 360 249 166 203 135 314 170 220 183 241 368 201 192 232 129 279 189 299 82 186 242 149 45 353 179 268 407 283 239 207 288 248 327 291 177 176 194 321 188 302 253 105 117 285 282 143 232 303 134 215 101 104 300 329 164 335 285 338 295 24 256 220 223 195 182 234 339 100 146 21 54 55 31 40 38 50 38 12 56 34 44 39 30 55 202 133 150 154 183 211 194 146 167 129 352 305 281 272 305 329 322 329 346 284 283 328 341 157 178 164 145 140 160 184 178 163 181 151 0 

Depot information
277 250 1
496 171 1
9 161 1
206 158 1
135 120 1
306 314 1
384 94 1
45 421 1
307 487 1
104 478 1
156 87 1
482 116 1
112 134 1
360 314 1
362 439 1
289 289 1
153 44 1
12 356 1
285 51 1
122 267 1

Cust information
9 327 1
348 164 1
75 228 1
144 295 1
24 2 1
36 219 1
340 102 1
424 9 1
442 381 1
376 194 1
312 174 1
319 86 1
313 115 1
278 17 1
336 93 1
86 449 1
272 184 1
78 474 1
68 21 1
80 160 1
70 42 1
299 106 1
166 401 1
278 263 1
140 41 1
68 58 1
42 282 1
4 470 1
462 365 1
257 232 1
126 120 1
257 255 1
115 257 1
434 174 1
419 120 1
19 309 1
473 195 1
388 487 1
303 8 1
318 72 1
173 328 1
349 152 1
393 353 1
122 111 1
72 478 1
185 492 1
127 101 1
465 154 1
267 332 1
317 274 1
183 304 1
215 298 1
200 281 1
195 315 1
205 295 1
192 299 1
187 283 1
193 298 1
188 311 1
221 311 1
212 309 1
212 292 1
206 318 1
186 292 1
209 295 1
356 247 1
297 291 1
304 265 1
313 284 1
337 272 1
362 263 1
351 290 1
316 280 1
323 270 1
296 293 1
508 423 1
464 416 1
456 362 1
440 388 1
452 416 1
476 400 1
471 400 1
486 372 1
507 371 1
432 423 1
433 396 1
487 356 1
484 424 1
242 443 1
232 468 1
261 449 1
249 430 1
251 429 1
247 461 1
267 459 1
260 465 1
267 449 1
247 468 1
231 446 1
178 316 1
