Seed 123 - Instance: n100m5_0
n 100
m 5
Q 9999
L 4
U 22

0 497 454 195 210 281 318 116 306 146 332 465 345 419 161 377 429 471 484 327 233 222 234 550 505 210 443 391 481 478 256 504 117 361 294 360 292 175 465 333 289 521 211 316 481 59 261 505 159 390 434 171 434 199 213 537 470 493 469 529 533 536 472 485 459 501 474 554 511 536 450 524 485 342 342 359 307 313 328 308 381 288 319 319 322 300 347 312 268 241 232 255 231 223 207 203 243 232 243 213 216 387 411 392 413 
515 0 364 370 354 378 214 404 232 486 304 326 187 276 476 144 109 56 183 271 473 383 395 78 87 329 88 389 39 153 369 129 476 301 215 293 384 420 59 318 285 65 336 291 239 461 265 391 392 176 87 342 75 481 362 97 92 107 117 58 79 109 92 89 95 75 60 80 66 100 102 95 73 326 284 296 308 285 271 291 271 335 321 285 274 324 348 338 351 398 369 396 396 377 374 379 375 368 373 373 377 204 172 215 228 
450 365 0 456 266 525 263 418 221 338 508 50 257 97 326 358 295 343 188 181 262 229 505 418 299 379 308 72 348 229 495 273 348 514 282 135 550 295 314 137 214 415 430 175 151 417 300 64 300 401 314 357 340 303 455 301 280 276 251 345 305 290 269 287 279 295 331 336 306 308 284 304 295 535 487 491 487 458 449 465 501 488 510 459 455 511 541 517 490 227 234 218 223 233 261 249 217 233 223 247 244 176 194 164 149 
199 379 466 0 233 91 222 92 255 272 143 442 252 390 296 238 299 342 406 290 336 276 64 410 388 80 316 421 324 397 72 416 253 165 212 348 118 236 350 332 247 355 43 298 432 173 162 509 208 223 310 113 319 324 20 416 356 395 377 406 413 427 366 367 352 389 364 430 386 412 338 423 367 165 144 162 119 119 137 104 177 101 124 138 130 115 141 123 79 292 268 298 294 272 260 249 285 268 272 266 269 342 342 342 367 
214 347 260 220 0 322 153 163 143 138 306 274 166 221 126 248 255 320 296 133 141 49 269 424 348 166 272 219 321 309 283 323 124 330 147 166 330 70 305 150 97 385 199 120 285 167 127 313 56 282 271 121 290 151 226 358 292 332 298 369 353 357 301 327 295 330 323 370 337 363 285 342 315 350 302 312 285 269 268 266 331 295 318 281 278 298 337 322 286 80 51 74 86 49 44 40 83 54 64 49 53 204 224 213 216 
286 369 540 97 314 0 277 181 327 373 86 515 307 456 393 255 336 345 468 369 433 363 59 413 429 152 340 502 335 454 55 437 343 102 273 406 36 337 361 406 324 358 120 364 470 265 230 582 310 226 333 208 330 409 102 450 388 417 403 424 421 459 399 397 374 409 381 453 420 447 366 443 395 89 109 105 77 105 129 87 124 51 64 122 126 66 60 59 53 370 354 391 383 348 334 341 376 357 360 347 354 386 386 408 428 
302 212 271 236 153 285 0 235 59 259 243 236 42 189 266 129 127 179 201 115 269 188 258 268 198 162 140 260 195 196 257 221 260 266 34 149 313 203 164 155 90 243 191 116 205 272 78 316 172 155 124 157 149 291 214 238 175 185 158 221 220 238 159 193 163 196 193 242 201 235 151 224 190 275 234 253 234 194 205 201 248 250 251 207 213 242 288 270 243 190 166 193 188 172 166 184 181 176 170 179 184 121 129 135 156 
131 413 421 106 177 191 225 0 253 186 232 416 265 376 203 265 341 376 425 278 260 211 126 447 414 104 352 378 378 415 147 438 169 249 224 308 202 165 369 295 229 419 99 253 411 88 177 464 157 267 337 84 340 251 87 446 381 399 376 437 443 448 376 390 374 421 381 464 414 447 371 436 390 254 220 229 208 196 203 194 250 193 213 224 220 197 229 204 160 232 219 234 227 208 187 196 238 205 229 192 220 320 345 341 350 
314 230 206 262 139 319 51 248 0 249 301 195 74 133 245 159 141 207 174 48 248 141 300 298 217 201 176 196 222 184 298 203 247 314 68 102 355 184 180 99 39 287 230 72 173 273 112 274 181 208 153 184 193 259 256 234 183 203 172 240 231 235 170 206 161 205 193 263 211 246 169 237 187 328 275 299 289 256 246 254 309 294 305 266 243 292 337 309 282 154 149 160 154 151 136 161 142 155 129 136 148 92 105 99 125 
159 475 329 268 132 364 262 197 244 0 405 352 292 321 21 359 393 448 413 244 91 120 326 537 448 234 411 271 456 411 327 460 43 402 280 249 395 70 421 244 216 507 256 226 391 136 235 379 96 395 387 188 407 54 281 468 415 450 417 486 476 475 427 438 395 461 448 492 459 487 409 473 449 411 391 402 364 349 355 361 428 358 393 368 366 360 414 396 339 113 119 122 125 114 119 101 138 116 136 130 128 313 355 321 341 
331 301 504 136 316 98 259 222 290 390 0 489 263 417 409 197 270 286 406 349 450 369 130 330 359 172 286 484 262 389 110 385 376 30 237 383 96 356 310 390 306 271 140 348 442 310 213 547 315 136 259 225 267 439 132 376 318 348 358 339 364 384 338 347 324 334 300 384 339 378 314 373 331 39 43 39 28 49 61 58 39 61 36 58 64 41 58 51 86 374 348 385 383 366 351 350 367 356 360 359 368 347 339 366 370 
472 313 61 454 264 514 250 431 200 346 475 0 242 69 348 329 264 300 158 167 295 243 496 384 263 390 283 114 320 184 488 229 357 509 271 121 535 307 266 143 209 374 426 166 98 418 296 83 305 370 267 358 299 334 445 242 251 239 208 299 280 260 241 253 235 273 281 279 270 274 246 248 266 522 473 476 466 447 437 454 484 471 486 450 442 497 518 519 485 236 244 231 247 248 258 272 215 250 223 251 249 148 173 127 120 
335 185 256 256 165 308 49 251 60 295 254 239 0 181 293 121 102 147 181 115 302 201 283 245 170 177 117 255 160 154 283 173 296 270 56 145 321 224 141 151 109 228 215 130 191 301 100 307 202 162 114 183 129 316 256 193 131 155 137 200 193 206 144 167 125 174 151 213 178 201 131 186 153 300 238 250 242 225 215 229 263 260 271 219 220 278 301 294 252 215 192 215 219 187 202 195 203 187 189 190 209 103 92 116 122 
422 273 100 393 219 465 194 369 145 322 426 79 173 0 320 272 198 261 125 121 263 202 432 341 224 327 218 136 265 149 434 179 327 434 193 83 470 257 233 91 144 330 363 121 84 373 237 143 261 328 215 293 248 306 382 223 188 204 157 245 226 224 193 211 195 219 227 245 229 225 195 208 218 459 404 406 410 377 367 388 415 419 437 384 379 424 472 442 420 214 210 207 204 219 212 216 199 207 186 204 222 81 114 80 63 
170 472 311 301 130 390 278 202 252 36 404 347 307 303 0 375 380 445 396 233 69 106 332 533 452 245 398 247 453 419 337 449 53 420 267 254 398 70 424 236 214 500 277 220 383 162 235 367 96 403 395 193 415 40 300 477 416 449 406 485 478 467 422 439 403 464 438 507 450 488 405 475 440 431 388 408 377 363 381 354 438 369 400 388 380 379 433 410 349 111 120 124 107 113 112 107 134 111 127 113 123 313 335 308 338 
367 146 345 229 251 261 128 268 171 361 193 333 123 262 379 0 102 118 235 215 371 295 252 185 186 196 92 353 113 218 240 200 342 199 114 244 263 315 118 254 187 141 195 224 268 330 150 390 279 70 79 210 85 382 224 206 156 182 176 182 191 215 142 160 136 176 138 201 165 204 143 204 151 225 172 174 176 140 143 159 182 207 210 152 146 215 235 232 215 308 285 304 307 289 278 293 296 285 282 278 279 184 176 210 217 
429 106 302 302 264 333 135 327 142 394 279 265 94 210 387 106 0 61 135 183 383 287 347 156 92 260 33 313 81 121 315 114 368 280 132 205 365 320 60 226 182 154 281 204 191 371 168 324 308 154 19 259 44 393 313 131 69 97 78 117 103 131 56 85 54 98 56 141 98 117 53 111 75 314 253 255 264 226 221 257 260 290 287 243 238 294 321 320 292 294 283 301 303 279 288 295 287 277 267 287 284 140 106 143 145 
471 44 338 333 320 348 188 378 201 442 283 307 152 247 444 120 57 0 175 251 434 335 360 107 88 297 44 359 23 148 351 128 437 279 186 268 369 382 43 270 233 88 316 264 222 428 226 363 346 139 62 295 33 442 324 113 82 94 98 83 96 108 81 79 68 68 26 109 78 103 71 98 68 307 261 271 281 248 245 269 265 302 312 248 235 304 318 327 311 352 345 356 358 335 336 337 337 336 331 341 346 178 152 194 183 
491 188 194 407 301 453 199 424 177 418 409 144 181 125 401 235 153 164 0 183 383 299 457 236 122 348 148 234 193 28 434 75 420 409 214 183 476 341 142 202 212 243 380 197 67 448 253 226 348 277 162 347 176 405 400 96 101 88 78 150 131 114 104 121 117 131 149 146 132 128 117 113 119 435 394 398 389 364 354 375 395 418 420 376 363 419 460 446 418 313 306 296 292 302 293 308 290 290 286 303 294 106 82 99 84 
320 274 170 287 116 360 104 259 50 229 350 160 123 114 238 213 180 244 193 0 213 127 340 338 248 233 212 152 266 198 332 237 244 356 128 48 377 166 226 66 53 325 269 34 156 270 142 216 158 267 192 196 227 227 298 244 205 221 185 277 268 260 203 225 195 237 243 292 251 272 194 251 235 372 316 340 328 296 288 300 349 336 341 314 305 346 379 366 329 128 122 124 119 112 128 136 108 119 109 116 123 96 123 94 107 
225 479 274 340 148 429 282 259 237 86 448 300 299 270 67 384 374 429 375 211 0 94 385 540 434 276 402 192 453 383 385 431 130 454 284 211 449 96 420 193 201 507 316 192 335 209 251 307 136 409 388 229 422 45 343 444 403 413 383 475 466 463 406 430 392 448 442 489 438 455 395 459 431 462 432 441 417 399 412 399 469 402 437 407 403 413 462 452 400 85 102 102 90 107 117 101 108 104 115 106 103 282 313 281 307 
227 375 244 274 49 357 176 205 151 125 363 258 209 210 125 283 287 351 295 134 92 0 319 437 353 211 311 188 364 309 324 340 121 375 183 136 385 69 326 121 109 415 258 107 278 199 159 279 80 322 296 164 325 123 270 366 319 341 310 388 371 375 307 331 306 347 341 401 355 383 310 362 334 391 339 371 333 310 323 310 390 330 358 324 325 356 396 370 330 21 11 35 41 25 22 30 42 26 29 27 4 201 243 205 230 
230 387 508 45 273 64 265 133 298 313 135 487 282 428 332 255 346 357 447 340 383 314 0 428 420 120 342 478 360 442 30 451 283 148 246 387 73 284 377 386 294 372 82 329 459 212 212 545 262 235 323 164 346 371 54 458 383 430 412 422 447 459 392 400 371 406 377 460 421 443 377 441 412 135 137 143 127 141 149 113 162 84 115 145 146 87 129 98 72 333 316 343 340 316 303 294 340 318 328 295 321 374 371 379 410 
560 64 413 411 415 399 285 456 310 542 324 370 251 332 533 199 167 104 225 334 534 443 418 0 123 360 138 449 92 198 407 162 515 332 270 362 416 474 116 368 331 52 388 346 285 515 317 442 451 212 153 395 125 544 410 137 143 142 171 97 124 135 146 130 164 133 102 112 115 133 157 134 124 353 301 315 333 306 296 323 303 362 350 292 289 363 374 372 365 453 427 449 446 430 423 448 428 433 426 438 431 270 239 292 269 
511 77 307 397 333 430 198 419 213 464 344 260 179 227 458 188 90 91 117 246 443 354 428 121 0 329 86 330 91 95 417 54 450 357 219 239 430 399 68 260 263 143 365 266 171 470 265 336 367 221 106 353 99 458 393 49 55 31 67 47 36 48 52 27 72 12 52 45 27 42 67 34 38 384 328 343 345 319 298 337 326 369 369 325 315 374 400 381 385 366 340 361 355 349 356 361 349 349 328 339 351 168 132 163 161 
207 319 396 84 158 157 155 105 194 237 161 381 195 317 244 184 257 294 351 227 293 202 117 359 334 0 253 358 278 342 123 354 219 189 137 278 186 181 281 258 193 322 53 216 349 170 109 443 167 185 252 57 263 271 79 358 304 330 317 354 353 368 306 310 278 339 297 380 333 375 295 364 324 196 152 173 141 134 137 115 183 127 162 155 143 139 192 164 123 220 212 227 225 196 200 195 226 194 217 187 213 265 268 270 301 
430 89 309 304 283 345 137 351 166 396 267 274 110 215 406 88 29 48 159 196 386 307 353 140 89 268 0 338 70 128 333 107 397 294 154 216 347 343 44 241 206 133 275 215 187 381 183 353 318 149 15 275 27 408 302 130 70 86 95 94 98 125 66 68 62 83 46 131 82 128 60 110 70 307 263 259 257 231 225 256 250 282 302 242 239 289 327 311 294 324 301 313 316 303 304 318 301 307 287 294 310 158 109 155 171 
389 382 90 432 227 517 248 373 203 262 482 122 244 137 247 356 311 369 237 166 193 177 464 454 337 365 321 0 390 273 478 314 298 508 277 117 518 244 335 116 184 443 396 150 192 359 288 116 255 402 319 315 362 235 417 337 321 305 294 370 346 338 302 335 308 334 354 375 346 355 296 331 323 513 470 486 470 439 432 455 492 464 482 453 440 485 515 509 457 162 175 149 171 184 208 200 161 175 172 200 186 182 230 170 189 
465 52 363 323 331 349 193 361 219 440 273 325 165 270 454 103 83 24 189 251 448 362 346 95 100 293 55 374 0 154 334 141 439 279 180 274 353 392 59 286 261 85 314 280 245 428 229 394 358 130 74 312 32 458 322 136 97 106 116 92 110 122 102 95 104 92 55 116 85 117 88 117 84 298 243 245 269 238 237 257 255 295 298 243 234 288 316 313 314 376 359 354 371 356 342 364 348 345 347 352 349 191 172 202 216 
487 162 223 404 312 451 194 412 188 421 393 184 167 142 421 206 126 141 32 195 379 306 434 217 94 331 121 255 156 0 431 57 414 399 212 189 454 354 126 205 210 213 366 216 89 438 254 247 349 266 140 342 158 414 399 91 87 75 49 118 109 75 81 89 79 87 122 115 96 89 85 92 88 412 363 380 376 351 337 364 384 404 407 355 337 397 430 420 403 303 304 306 304 295 307 316 289 298 292 310 301 115 71 113 99 
256 378 499 54 279 51 255 154 292 328 113 495 284 440 355 241 323 341 432 347 382 334 35 409 417 127 320 478 329 428 0 424 300 122 239 375 67 291 353 377 306 366 77 341 465 222 217 549 269 214 318 176 316 382 61 446 383 398 401 415 428 448 369 399 361 390 363 444 409 432 352 436 391 102 104 134 99 104 122 83 150 61 75 115 129 59 93 84 48 350 331 355 351 314 295 321 335 318 339 315 331 364 372 381 408 
505 117 268 408 336 455 221 433 205 460 387 213 182 177 454 214 115 125 69 234 419 346 440 160 48 351 108 313 131 59 425 0 449 393 217 234 454 378 102 241 241 192 383 242 139 467 263 283 367 250 120 359 134 453 416 47 68 44 45 79 51 47 71 52 79 65 85 71 48 61 74 34 66 407 370 368 364 352 333 350 359 402 399 350 333 398 433 424 407 356 340 348 344 343 342 356 322 351 333 336 343 147 122 152 129 
120 471 349 251 119 333 257 153 258 40 359 363 290 322 63 361 371 433 407 229 118 124 281 515 455 208 398 281 426 421 296 442 0 381 264 257 358 76 426 246 206 488 244 225 396 94 213 405 94 378 372 165 406 102 246 474 415 429 407 485 472 475 417 430 392 450 426 493 458 480 400 472 433 386 363 377 348 320 347 317 397 337 351 355 339 337 376 351 310 138 133 140 141 137 123 105 154 119 153 129 135 315 341 310 330 
341 313 529 147 334 101 263 247 314 408 21 494 268 444 429 188 281 287 418 364 452 391 136 328 359 185 283 498 283 406 114 397 376 0 242 405 103 360 317 398 326 289 159 359 452 328 238 563 343 148 266 242 277 457 157 391 326 374 349 359 373 400 329 357 338 354 306 378 359 391 316 379 344 27 49 37 51 68 74 66 48 63 41 68 78 57 51 46 81 394 365 406 409 384 355 359 394 379 374 374 376 363 360 376 400 
299 222 281 217 152 266 36 221 73 277 224 265 62 208 279 102 128 188 205 132 277 193 243 283 213 139 146 266 183 208 236 212 259 252 0 161 281 211 174 173 105 247 184 122 228 249 59 332 184 160 126 143 150 290 202 228 178 206 175 227 234 236 173 190 151 217 195 258 212 235 162 233 195 262 203 221 222 181 177 197 234 215 247 203 192 226 263 251 218 198 186 202 208 186 180 183 196 188 181 171 189 132 141 150 170 
354 300 135 338 157 422 145 319 106 244 385 115 146 80 250 248 206 256 172 45 222 147 381 361 244 279 229 116 285 197 390 217 266 394 174 0 436 192 234 36 92 345 306 64 132 316 196 183 195 298 229 244 242 235 346 248 224 224 190 279 267 259 213 241 213 242 257 282 259 260 199 256 236 421 377 374 378 348 340 337 403 384 385 360 349 396 433 410 370 155 148 143 143 141 153 169 125 141 113 138 141 96 138 75 93 
289 389 555 124 341 33 298 199 353 384 98 548 313 478 410 268 346 366 483 378 446 388 90 427 437 170 365 524 361 470 54 469 356 102 293 438 0 350 391 435 339 370 137 387 494 283 256 608 317 226 337 232 338 421 119 472 401 428 426 432 444 465 399 420 398 415 381 454 433 451 402 453 408 82 116 115 110 120 131 117 126 82 75 121 134 67 63 65 67 387 368 395 399 366 363 375 408 380 382 369 371 407 414 411 431 
178 411 286 236 62 332 209 176 196 72 345 304 223 272 82 297 325 373 340 183 102 63 290 464 397 193 336 237 390 362 294 381 68 367 199 195 348 0 356 184 158 440 226 151 332 140 168 331 49 327 316 133 354 100 239 416 348 368 346 409 420 406 355 375 348 387 381 434 386 426 330 396 378 382 341 357 318 310 315 314 376 320 338 314 308 327 372 352 292 69 61 95 90 76 59 55 88 69 82 57 58 246 287 257 282 
464 66 322 351 316 360 175 363 181 420 293 283 141 224 431 133 46 38 150 228 425 326 369 117 72 291 46 346 51 115 348 100 425 297 167 231 376 370 0 252 230 118 307 246 197 427 213 343 346 169 43 303 44 444 344 84 49 72 81 77 83 88 45 56 50 62 26 100 62 96 41 92 31 325 275 287 282 260 245 274 288 306 328 259 260 320 342 327 326 344 334 333 334 330 314 325 322 322 314 315 330 167 115 174 172 
344 307 138 344 137 407 157 302 107 233 393 126 151 92 230 266 218 270 200 65 194 124 387 374 268 258 233 99 300 206 376 246 248 401 165 25 426 192 264 0 85 370 313 46 158 294 198 181 179 303 228 227 265 223 323 269 236 239 223 300 293 277 227 247 223 267 264 315 272 292 233 272 259 427 366 384 370 349 337 339 404 386 390 357 351 382 431 411 362 127 131 121 134 119 132 144 96 131 111 129 138 111 142 111 113 
279 274 211 266 92 321 86 238 41 222 316 203 101 153 206 187 193 250 210 44 210 106 293 337 247 174 213 193 248 205 303 245 222 324 93 97 343 158 217 104 0 321 235 59 201 232 98 271 131 247 202 166 230 226 250 279 222 228 198 285 260 272 206 229 209 243 244 287 259 285 203 272 236 340 285 306 292 253 252 268 314 290 320 281 271 307 347 322 294 128 106 112 116 105 108 108 108 109 95 102 113 123 142 115 135 
519 79 419 356 396 358 241 403 277 514 279 393 221 337 514 146 153 98 238 312 518 418 387 56 147 332 137 436 69 213 352 180 500 275 240 355 366 447 115 362 326 0 343 337 293 464 275 455 413 152 133 360 103 531 365 168 155 159 180 125 133 161 144 135 161 132 100 142 146 148 157 155 147 298 257 259 269 250 240 267 253 312 296 260 253 311 319 329 321 431 418 431 423 416 402 424 408 409 402 410 423 270 234 280 279 
203 338 437 37 199 121 194 86 234 261 135 414 225 367 275 195 288 312 380 276 310 253 86 387 375 43 277 392 305 367 96 387 232 152 181 311 135 224 311 318 218 345 0 273 387 175 134 474 198 201 272 99 285 312 41 391 340 358 341 383 370 397 327 346 314 366 332 392 364 389 307 377 333 171 142 147 113 105 132 105 166 108 134 122 126 121 149 128 80 266 253 274 272 238 229 231 262 234 248 240 249 315 303 320 333 
304 283 180 288 107 372 121 262 68 215 350 172 115 113 205 230 199 253 204 29 193 116 348 350 252 231 212 152 270 198 342 239 215 362 137 56 385 166 250 56 60 337 258 0 188 261 148 220 157 275 219 191 248 217 280 273 219 232 203 285 278 275 228 243 208 248 248 305 264 281 208 264 246 386 334 345 318 291 304 300 352 339 357 316 300 349 388 356 336 118 101 113 110 109 111 121 103 114 86 99 116 106 149 110 133 
476 243 142 418 272 486 205 411 183 382 434 103 187 70 375 270 175 212 52 174 345 265 466 296 158 349 196 200 227 88 450 140 383 436 222 146 504 334 195 165 193 297 396 178 0 432 258 172 325 305 198 330 218 372 410 163 160 152 128 194 180 168 147 157 156 178 203 203 181 168 158 159 160 476 404 420 410 392 376 392 422 440 441 399 388 433 475 454 443 279 263 275 282 278 277 280 260 278 245 266 272 96 103 91 76 
62 469 412 181 154 253 268 82 269 131 308 417 302 372 149 325 370 419 448 278 210 185 206 505 461 159 388 358 432 447 219 460 92 323 263 304 276 146 423 290 250 472 161 271 435 0 202 470 121 344 374 120 405 184 177 473 414 444 416 489 486 488 426 435 411 455 433 489 450 492 404 471 443 320 295 322 276 274 274 270 328 261 294 282 281 269 302 282 238 192 185 223 209 194 179 175 209 179 203 184 189 339 368 353 369 
249 266 308 169 133 230 73 165 94 242 206 289 106 225 236 147 186 228 256 133 256 166 210 321 265 108 191 289 238 258 198 273 221 231 61 177 251 180 224 194 93 284 146 147 260 214 0 348 157 164 187 93 188 267 163 282 235 261 233 270 278 291 230 248 208 256 225 307 255 292 207 279 233 245 189 213 195 170 178 178 236 197 222 185 181 215 248 229 190 181 153 191 185 157 154 171 178 157 172 163 164 182 175 189 204 
506 398 64 506 307 581 310 476 260 380 562 83 303 138 364 405 323 368 219 224 311 272 562 456 331 431 339 128 401 257 550 297 396 567 330 179 597 338 352 182 258 462 477 235 176 469 352 0 353 442 349 417 374 344 496 310 310 299 278 357 331 321 307 325 297 335 356 348 335 326 316 312 324 594 532 551 528 500 496 502 556 534 565 525 506 555 592 567 540 272 275 259 273 279 297 310 266 278 269 284 280 225 239 195 193 
162 394 299 216 50 296 175 152 175 102 324 304 209 273 112 275 299 352 337 160 137 75 264 447 382 168 315 240 366 340 260 377 79 330 174 189 319 41 334 191 142 406 200 149 312 129 148 336 0 310 305 120 337 136 213 399 339 366 333 396 392 392 345 352 319 381 353 417 382 394 331 398 351 339 298 327 296 275 280 268 339 293 307 283 289 298 335 322 280 91 71 107 94 72 64 56 104 77 86 60 71 248 276 234 262 
379 165 397 206 272 223 160 274 206 397 143 372 161 314 406 64 144 157 282 267 409 323 230 209 226 193 136 412 138 256 205 243 367 155 143 300 236 324 161 302 246 152 201 267 305 330 162 457 310 0 122 215 137 424 211 244 201 226 211 222 235 250 192 198 178 201 171 233 209 233 177 246 190 170 117 136 137 112 101 136 119 164 177 112 97 168 180 184 184 343 327 331 337 324 310 315 329 324 318 308 314 244 224 245 266 
425 99 308 311 272 323 137 323 160 390 260 268 103 226 384 90 33 59 161 196 388 287 329 145 102 242 20 318 77 130 312 118 375 279 142 220 350 324 56 242 200 138 264 214 201 371 183 344 307 141 0 258 33 398 304 137 64 97 85 120 109 130 84 96 66 86 55 127 101 125 61 123 76 297 233 257 255 235 207 239 248 274 282 239 228 273 308 300 284 301 293 308 303 297 280 289 283 285 276 282 298 138 117 155 164 
174 346 356 114 109 207 156 81 166 186 218 359 190 290 192 211 270 301 331 203 228 167 164 388 341 56 273 310 300 328 172 356 166 232 145 250 231 145 307 242 153 346 86 184 330 134 98 402 122 225 258 0 274 227 119 378 312 332 320 366 372 369 311 323 287 339 316 378 346 373 287 361 329 255 216 233 206 174 181 173 239 193 202 192 181 201 240 222 176 190 152 184 189 151 152 147 183 165 166 153 158 252 269 254 278 
440 69 335 317 290 333 164 353 190 408 266 303 131 250 414 97 44 36 166 230 409 316 332 132 109 258 38 344 49 145 316 143 414 274 153 252 347 348 40 253 213 97 277 238 206 393 207 373 318 132 37 277 0 429 312 131 75 112 112 103 100 124 83 96 85 90 59 122 98 129 69 112 74 284 242 253 246 226 209 238 245 283 273 234 221 285 313 306 284 326 314 332 333 327 324 324 311 311 313 316 317 162 139 174 194 
200 495 294 314 149 419 276 248 263 50 426 340 309 296 48 379 396 454 399 238 45 126 352 552 461 270 408 229 471 412 381 452 94 445 287 248 421 90 441 216 213 516 300 214 366 190 250 344 131 427 395 218 437 0 321 479 425 446 419 486 481 478 429 436 406 455 452 506 469 488 409 482 450 464 431 435 414 400 408 389 466 398 426 411 404 414 443 428 380 102 124 125 113 126 128 120 141 125 145 120 125 324 348 305 319 
198 370 450 12 219 100 221 100 265 264 132 446 242 389 284 223 296 321 418 298 344 278 62 411 393 77 311 415 326 405 76 416 248 150 200 346 120 246 329 336 244 364 36 289 414 169 166 514 207 219 306 116 300 308 0 409 348 391 355 402 407 429 346 378 334 371 353 420 395 416 337 404 365 168 150 166 124 128 133 117 178 106 114 135 125 100 148 132 87 295 269 302 289 262 238 263 291 259 271 248 269 334 336 342 368 
530 111 295 414 348 442 233 435 232 483 379 252 209 218 472 211 128 123 113 262 447 367 462 153 39 358 111 332 125 84 447 48 474 395 232 260 462 406 87 282 272 179 388 266 155 482 280 325 389 250 135 375 126 476 424 0 68 38 83 68 36 14 63 62 93 50 79 45 42 30 93 12 63 418 364 365 368 340 344 356 371 391 406 348 344 397 427 412 409 385 365 363 382 361 369 378 361 371 359 356 371 169 139 176 160 
463 97 273 355 308 395 160 388 177 428 334 251 145 187 412 148 55 73 98 205 408 323 391 146 54 305 64 317 93 78 384 55 412 346 185 224 413 366 55 245 218 155 332 223 155 431 228 305 329 196 69 312 86 427 357 79 0 41 34 74 57 76 7 22 27 38 55 94 40 69 28 55 21 363 299 318 309 297 278 296 317 343 356 288 279 340 365 369 344 330 321 331 330 317 314 332 315 320 305 309 323 143 95 140 137 
504 110 278 398 330 422 195 409 200 447 353 241 166 204 445 185 86 91 91 215 429 345 427 143 29 337 94 307 107 57 413 36 435 361 210 237 441 387 68 246 227 170 359 245 154 456 253 310 354 219 104 340 107 445 395 52 42 0 46 61 40 57 45 30 49 32 63 72 41 46 55 43 29 378 329 344 352 315 310 323 335 367 384 314 310 383 401 386 378 346 323 340 342 331 341 350 322 342 315 339 339 145 104 156 133 
458 123 260 366 287 399 162 374 174 407 355 211 145 174 404 174 72 99 70 195 382 310 406 186 53 315 91 281 120 59 392 48 405 363 168 199 430 353 79 219 214 183 334 202 132 410 234 285 329 224 92 314 107 411 374 79 46 47 0 88 73 83 37 40 37 59 78 112 58 89 52 61 54 384 324 322 337 308 298 322 331 352 355 319 297 372 400 376 369 319 296 300 320 297 311 302 291 309 280 297 297 105 73 112 109 
522 59 335 405 368 420 222 424 238 494 340 287 204 258 492 177 121 87 151 279 472 389 422 91 45 344 101 363 81 123 405 80 481 356 232 290 433 411 78 310 276 115 380 279 211 478 273 359 409 207 116 373 101 492 395 66 67 70 92 0 45 67 80 48 98 33 55 41 30 55 99 59 47 387 322 335 340 313 307 339 314 375 365 322 298 373 402 391 391 398 388 380 390 380 370 389 367 388 375 377 374 190 167 206 206 
522 85 304 403 365 420 227 432 224 477 359 266 201 227 474 198 108 80 122 253 449 368 443 126 21 344 109 346 108 95 423 53 467 375 222 274 450 400 81 286 272 139 387 283 176 477 275 346 392 231 120 371 111 481 403 41 59 58 83 37 0 45 67 50 84 28 59 42 21 29 88 29 48 385 347 340 362 316 310 334 330 379 388 335 323 375 407 394 400 382 367 364 371 370 373 371 365 360 356 365 367 184 135 194 170 
534 97 291 421 369 452 230 439 243 480 379 262 205 218 482 219 136 122 104 250 457 365 450 145 34 363 130 344 135 95 433 49 468 399 241 269 476 420 105 285 276 165 396 266 171 494 290 310 405 255 137 366 125 480 412 7 65 56 78 52 43 0 85 62 97 49 87 49 47 18 83 22 64 410 372 376 369 345 342 367 356 406 412 353 333 410 438 426 416 373 363 378 381 368 362 380 369 363 355 366 375 180 143 180 170 
476 99 281 357 305 388 176 389 175 417 328 246 132 186 425 142 72 83 110 212 408 305 399 147 54 298 58 303 86 68 367 74 422 334 176 220 407 355 49 226 217 148 336 213 148 415 227 316 334 200 77 307 89 424 352 79 9 49 39 72 56 77 0 31 14 41 45 98 58 74 18 75 38 370 296 317 321 289 282 294 309 343 351 299 276 340 369 369 351 333 315 316 318 312 321 315 300 321 302 301 314 136 90 135 133 
495 83 295 370 309 412 194 407 194 433 340 248 160 209 443 166 81 82 103 220 426 329 416 128 23 329 80 320 103 90 399 50 430 346 199 242 421 366 49 254 240 147 343 241 157 431 254 317 357 197 93 329 87 441 367 63 21 21 54 54 53 68 28 0 34 20 43 61 28 47 45 47 22 373 319 331 339 300 291 308 328 359 365 306 288 349 390 372 361 353 342 333 349 330 329 342 322 344 329 332 341 143 117 155 143 
453 90 278 355 288 383 155 371 162 407 329 229 118 197 399 134 43 82 112 201 397 308 381 151 56 285 60 298 90 85 364 85 405 323 159 209 391 342 41 217 209 153 321 216 149 403 209 301 328 180 59 291 73 406 339 81 17 50 47 84 75 94 28 50 0 56 53 105 73 84 16 81 49 349 289 300 305 277 263 289 297 339 330 276 275 330 361 359 348 318 294 314 305 292 297 310 301 297 276 290 297 116 89 139 132 
498 80 313 388 328 400 211 420 220 461 340 256 162 225 448 170 86 72 132 242 446 357 424 127 28 333 73 338 83 102 398 50 456 357 209 254 434 392 46 258 245 140 367 253 163 444 248 341 363 210 88 337 92 454 372 42 47 40 56 34 29 43 41 19 55 0 52 59 16 46 61 47 35 372 317 324 339 317 302 331 331 367 373 304 294 357 378 385 378 354 355 355 350 357 344 354 349 344 324 349 357 167 129 184 160 
479 61 330 347 326 367 179 384 212 434 310 293 148 238 433 125 55 31 138 236 443 340 387 112 53 308 60 347 51 112 365 103 439 309 189 254 398 373 32 266 230 105 321 256 190 440 236 363 347 166 68 317 63 448 353 93 40 64 84 50 73 96 46 40 56 51 0 72 51 78 58 86 38 335 284 284 297 280 264 284 275 328 322 262 274 323 351 341 331 348 331 359 362 335 344 347 336 331 336 330 346 174 130 188 179 
554 71 341 428 385 455 256 464 257 509 372 292 222 263 501 208 133 105 146 275 474 390 457 102 54 381 116 367 116 112 436 78 495 370 245 291 454 432 96 315 291 143 394 309 192 492 298 350 415 231 137 384 118 493 423 40 96 80 108 44 32 38 91 64 113 64 83 0 59 33 107 49 78 403 357 357 372 339 332 350 344 386 389 352 325 398 428 420 404 394 389 402 405 395 385 398 385 386 370 382 406 199 158 221 197 
503 64 309 396 342 408 217 424 221 459 348 270 168 232 449 168 99 69 132 248 439 366 423 129 10 333 78 335 99 94 406 52 455 357 221 251 435 393 60 273 265 139 354 265 184 465 259 332 382 213 97 344 106 462 392 53 40 32 58 42 22 53 45 37 58 21 44 39 0 34 57 29 34 384 330 328 352 314 304 331 336 355 371 308 300 366 398 384 387 367 347 362 367 363 347 360 346 348 334 361 349 163 130 174 167 
539 92 300 419 361 449 230 456 246 488 372 269 204 230 482 195 127 112 130 254 453 377 462 123 33 362 109 346 129 89 441 56 469 392 241 276 452 418 97 295 282 156 402 284 175 482 288 329 402 244 141 371 126 479 425 16 75 52 88 55 26 31 82 46 86 52 73 42 33 0 94 18 65 407 357 366 373 341 329 368 352 390 405 334 344 396 419 409 413 377 378 369 385 383 373 389 373 379 357 376 386 187 154 197 179 
446 101 267 346 291 377 148 373 170 400 311 233 124 181 396 144 48 75 114 201 401 297 380 156 66 278 55 311 88 96 362 87 389 315 162 206 384 348 46 215 199 147 306 210 159 404 212 307 320 182 50 298 63 415 347 93 26 51 45 88 76 101 25 52 23 66 59 103 56 81 0 83 48 342 302 305 301 283 255 288 292 321 327 276 271 332 364 357 325 313 296 316 319 298 290 318 297 298 295 306 311 128 87 129 132 
526 98 301 406 344 440 221 437 219 463 367 246 194 216 475 197 123 108 105 249 445 366 448 132 36 358 121 327 127 86 426 48 460 380 225 249 459 410 76 271 257 164 396 262 157 481 277 320 393 246 125 364 119 475 415 9 60 42 62 59 28 11 57 47 73 51 88 57 44 25 80 0 48 409 356 359 366 342 318 350 352 389 398 349 327 395 419 408 406 378 350 366 371 350 367 375 349 362 342 367 359 165 143 177 158 
487 70 303 373 317 404 184 397 204 433 327 255 155 212 431 164 75 74 116 230 424 341 411 123 35 325 71 322 90 96 381 70 424 341 189 237 418 374 36 247 234 143 343 236 173 434 233 326 349 186 74 332 76 436 356 72 21 36 58 60 38 73 42 23 52 26 31 60 35 70 49 48 0 357 318 308 316 287 280 306 309 346 346 287 285 356 370 361 367 337 326 333 338 325 326 339 324 336 321 331 328 153 107 167 165 
355 338 548 148 335 94 277 237 329 418 49 525 306 452 436 211 315 316 437 382 467 401 145 349 384 190 316 516 296 427 119 419 385 24 258 420 95 374 325 428 345 308 173 376 474 311 253 592 338 169 300 252 288 459 167 422 357 395 376 381 388 412 367 372 358 374 343 408 387 397 339 411 359 0 57 59 72 88 99 83 64 72 46 81 101 66 20 42 85 401 380 426 426 394 381 381 414 393 398 381 393 385 372 389 418 
343 284 481 137 304 105 230 231 285 395 35 461 248 408 397 173 264 252 385 322 429 345 150 308 338 147 249 469 252 363 116 365 354 55 214 358 129 327 275 370 299 268 128 326 418 304 206 538 302 126 251 210 241 413 149 353 304 344 318 329 340 360 301 314 306 316 281 362 320 364 301 361 307 61 0 26 36 41 43 39 56 63 58 28 35 59 67 75 76 374 336 380 374 343 327 341 367 336 347 327 348 334 327 344 348 
348 277 496 165 325 122 249 233 295 411 34 477 263 414 423 169 268 268 393 337 445 359 155 300 329 174 262 474 245 370 116 356 371 27 229 382 127 354 288 376 313 252 150 350 416 313 209 539 324 121 254 232 253 443 151 368 302 349 324 328 345 373 304 327 300 327 288 365 321 352 308 359 316 65 32 0 50 65 57 63 36 73 57 49 59 66 62 64 101 388 350 383 377 351 355 346 377 357 355 347 371 346 333 356 369 
324 298 494 128 291 77 243 204 273 370 29 463 244 410 395 174 266 275 403 320 419 338 125 328 347 148 270 464 275 368 84 370 354 47 223 376 107 323 294 363 286 273 130 334 413 285 193 534 301 148 245 194 249 412 116 387 324 347 332 351 356 380 313 340 319 328 300 361 347 361 307 370 325 62 34 48 0 41 46 28 67 41 35 46 38 45 71 62 53 354 334 367 355 329 316 334 363 337 339 322 343 327 320 346 358 
302 268 465 117 260 103 194 205 245 366 57 447 207 372 376 154 238 253 363 285 400 327 131 303 311 123 242 433 236 349 105 349 338 72 173 336 138 297 258 339 255 256 122 302 381 276 163 498 280 110 229 176 234 403 117 340 293 310 303 322 335 341 288 292 281 304 271 350 318 333 281 332 300 91 46 59 49 0 31 18 72 59 59 19 18 62 94 88 70 338 317 345 330 311 302 300 333 308 322 296 320 313 288 305 332 
323 259 463 136 275 134 190 203 242 363 61 435 221 369 382 133 230 233 351 300 406 313 150 295 305 139 223 430 228 331 123 342 342 81 181 347 134 311 261 352 255 234 134 294 374 282 170 495 274 106 219 183 209 393 144 330 273 305 295 313 316 347 279 289 260 291 259 333 311 337 274 326 287 92 43 55 57 27 0 31 78 82 80 20 17 85 109 102 84 347 318 349 349 316 292 304 339 323 325 303 330 293 294 310 319 
292 301 456 100 275 102 206 196 256 360 51 449 224 374 363 171 247 266 381 303 394 327 111 323 340 116 260 440 261 366 89 348 321 77 201 336 113 311 281 355 272 282 102 300 392 271 176 519 272 126 245 175 246 390 115 367 308 325 323 332 333 363 295 326 301 314 288 350 326 352 280 356 319 88 38 66 24 20 31 0 83 39 64 37 27 50 81 68 64 344 308 349 335 306 306 313 322 302 323 297 309 325 317 334 333 
370 287 514 186 330 127 259 257 303 426 51 485 269 414 441 168 252 254 399 352 462 385 178 298 324 203 258 505 253 369 149 361 392 52 236 390 129 375 285 402 313 243 175 361 426 333 231 558 348 124 246 253 239 448 183 364 302 341 341 331 340 370 303 324 301 312 275 341 328 355 296 359 307 69 52 39 54 75 60 81 0 99 79 67 69 92 84 81 112 408 381 397 411 372 355 375 390 377 376 377 372 339 324 360 374 
300 332 503 93 284 71 242 176 296 353 57 475 265 420 364 200 280 291 416 320 409 345 81 356 360 134 289 462 289 398 56 399 332 69 222 365 85 314 319 368 302 310 115 323 431 262 194 552 289 164 280 178 271 410 105 399 332 377 366 366 373 406 342 352 332 352 333 390 368 402 316 398 338 69 56 67 36 51 70 56 97 0 34 53 73 15 62 42 24 356 330 364 353 321 306 323 345 335 342 314 333 352 335 362 375 
307 338 512 121 313 59 256 202 299 392 28 504 281 443 395 202 287 300 423 353 425 360 101 347 369 160 294 501 303 410 87 401 356 48 239 392 68 340 317 389 319 304 138 357 450 281 227 560 309 170 279 206 288 414 127 411 346 383 356 369 379 401 341 360 327 356 324 395 369 391 342 390 348 51 54 59 43 76 87 61 75 27 0 74 84 29 38 23 61 368 343 380 386 356 338 351 366 347 358 344 350 373 347 382 401 
321 279 477 129 294 119 219 205 272 380 48 443 216 379 393 144 233 248 365 315 418 331 137 294 315 141 243 445 233 350 113 350 355 53 198 349 129 328 255 350 267 262 129 305 391 296 174 521 299 121 225 198 229 402 127 353 300 324 304 308 337 345 296 308 277 319 276 349 304 338 272 333 297 92 21 47 38 36 27 37 63 73 60 0 15 64 81 72 74 359 323 345 350 333 316 324 353 327 330 320 326 316 307 325 347 
324 258 461 146 284 114 208 210 256 368 68 431 223 370 385 141 241 248 363 294 408 323 150 288 306 140 239 441 232 348 111 339 335 73 186 350 143 305 249 338 267 241 132 305 377 276 166 514 279 99 228 180 209 412 136 341 283 310 293 298 318 347 288 293 276 305 263 333 297 341 260 342 289 86 39 50 45 14 8 34 57 77 67 27 0 80 99 100 94 340 329 341 346 325 302 310 334 311 331 310 315 300 286 318 333 
292 338 494 115 301 56 250 196 301 374 53 491 271 432 375 199 295 306 412 331 427 347 84 349 382 152 289 493 285 408 73 403 331 53 226 393 65 323 314 386 298 308 111 336 447 278 212 543 288 179 290 203 276 402 102 395 352 375 373 372 389 398 353 359 334 374 325 407 379 392 328 390 351 53 64 59 48 58 82 54 82 12 19 68 66 0 42 35 40 374 346 366 377 348 325 344 359 335 347 333 346 354 348 373 385 
334 341 548 154 338 60 284 222 327 406 56 522 295 473 426 225 322 335 457 390 462 385 120 373 404 198 319 527 314 422 96 436 373 57 277 428 76 375 353 424 337 311 155 379 470 305 241 595 332 197 303 235 314 454 146 422 367 392 396 384 403 435 372 377 356 393 346 416 397 420 348 414 384 36 81 65 56 103 112 88 78 65 48 96 101 58 0 37 85 415 385 407 415 385 365 379 410 381 384 380 383 389 387 411 425 
322 356 522 120 317 60 273 214 314 395 56 513 287 439 404 231 313 325 444 365 443 375 108 359 399 175 315 511 307 426 70 428 353 46 252 398 66 350 333 404 331 321 125 364 454 275 221 566 316 177 305 208 305 421 119 422 372 387 372 385 400 430 359 374 360 378 344 418 396 414 351 420 377 37 79 78 60 92 103 73 86 50 22 75 93 38 34 0 52 379 369 392 400 369 353 361 388 359 370 359 358 376 377 381 405 
265 335 481 71 269 46 239 165 280 345 73 477 266 420 363 210 305 318 421 318 404 321 61 369 377 118 307 467 310 396 34 413 308 84 214 365 80 307 326 373 296 334 78 335 438 245 203 545 264 189 284 168 282 378 70 401 347 386 355 385 389 418 349 364 343 368 331 416 383 397 341 404 353 86 82 93 62 76 100 70 112 41 48 82 86 42 74 65 0 334 316 358 357 327 299 319 345 311 323 305 324 356 342 361 383 
228 396 227 286 81 376 184 228 163 115 385 236 212 201 108 311 305 345 314 125 80 24 337 452 361 228 310 173 369 313 344 339 124 399 198 154 398 71 337 137 116 434 258 112 280 201 187 268 79 343 316 176 331 120 289 385 333 351 317 387 377 383 321 348 318 370 345 394 369 388 314 367 353 401 365 379 361 337 341 325 394 345 378 345 346 358 402 375 347 0 23 29 25 24 55 51 29 31 46 47 26 204 239 199 224 
231 369 229 266 48 355 164 214 143 118 357 250 196 210 127 273 289 332 295 112 98 16 323 432 354 211 302 185 342 314 328 340 123 368 191 148 371 74 332 138 117 415 249 113 272 186 166 290 69 318 281 157 310 115 259 372 313 334 304 375 377 371 304 341 304 348 333 383 358 364 301 364 335 383 347 367 338 320 309 317 384 328 344 317 318 340 383 358 319 42 0 42 44 19 37 18 31 5 34 22 21 207 229 198 214 
254 388 225 298 91 391 197 244 162 122 390 243 207 203 111 308 299 347 300 129 96 26 345 443 358 243 316 159 362 306 357 352 146 406 192 129 413 81 337 109 113 426 267 99 265 223 189 256 103 330 307 193 322 111 297 378 326 333 313 391 383 363 318 333 307 353 355 400 362 389 298 371 331 409 373 381 370 339 351 342 393 353 379 346 341 376 411 383 346 26 33 0 16 35 49 58 14 48 31 51 46 201 250 196 216 
231 395 229 292 80 388 197 237 157 123 377 241 207 200 117 296 308 351 299 139 92 39 344 452 367 225 322 155 376 315 341 358 137 406 196 143 396 87 345 116 128 424 274 106 281 215 197 260 97 335 312 178 339 111 301 365 319 350 302 400 374 368 322 339 314 350 352 407 363 376 318 379 355 408 376 392 367 339 346 341 412 363 380 351 346 367 417 395 341 13 38 13 0 34 62 45 37 43 36 53 33 217 236 214 226 
221 369 229 279 43 365 165 206 143 118 348 238 188 216 123 282 294 347 291 112 105 17 320 435 355 197 295 192 346 300 326 339 124 365 171 136 368 66 327 133 104 407 244 104 277 185 166 291 67 313 295 155 323 114 264 368 305 338 301 384 372 376 316 337 299 355 336 391 348 375 292 367 323 395 343 363 339 310 321 318 368 326 360 317 313 352 385 372 309 23 2 41 32 0 27 31 29 23 28 13 17 207 236 200 213 
208 364 246 242 42 343 171 200 135 107 345 258 185 225 108 284 279 337 298 136 119 23 299 431 358 186 290 189 353 306 304 340 121 363 177 149 355 60 326 148 101 402 227 117 284 177 151 303 67 304 285 140 313 135 240 368 309 338 308 369 359 362 307 333 296 352 328 400 345 382 300 360 332 378 338 338 320 297 309 298 367 316 334 313 298 334 371 345 310 40 32 53 55 20 0 23 61 17 47 23 22 217 240 201 230 
199 376 247 251 57 347 179 191 163 119 342 272 210 218 96 278 296 351 307 137 101 19 309 452 352 192 304 205 366 324 321 341 104 366 176 153 363 46 330 138 119 408 239 116 295 168 151 308 56 310 306 156 315 106 255 371 323 343 321 384 378 382 318 350 311 367 336 399 356 384 315 367 350 380 329 363 327 302 322 304 368 329 337 316 307 345 380 353 313 49 20 42 43 16 22 0 61 14 37 27 24 221 244 206 245 
242 383 200 294 68 372 173 242 135 140 380 215 190 180 135 291 282 327 278 102 114 27 336 442 333 235 305 158 349 282 348 334 153 389 190 129 403 95 315 96 105 404 276 91 264 221 183 260 97 320 296 193 321 126 289 359 307 324 294 368 365 350 299 316 286 331 326 387 356 360 302 357 320 410 364 381 355 336 338 341 386 351 384 350 340 360 415 386 344 33 42 25 22 31 52 48 0 42 25 37 37 199 223 190 204 
224 371 243 267 48 356 175 210 148 122 351 261 197 212 125 278 284 339 307 131 110 26 306 438 362 194 302 195 342 297 325 342 126 368 172 145 365 56 326 131 117 402 235 101 283 195 161 286 65 322 297 151 326 112 264 371 317 344 292 387 378 365 313 334 310 343 332 402 356 365 298 372 324 391 346 351 343 308 310 300 375 332 356 330 308 342 373 366 308 33 5 40 39 21 17 29 32 0 37 10 18 205 241 212 221 
244 368 225 285 72 377 176 225 126 135 359 228 196 187 137 283 272 322 273 97 124 41 317 426 344 218 283 172 339 295 341 326 154 375 167 124 384 83 317 106 101 397 246 92 248 219 168 255 91 325 284 165 317 146 283 350 302 312 276 361 347 351 294 322 292 329 319 385 349 351 279 346 323 402 353 370 347 313 312 325 390 340 369 323 318 345 399 365 321 37 31 38 37 37 51 40 25 32 0 27 35 185 214 174 194 
223 369 244 257 48 356 171 196 133 118 348 246 188 218 118 286 284 335 293 124 121 33 308 438 344 190 306 196 350 302 302 341 126 359 178 148 372 65 332 140 100 406 239 119 267 182 159 283 62 320 290 144 319 124 258 369 310 329 304 378 356 362 299 334 287 354 334 387 357 371 304 364 334 376 342 344 321 304 316 308 367 330 342 316 314 339 380 348 313 42 19 58 36 16 22 22 41 15 37 0 19 199 244 193 225 
221 380 247 266 47 369 178 220 148 117 366 245 204 222 113 284 281 350 303 130 102 4 319 449 353 215 311 192 347 309 333 344 128 379 177 148 380 68 323 132 122 406 244 118 268 193 162 286 79 315 289 173 324 114 263 375 322 332 305 392 370 369 317 336 313 349 343 406 356 373 313 372 333 384 339 354 339 327 315 312 385 332 359 336 330 350 398 357 327 31 6 29 35 21 38 26 42 7 32 15 0 202 243 214 221 
387 205 171 335 196 386 115 322 98 324 349 143 105 88 312 184 141 179 98 84 293 203 378 274 162 261 152 195 201 114 371 149 317 358 139 96 423 262 150 113 114 271 310 98 91 355 181 218 239 237 143 255 179 307 330 178 140 137 105 194 189 169 133 150 127 161 172 201 170 180 129 167 158 393 329 347 340 298 296 307 345 342 373 307 302 357 404 377 361 211 205 199 202 201 208 223 191 216 187 198 201 0 47 16 34 
407 176 194 337 225 400 125 343 100 341 335 161 89 107 344 180 94 139 86 118 325 248 383 238 130 275 104 223 160 81 373 117 354 362 130 128 415 291 132 157 151 220 315 138 102 365 192 248 269 219 105 268 139 351 333 144 88 114 85 154 151 150 87 111 90 132 141 172 142 154 88 142 110 374 320 323 327 297 297 309 333 338 357 304 302 346 393 363 346 256 244 237 248 245 231 238 220 233 221 226 250 54 0 51 62 
385 228 169 339 213 398 134 333 102 307 356 143 107 77 315 198 148 191 108 85 280 195 385 275 170 273 156 177 221 117 378 151 312 380 137 83 420 253 176 95 113 283 303 108 84 347 189 200 246 258 162 247 187 317 336 187 153 143 118 199 188 174 142 164 128 181 185 220 178 188 127 180 172 392 340 346 351 322 308 323 362 364 376 315 314 373 403 382 361 211 199 196 206 210 210 219 194 198 183 211 207 27 67 0 24 
409 208 146 358 225 417 152 347 112 325 385 113 124 65 337 221 140 186 88 116 310 229 405 270 172 288 163 185 211 91 394 137 343 385 158 94 436 270 169 119 141 278 335 115 60 370 199 185 265 272 165 285 177 327 364 158 138 150 115 200 181 181 136 156 138 161 174 203 177 182 139 163 163 417 354 365 354 338 333 340 370 366 400 350 328 379 410 411 372 230 224 221 232 216 237 232 212 218 212 223 225 42 50 28 0 

Depot information
1 153 1
434 398 1
430 46 1
81 331 1
196 147 1

Cust information
65 421 1
285 254 1
67 245 1
303 208 1
108 64 1
141 448 1
450 86 1
314 263 1
411 133 1
120 50 1
300 366 1
379 325 1
404 374 1
473 229 1
311 160 1
175 16 1
212 101 1
51 365 1
459 454 1
466 334 1
140 290 1
385 341 1
363 23 1
396 393 1
467 256 1
70 384 1
482 296 1
93 95 1
140 465 1
272 268 1
344 128 1
52 435 1
155 109 1
414 349 1
330 116 1
276 181 1
409 457 1
110 319 1
300 149 1
466 177 1
45 172 1
224 259 1
471 17 1
157 139 1
271 409 1
372 339 1
142 240 1
380 365 1
136 24 1
86 328 1
494 322 1
432 318 1
461 312 1
439 288 1
471 370 1
478 346 1
496 326 1
431 314 1
448 327 1
418 310 1
457 340 1
424 358 1
496 362 1
463 341 1
493 338 1
415 313 1
486 326 1
442 334 1
119 474 1
161 436 1
162 453 1
142 426 1
167 406 1
179 412 1
151 403 1
173 471 1
116 414 1
116 437 1
169 422 1
176 414 1
112 424 1
101 465 1
100 442 1
100 396 1
216 85 1
212 107 1
227 82 1
221 81 1
212 107 1
200 120 1
196 110 1
236 93 1
209 108 1
233 105 1
207 115 1
210 102 1
382 203 1
398 237 1
384 192 1
407 191 1
