Seed 123 - Instance: n100m10_1
n 100
m 10
Q 9999
L 6
U 15

0 416 288 405 238 108 472 461 451 165 198 188 372 506 485 241 167 149 286 360 257 317 334 471 216 366 359 425 409 496 360 178 398 60 285 262 206 401 293 518 354 492 278 240 340 99 302 106 344 234 407 415 197 284 307 416 122 490 122 383 418 377 385 341 357 337 339 407 377 370 364 363 339 118 132 146 149 145 93 110 108 159 146 130 198 100 84 131 115 125 169 135 168 150 161 139 151 160 118 127 147 149 180 469 549 561 489 508 505 509 
403 0 211 458 514 476 366 474 218 385 230 265 75 205 96 303 256 469 203 284 477 185 107 107 309 432 63 419 59 160 222 284 459 392 426 359 217 412 175 137 89 100 191 377 141 346 217 328 159 201 276 16 272 185 130 86 437 165 319 76 49 63 46 85 81 90 93 60 46 40 67 67 98 414 372 385 343 373 382 375 371 412 447 439 402 383 394 430 372 343 337 336 298 357 307 343 359 338 318 368 377 320 347 162 168 181 137 123 197 145 
307 205 0 518 470 373 491 564 385 351 130 225 151 378 311 115 187 411 30 375 468 25 117 287 334 493 150 495 238 361 336 135 532 303 441 374 166 475 53 335 222 297 33 389 96 207 299 265 285 225 403 209 272 49 114 259 366 357 188 240 203 142 188 152 143 157 124 166 186 172 156 165 157 346 319 340 299 320 308 317 305 356 384 369 370 308 329 356 310 293 299 295 265 312 262 280 316 305 257 322 333 272 311 349 371 379 349 339 385 336 
393 447 517 0 241 355 168 65 292 233 402 299 477 383 454 531 370 302 489 194 189 518 456 411 212 29 452 64 417 385 234 465 13 338 136 143 378 70 479 461 373 455 479 166 485 442 251 319 302 304 204 464 271 482 441 389 291 411 423 398 486 460 414 443 437 423 448 481 425 448 443 450 421 280 281 260 261 265 309 319 294 257 291 300 219 315 310 291 290 302 252 290 294 272 289 277 251 263 312 268 274 295 250 378 459 461 427 435 395 458 
254 509 488 234 0 157 377 306 432 144 355 274 500 523 554 446 298 115 446 298 37 471 461 508 196 220 469 273 501 521 358 384 240 193 129 195 332 268 476 572 432 563 441 144 473 332 316 219 370 319 363 514 245 454 446 488 121 522 336 466 517 492 471 474 470 453 457 517 473 483 473 473 441 151 172 155 190 164 189 179 170 116 118 122 118 188 176 132 185 194 184 206 231 174 231 194 175 198 228 163 158 228 187 494 579 577 546 552 524 578 
108 470 377 356 151 0 455 408 451 134 275 215 453 528 521 333 221 68 371 351 174 391 402 513 214 321 421 374 461 517 370 270 362 83 235 238 260 361 378 562 416 540 354 205 415 205 317 153 378 283 414 461 222 348 380 459 64 524 214 441 483 430 426 417 407 403 403 467 443 435 408 430 404 82 117 118 150 129 97 95 108 130 64 68 163 98 86 76 114 144 154 147 179 139 179 144 144 163 160 126 128 169 163 499 583 580 537 544 545 552 
460 352 491 159 377 451 0 155 160 313 407 308 403 241 336 528 380 400 458 125 324 469 396 310 243 182 377 122 327 248 163 469 169 409 247 214 359 112 456 329 293 341 463 254 433 469 209 361 207 271 101 363 281 447 395 283 379 274 447 303 380 380 333 378 375 360 370 410 345 373 368 379 360 368 360 321 333 345 376 370 365 338 401 394 299 379 389 380 356 345 310 328 321 318 320 326 320 298 348 333 344 330 294 258 326 321 289 305 252 319 
457 469 554 79 305 416 152 0 278 295 450 351 495 371 448 584 412 369 534 214 267 551 493 431 258 110 477 71 429 382 253 518 69 393 198 194 420 87 531 460 404 469 528 229 513 487 270 370 306 346 218 472 321 508 483 412 358 407 486 418 506 483 448 478 469 458 474 508 458 462 473 470 448 348 328 315 321 323 378 370 361 309 356 366 273 373 373 357 335 362 321 337 335 324 331 343 316 316 369 325 316 359 298 384 470 449 418 431 369 455 
437 228 374 300 429 456 153 287 0 337 331 280 268 106 183 452 316 444 355 136 402 361 273 150 247 282 249 243 171 110 106 396 299 420 326 250 290 233 331 171 164 201 363 302 303 439 151 344 116 209 95 225 263 340 269 158 417 117 401 172 253 256 212 245 251 238 255 260 212 229 242 237 245 391 355 335 328 348 381 373 376 369 421 409 336 388 387 392 357 344 301 324 297 331 291 321 325 308 326 352 352 318 314 112 198 176 156 155 104 178 
178 385 349 237 141 142 318 291 330 0 230 142 360 411 430 329 174 118 334 219 139 358 330 395 79 212 346 255 375 413 256 261 253 109 134 111 211 236 324 459 313 431 325 70 359 227 195 102 258 188 289 386 123 312 300 362 83 417 210 343 400 355 334 335 328 315 317 386 342 356 335 340 311 53 40 36 48 38 75 73 63 26 87 92 36 75 88 75 68 78 50 65 91 31 104 75 42 70 88 45 29 103 49 401 475 473 434 438 423 444 
197 226 124 416 358 271 402 447 331 223 0 116 189 366 311 144 71 298 104 283 357 139 134 287 217 384 169 395 232 334 266 95 419 196 327 259 55 375 121 341 200 307 94 269 139 137 206 154 208 115 315 226 151 107 113 249 251 329 108 225 237 176 196 169 160 140 143 198 199 185 175 183 144 227 215 226 189 216 193 209 187 236 279 267 251 192 218 241 192 165 189 165 147 205 151 175 195 190 157 192 210 145 200 326 374 380 336 323 352 338 
184 256 234 304 269 217 309 350 274 142 113 0 234 330 310 241 66 225 214 206 247 234 215 296 109 275 213 308 247 312 188 172 324 156 229 169 77 286 203 355 194 324 206 169 227 168 141 81 174 61 250 250 53 197 170 258 183 331 140 215 278 229 227 199 217 201 201 261 230 229 205 220 188 153 123 130 104 130 135 143 129 162 196 190 157 137 158 184 118 86 96 93 56 115 43 86 120 79 75 118 122 72 107 305 371 387 325 324 341 339 
389 71 157 466 502 449 395 503 265 366 197 236 0 260 155 251 225 442 145 309 470 139 53 157 305 464 37 434 100 212 254 247 470 383 440 358 194 416 113 189 116 162 138 374 83 318 235 319 182 194 319 56 274 130 93 128 420 209 284 103 52 19 72 50 35 54 68 25 65 44 47 38 53 378 356 353 324 351 349 366 364 383 435 422 389 360 380 417 342 334 315 329 294 349 293 310 340 319 313 357 366 287 336 213 216 242 195 197 250 204 
518 187 395 373 520 537 236 373 109 410 350 335 244 0 118 461 372 512 357 221 487 370 276 113 336 388 250 334 159 42 178 429 378 472 413 346 338 335 348 98 185 138 373 377 316 482 224 400 172 279 190 205 323 354 294 119 483 54 457 163 218 246 193 246 256 255 269 254 206 234 250 242 246 453 444 427 397 429 456 451 439 447 509 499 420 465 457 479 429 412 379 389 363 417 370 392 412 385 393 415 426 391 388 53 104 94 83 87 17 97 
480 102 314 453 552 521 323 447 185 417 304 318 156 125 0 393 327 512 295 282 523 278 203 39 344 430 156 400 81 86 235 371 446 472 444 373 296 395 276 34 129 28 287 403 234 426 257 404 183 268 249 118 332 275 218 67 486 85 402 102 127 168 128 170 161 179 185 145 129 145 160 155 168 462 427 432 401 421 437 446 430 444 515 492 447 448 451 480 425 397 397 389 358 412 364 395 408 368 387 415 432 366 395 78 68 89 45 35 105 40 
239 310 113 528 439 322 537 575 446 323 144 234 251 465 400 0 174 361 122 421 448 139 208 394 336 503 256 529 322 438 389 82 538 263 430 388 186 516 136 438 304 397 121 391 188 142 348 245 333 261 455 308 281 133 195 351 346 446 116 327 293 250 289 239 247 244 223 277 272 276 242 255 227 308 305 311 284 312 270 283 273 331 343 341 367 273 293 325 289 256 292 275 255 304 265 279 308 290 240 293 310 239 298 432 449 485 430 427 457 434 
155 268 192 366 301 233 379 411 322 177 59 75 238 371 329 184 0 227 166 259 289 183 193 303 172 333 207 360 253 346 249 116 375 152 274 221 63 338 175 374 216 335 155 208 183 119 177 96 222 101 310 263 100 150 149 268 213 359 98 234 273 216 232 204 195 187 187 246 229 235 196 222 182 174 151 166 128 146 133 145 144 195 226 206 212 139 159 201 131 126 129 120 94 138 99 112 142 135 100 151 161 86 147 320 386 405 353 356 362 365 
152 460 408 307 111 62 403 356 432 107 290 213 452 518 516 355 240 0 384 326 129 402 403 497 189 278 429 332 464 493 351 298 312 107 193 206 279 324 390 540 408 537 379 171 416 240 306 150 372 265 371 472 216 378 393 448 43 517 238 437 485 440 430 424 422 411 406 471 438 451 419 435 401 67 103 115 133 99 104 100 95 90 34 28 118 109 92 62 119 126 140 132 181 119 174 153 135 148 154 117 114 171 137 492 561 575 531 525 507 542 
289 203 34 491 456 369 463 538 357 321 107 206 132 376 297 124 165 379 0 338 446 43 103 282 302 464 131 484 226 335 307 128 504 292 416 356 138 459 25 334 192 291 9 362 69 194 277 245 251 189 383 181 247 33 82 255 354 343 179 223 184 131 177 130 126 131 121 157 169 158 140 132 125 328 308 304 279 310 293 302 295 331 379 357 357 287 301 343 286 273 277 275 235 290 233 263 306 288 234 305 309 238 301 328 354 363 327 311 359 331 
353 278 361 194 314 343 124 196 142 219 268 187 305 219 284 407 263 326 340 0 281 351 283 254 143 174 267 159 236 210 56 348 198 300 190 121 249 129 327 296 208 291 345 176 317 369 88 239 127 162 64 290 175 333 277 224 287 235 336 210 307 296 250 277 269 261 281 310 251 287 272 267 267 269 244 226 216 248 267 272 269 248 302 301 220 272 293 291 246 250 216 222 214 230 195 212 216 206 241 235 238 226 195 213 309 292 248 257 224 299 
248 486 474 191 39 185 329 269 407 139 349 262 471 492 527 454 298 117 435 276 0 460 450 485 181 166 458 254 457 480 316 377 200 193 86 144 318 216 463 533 413 537 437 125 473 322 288 210 342 287 337 498 229 439 431 447 142 485 331 433 507 458 449 451 455 438 427 498 461 464 439 448 425 142 161 136 176 149 196 173 183 113 131 127 95 172 184 129 175 200 170 183 210 165 204 195 165 176 220 168 151 215 170 467 565 548 502 521 486 539 
298 182 32 518 479 395 476 537 367 359 138 229 134 372 286 123 174 408 31 364 459 0 105 283 320 495 126 500 222 347 326 141 506 329 446 378 158 471 35 310 195 274 44 373 58 222 292 277 258 222 384 184 258 53 92 242 372 340 194 224 165 122 177 131 129 126 103 148 173 150 129 143 133 360 321 340 314 321 303 322 314 370 406 373 380 326 324 376 304 292 298 300 267 317 272 286 322 302 272 325 330 275 316 313 346 360 315 306 368 319 
343 101 114 464 461 404 403 491 284 327 149 202 66 288 207 203 191 409 101 297 438 100 0 197 279 444 50 438 130 253 258 193 471 329 404 337 146 418 72 228 109 190 97 352 45 255 220 275 180 171 313 101 235 80 39 160 387 256 233 131 103 50 94 36 47 55 21 72 83 60 47 55 39 353 332 315 289 326 303 331 318 363 402 391 365 331 338 360 295 287 283 277 247 317 248 282 307 285 255 322 320 259 306 242 264 281 240 229 285 229 
455 104 301 424 519 497 308 425 156 388 288 297 145 112 37 382 320 501 280 237 478 284 193 0 334 413 144 383 75 85 190 351 423 436 422 340 258 369 265 57 100 48 278 385 225 421 227 365 141 237 230 106 307 277 212 38 454 62 382 80 125 150 120 154 149 165 166 147 120 133 147 153 158 429 412 407 370 389 406 423 414 412 477 472 413 410 430 456 393 367 361 361 328 393 325 356 382 359 350 389 389 350 364 60 88 108 63 41 99 66 
220 307 334 215 209 210 246 257 258 82 207 97 309 348 356 327 166 188 290 135 185 330 289 314 0 183 295 212 308 334 173 260 214 177 129 70 180 191 293 378 238 357 299 79 302 246 127 117 193 121 198 316 67 279 273 289 160 342 224 268 336 296 274 281 275 274 270 339 279 296 278 296 260 135 107 88 86 104 148 132 121 105 162 172 106 140 156 158 106 117 77 90 93 97 77 92 85 62 110 103 106 113 64 305 391 400 343 358 336 376 
360 443 492 45 201 318 189 96 291 221 385 278 449 388 446 509 339 281 475 174 169 490 438 411 194 0 426 85 405 378 215 442 39 321 102 124 338 68 475 452 350 457 459 145 460 406 221 279 292 286 197 452 234 445 423 386 261 393 398 383 455 439 413 432 413 413 419 473 416 435 420 431 402 251 251 238 234 249 292 281 273 227 257 263 185 277 293 260 257 274 226 255 264 233 261 246 223 217 280 246 245 268 219 374 471 454 424 438 390 451 
367 70 158 447 470 430 375 464 254 353 171 217 27 249 171 257 215 434 133 281 445 126 44 156 293 435 0 416 88 213 237 223 445 356 414 332 170 409 126 197 84 161 131 358 69 288 204 276 175 178 286 53 235 123 74 121 403 217 268 86 63 22 41 29 20 37 33 42 41 24 21 9 42 359 345 339 310 333 323 338 334 356 403 403 372 339 349 394 314 303 297 305 254 311 265 298 308 287 274 337 321 280 316 198 228 246 195 191 235 188 
414 418 509 66 285 386 109 73 238 269 397 295 450 329 403 529 367 334 482 142 248 495 442 373 206 75 418 0 376 330 206 460 73 366 155 169 362 27 471 407 345 421 465 202 463 456 226 328 270 297 155 437 262 467 412 355 333 349 445 359 447 427 388 411 418 391 424 446 403 426 409 426 397 310 289 276 288 296 342 337 314 275 321 330 246 331 333 314 300 307 266 289 288 272 288 301 265 264 328 289 288 314 264 345 414 411 388 400 330 407 
423 55 237 425 487 463 321 434 174 357 244 251 102 157 88 329 268 455 222 250 468 216 144 59 301 416 106 374 0 136 201 298 419 406 407 324 215 377 212 118 73 86 222 362 164 358 196 327 128 197 249 57 260 203 145 52 438 133 338 36 92 104 58 113 94 98 111 103 70 89 92 87 113 387 370 360 330 357 375 386 362 396 446 437 381 382 396 414 364 331 321 328 301 353 296 333 354 313 322 351 355 319 332 112 148 160 112 96 157 117 
484 167 366 377 510 528 245 391 114 395 342 315 231 44 86 453 352 493 334 211 484 336 255 87 327 381 205 345 122 0 164 414 380 467 394 338 295 321 316 85 150 113 340 364 276 446 217 389 151 257 193 173 303 330 271 100 479 35 430 126 186 225 173 210 211 222 239 227 176 200 207 202 211 443 414 401 384 410 424 427 424 417 482 481 411 445 445 470 402 385 375 373 350 387 347 374 394 357 372 402 410 375 362 35 96 97 52 68 27 83 
357 220 337 241 358 376 156 243 87 247 265 186 262 183 227 393 240 340 310 65 320 321 255 197 177 221 236 189 192 182 0 331 249 323 231 176 228 190 301 248 161 249 308 217 279 349 72 259 84 144 74 237 182 299 245 174 326 179 339 177 250 255 200 226 233 215 236 260 210 236 228 225 220 306 268 263 246 269 283 299 284 280 337 338 248 295 305 311 254 260 220 233 224 242 217 235 227 216 241 265 267 232 217 170 254 252 205 217 183 246 
178 288 126 461 374 274 468 517 400 273 81 165 234 436 377 73 121 293 122 344 380 132 196 355 267 445 234 456 306 402 341 0 471 213 364 328 130 436 140 417 269 382 109 307 179 91 281 172 290 194 401 283 203 127 169 327 270 402 65 285 278 231 251 225 211 219 201 259 250 244 233 232 200 254 238 253 216 227 201 213 211 283 300 270 308 205 217 273 223 193 227 213 189 225 201 204 236 223 175 227 238 178 250 396 439 446 400 393 428 405 
415 462 516 16 235 359 168 75 299 254 417 312 482 391 448 538 369 314 493 187 204 520 462 430 220 39 443 61 416 393 249 474 0 344 146 163 373 77 487 464 390 460 490 179 487 445 245 316 300 302 205 459 270 494 445 399 309 408 446 399 483 463 427 438 447 423 441 484 445 456 446 450 432 293 291 271 282 288 319 314 300 259 302 318 213 331 316 291 297 311 264 285 298 268 292 280 265 270 311 294 282 303 261 391 472 472 439 434 392 465 
62 400 306 349 193 71 409 397 412 109 202 153 377 484 467 276 148 106 303 313 192 316 325 430 172 316 348 371 397 458 318 206 351 0 224 222 193 350 301 494 344 468 296 185 328 136 263 83 322 224 379 397 155 288 295 411 73 469 159 377 409 366 356 346 353 321 330 384 375 371 351 358 338 75 76 100 100 87 37 55 61 101 94 83 131 37 49 80 72 81 113 93 118 94 131 107 117 114 88 79 94 113 120 455 513 524 478 482 479 503 
276 424 440 120 138 234 245 180 308 124 329 231 421 402 452 442 270 188 425 196 91 430 397 425 137 92 405 155 409 409 236 382 130 238 0 87 296 145 411 473 340 468 405 78 435 334 202 203 289 242 254 442 188 411 388 394 178 424 341 369 439 416 400 405 400 387 384 442 406 407 403 410 390 173 161 145 169 159 206 192 193 131 173 181 91 194 195 169 175 187 166 184 191 156 181 181 140 165 205 172 146 193 137 395 484 472 440 454 400 467 
260 347 391 152 193 248 215 212 265 116 261 177 352 352 373 397 224 211 349 124 155 384 336 347 63 123 343 161 326 333 169 329 159 224 70 0 246 132 355 403 287 393 362 62 360 295 133 186 199 177 188 364 129 344 312 321 187 345 303 303 386 359 323 333 337 317 314 365 318 333 327 344 312 176 154 125 136 138 178 183 165 143 189 197 96 177 194 181 146 169 124 148 143 126 146 143 116 124 169 149 141 167 100 326 409 413 359 377 338 401 
219 205 166 372 342 267 367 420 278 204 53 90 183 331 291 180 46 286 132 238 323 151 146 259 175 354 158 368 214 301 222 113 373 206 293 234 0 350 128 318 166 282 131 229 162 161 176 127 179 88 288 209 127 120 111 240 247 315 129 193 215 175 185 153 145 141 141 201 173 183 153 172 129 212 184 200 167 200 173 196 175 233 266 259 233 186 196 233 170 162 166 159 126 171 112 147 188 161 129 185 184 129 168 283 352 356 297 300 331 323 
391 400 485 70 267 354 118 91 233 244 371 272 433 331 387 514 335 308 448 129 219 462 419 372 190 67 402 25 366 327 176 432 75 333 149 129 334 0 451 393 318 408 441 176 447 430 188 299 243 267 158 406 250 431 398 342 309 337 414 335 422 423 384 404 401 381 385 435 384 399 393 397 377 283 274 261 266 274 302 312 287 254 303 302 223 310 308 301 274 282 246 278 267 261 270 260 242 245 291 276 255 286 232 325 410 405 361 378 327 402 
306 165 50 487 466 374 444 526 335 343 119 216 128 348 265 145 170 406 33 345 445 39 78 249 297 456 121 477 206 327 301 131 496 302 412 355 130 456 0 300 190 271 42 368 61 222 259 262 243 192 374 163 253 36 75 237 366 310 187 201 157 118 165 117 103 111 88 140 146 130 118 128 105 340 313 314 296 308 306 308 298 352 383 363 375 309 324 366 298 287 298 269 239 311 258 271 303 276 263 302 324 259 301 293 328 355 305 287 348 315 
520 134 341 451 575 552 334 465 174 456 347 355 197 96 34 439 366 541 318 288 534 321 233 60 382 458 191 400 120 92 248 420 462 500 458 393 325 410 301 0 158 45 337 430 254 475 274 428 190 286 264 161 360 316 248 106 527 63 438 146 161 205 165 198 198 201 216 189 171 177 209 191 214 481 453 453 421 443 473 470 456 472 528 533 466 472 494 499 439 429 406 430 396 445 383 410 435 407 407 450 445 413 405 82 24 54 33 22 105 15 
364 90 213 380 429 411 304 389 171 312 187 197 114 183 128 306 209 411 191 209 417 211 116 100 240 369 101 336 70 161 158 265 375 338 347 283 167 322 183 167 0 132 202 305 147 326 140 275 81 142 212 99 207 195 119 77 372 151 295 33 118 100 64 84 84 73 102 121 73 80 96 95 80 343 321 312 286 312 315 326 316 338 375 372 321 330 331 357 306 277 269 268 230 281 235 269 289 258 270 303 312 247 279 144 184 193 139 142 173 165 
483 107 295 466 556 528 340 479 201 440 305 319 153 132 26 400 331 536 279 294 530 281 194 57 362 455 157 428 80 104 235 368 470 472 455 382 282 404 267 46 137 0 286 417 224 432 262 390 192 265 281 117 326 275 209 82 505 103 410 102 123 159 125 164 166 172 192 137 138 139 156 157 170 466 448 424 410 435 433 451 444 458 504 508 449 446 468 481 419 420 399 394 360 409 367 400 413 389 400 436 426 386 402 111 76 98 67 49 129 51 
275 207 47 478 460 367 453 529 347 328 106 196 156 378 301 121 144 382 20 339 433 39 107 272 286 467 139 463 218 342 315 107 492 279 402 357 122 445 31 338 199 283 0 356 78 201 261 234 258 197 383 183 241 17 95 249 355 335 164 219 196 142 181 142 143 130 110 170 181 153 143 152 139 311 294 302 288 307 281 291 281 332 368 350 355 289 298 342 289 249 268 258 228 298 228 265 293 263 247 302 293 237 289 333 345 374 335 323 356 325 
244 384 378 172 141 196 258 222 298 88 266 163 374 386 402 382 216 164 361 166 123 371 360 380 79 140 363 188 354 375 218 323 170 188 59 59 230 175 367 429 299 415 344 0 378 292 175 156 243 186 231 389 125 350 318 351 144 386 278 332 394 357 342 338 339 333 334 394 350 370 353 363 324 134 120 91 112 113 156 149 139 83 156 161 62 163 164 133 136 142 108 123 135 109 139 124 96 100 151 104 111 149 96 355 453 449 391 419 376 442 
339 131 94 484 473 416 439 518 304 358 152 231 68 312 224 176 191 429 68 314 471 65 49 221 312 465 82 459 171 278 293 189 502 333 420 362 142 447 56 270 151 226 88 361 0 247 244 277 234 200 346 124 255 80 59 186 394 283 226 154 128 75 117 66 72 80 73 99 108 103 81 72 75 366 342 346 306 341 328 330 335 357 410 386 373 340 340 379 314 302 300 284 272 321 272 288 321 288 272 335 335 266 310 267 283 307 263 256 297 265 
102 355 209 437 319 199 468 488 431 229 137 170 316 481 431 134 128 232 203 364 325 216 268 412 252 415 289 454 371 453 346 97 452 138 336 304 166 425 209 465 326 445 182 283 251 0 299 134 327 221 420 344 189 188 242 376 218 452 31 345 356 300 326 281 285 273 258 335 310 316 281 304 271 186 177 199 174 193 143 155 162 228 231 210 247 159 167 195 179 155 200 162 174 200 165 173 208 195 139 177 182 157 207 434 492 505 459 446 481 462 
310 222 289 247 311 310 194 276 155 203 200 134 234 229 256 341 194 286 277 79 289 290 216 227 111 233 207 211 210 224 62 274 239 257 208 132 162 203 263 278 142 267 277 181 253 295 0 196 87 91 138 236 109 250 213 196 268 221 281 174 247 228 202 210 207 184 202 256 198 211 201 217 190 237 220 199 186 206 233 230 222 219 274 268 216 233 249 261 214 186 167 188 146 196 145 184 182 161 182 197 205 166 158 197 280 294 250 242 236 260 
107 321 262 319 214 141 367 376 332 97 150 77 318 411 385 247 91 158 252 239 216 272 275 366 122 297 292 331 327 394 263 181 320 87 217 171 143 312 261 423 263 405 245 151 287 136 197 0 247 147 312 339 91 241 247 336 121 401 139 306 333 297 302 285 277 251 270 320 294 293 284 279 252 83 80 93 48 80 45 57 65 116 132 119 140 65 74 116 50 25 56 49 54 61 56 36 70 81 12 56 81 25 74 369 442 463 411 396 397 429 
345 167 272 293 385 377 211 325 107 273 217 186 182 178 178 335 212 361 257 128 342 275 180 141 193 288 173 254 143 151 65 287 298 321 290 203 183 236 242 207 98 189 249 245 215 322 85 253 0 121 126 170 165 234 192 120 342 157 301 114 190 181 140 162 167 147 165 209 140 169 167 162 155 306 266 262 251 273 286 285 290 279 354 342 282 306 313 320 263 252 223 239 202 246 214 245 253 216 230 257 268 224 236 130 225 220 163 184 158 193 
238 215 234 297 317 279 279 350 213 175 131 70 209 275 266 260 116 276 191 160 282 216 173 224 134 285 174 285 200 264 157 195 299 206 235 169 88 272 201 298 143 264 188 196 201 217 88 153 111 0 217 207 67 179 161 195 240 269 201 160 215 191 168 168 175 142 161 226 166 180 177 186 146 216 179 183 145 173 178 195 183 195 261 241 207 192 213 236 171 151 139 140 103 157 101 144 162 129 129 177 163 116 145 250 315 324 267 276 265 294 
413 277 411 213 358 407 84 216 81 274 316 260 311 190 253 451 303 373 368 73 336 398 321 223 212 199 292 169 247 183 74 398 213 369 247 185 291 162 377 252 201 265 374 232 350 423 126 304 127 204 0 291 231 354 311 210 357 212 397 209 303 314 258 282 300 276 303 315 270 289 279 293 284 342 311 287 277 313 345 341 318 315 372 369 277 341 344 346 309 305 259 285 261 291 271 280 270 247 288 309 300 275 264 191 275 257 225 247 178 266 
402 19 207 461 503 460 362 486 224 381 213 253 59 199 124 288 253 465 191 293 495 179 94 110 313 450 64 437 55 174 240 282 476 399 441 368 217 417 165 158 96 113 184 388 120 351 240 332 170 213 289 0 279 180 125 86 436 177 315 83 27 64 50 72 79 77 89 53 53 39 57 53 83 412 378 386 360 384 374 382 370 398 446 450 411 389 398 429 362 343 335 342 297 353 306 326 357 331 321 380 383 320 343 166 167 191 147 134 209 145 
203 282 269 274 243 209 279 315 267 110 147 42 268 327 323 267 95 197 234 162 233 257 234 288 67 234 248 262 254 302 173 200 283 164 190 132 108 239 247 354 198 334 226 128 248 201 120 96 166 68 238 269 0 223 208 270 186 315 177 225 290 261 232 220 221 219 228 271 234 257 226 233 207 147 120 104 90 121 133 131 111 138 194 172 145 142 147 172 101 99 70 68 45 102 39 74 80 70 78 97 109 58 75 301 371 387 328 323 336 347 
282 177 52 466 444 348 445 514 346 311 96 184 144 348 277 139 142 373 34 320 434 43 100 262 276 448 137 466 210 324 294 124 476 286 401 343 114 438 35 325 181 272 18 348 60 205 257 240 252 180 359 171 226 0 67 242 353 322 162 204 172 138 156 113 122 123 94 144 161 149 119 128 109 317 306 307 276 296 286 294 290 337 356 350 351 289 304 337 285 263 281 251 230 281 238 256 298 257 236 288 301 232 286 317 333 368 304 314 347 315 
309 120 117 447 431 380 394 469 276 313 123 189 94 292 220 185 168 381 95 278 416 82 41 212 270 421 59 424 147 272 246 162 450 299 381 314 106 390 72 246 124 211 97 319 55 242 207 231 178 154 315 113 208 72 0 174 345 256 216 134 123 72 107 51 58 52 38 95 100 84 72 72 57 327 294 306 276 299 279 285 298 322 374 349 333 292 318 345 280 260 270 264 228 280 231 243 273 248 246 290 299 223 275 243 277 294 241 245 285 256 
420 88 259 406 481 462 286 410 143 364 264 254 138 127 79 355 270 449 241 214 456 253 163 44 299 383 123 361 52 92 178 320 411 413 394 313 226 350 225 111 73 77 247 357 195 387 191 327 119 193 218 89 271 240 179 0 430 95 351 39 111 127 80 127 132 136 148 129 98 106 117 131 135 399 375 358 332 373 370 388 376 378 441 432 372 379 400 408 346 341 316 323 293 356 289 328 337 311 329 367 365 307 332 75 127 133 79 80 116 99 
122 447 367 303 126 64 393 351 406 89 260 194 412 491 487 332 218 37 347 290 132 380 370 470 161 258 398 326 421 474 332 267 299 73 170 183 241 299 372 509 372 491 341 148 385 209 273 115 326 242 354 435 179 352 344 435 0 475 211 398 461 398 405 391 378 365 362 430 404 408 400 397 365 44 66 77 108 82 85 61 83 62 21 14 99 69 64 16 85 98 116 118 150 100 142 105 102 122 133 84 86 138 123 455 546 542 495 492 480 527 
498 171 363 406 529 529 265 405 114 408 328 331 218 55 88 440 349 511 337 246 484 326 250 68 327 398 213 344 115 36 179 403 413 465 413 351 313 353 320 74 162 100 347 377 277 456 218 398 168 259 209 173 320 328 257 94 480 0 437 134 193 213 180 210 217 224 239 210 176 188 211 217 226 460 430 423 406 424 437 450 435 433 501 489 429 456 454 484 424 412 382 385 367 407 345 387 406 368 396 420 412 367 380 43 72 67 41 54 43 67 
117 325 191 443 338 216 460 494 399 217 95 152 277 458 410 122 97 252 162 348 340 193 228 383 239 413 267 444 326 428 326 66 451 150 325 288 130 417 193 432 283 404 165 268 227 42 277 133 301 200 393 314 173 178 205 353 223 431 0 304 328 278 281 243 246 248 240 303 280 274 263 266 232 198 185 209 180 194 145 160 164 218 227 222 252 162 169 208 176 155 190 173 160 187 166 161 188 180 132 180 189 150 198 411 468 468 422 434 450 442 
389 61 239 398 468 441 296 413 168 343 226 225 105 163 117 311 240 428 208 217 435 220 137 90 270 384 94 358 42 130 159 297 392 364 366 289 201 335 201 137 36 102 214 328 164 338 163 305 114 158 224 75 234 207 143 51 402 135 316 0 108 104 60 98 106 101 104 106 68 81 95 92 96 359 342 339 317 330 341 340 347 368 411 400 349 355 372 384 319 310 289 305 259 323 261 285 315 275 288 334 336 287 307 107 154 175 130 128 157 135 
413 44 189 475 523 469 385 492 255 387 228 265 45 233 120 303 262 480 184 310 510 171 101 117 341 462 61 451 84 200 250 277 475 403 445 387 210 422 155 150 124 117 192 409 117 352 248 338 191 224 302 35 286 182 128 119 448 183 311 93 0 69 59 84 81 85 87 40 55 47 79 56 97 412 382 397 356 397 378 404 392 427 472 447 425 395 407 444 378 354 343 351 320 384 318 339 362 333 343 372 381 324 352 181 172 206 159 163 215 155 
360 70 154 451 479 424 379 483 250 354 188 232 27 250 161 255 226 429 136 285 469 139 41 158 300 444 23 435 102 221 240 223 461 368 427 359 177 405 118 208 101 162 135 367 77 310 235 296 183 180 297 66 262 119 66 128 400 212 272 111 61 0 49 34 41 41 51 37 43 39 29 17 39 376 359 347 320 345 341 347 338 387 429 407 385 351 375 394 328 320 313 315 265 328 276 301 324 307 286 346 347 293 325 205 220 250 195 183 243 196 
379 57 192 422 481 429 339 446 214 340 203 220 63 202 136 282 227 436 180 257 438 175 85 112 277 404 56 396 54 177 201 248 425 371 382 314 172 385 152 163 59 126 177 345 127 317 193 299 133 168 248 50 242 172 110 87 392 164 279 58 63 52 0 48 45 52 79 66 17 47 51 55 60 366 338 342 312 334 331 342 343 356 416 404 364 342 362 394 329 298 306 288 267 329 253 303 312 285 283 324 325 270 303 156 190 207 154 146 204 154 
351 80 154 436 475 413 377 470 239 341 159 216 47 251 178 236 198 414 137 268 447 122 39 167 273 426 13 404 103 227 234 210 440 348 386 322 142 386 105 208 94 175 137 353 78 285 217 275 157 176 299 65 224 127 69 122 383 228 262 90 87 40 46 0 5 33 20 70 61 47 15 32 31 362 337 319 298 331 317 323 320 362 391 398 362 321 350 364 302 287 298 289 261 312 258 284 302 281 277 320 318 258 296 212 224 260 208 200 245 204 
357 72 157 438 458 421 378 463 238 336 164 211 36 254 168 234 207 411 127 264 444 127 51 148 277 429 10 406 98 210 229 217 446 343 391 334 144 402 111 209 90 165 128 339 72 285 217 286 161 171 281 78 224 111 65 132 391 224 249 96 79 39 50 12 0 29 29 53 53 44 24 16 30 350 332 324 299 321 320 328 316 364 396 380 352 340 341 379 316 290 280 289 259 303 249 281 311 287 262 310 326 270 292 205 228 246 198 205 242 205 
335 86 160 418 458 390 351 455 243 316 157 196 70 244 184 227 178 395 129 251 427 129 46 156 272 408 42 407 104 207 225 202 429 339 375 318 143 375 104 208 87 165 129 339 74 278 196 251 161 142 282 74 215 115 47 120 379 214 243 101 95 51 56 16 32 0 34 80 63 52 27 36 6 336 309 322 278 315 296 312 309 349 378 380 346 313 325 368 295 280 276 273 247 295 244 276 287 256 255 308 298 238 291 206 234 260 201 200 247 200 
336 92 132 448 453 398 386 474 255 325 146 203 51 265 191 217 185 407 115 283 435 123 25 177 270 414 40 412 128 238 240 201 435 337 397 329 131 405 93 228 92 180 116 331 62 258 215 262 163 159 284 94 214 101 46 142 374 226 238 114 85 51 64 36 23 31 0 79 67 66 31 49 26 336 312 322 279 312 305 326 312 338 383 369 342 324 336 350 288 270 271 264 232 298 234 273 293 271 250 300 318 254 285 219 249 259 216 222 253 232 
401 70 160 480 526 458 391 501 256 386 203 255 18 251 156 269 243 466 152 302 505 154 81 141 336 467 57 442 93 227 258 258 491 402 440 372 200 430 125 191 128 143 172 400 102 339 250 321 190 207 325 49 274 144 95 130 431 213 304 112 46 44 77 55 57 77 66 0 64 51 53 53 73 399 370 389 353 385 379 379 382 410 442 435 415 380 400 426 357 332 342 340 300 354 293 328 352 335 323 379 374 310 338 201 214 231 189 171 251 195 
372 36 195 434 482 430 350 450 224 341 192 230 56 210 130 287 215 432 169 267 451 169 77 123 287 413 36 389 53 189 218 265 431 358 400 318 169 392 160 176 68 123 168 340 117 328 199 288 151 167 259 47 234 155 99 88 403 186 284 69 71 61 15 52 55 49 78 71 0 26 55 45 63 379 338 335 307 333 342 359 336 370 421 405 379 352 375 385 325 305 309 294 276 316 257 306 332 304 299 333 329 270 313 172 189 216 160 165 212 160 
380 58 170 444 487 430 378 480 240 353 188 235 31 228 145 258 216 450 147 282 475 144 73 137 303 442 24 420 84 205 240 256 454 380 404 350 172 403 128 174 76 145 165 355 93 311 220 301 157 190 278 41 259 140 94 105 406 191 291 84 54 41 41 32 43 46 48 46 23 0 42 26 51 372 350 352 324 345 355 361 343 378 418 423 382 364 370 404 325 309 317 300 283 344 282 299 337 298 288 343 342 287 313 177 198 228 177 161 226 187 
350 69 159 438 465 407 377 459 249 334 162 215 38 243 171 251 214 426 131 267 452 126 54 158 290 433 24 419 100 211 221 222 459 352 399 332 159 395 109 196 86 153 147 353 68 291 211 281 163 178 294 63 228 134 61 133 395 222 256 86 73 35 50 25 25 27 41 50 41 32 0 16 23 360 335 324 302 327 334 342 324 361 402 389 359 339 356 370 321 296 296 288 261 308 251 283 320 279 266 324 326 269 309 199 226 250 193 199 238 195 
358 57 158 457 483 436 375 473 241 338 178 215 42 232 156 256 212 430 141 276 448 131 45 153 282 437 14 414 95 216 226 239 461 348 403 342 166 395 132 191 92 158 143 362 90 309 213 297 171 188 290 64 238 141 68 116 405 216 261 86 64 24 40 26 18 33 43 54 48 28 26 0 33 369 339 337 309 343 341 339 339 370 420 405 379 346 355 396 316 301 293 294 274 325 255 288 312 291 279 336 333 275 318 192 214 237 195 181 226 188 
338 86 153 419 456 396 365 462 235 316 144 183 50 240 185 224 190 404 137 256 431 120 48 160 274 412 27 409 117 214 214 214 425 321 385 315 133 383 120 211 83 183 128 325 77 264 191 254 151 151 272 77 211 112 63 135 367 225 241 94 85 42 57 19 27 6 26 76 54 43 34 37 0 346 306 322 291 318 305 323 298 344 383 369 352 308 323 364 289 275 279 269 239 288 235 270 283 270 253 294 303 241 275 208 241 254 211 207 253 213 
130 416 351 287 141 94 364 343 380 60 239 164 378 470 462 307 171 73 333 265 138 341 344 428 135 257 358 307 397 440 304 243 293 78 181 165 213 293 334 485 337 463 321 131 362 202 246 101 304 209 340 399 137 322 319 388 50 456 196 376 421 381 361 351 361 337 333 403 370 371 358 377 341 0 31 56 78 36 63 32 53 46 60 46 83 41 37 29 56 83 75 89 109 71 117 93 59 86 99 43 40 94 95 436 510 505 470 460 462 487 
125 371 334 274 154 116 360 331 365 48 211 132 354 428 436 307 157 109 313 253 163 331 317 409 113 259 347 296 377 423 273 242 288 80 159 152 188 278 316 459 315 440 301 126 342 194 211 66 284 174 312 373 116 305 302 362 68 435 186 341 382 352 345 320 323 314 323 379 347 360 334 337 303 43 0 30 46 8 42 34 33 58 92 66 85 48 54 65 27 45 49 51 81 34 96 61 53 68 62 21 13 82 60 398 485 486 440 435 433 461 
154 378 345 248 150 123 333 308 353 19 225 130 362 416 421 321 159 116 321 231 140 334 335 397 92 232 332 279 363 406 258 248 270 97 142 138 189 255 330 451 317 443 297 92 345 207 201 89 257 180 284 389 104 309 299 362 76 418 192 343 388 348 340 333 318 320 318 383 336 341 335 336 318 45 32 0 34 24 65 54 50 35 93 79 51 65 71 73 39 57 54 58 77 31 96 57 21 55 71 37 25 85 53 384 474 471 430 422 422 462 
139 339 308 279 188 148 319 321 336 48 188 110 324 410 401 279 134 140 286 228 174 297 287 378 86 236 306 286 333 377 243 218 270 99 167 133 178 256 284 437 271 418 288 105 299 175 174 61 234 157 288 351 84 277 263 345 110 403 181 310 353 312 303 291 308 289 284 357 323 313 306 314 278 72 51 35 0 41 53 70 39 67 105 115 82 77 73 93 38 46 26 27 57 28 63 30 20 32 60 37 40 52 30 379 439 464 409 401 392 419 
137 370 333 264 162 126 344 326 347 51 205 126 352 437 435 309 151 112 311 235 149 323 318 400 95 252 341 299 356 405 270 236 284 77 152 142 190 275 310 458 300 438 293 102 333 196 199 74 272 183 301 377 119 305 292 362 66 413 187 325 390 343 337 330 324 313 318 369 332 350 324 341 304 45 28 29 45 0 48 50 42 55 92 70 76 47 48 66 33 39 53 40 79 28 83 50 39 58 76 6 14 68 61 400 474 489 436 430 432 460 
104 376 313 305 184 104 386 374 382 90 180 126 353 450 441 270 146 116 285 268 195 300 307 415 149 275 328 339 366 421 298 200 325 54 203 177 189 302 290 464 315 448 287 157 318 143 222 54 295 176 342 378 121 277 285 367 76 433 160 338 382 352 329 316 322 314 295 365 348 354 324 324 311 46 43 62 52 42 0 30 33 91 89 81 126 30 24 80 34 48 76 68 81 69 99 65 74 84 52 50 64 70 91 407 481 494 435 445 454 468 
103 382 318 318 183 102 382 376 379 73 203 144 367 459 455 287 140 104 297 271 171 330 324 413 139 270 339 323 388 435 289 212 317 43 188 186 200 301 311 481 327 459 298 137 322 159 240 59 296 193 335 379 141 295 305 379 67 452 174 357 395 355 348 328 328 316 318 384 341 362 345 340 322 46 45 64 54 55 19 0 21 77 84 70 104 10 20 68 34 41 87 70 88 51 108 70 65 89 71 46 61 88 96 415 489 509 450 446 458 479 
121 378 314 293 168 102 358 363 371 58 190 132 353 437 436 283 150 104 300 264 184 310 324 404 121 275 337 321 363 412 289 211 314 49 182 176 174 300 304 462 301 440 276 143 335 173 225 63 280 188 322 375 110 282 295 373 83 436 157 348 388 337 339 314 331 312 297 382 334 341 331 339 302 36 39 43 49 46 28 32 0 70 90 80 106 30 29 54 31 38 60 46 77 41 93 63 51 81 52 28 43 67 64 408 489 498 433 449 435 458 
165 401 368 248 129 112 346 301 363 31 248 151 390 440 458 348 184 77 343 243 110 355 349 431 112 209 365 265 388 418 272 277 257 104 123 143 236 244 358 465 331 466 338 103 369 229 212 109 296 203 301 404 131 334 328 381 72 447 219 350 418 380 370 353 358 337 341 412 372 386 369 370 334 49 57 36 61 37 85 65 70 0 73 62 42 87 84 59 66 87 80 80 114 55 120 84 51 90 104 60 42 103 75 408 502 495 459 462 435 483 
143 454 394 297 108 74 386 348 411 93 274 211 444 507 495 351 214 19 369 296 112 387 399 481 164 263 417 315 433 476 339 284 293 95 169 197 260 299 381 532 392 508 368 150 408 225 270 134 351 263 374 452 197 373 377 447 31 498 243 409 474 415 411 394 397 379 388 462 414 433 410 417 392 65 93 83 122 88 102 86 82 66 0 29 90 97 66 28 92 127 131 131 160 97 158 128 100 142 147 88 90 151 132 472 543 550 513 521 503 529 
118 435 378 290 126 53 391 361 412 99 254 199 413 502 496 329 203 32 357 294 127 376 375 465 163 265 395 334 426 487 320 282 304 76 179 194 256 314 378 534 382 513 358 151 394 209 272 132 348 241 361 454 179 359 351 427 19 484 214 396 464 418 404 395 394 372 384 439 398 411 403 398 384 50 84 77 110 74 81 75 84 73 26 0 103 68 69 24 81 117 128 112 146 92 149 126 112 133 136 91 78 134 122 461 539 553 491 509 487 532 
195 399 373 213 109 147 303 264 336 36 267 175 402 419 451 374 206 115 353 228 95 385 362 402 104 175 377 250 377 414 246 300 227 136 106 101 246 215 367 465 327 456 352 62 380 256 213 136 271 213 273 401 148 346 335 372 92 434 254 360 414 381 371 361 352 340 346 414 375 377 368 364 337 87 87 56 89 85 119 105 90 46 105 92 0 116 105 83 86 109 91 106 120 64 117 110 73 100 126 70 63 134 82 405 479 489 446 444 426 473 
101 379 309 323 173 82 384 381 375 89 200 141 359 462 448 269 139 97 304 276 174 317 317 414 144 289 351 344 390 430 290 217 320 50 195 181 188 316 310 469 332 457 291 155 331 149 230 57 295 204 352 391 127 279 287 380 72 443 150 348 407 358 341 327 326 323 319 385 356 351 329 344 313 39 47 71 77 53 15 26 24 74 81 66 111 0 24 55 43 57 83 66 96 58 94 74 67 95 74 47 66 88 98 434 497 509 456 460 456 469 
90 393 317 306 172 74 387 370 384 77 214 144 378 469 470 297 158 81 307 286 172 336 343 434 158 280 355 335 384 443 314 228 328 49 196 194 203 307 327 495 336 472 290 147 345 158 242 68 300 204 357 411 157 300 318 398 64 468 180 366 419 361 358 334 341 335 327 385 363 368 355 352 330 32 55 65 84 48 39 17 42 70 79 55 102 16 0 48 61 57 97 76 110 66 108 88 78 111 75 53 72 87 105 429 515 526 474 470 464 495 
134 420 359 295 135 81 392 351 392 79 251 173 398 487 490 330 189 46 343 289 128 373 361 455 149 260 380 321 410 466 315 256 290 70 174 188 244 290 363 516 360 496 334 133 379 212 267 112 329 239 351 431 163 332 341 412 21 470 207 379 440 394 385 375 368 363 352 420 389 396 384 398 364 37 60 76 84 70 75 63 58 56 29 36 93 51 57 0 75 102 108 98 125 83 126 97 96 107 113 71 67 124 100 445 537 532 493 483 469 505 
120 365 305 283 189 114 357 336 344 53 194 111 334 417 422 291 141 122 291 240 178 319 300 391 112 264 322 303 344 405 261 215 303 81 167 147 177 283 300 441 302 418 279 116 320 164 198 43 258 160 306 359 104 277 268 363 87 419 167 326 365 326 334 307 312 288 290 360 322 324 311 326 287 46 23 44 37 40 37 46 25 57 107 90 89 35 53 69 0 25 50 36 61 43 73 42 52 67 50 24 38 67 64 393 458 467 418 417 414 443 
122 355 290 288 206 145 351 360 333 79 170 97 315 416 408 260 108 145 262 242 184 282 286 370 104 265 308 320 346 386 259 202 313 88 199 162 149 288 285 423 291 408 256 141 306 147 199 34 260 146 309 353 88 253 266 336 106 413 153 308 364 309 309 299 293 281 269 339 318 310 306 304 283 78 48 52 30 55 39 59 44 84 121 102 108 49 72 82 30 0 44 37 55 39 57 36 59 55 23 40 59 46 54 378 444 469 407 418 415 429 
158 343 310 258 180 160 314 305 305 51 193 84 325 397 389 294 124 135 282 199 167 303 286 360 68 224 301 282 326 379 234 222 269 118 159 116 165 237 294 408 258 402 266 96 310 194 158 65 237 147 271 337 76 263 256 334 122 376 180 304 352 306 307 297 300 273 283 347 295 320 303 312 274 82 60 50 35 42 67 70 64 72 117 109 85 77 91 106 54 53 0 26 59 32 51 41 27 20 65 42 54 51 14 348 430 447 399 390 393 416 
130 338 293 285 194 155 334 339 333 58 178 92 311 399 399 282 111 143 272 223 185 299 276 366 100 263 291 299 336 388 245 215 296 89 185 154 143 265 285 427 279 391 263 126 285 178 172 49 241 146 294 339 84 259 257 319 121 380 164 292 350 300 293 280 295 267 267 346 295 311 283 303 270 71 53 49 37 38 55 59 46 77 123 105 112 73 82 100 36 19 37 0 39 44 41 4 47 49 46 39 44 41 54 376 434 446 405 395 403 412 
158 298 260 293 224 189 320 333 308 93 152 56 279 367 364 263 100 166 235 197 221 254 252 328 92 269 268 297 304 352 206 188 285 111 184 144 130 267 257 393 235 365 230 135 269 165 162 47 209 117 264 295 55 238 219 303 142 357 151 273 311 285 264 255 257 231 231 298 276 271 262 268 240 112 93 91 58 83 85 102 80 108 150 139 133 91 105 129 78 52 44 45 0 69 8 37 74 46 41 73 68 38 59 335 405 427 364 371 357 383 
147 369 310 263 171 138 323 318 332 44 204 110 347 417 411 306 141 112 294 216 168 324 304 393 96 226 320 281 354 392 237 241 281 96 151 130 188 260 311 439 292 427 281 101 332 184 198 60 260 163 291 363 90 296 290 347 86 397 188 327 373 343 329 319 302 306 306 365 331 344 314 332 297 62 35 31 28 18 68 60 42 59 108 102 80 61 73 75 42 50 38 32 65 0 61 33 23 35 61 34 21 69 46 374 450 455 415 411 409 433 
159 292 271 283 239 185 320 331 289 93 143 60 276 368 349 269 104 185 251 204 214 256 254 335 88 260 251 279 286 347 215 189 282 128 198 147 127 268 257 390 239 372 238 132 254 168 156 62 209 103 268 294 45 221 215 301 149 354 165 266 303 279 262 258 248 235 230 309 267 279 260 263 226 107 96 93 49 80 87 92 93 105 159 156 132 110 104 133 65 62 49 43 25 73 0 39 73 44 41 84 87 30 53 321 415 409 353 372 355 383 
152 341 280 282 193 158 333 329 328 74 173 86 311 389 380 262 108 150 261 222 187 294 271 354 88 249 283 291 323 373 240 204 281 97 171 152 150 271 282 415 257 389 269 114 300 164 175 44 227 134 288 341 66 247 243 325 116 390 165 301 340 305 285 292 277 275 275 324 303 315 277 305 269 78 63 64 36 59 71 65 57 96 123 117 96 78 82 105 37 25 30 7 41 35 36 0 51 45 44 46 54 29 51 369 441 451 403 390 397 412 
148 348 329 260 169 150 308 313 314 27 202 121 346 397 409 303 154 125 308 207 161 330 312 384 71 223 310 281 339 391 246 245 271 108 137 113 175 241 317 439 285 412 291 100 318 193 187 83 247 148 277 365 99 291 285 343 95 397 197 308 361 328 315 310 302 288 300 360 328 333 313 324 292 77 36 21 26 43 65 75 52 47 99 107 69 86 75 84 38 64 34 42 66 17 70 39 0 40 68 45 21 72 31 367 454 452 403 403 392 440 
176 337 307 258 198 180 302 315 305 57 173 86 326 373 369 289 141 164 278 194 177 295 284 359 72 223 293 270 315 355 207 218 272 119 149 121 152 246 289 396 248 382 268 107 293 191 155 72 224 121 247 334 59 264 256 314 118 362 194 284 348 305 292 274 285 276 269 335 296 303 287 304 270 100 77 65 42 68 82 99 72 83 135 134 82 98 94 121 69 68 23 41 54 35 45 41 39 0 62 65 51 63 18 341 433 431 377 379 369 413 
117 328 265 303 230 163 341 363 321 86 154 67 310 397 388 237 89 165 252 239 207 274 258 365 116 285 272 308 309 387 257 172 310 90 204 178 130 290 260 417 267 394 233 141 266 146 188 24 234 141 290 332 78 238 242 331 119 380 142 289 342 296 289 280 266 248 251 325 300 301 283 286 262 90 61 85 63 61 53 77 60 116 150 135 128 79 85 108 50 31 60 45 50 68 50 29 60 67 0 70 79 32 81 363 437 454 401 404 393 415 
131 369 328 280 164 131 352 327 346 38 198 112 346 418 424 296 138 107 296 247 164 320 310 388 111 255 335 290 357 412 267 238 276 77 155 136 183 261 313 442 299 431 285 116 327 188 203 55 275 167 295 365 111 291 295 350 77 407 190 337 373 349 321 322 313 313 311 364 333 336 319 323 309 52 10 38 30 9 42 52 40 59 88 92 82 53 54 77 22 39 55 48 75 31 86 41 34 61 57 0 9 69 49 393 471 477 426 430 425 449 
139 360 324 271 171 134 347 324 348 47 201 127 358 426 430 302 145 111 299 234 146 329 319 396 93 235 340 289 358 396 255 230 280 82 148 130 182 254 315 447 294 432 294 104 323 194 193 68 266 178 298 383 100 300 285 353 72 410 193 321 393 351 323 318 316 300 311 372 339 350 332 337 304 43 33 15 23 25 47 44 43 46 82 83 68 67 69 73 36 44 46 43 88 21 89 39 32 57 78 7 0 63 54 397 460 470 422 438 430 460 
146 317 264 296 216 161 340 352 319 99 154 63 302 379 382 258 94 163 251 222 219 258 256 340 105 277 263 316 311 369 245 184 303 112 198 164 133 294 257 409 253 391 236 145 264 157 181 27 218 133 280 321 58 233 229 304 130 371 145 269 335 277 285 269 265 241 249 303 272 283 261 275 245 97 85 90 45 71 79 74 77 119 145 145 123 90 88 130 52 30 63 39 38 72 25 43 63 60 14 78 80 0 61 346 426 429 389 391 382 398 
170 338 313 245 180 153 299 311 300 49 194 105 329 378 381 299 137 149 304 208 164 317 290 360 58 219 306 263 319 378 211 239 259 132 143 119 175 238 297 421 275 402 294 94 316 206 166 78 238 153 253 346 69 286 267 337 108 382 191 295 352 328 315 305 299 280 278 342 303 311 301 304 288 91 50 37 44 50 84 79 77 77 124 127 67 99 96 96 65 55 34 46 64 29 69 41 37 29 71 49 57 67 0 353 436 434 395 401 386 413 
470 148 335 377 501 512 246 375 96 387 324 309 203 45 79 433 323 485 330 214 461 328 237 77 317 366 195 340 106 28 172 386 395 439 392 319 295 330 309 78 142 98 328 368 262 445 205 384 139 241 194 156 301 312 247 73 465 24 417 116 185 205 161 211 195 198 223 205 167 177 204 193 206 425 394 398 363 387 413 410 402 419 470 475 394 419 437 445 391 373 348 356 337 383 326 368 368 338 363 386 394 359 365 0 90 86 55 66 47 94 
548 156 367 478 583 585 332 475 190 475 360 363 209 109 59 466 398 563 339 312 562 347 258 87 393 471 210 420 141 95 247 440 471 527 471 410 345 408 325 34 181 77 344 439 281 495 281 444 209 308 261 167 381 332 278 124 541 81 455 165 172 219 195 227 223 241 254 200 198 197 220 224 232 504 489 466 445 466 494 501 479 485 557 536 483 501 513 525 457 464 436 449 413 468 415 446 446 418 447 470 460 420 435 102 0 28 66 40 100 23 
561 176 378 459 595 594 317 464 171 482 374 382 236 87 89 477 411 584 380 299 555 358 280 98 409 464 236 401 150 89 253 451 456 523 470 409 350 413 341 47 193 97 380 443 302 504 300 451 231 322 250 191 386 355 290 133 549 64 485 186 194 243 206 240 256 246 264 226 213 223 252 244 255 523 488 485 445 479 487 497 496 492 547 542 490 498 527 528 471 462 446 444 422 454 413 437 454 435 449 486 480 439 440 103 36 0 58 73 94 59 
492 142 337 432 549 536 305 419 146 415 328 320 206 77 45 437 351 518 322 259 512 314 227 58 357 417 204 382 106 52 208 405 437 478 437 375 306 375 311 48 141 63 322 402 264 448 249 412 167 265 228 150 320 318 249 78 493 43 429 117 172 208 159 207 212 212 229 194 170 187 190 184 206 472 439 417 404 431 436 457 435 440 501 496 428 454 461 479 421 409 383 387 371 404 353 398 399 381 384 434 418 390 393 63 63 53 0 19 72 39 
505 135 339 442 554 546 306 445 151 428 336 339 184 97 47 427 351 538 307 268 526 312 216 58 349 430 182 382 111 77 210 390 443 470 441 385 306 382 306 26 145 61 325 414 246 449 251 404 169 279 236 146 342 308 254 92 493 63 433 121 152 183 161 189 203 197 205 183 147 165 188 191 204 465 449 429 398 427 455 454 450 464 519 497 451 462 463 481 431 409 404 407 366 410 357 395 406 387 391 427 420 388 406 71 45 73 19 0 89 38 
515 188 375 395 525 526 237 376 111 421 364 331 241 18 115 469 357 525 362 220 481 366 270 107 346 373 245 341 159 32 176 424 398 488 400 349 318 338 350 102 186 132 356 383 304 484 236 409 173 274 185 200 322 353 277 118 499 40 451 162 227 234 194 236 253 247 263 243 208 224 245 238 241 460 423 424 396 432 444 458 448 444 504 498 433 448 458 478 421 404 391 388 362 406 372 397 400 380 403 417 431 394 390 46 96 85 73 82 0 105 
528 131 350 450 573 551 324 467 174 462 336 354 206 108 37 433 365 547 334 285 545 323 245 71 370 453 201 412 111 93 236 420 457 506 475 389 317 402 305 8 159 63 321 433 270 468 275 419 199 295 261 155 361 310 261 114 510 72 447 129 151 209 172 206 207 212 229 184 170 182 205 188 221 499 458 458 420 453 459 468 473 478 531 515 476 474 483 518 450 428 414 420 383 431 390 408 423 397 411 449 441 414 424 89 29 54 35 34 102 0 

Depot information
191 45 1
480 327 1
467 127 1
45 406 1
2 184 1
100 69 1
175 499 1
42 468 1
320 463 1
135 193 1

Cust information
350 153 1
263 205 1
486 270 1
407 498 1
483 423 1
415 37 1
297 156 1
73 115 1
447 143 1
220 388 1
18 218 1
471 147 1
456 233 1
455 412 1
181 258 1
55 378 1
460 271 1
89 442 1
452 357 1
414 470 1
270 391 1
361 76 1
40 413 1
165 94 1
66 289 1
136 300 1
333 186 1
98 419 1
458 163 1
489 457 1
402 328 1
499 414 1
440 141 1
117 261 1
474 203 1
285 45 1
264 329 1
212 149 1
327 359 1
295 255 1
240 447 1
488 316 1
234 228 1
438 155 1
432 218 1
433 383 1
101 127 1
431 470 1
303 70 1
422 347 1
504 307 1
474 268 1
447 309 1
452 263 1
452 264 1
436 264 1
443 247 1
500 281 1
453 305 1
468 289 1
455 269 1
462 275 1
436 261 1
130 141 1
152 159 1
145 179 1
175 181 1
153 167 1
172 129 1
160 130 1
164 143 1
117 178 1
85 128 1
100 121 1
106 212 1
162 124 1
150 119 1
112 132 1
171 158 1
191 157 1
180 196 1
191 175 1
220 191 1
162 181 1
221 196 1
193 178 1
162 191 1
186 205 1
213 160 1
159 166 1
154 172 1
217 172 1
170 206 1
414 453 1
498 478 1
485 501 1
457 456 1
470 449 1
410 494 1
491 457 1
