Seed 123 - Instance: n50m10_1
n 50
m 10
Q 9999
L 2
U 20

0 269 94 306 256 269 218 268 234 257 145 255 234 210 230 230 250 238 270 264 183 202 187 180 74 72 206 338 233 353 295 137 230 304 217 255 260 242 207 276 244 195 113 137 116 125 131 143 120 265 210 292 219 263 290 197 230 251 237 225 
274 0 220 163 238 172 204 277 415 505 140 388 267 135 123 141 341 301 241 331 315 277 130 305 293 222 395 87 383 109 240 157 494 337 276 456 452 439 386 443 454 416 169 161 168 177 155 157 176 417 366 440 375 414 434 367 374 234 221 222 
96 212 0 288 268 253 139 205 239 281 101 312 261 192 212 161 305 285 284 212 145 235 173 133 91 41 288 298 297 302 223 73 268 240 149 254 251 239 206 263 247 205 64 75 49 51 90 80 54 318 280 345 281 324 350 263 285 170 171 159 
292 178 287 0 117 40 337 401 510 543 186 293 166 93 78 282 218 184 106 451 421 193 112 391 349 277 327 165 289 235 399 245 515 476 385 531 522 507 471 531 526 472 238 226 237 237 223 246 241 330 258 328 277 316 339 299 287 379 354 342 
253 240 268 108 0 83 348 432 484 474 190 196 74 116 130 322 118 80 28 469 406 116 135 390 322 254 232 264 200 326 429 265 472 501 393 508 489 474 448 501 488 429 251 235 232 256 238 249 226 224 161 233 188 206 225 193 200 403 375 382 
272 178 259 42 94 0 311 407 475 501 169 259 134 77 61 281 199 164 90 451 403 168 109 391 322 245 299 183 277 245 394 232 491 472 371 508 516 481 455 504 509 452 221 216 229 222 198 214 222 309 242 314 262 290 321 272 257 370 335 347 
227 194 134 327 347 317 0 96 255 368 183 440 362 265 263 63 418 380 352 160 149 350 226 134 197 166 422 250 430 242 99 95 357 158 85 291 302 291 229 278 293 275 135 116 149 132 142 122 149 464 405 472 400 452 468 395 408 63 32 36 
264 265 205 410 440 390 87 0 242 381 261 497 439 324 342 146 480 459 439 97 131 406 308 111 230 234 470 323 490 295 78 178 355 83 66 265 288 276 217 234 272 273 209 192 217 201 219 189 220 521 460 528 474 519 532 454 479 41 59 56 
231 413 231 505 478 482 261 243 0 150 320 452 439 409 437 314 482 461 493 161 112 418 399 146 166 237 399 490 428 488 291 277 134 226 199 47 59 50 44 50 37 69 264 288 280 277 293 289 275 446 422 477 432 473 477 393 421 255 251 261 
251 493 286 532 470 513 381 370 167 0 376 385 427 454 485 405 438 442 498 316 241 391 424 255 209 285 331 567 383 569 429 354 30 372 313 155 142 117 185 188 137 115 337 344 329 327 362 354 340 379 380 405 378 401 393 356 366 374 384 368 
140 143 114 188 195 169 176 262 328 365 0 272 181 105 120 154 256 213 197 295 241 180 66 227 172 89 270 205 261 227 259 87 373 307 221 354 347 340 297 355 351 293 80 76 60 65 46 73 70 313 240 310 242 294 312 254 264 230 199 210 
241 392 299 280 181 256 435 485 454 399 278 0 122 244 278 420 82 115 193 503 418 100 267 420 309 288 74 423 20 475 517 347 393 531 445 480 454 440 429 488 457 397 300 309 301 317 307 333 287 43 36 66 39 39 62 52 32 474 461 449 
220 279 246 165 72 132 356 435 448 431 179 122 0 132 154 321 66 45 79 462 382 64 150 374 288 229 175 315 147 367 439 259 440 496 389 483 472 443 418 485 463 415 250 240 236 240 225 240 233 183 117 183 134 157 189 142 149 393 384 376 
215 151 199 94 105 86 255 340 408 437 105 256 148 0 34 216 213 173 121 376 326 155 30 317 264 180 267 190 246 226 335 177 440 406 317 437 431 418 387 439 423 374 166 149 153 159 128 151 150 289 231 304 236 282 301 241 241 294 289 272 
243 134 210 64 115 71 259 349 443 479 111 266 157 48 0 222 219 195 127 399 346 174 57 326 280 214 298 163 280 204 338 184 467 420 325 464 460 446 404 468 460 402 179 169 173 185 147 182 167 310 250 329 270 305 318 265 271 311 293 297 
228 130 151 273 323 275 69 135 319 406 145 405 339 217 214 0 381 354 324 207 203 318 196 184 226 165 398 205 411 184 133 88 399 219 143 346 355 339 278 324 337 308 127 110 128 125 114 101 133 450 387 453 398 435 460 381 401 108 95 92 
265 336 308 215 125 195 424 483 480 449 236 73 78 212 231 393 0 48 137 504 424 79 214 434 319 272 136 377 88 417 502 324 441 534 436 495 479 465 448 520 489 418 286 309 291 290 285 307 285 114 85 129 78 109 132 113 99 462 431 441 
244 296 273 194 87 165 387 470 474 439 228 112 44 164 176 357 56 0 93 481 409 55 183 398 305 261 151 347 127 395 480 289 439 512 430 493 485 468 439 514 474 433 272 267 263 276 260 279 263 144 89 159 101 126 153 141 126 434 415 401 
277 233 271 97 25 71 351 429 485 498 193 202 74 115 119 328 142 104 0 480 406 132 136 398 335 253 237 254 208 322 440 265 478 499 400 505 500 494 461 516 513 450 258 246 234 249 244 261 231 247 174 243 195 220 247 208 202 403 392 388 
266 342 214 459 461 438 160 91 168 304 283 495 449 381 392 211 493 475 486 0 98 429 351 80 212 227 467 406 491 373 145 221 281 75 90 173 211 206 151 139 194 191 235 239 247 221 260 243 243 511 461 540 482 519 536 454 483 121 131 141 
184 316 141 414 403 404 159 132 112 250 234 421 387 321 341 197 435 412 424 84 0 366 294 38 116 165 394 378 403 376 195 170 217 139 84 137 167 163 96 131 139 133 172 194 181 184 209 188 187 427 388 444 390 435 449 372 396 134 160 149 
202 278 239 203 110 181 342 414 418 394 178 99 51 157 170 321 85 64 132 424 364 0 167 353 252 217 138 340 100 370 435 262 381 477 363 431 420 405 382 446 428 364 219 222 205 232 217 242 206 145 79 157 102 137 151 114 98 388 362 373 
185 140 170 113 141 103 231 311 393 422 84 255 146 45 67 194 215 195 134 363 306 156 0 292 228 159 270 190 252 225 310 153 421 372 280 427 426 409 360 409 419 373 124 117 134 131 120 124 123 297 232 319 246 296 303 261 255 278 258 255 
183 294 131 395 397 383 137 114 142 259 217 420 386 314 333 189 433 415 398 79 30 353 293 0 129 158 396 374 396 351 173 164 255 143 61 172 178 182 105 145 160 146 158 176 168 160 182 164 174 441 394 460 391 447 446 379 389 110 134 112 
74 302 94 346 311 324 197 233 166 205 169 310 292 260 276 218 333 314 337 194 126 252 241 135 0 90 265 369 290 366 268 156 190 260 158 189 200 184 141 208 180 145 139 152 126 138 150 150 141 323 285 342 286 332 335 267 291 214 216 208 
64 220 29 274 245 240 164 233 250 295 96 276 224 189 204 173 275 266 257 242 177 213 158 153 87 0 260 297 267 301 249 91 277 274 177 273 262 257 211 278 267 218 71 86 54 69 78 83 53 301 255 312 251 312 314 249 270 194 192 176 
220 395 281 311 220 285 414 462 398 335 264 75 157 269 300 412 125 149 241 467 388 132 271 395 279 256 0 444 57 482 501 333 341 512 412 415 402 378 379 450 414 360 289 318 291 304 294 314 273 60 64 89 61 78 66 25 48 447 436 423 
334 90 285 183 269 186 264 328 494 565 221 439 310 185 163 204 367 343 257 412 380 322 177 360 359 300 436 0 429 68 306 223 559 390 326 527 518 519 468 517 518 491 246 235 237 238 224 221 245 469 398 472 412 467 471 434 431 298 275 267 
237 381 290 295 185 277 423 473 440 388 277 27 134 255 288 399 99 131 200 477 403 101 252 413 295 269 42 425 0 477 508 324 370 538 441 460 443 423 416 466 432 385 292 321 299 306 297 309 281 56 37 52 33 47 67 41 23 454 440 447 
354 101 295 234 318 249 232 296 492 577 244 479 361 239 208 176 432 383 316 383 379 370 231 344 365 306 480 64 481 0 264 244 568 367 322 505 512 513 453 504 503 471 256 234 261 261 226 224 248 505 447 528 450 496 519 467 474 266 257 248 
308 256 238 401 445 403 93 66 297 431 276 531 443 335 348 135 512 474 433 143 203 434 317 183 277 258 514 291 513 254 0 192 409 115 135 325 337 346 281 287 319 330 226 220 242 222 221 211 243 540 488 565 496 554 560 485 496 65 80 91 
152 159 78 255 258 246 115 171 261 348 92 341 262 166 190 102 329 300 266 216 163 244 154 153 141 96 316 223 325 232 191 0 343 232 135 299 300 290 240 286 290 257 37 30 39 42 38 28 60 370 300 384 316 361 372 320 329 145 137 113 
248 485 285 529 462 503 356 347 143 22 373 386 429 445 462 389 437 439 488 293 220 395 428 245 210 270 349 553 368 566 415 341 0 353 298 133 108 105 150 169 129 95 312 350 322 331 352 338 314 396 376 409 369 407 400 339 366 351 365 358 
300 333 253 470 484 461 145 85 228 364 326 532 487 388 418 220 529 527 506 65 156 464 373 145 254 280 505 397 528 356 108 239 349 0 108 223 252 271 189 193 241 265 252 250 276 252 280 250 273 562 511 570 521 570 584 499 518 114 129 140 
206 264 153 395 397 382 89 75 191 314 233 454 389 303 317 149 432 427 407 77 75 366 280 58 170 166 409 343 441 318 125 145 308 111 0 218 227 235 159 202 225 198 162 163 182 158 182 159 187 455 421 485 430 481 479 403 431 58 74 72 
264 445 255 530 508 501 287 256 48 159 352 465 478 444 470 334 491 496 515 177 156 441 417 175 199 265 431 526 460 517 314 308 138 225 221 0 27 45 71 53 19 73 294 321 304 290 327 307 297 469 451 504 452 498 480 429 441 262 287 273 
258 461 255 527 500 516 300 271 41 122 346 463 470 437 457 352 491 491 518 210 165 430 411 181 195 270 399 524 447 518 339 296 121 252 225 32 0 38 69 75 21 63 309 311 314 292 339 310 298 449 437 471 442 476 476 406 435 279 290 288 
242 442 250 506 469 498 289 284 54 113 332 443 454 422 457 342 470 468 486 200 146 398 409 181 175 259 390 517 420 504 340 285 101 253 227 57 42 0 69 79 34 47 285 313 284 289 310 303 283 437 414 448 409 445 451 379 402 294 287 298 
217 387 191 470 456 458 236 210 42 175 304 421 425 380 409 276 445 443 468 136 91 386 356 109 138 219 380 464 420 452 273 237 161 205 159 76 77 75 0 68 60 76 244 250 243 233 257 250 258 438 402 468 403 448 465 396 399 216 232 215 
279 438 266 524 508 506 280 234 44 184 346 489 483 431 459 323 516 495 529 141 135 454 421 144 202 273 443 501 482 490 284 290 173 205 182 38 72 95 81 0 71 103 305 308 294 303 330 309 304 491 457 514 474 501 502 454 469 243 260 266 
247 452 244 527 492 506 280 256 25 150 350 456 465 428 448 336 482 486 499 190 150 430 415 170 176 259 400 525 440 517 317 295 120 238 214 17 28 45 57 52 0 56 283 317 305 289 323 307 303 450 439 470 430 464 479 416 426 263 287 278 
186 411 201 464 428 450 263 258 74 131 299 391 405 390 409 310 424 434 452 202 129 366 372 159 144 211 343 491 391 473 321 269 93 250 214 86 76 47 65 102 70 0 248 263 257 243 286 269 254 393 367 424 376 424 407 353 377 258 266 275 
126 165 59 238 241 221 134 203 267 331 76 309 238 148 177 121 300 275 246 228 169 225 140 156 135 53 299 255 293 248 222 37 314 255 158 298 308 284 238 297 297 262 0 26 21 9 41 26 26 332 278 354 275 335 354 273 289 170 153 153 
146 153 81 238 242 225 118 197 293 353 59 325 246 149 167 101 308 268 251 229 189 233 136 177 149 91 313 229 305 226 223 25 335 263 166 319 311 306 255 306 306 263 26 0 40 28 24 10 36 355 283 360 291 343 368 281 307 173 145 151 
106 178 59 230 236 221 143 219 282 336 72 298 227 153 169 127 291 260 233 245 192 209 120 182 130 62 283 246 294 264 232 43 321 268 168 298 301 288 253 308 291 265 24 36 0 22 29 45 22 315 277 352 268 332 348 266 275 186 159 150 
111 174 58 241 256 237 130 207 264 336 68 306 248 162 190 123 295 269 248 235 169 227 134 165 125 56 298 243 304 259 225 35 317 259 152 300 299 282 236 288 286 254 8 23 31 0 29 38 33 344 287 355 298 348 359 274 305 177 158 145 
134 147 73 220 224 201 139 216 295 365 48 319 238 133 157 122 297 255 244 249 196 221 111 197 165 88 292 220 301 231 220 49 350 275 190 324 329 306 269 316 310 277 31 30 38 38 0 19 35 344 277 355 292 336 345 293 300 174 158 167 
136 145 65 238 258 229 121 191 287 351 67 321 245 161 170 99 309 289 257 241 191 240 134 176 150 81 322 228 312 223 216 23 340 249 161 321 307 307 262 309 296 260 28 11 32 26 25 0 31 353 286 377 301 345 365 298 316 166 135 128 
106 182 68 244 225 215 145 221 282 327 62 293 219 151 170 142 281 245 242 247 180 214 123 180 134 64 283 243 277 252 245 50 323 268 172 301 304 295 239 306 305 255 20 46 15 27 41 31 0 312 274 331 278 319 343 269 287 191 176 173 
260 415 329 325 217 296 462 521 460 389 310 41 182 284 306 448 113 150 251 511 439 150 301 434 313 308 59 476 55 512 549 367 385 563 464 461 445 442 430 502 458 395 335 348 315 343 339 354 331 0 66 38 62 33 22 67 56 498 483 475 
223 365 272 266 159 235 396 454 427 392 251 35 120 226 256 380 71 98 173 476 389 72 224 399 287 239 76 393 45 454 492 308 377 507 408 445 438 412 404 474 428 384 279 282 259 287 272 285 266 66 0 94 22 70 96 37 35 441 428 418 
285 433 348 325 225 307 466 527 469 403 310 54 178 307 316 452 113 162 241 533 457 145 305 462 337 321 71 480 60 520 569 379 414 579 493 488 477 453 463 516 478 419 355 365 342 355 344 379 343 39 86 0 69 21 17 85 69 499 504 500 
230 371 290 286 170 256 412 469 434 375 243 33 119 233 269 394 80 120 190 472 393 97 256 390 276 245 47 410 32 450 497 318 385 520 429 450 428 408 405 477 437 373 290 300 274 293 282 306 273 60 30 71 0 68 76 39 34 450 424 428 
268 423 343 305 213 292 458 517 475 411 296 38 159 278 311 437 100 134 231 519 446 127 285 441 332 304 77 456 40 504 548 358 404 569 479 488 473 448 443 518 484 413 326 357 321 347 341 356 322 46 76 32 59 0 29 79 47 500 485 477 
286 443 350 342 233 319 466 533 476 393 327 54 178 293 333 450 130 157 254 537 454 161 305 463 333 323 69 481 57 516 564 376 400 584 477 486 469 444 447 509 470 408 341 358 348 364 347 379 348 20 87 12 87 36 0 75 78 507 506 498 
213 385 281 301 193 270 398 450 405 345 241 62 135 254 271 382 120 143 211 464 378 105 252 390 267 245 33 430 42 458 489 301 357 503 409 434 405 398 385 454 409 343 287 295 266 282 274 306 271 59 56 77 44 65 86 0 22 426 414 413 
226 372 280 305 192 269 418 483 428 375 259 43 146 252 277 399 89 124 210 478 401 104 252 388 280 263 40 419 27 465 500 329 373 515 420 439 425 410 415 469 421 364 294 308 283 287 305 317 280 59 35 63 24 59 61 26 0 440 428 430 
244 243 162 366 399 358 55 52 254 371 230 459 406 302 318 115 453 422 405 124 132 394 276 116 204 201 453 285 456 275 64 142 366 120 60 278 297 282 213 248 272 264 162 160 188 176 172 152 184 495 442 502 449 492 496 441 447 0 21 28 
229 224 170 361 370 349 42 69 264 385 203 464 379 276 290 80 437 410 379 133 145 368 261 121 218 197 438 282 446 250 78 130 374 139 86 283 299 307 226 266 294 278 165 146 161 154 159 145 171 475 435 505 436 490 487 416 428 24 0 29 
236 222 155 355 371 339 28 65 263 376 205 452 387 281 296 96 429 406 376 133 151 373 258 122 202 181 433 267 446 255 82 121 362 135 85 273 303 289 221 254 287 275 143 146 161 145 155 130 165 474 417 495 419 468 491 410 430 30 20 0 

Depot information
266 180 1
125 402 1
273 256 1
4 296 1
22 193 1
20 272 1
309 386 1
383 409 1
486 204 1
470 55 1

Cust information
178 274 1
85 28 1
52 146 1
90 271 1
68 294 1
252 396 1
38 83 1
37 120 1
9 202 1
450 353 1
407 281 1
92 126 1
114 279 1
393 298 1
329 202 1
257 234 1
141 16 1
69 447 1
103 27 1
110 491 1
357 461 1
248 313 1
468 72 1
453 410 1
379 348 1
514 195 1
508 171 1
488 161 1
460 221 1
520 232 1
502 184 1
449 164 1
238 283 1
229 301 1
230 278 1
241 286 1
214 298 1
232 306 1
228 275 1
101 -10 1
98 55 1
79 -19 1
103 43 1
76 0 1
86 -22 1
130 37 1
111 31 1
350 399 1
329 400 1
329 391 1
