Seed 123 - Instance: n60m10_2
n 60
m 10
Q 9999
L 4
U 19

0 483 442 255 71 532 321 339 446 501 393 400 172 327 399 433 268 575 399 453 507 235 541 403 457 278 162 430 260 294 277 262 253 35 124 481 353 496 323 487 455 469 478 490 487 487 475 488 368 317 319 302 298 303 309 296 328 339 16 37 99 43 66 70 84 86 75 170 149 158 
488 0 60 272 455 122 327 249 80 133 185 174 330 301 127 188 367 227 345 65 295 472 219 349 102 510 450 164 443 422 287 316 235 492 392 24 374 30 457 81 92 78 103 89 74 88 86 58 313 366 317 333 341 320 370 338 308 312 476 475 402 478 482 440 417 409 430 482 486 430 
452 63 0 247 429 169 333 202 92 166 202 184 282 306 74 124 365 285 373 105 329 454 267 357 57 491 423 192 442 410 269 273 209 470 358 70 387 53 457 53 34 36 60 57 62 53 48 61 333 367 316 323 344 331 369 319 320 305 432 430 370 430 445 415 382 375 404 464 466 421 
253 264 241 0 202 286 152 241 217 270 170 151 107 136 197 274 173 331 228 226 292 227 300 228 266 275 189 193 231 214 62 216 47 255 179 262 217 264 249 282 263 256 270 292 288 275 258 271 179 179 144 140 163 152 173 132 153 162 232 245 171 221 231 217 198 180 186 221 227 190 
51 452 418 197 0 492 258 330 413 458 344 348 136 274 362 427 226 515 333 412 449 199 493 350 431 231 102 380 214 231 219 246 217 70 112 457 295 450 271 454 423 439 439 476 461 448 432 465 306 253 254 264 245 252 270 237 285 292 41 83 88 21 36 79 76 75 39 133 103 116 
525 113 182 294 474 0 296 348 108 27 153 151 376 273 220 289 343 133 283 89 198 458 118 290 221 470 445 117 418 394 286 411 278 538 451 102 332 136 408 196 205 200 215 180 191 204 214 169 287 319 294 306 313 301 338 316 281 263 513 517 450 505 492 491 457 450 467 480 494 445 
308 337 340 148 260 290 0 372 270 261 156 174 228 34 305 406 60 281 97 276 200 175 251 83 353 189 187 177 138 113 86 345 202 335 298 314 73 339 134 372 360 359 365 374 374 376 368 373 58 32 30 18 44 32 45 22 25 50 300 329 272 276 278 310 290 266 272 203 217 183 
332 266 198 230 331 363 385 0 257 344 321 280 202 364 152 113 390 459 435 272 455 435 424 436 184 484 366 325 444 435 294 107 195 341 231 264 427 253 474 208 179 195 192 230 231 197 183 224 405 396 369 376 388 376 402 373 376 363 334 318 265 349 346 287 276 270 312 423 401 378 
451 75 106 216 408 94 272 256 0 98 122 102 292 244 125 213 305 202 277 15 241 406 170 281 135 435 391 104 384 364 229 310 203 454 369 59 322 81 390 144 134 137 144 147 139 145 149 126 254 293 251 267 294 257 303 269 248 237 441 449 373 430 436 416 390 368 396 430 436 375 
495 125 177 274 466 31 261 357 99 0 122 116 351 249 205 300 323 112 267 98 193 419 95 257 226 455 422 87 407 370 247 386 259 527 436 113 311 148 376 212 200 200 210 206 184 207 210 181 242 297 267 263 297 279 301 284 252 250 486 493 419 471 467 463 432 441 455 452 460 416 
396 186 204 158 352 153 149 312 129 121 0 43 264 126 212 300 214 177 166 125 146 306 143 169 238 338 299 43 283 241 143 337 190 422 338 175 198 203 281 260 226 230 253 244 237 257 235 243 135 182 151 151 178 161 189 164 132 132 386 403 321 379 370 369 353 331 345 341 341 291 
395 163 176 158 346 137 184 284 93 113 47 0 250 134 181 279 228 201 205 96 176 330 161 191 212 354 318 60 300 277 143 315 164 415 333 157 223 176 298 235 213 201 226 218 206 214 209 201 167 206 159 166 203 164 198 178 162 138 374 392 309 374 369 359 335 330 345 346 346 307 
180 332 298 96 141 375 228 204 288 339 265 251 0 214 230 288 206 430 301 292 372 241 393 315 301 299 164 290 257 258 140 157 106 180 99 318 280 325 307 323 305 297 304 342 336 315 298 331 270 242 230 222 229 205 243 215 238 222 165 172 97 150 172 121 103 91 119 213 211 178 
317 293 293 129 280 271 47 350 243 234 134 153 217 0 272 367 103 267 110 250 176 197 227 98 335 224 194 159 167 144 82 336 167 331 291 299 102 302 167 355 330 332 333 340 340 352 337 342 53 59 25 39 67 36 66 42 37 33 305 335 264 289 284 298 291 275 266 240 254 194 
393 113 79 186 375 220 297 147 127 212 206 181 237 283 0 109 333 308 344 131 333 417 288 344 83 451 371 214 409 384 225 204 169 412 295 129 366 105 416 106 77 90 95 109 113 101 75 115 305 342 291 309 315 296 341 300 303 282 382 370 306 379 384 340 325 318 346 408 405 379 
442 178 125 278 415 294 400 122 211 296 304 266 284 368 101 0 428 398 458 223 432 493 375 438 94 553 450 312 485 472 324 213 241 438 317 182 456 173 510 116 103 107 94 126 131 105 90 131 410 418 398 394 420 385 428 396 397 383 425 412 342 427 436 382 365 354 398 492 471 435 
274 369 367 163 210 361 74 376 302 326 205 230 207 87 336 417 0 342 141 325 260 103 311 145 401 143 125 243 85 64 114 354 200 284 272 362 83 372 105 420 394 394 418 412 406 412 409 409 114 56 79 66 53 64 52 57 96 101 248 283 237 233 227 265 261 230 230 152 164 127 
561 234 286 328 527 129 284 459 206 111 180 194 436 262 315 402 353 0 262 190 134 440 52 257 330 449 470 151 415 386 298 498 352 589 519 220 313 253 382 307 320 302 313 303 288 322 329 279 249 320 278 304 323 294 307 305 271 263 555 571 500 526 537 544 518 498 513 482 501 458 
383 361 357 221 343 303 98 438 292 268 159 199 311 93 353 452 130 258 0 290 145 223 213 24 392 216 252 199 180 138 178 432 262 400 383 334 67 363 126 409 386 387 415 414 398 417 401 392 51 94 91 106 106 103 84 102 90 81 383 407 344 350 347 395 371 360 344 280 291 255 
447 70 88 222 421 90 267 264 25 100 140 116 285 232 120 206 318 193 296 0 242 406 185 289 140 452 386 105 383 368 235 328 205 467 366 49 321 86 391 150 120 132 137 129 129 146 126 107 254 292 254 267 290 274 305 267 252 240 442 442 380 439 444 419 383 379 399 441 440 393 
509 298 336 280 440 198 189 464 248 175 145 173 377 178 340 444 256 121 149 236 0 338 110 132 383 341 379 138 305 271 235 479 306 525 460 294 188 312 263 371 355 367 374 356 350 378 373 341 165 217 207 199 230 197 217 226 179 184 475 515 448 468 463 484 455 452 450 389 414 372 
241 468 449 226 190 444 160 451 403 423 320 331 244 192 413 502 113 446 226 424 349 0 414 211 487 70 100 335 53 87 190 385 280 257 289 465 153 474 107 498 480 494 494 506 500 501 490 506 195 152 168 161 150 156 134 150 184 190 232 266 237 192 177 251 257 242 196 94 94 81 
537 212 257 290 491 109 251 421 180 106 139 169 392 229 296 380 310 38 223 175 107 405 0 212 316 430 424 122 378 351 270 453 310 544 463 202 276 245 343 293 291 284 315 298 286 307 312 286 230 279 251 267 286 252 279 260 240 219 517 538 464 505 493 506 476 459 483 453 458 417 
404 353 360 227 340 291 89 439 281 256 157 202 304 95 351 452 148 239 7 276 127 227 211 0 407 211 269 193 180 156 175 420 268 405 381 336 64 359 132 403 395 397 407 402 404 414 397 384 60 96 87 110 102 100 88 114 84 85 391 414 354 366 359 394 358 355 341 283 294 241 
460 100 54 260 436 209 354 184 142 223 238 206 287 334 77 91 403 327 395 148 371 483 309 400 0 514 439 249 471 446 293 262 223 471 355 110 410 78 474 55 17 36 22 46 57 43 20 54 375 400 360 367 386 351 386 349 347 349 434 446 379 432 444 416 390 383 410 484 481 435 
275 498 484 270 245 468 190 481 436 449 333 350 290 219 451 553 130 446 219 441 338 70 429 216 527 0 142 352 51 86 232 437 327 294 326 488 156 514 87 547 519 517 535 552 535 528 533 526 222 152 203 194 162 188 158 184 201 220 265 311 303 246 235 296 298 284 244 129 144 134 
148 432 411 191 96 455 183 366 393 429 300 304 174 211 377 444 125 458 258 398 379 108 427 258 427 143 0 335 130 133 181 313 224 161 194 433 215 440 178 455 426 444 446 468 456 462 432 454 224 179 184 180 160 184 175 167 200 204 150 181 152 114 114 171 169 151 112 62 47 25 
421 176 188 200 386 113 176 333 119 88 46 55 288 157 215 305 243 143 195 121 147 349 108 174 249 354 345 0 312 284 173 345 198 442 366 160 221 184 294 250 218 236 236 234 231 247 242 223 170 216 183 183 206 183 222 196 171 153 420 423 352 393 392 395 379 368 368 368 375 337 
263 458 446 238 221 434 141 442 390 391 290 299 260 167 399 491 83 418 166 386 300 58 374 191 468 67 129 314 0 48 189 399 272 295 305 436 123 448 62 497 471 460 488 486 481 489 471 488 173 115 150 125 106 139 112 125 153 176 254 300 266 232 218 288 266 265 234 118 143 107 
280 420 418 223 227 384 105 444 357 362 244 258 243 141 383 485 50 376 133 361 279 87 349 146 447 89 143 272 44 0 151 385 263 311 308 422 93 424 47 461 432 446 458 468 458 454 448 452 130 77 107 103 83 115 68 102 119 137 284 304 273 243 244 301 288 276 235 139 160 126 
275 282 275 72 225 280 94 292 216 257 147 140 142 77 228 314 101 307 171 238 252 200 270 161 303 235 177 166 177 158 0 263 112 283 219 276 157 287 193 318 294 297 308 321 312 305 298 304 126 111 84 89 97 92 115 77 104 95 264 284 208 237 226 247 225 220 207 220 220 162 
260 335 262 199 260 401 360 106 311 390 344 314 155 328 205 220 350 495 437 324 475 385 455 420 263 429 304 349 398 395 271 0 165 254 150 323 407 309 447 286 274 267 270 303 297 273 267 307 393 374 340 335 358 336 378 331 350 355 251 219 185 266 265 191 187 178 221 347 339 304 
258 235 217 41 222 287 197 184 199 260 175 164 106 181 159 238 200 353 274 218 318 277 319 272 221 320 225 207 259 262 106 182 0 262 168 243 259 250 290 257 234 241 242 266 267 236 223 249 227 207 194 177 196 177 225 187 186 187 247 249 168 240 238 222 198 177 213 268 255 209 
31 495 464 270 69 549 330 339 457 512 409 409 194 338 406 442 279 586 416 472 510 261 551 406 458 294 174 441 278 298 293 247 267 0 133 495 361 502 352 509 461 469 478 502 498 499 483 511 383 327 335 323 309 329 323 322 340 354 46 49 109 67 72 63 88 106 88 173 164 183 
115 403 357 191 127 452 304 230 359 427 347 326 88 294 290 320 267 517 370 377 460 273 481 377 361 321 194 357 294 308 232 134 175 133 0 389 343 381 349 377 352 359 362 389 394 379 352 381 346 304 294 293 284 280 318 278 313 300 105 105 49 121 143 67 52 59 96 236 220 196 
486 29 74 266 459 101 317 274 67 119 187 149 327 287 130 199 364 216 339 49 280 455 209 338 124 497 435 159 446 414 283 333 247 509 393 0 376 49 438 94 91 90 106 96 90 93 101 77 312 348 311 328 343 321 360 331 301 288 465 487 399 464 479 448 421 401 431 477 483 433 
350 369 388 215 298 330 61 443 316 306 205 216 280 100 365 448 90 308 61 315 190 167 271 69 407 167 213 216 122 76 157 413 244 371 340 371 0 399 91 443 411 411 422 428 421 425 429 418 64 49 71 81 59 76 37 73 68 77 341 372 306 298 295 353 336 325 289 216 227 202 
494 24 44 258 458 138 337 254 79 152 208 177 330 314 106 155 378 251 358 77 320 467 234 364 79 500 438 191 465 436 281 306 245 488 388 33 390 0 464 62 67 74 78 54 55 69 73 40 332 369 337 329 351 329 369 346 332 320 471 469 404 478 466 434 419 405 443 489 478 431 
335 450 451 244 289 418 124 477 390 377 274 302 292 168 415 521 101 385 136 395 273 119 343 138 477 96 175 293 62 61 209 446 297 347 349 442 78 451 0 497 483 488 481 498 496 484 484 492 147 101 131 123 106 130 88 131 139 157 318 351 326 287 276 338 330 323 288 176 203 173 
499 97 71 280 464 204 380 209 142 212 251 232 339 344 102 105 429 316 406 150 369 512 301 409 47 542 458 239 488 469 312 285 255 509 391 107 436 75 510 0 38 35 28 31 32 12 39 36 384 420 375 383 408 367 421 379 376 351 472 482 405 484 474 437 411 414 450 498 516 458 
451 89 50 259 433 203 354 180 132 212 228 205 288 332 66 97 401 302 384 130 370 483 286 383 30 519 437 218 468 447 283 256 217 473 363 90 402 62 479 42 0 13 26 54 52 36 21 52 361 377 347 350 366 348 379 351 348 336 449 433 378 441 456 405 393 383 408 467 475 427 
464 83 34 272 438 189 370 193 127 199 229 214 309 321 76 98 393 301 391 136 365 484 294 381 27 526 448 228 474 445 303 278 240 481 371 90 405 68 486 29 22 0 29 47 31 17 10 41 365 380 360 347 381 354 391 362 342 337 461 460 385 447 453 413 400 388 421 492 491 432 
476 86 64 270 437 196 369 191 145 211 245 223 318 340 89 103 403 328 401 147 367 488 298 403 25 533 444 237 489 467 301 278 244 490 369 114 418 87 500 21 17 29 0 31 35 8 29 49 380 406 373 373 381 372 413 365 362 341 453 456 387 465 459 435 401 397 421 490 489 448 
493 75 59 286 477 184 382 226 144 205 255 215 333 341 103 131 425 298 417 132 368 506 296 401 45 549 464 239 489 466 323 295 265 512 393 92 424 55 497 33 48 36 28 0 23 35 46 16 370 416 372 369 402 365 418 378 364 360 483 485 404 478 481 446 417 419 451 518 512 474 
499 75 64 287 469 185 378 228 132 191 247 211 339 352 107 129 408 304 409 137 362 511 285 395 48 532 456 242 489 465 306 295 265 516 388 95 426 54 488 18 41 41 33 6 0 25 55 24 371 406 372 367 386 363 408 371 368 352 493 476 419 482 487 444 424 407 441 501 510 467 
478 95 49 281 446 194 377 203 137 202 244 229 309 334 105 111 405 309 410 148 376 500 297 405 27 529 456 234 477 462 306 288 247 484 381 105 431 79 494 26 38 32 26 28 29 0 30 34 368 407 360 370 383 362 398 370 362 340 459 464 397 471 478 425 401 390 425 489 499 457 
473 92 52 268 445 199 372 186 143 212 239 211 301 331 85 92 402 323 396 134 373 484 297 389 16 517 442 229 469 441 301 274 241 483 364 103 419 79 487 41 17 18 14 41 47 24 0 42 372 401 354 357 382 355 403 360 360 348 463 443 384 459 451 419 387 384 416 491 481 431 
489 68 55 271 454 177 360 235 117 186 230 209 322 342 114 145 402 280 393 127 354 487 277 391 62 525 447 217 488 452 301 301 257 495 390 78 427 48 490 42 53 51 49 27 28 43 48 0 362 386 351 356 386 361 398 363 349 343 485 486 400 483 475 447 421 408 437 510 506 460 
359 318 337 177 314 277 46 403 249 242 137 174 259 62 324 404 111 258 55 253 152 193 223 56 366 221 233 172 162 131 132 385 219 380 345 320 64 333 132 388 350 351 378 379 378 376 372 359 0 59 56 54 78 56 63 77 34 51 353 362 308 316 321 348 329 314 300 254 275 226 
310 369 356 174 263 325 41 404 295 304 186 207 234 65 337 428 62 315 88 294 211 144 271 85 389 158 184 212 103 86 115 363 220 329 309 356 47 359 101 404 389 385 407 408 410 396 385 395 75 0 56 36 38 53 12 35 52 71 291 335 285 276 277 309 286 284 261 194 213 159 
314 312 321 143 269 300 18 375 249 260 143 165 215 29 307 396 81 294 91 260 191 183 248 95 360 184 193 171 139 114 79 348 179 337 283 315 76 322 147 368 337 352 356 359 369 371 362 367 45 45 0 20 31 16 51 37 33 40 301 329 275 271 274 310 284 266 270 212 222 170 
312 327 317 150 260 299 27 361 266 267 156 183 220 30 297 384 70 295 107 265 198 161 266 98 360 184 181 184 140 95 96 353 195 319 279 319 69 332 136 380 344 346 372 368 376 379 361 371 62 34 10 0 41 23 37 30 27 46 292 310 261 267 266 289 279 275 247 211 226 173 
306 349 341 155 249 330 40 390 284 291 188 193 231 68 319 403 39 319 98 299 230 135 273 105 371 158 172 215 107 90 110 359 200 319 298 334 66 350 111 391 364 380 393 398 389 392 379 387 68 34 35 30 0 40 40 19 51 72 292 309 258 261 260 291 265 256 250 193 210 149 
311 333 326 152 247 290 17 375 259 264 163 179 223 37 294 397 58 297 104 262 207 172 254 101 345 186 186 175 146 101 87 336 191 326 282 324 78 330 137 372 352 361 363 380 373 358 350 358 59 44 27 4 26 0 60 22 29 46 301 324 265 277 270 296 268 270 246 201 215 165 
318 354 367 176 266 321 33 402 307 304 190 212 243 77 347 438 48 312 84 299 208 135 287 89 387 153 177 227 117 84 129 379 222 320 317 360 48 373 93 422 389 389 413 422 411 415 403 404 64 22 46 53 35 60 0 56 52 61 308 322 277 285 261 316 301 288 263 198 211 176 
289 336 320 140 255 317 20 357 272 271 173 189 209 46 297 384 53 315 104 284 214 163 265 106 362 176 175 186 129 109 90 348 187 321 277 323 87 345 124 380 357 362 379 371 377 369 372 373 74 52 26 25 24 13 55 0 38 61 278 308 251 262 255 276 264 256 236 203 205 159 
338 306 317 157 290 272 35 372 256 243 138 157 237 30 294 385 80 263 82 246 178 183 226 90 343 196 202 162 156 113 92 363 184 339 304 304 82 331 147 372 337 353 353 363 366 353 347 345 30 62 29 38 48 42 54 42 0 31 317 339 290 303 283 309 290 292 288 235 247 196 
338 303 313 154 292 261 41 358 229 244 122 145 222 19 285 373 108 252 82 242 176 192 228 87 345 210 209 163 170 144 89 345 195 355 316 292 78 315 145 353 322 345 348 344 353 344 332 349 46 57 38 47 68 42 70 56 31 0 328 342 276 294 290 327 295 288 286 245 255 198 
28 471 439 232 39 508 301 328 435 494 379 382 156 308 372 419 253 543 383 448 494 224 525 373 452 283 149 414 262 278 266 252 243 40 121 479 336 477 318 471 451 451 452 487 481 465 459 473 335 293 292 288 290 297 303 291 313 329 0 55 77 42 50 48 83 83 51 168 144 160 
39 471 445 241 85 530 330 324 436 509 399 395 171 329 385 424 294 570 405 451 515 265 532 408 445 313 175 429 288 299 285 233 258 48 98 472 359 479 355 477 436 454 447 474 477 453 447 474 367 323 332 329 307 326 324 306 342 350 52 0 86 85 89 33 78 82 84 191 173 183 
87 411 359 168 92 448 275 263 370 418 330 310 91 262 298 352 246 505 347 373 436 236 473 351 364 302 149 370 268 276 204 187 182 116 39 406 318 395 310 409 365 379 396 400 407 401 387 402 319 279 276 253 257 255 283 256 277 284 80 89 0 84 100 51 28 23 64 186 163 172 
44 474 428 232 29 495 278 344 433 468 368 370 151 286 380 439 234 537 353 441 470 197 506 356 442 251 122 391 230 248 233 252 234 63 129 459 311 464 286 482 441 450 464 473 473 457 457 468 318 271 270 265 258 259 285 252 284 301 48 76 97 0 31 70 87 87 36 133 107 136 
61 481 449 219 19 495 274 355 437 471 359 356 162 280 395 429 222 543 345 444 460 186 489 347 451 229 105 408 222 238 243 268 239 75 147 463 297 462 286 477 454 468 457 479 486 480 460 490 325 271 273 263 254 264 277 250 284 288 59 97 93 16 0 93 98 103 59 116 94 107 
70 447 409 221 66 484 302 289 410 478 376 370 122 301 353 394 262 546 381 413 479 253 499 390 399 296 171 397 292 299 239 208 208 60 78 449 337 442 329 438 405 414 425 438 454 434 425 449 351 308 304 294 300 296 305 278 312 321 57 44 49 78 89 0 35 46 52 192 172 184 
94 421 375 189 92 455 290 258 385 450 350 331 105 295 322 359 246 525 362 392 465 242 488 374 376 294 157 370 271 276 224 184 186 105 57 423 330 410 331 406 393 386 403 413 411 400 391 413 335 286 281 273 280 274 301 258 293 296 76 70 26 96 98 30 0 29 69 189 175 163 
83 409 379 180 68 449 283 267 364 425 329 317 101 277 314 353 245 497 357 383 448 244 471 362 378 288 148 358 261 263 202 173 187 99 52 406 308 408 327 415 373 393 396 407 422 404 379 407 309 271 265 267 260 266 282 259 279 286 80 80 15 94 90 47 22 0 64 174 167 161 
56 442 403 192 28 480 257 310 392 447 344 345 130 274 341 403 225 514 343 411 443 194 475 349 414 260 122 368 231 253 219 222 197 84 93 441 295 430 280 442 407 418 438 441 443 425 413 453 313 265 269 259 250 261 264 251 269 291 55 68 72 42 39 59 68 56 0 136 117 118 
163 485 466 241 122 487 210 418 416 459 345 355 204 235 421 479 157 494 281 437 395 92 463 284 470 130 47 368 131 153 219 354 268 174 227 478 221 483 184 517 479 479 494 504 510 496 488 494 249 207 222 205 178 215 190 201 230 248 158 200 179 138 110 193 183 180 148 0 31 54 
154 480 450 232 109 480 226 399 430 469 351 359 209 250 403 474 175 496 285 443 412 111 477 290 467 152 49 385 134 176 227 332 252 162 215 487 231 479 210 517 484 478 494 516 507 497 478 498 268 219 228 220 206 210 221 202 249 263 139 167 168 113 100 184 182 170 134 26 0 55 
163 445 412 187 118 448 176 387 374 412 300 306 176 185 372 437 112 454 241 391 358 79 421 242 438 136 23 338 107 122 172 309 210 176 195 433 185 434 169 468 435 436 449 465 460 450 437 452 219 168 182 175 158 173 165 161 196 206 151 193 162 117 124 168 181 157 119 60 61 0 

Depot information
16 380 1
489 291 1
456 339 1
235 283 1
45 337 1
492 181 1
206 139 1
332 485 1
436 251 1
465 174 1

Cust information
349 175 1
358 206 1
178 355 1
234 154 1
401 363 1
437 455 1
149 156 1
478 66 1
234 64 1
443 252 1
362 33 1
49 155 1
445 83 1
240 65 1
462 382 1
33 107 1
61 243 1
380 168 1
80 127 1
114 120 1
225 223 1
238 482 1
256 318 1
7 393 1
122 416 1
484 280 1
181 87 1
488 310 1
108 74 1
497 372 1
466 368 1
474 366 1
481 377 1
502 360 1
502 354 1
486 373 1
472 375 1
497 345 1
235 108 1
182 125 1
212 147 1
204 149 1
181 144 1
205 152 1
178 122 1
196 156 1
226 136 1
237 141 1
29 372 1
35 409 1
103 382 1
31 343 1
26 331 1
65 400 1
92 392 1
98 381 1
62 348 1
22 224 1
16 243 1
66 232 1
