Seed 123 - Instance: n70m10_1
n 70
m 10
Q 9999
L 6
U 22

0 281 228 350 410 425 215 224 357 304 454 499 301 327 432 430 279 94 485 254 261 123 103 138 328 191 260 59 459 273 384 119 116 508 323 347 225 475 91 249 443 333 152 126 412 282 291 289 313 308 299 325 271 281 279 313 329 275 298 477 460 457 422 439 457 416 422 498 408 159 149 105 120 121 139 154 119 164 114 316 
293 0 175 387 245 472 415 344 488 273 261 354 205 466 311 396 65 351 324 338 150 233 345 269 193 406 57 238 445 180 491 299 190 314 355 74 289 281 210 46 380 129 349 374 351 170 127 174 152 160 166 132 174 152 114 127 152 151 157 287 282 272 276 273 266 264 245 313 276 285 251 274 256 284 240 284 287 297 248 51 
236 171 0 471 392 573 422 384 547 381 432 507 319 513 472 524 224 318 485 412 270 246 316 271 345 400 126 180 552 314 557 290 190 493 456 252 360 458 138 150 501 288 345 345 490 302 266 294 311 322 315 293 292 267 259 280 305 272 290 446 447 433 428 437 439 424 415 476 431 330 300 285 269 299 258 303 284 321 244 222 
336 398 475 0 308 105 222 131 121 121 353 286 226 133 243 167 361 324 315 99 249 247 283 228 258 257 416 354 127 218 101 253 292 362 54 393 138 320 386 376 181 325 221 311 163 243 287 255 272 254 244 299 256 277 288 299 293 262 288 337 302 351 278 309 329 282 309 350 258 200 221 251 238 234 234 192 248 187 262 396 
414 241 398 298 0 370 456 317 424 215 58 134 141 427 116 219 187 458 99 285 166 326 436 329 90 458 288 374 293 150 405 367 311 110 277 188 285 61 376 247 196 107 403 467 182 145 135 123 127 112 136 120 153 159 171 114 92 161 125 79 51 69 53 55 38 63 31 81 76 320 315 350 324 340 304 310 368 328 323 201 
424 474 573 105 376 0 280 185 102 204 414 341 304 143 291 177 444 385 356 164 342 339 365 307 339 309 517 422 112 306 70 310 392 409 134 467 209 371 462 476 221 389 290 371 208 331 357 335 342 337 336 387 324 351 383 370 375 353 355 398 352 405 330 383 378 331 373 401 328 281 300 321 313 295 322 280 314 262 329 472 
221 427 430 228 448 264 0 154 201 259 509 490 334 153 435 367 398 164 494 187 328 195 130 182 386 49 433 249 357 321 223 155 248 539 226 450 185 483 302 393 387 417 88 126 354 336 368 353 357 369 333 395 337 347 359 396 401 353 383 498 482 499 440 478 486 428 457 522 418 153 171 167 186 148 195 156 149 141 188 435 
226 326 394 120 320 204 149 0 167 132 377 348 205 150 301 234 295 219 354 42 212 138 184 131 243 160 343 230 233 206 173 142 204 392 104 359 56 350 285 310 256 284 118 208 220 211 245 226 247 250 214 276 218 228 248 278 277 233 253 356 336 375 306 336 342 296 338 393 285 91 109 142 134 119 136 89 131 92 155 348 
364 479 536 110 414 109 187 164 0 222 455 404 322 59 361 258 449 337 413 163 339 293 290 267 368 240 498 389 198 331 33 260 342 466 151 475 187 431 418 465 285 413 216 291 266 339 373 351 370 367 334 396 335 353 382 398 396 349 380 434 423 443 376 428 442 386 413 464 362 227 256 263 287 250 281 241 274 232 303 484 
285 285 379 128 199 210 263 139 222 0 252 240 94 226 173 155 241 307 228 93 136 192 279 185 144 285 315 275 193 108 227 198 220 278 103 280 93 223 297 260 156 191 227 307 131 128 155 145 149 145 124 185 124 152 175 186 180 143 159 246 209 240 176 221 228 192 213 266 166 162 152 205 180 182 159 162 212 156 184 270 
462 275 428 347 59 405 494 373 454 242 0 119 192 473 125 248 218 519 83 329 210 361 483 384 145 508 317 431 307 199 443 409 365 65 317 198 331 48 423 292 212 154 448 518 222 192 176 169 169 154 193 149 197 200 203 152 155 197 161 45 53 18 76 35 25 77 51 53 97 368 362 388 373 392 340 358 397 378 368 217 
495 354 513 293 124 325 481 360 401 233 120 0 210 425 62 153 316 544 40 315 246 392 491 398 188 505 407 474 233 225 389 435 403 101 280 311 328 90 479 365 126 232 455 536 155 242 256 219 222 211 221 234 235 258 276 224 225 256 220 102 78 116 95 110 109 91 121 112 102 391 372 422 393 410 367 367 434 377 409 323 
290 204 336 216 143 296 337 203 323 101 179 210 0 314 153 195 151 331 208 190 57 189 300 190 57 337 240 265 246 25 321 224 200 229 179 188 150 184 278 191 184 106 264 338 180 46 68 50 52 62 39 96 49 75 102 90 92 74 69 203 175 197 151 162 175 143 150 221 122 199 182 224 205 205 174 191 221 187 194 181 
338 472 512 140 437 147 155 150 55 229 469 431 310 0 380 296 432 279 431 149 355 260 247 241 360 186 481 341 233 324 90 229 337 478 161 490 173 447 392 439 317 404 190 263 279 339 385 342 372 359 341 388 348 353 385 397 388 367 374 456 427 465 407 434 445 390 431 482 385 200 225 246 262 229 254 203 241 208 276 472 
447 320 473 246 115 304 430 287 352 181 126 66 157 383 0 126 273 484 60 257 204 334 443 339 129 456 368 412 204 175 338 377 354 123 219 271 274 86 429 316 107 200 401 477 110 175 195 180 167 165 179 183 184 207 222 182 168 206 188 100 71 107 60 84 100 57 97 127 54 322 313 353 341 351 309 316 366 310 335 280 
428 393 515 154 222 191 378 233 259 152 239 164 210 283 129 0 344 440 176 210 254 330 414 319 213 389 427 426 84 209 243 343 363 232 160 361 219 216 438 383 43 281 341 439 48 233 273 232 247 233 237 255 231 261 285 260 243 246 250 217 199 228 166 201 225 168 212 236 150 294 300 346 324 315 318 294 352 282 337 367 
292 58 213 362 191 429 410 304 442 237 219 303 163 443 269 335 0 349 289 295 105 221 332 249 136 394 115 243 404 132 458 285 186 287 315 60 257 240 229 75 330 88 330 372 298 115 83 127 115 126 131 86 119 104 75 79 94 101 97 255 234 237 225 220 217 213 211 255 218 269 237 252 242 266 208 264 267 272 232 40 
104 362 304 326 457 399 166 214 337 314 504 543 342 281 474 442 354 0 530 252 328 156 57 156 385 109 340 132 451 337 356 114 187 563 325 412 222 508 187 316 450 390 127 50 423 338 351 345 350 374 334 387 324 331 324 380 383 332 357 532 487 527 478 496 490 464 469 538 451 162 166 127 143 132 184 176 111 166 160 388 
482 322 482 314 93 352 498 347 404 242 91 43 206 444 73 185 277 518 0 329 235 384 481 375 161 508 388 467 251 217 409 419 394 64 284 263 316 52 460 351 152 202 449 526 162 223 230 207 198 185 217 206 230 227 258 217 193 235 198 56 48 72 67 76 79 73 86 75 87 380 368 399 394 391 356 376 425 363 387 303 
258 336 409 90 287 180 176 38 154 103 333 314 190 160 265 212 299 263 313 0 201 158 212 151 226 205 346 254 205 177 161 153 216 365 73 344 61 329 291 307 212 279 165 248 193 207 237 220 228 231 203 246 194 223 232 267 264 223 240 340 310 343 284 306 320 282 299 351 257 114 127 169 162 153 141 111 166 102 162 323 
268 155 279 245 164 335 339 211 344 137 211 261 60 338 191 256 101 323 245 201 0 175 296 182 88 321 200 237 311 49 344 219 168 250 227 137 172 202 228 151 227 83 267 322 216 29 43 30 38 65 31 65 36 21 47 73 83 18 55 221 193 210 175 184 200 170 180 237 176 190 169 198 187 207 161 180 212 185 174 144 
117 230 253 244 320 321 208 153 301 190 368 399 192 260 335 336 214 159 391 176 172 0 130 32 239 189 236 113 343 175 317 71 69 404 223 283 134 356 151 204 334 241 118 163 313 178 207 194 216 216 202 224 186 178 196 221 231 178 217 373 347 361 316 338 354 324 337 392 310 69 51 40 32 59 36 75 71 73 17 245 
92 351 306 293 428 349 137 189 295 275 472 498 300 243 433 399 344 60 486 212 288 138 0 112 356 99 329 132 400 290 308 91 174 521 271 384 200 472 189 303 420 370 72 47 397 301 321 311 331 340 317 340 292 292 309 351 358 305 339 497 469 476 443 464 476 427 454 519 419 115 120 92 119 110 148 138 91 127 133 359 
137 254 289 238 320 317 178 125 278 188 383 403 200 247 337 327 241 158 382 142 195 45 119 0 251 157 261 128 340 185 278 43 94 421 199 291 98 368 172 222 323 250 91 158 291 202 214 216 214 228 195 253 202 189 201 247 261 196 229 385 361 370 322 355 362 324 342 394 317 42 23 26 30 26 46 38 48 48 47 281 
339 193 349 259 99 339 376 242 354 134 147 185 69 374 141 205 137 392 167 222 84 233 352 255 0 393 244 308 283 62 355 291 241 172 227 159 207 135 314 202 199 71 322 380 169 55 70 63 51 27 49 69 61 75 106 62 55 85 55 142 132 141 95 111 124 94 103 164 91 248 224 266 248 270 214 243 276 236 249 164 
177 401 394 269 469 314 45 158 244 284 514 508 338 192 444 388 404 117 516 203 331 179 96 160 393 0 402 206 379 337 251 128 230 554 253 455 202 507 260 379 413 397 73 76 392 333 369 360 369 369 337 388 336 342 344 379 399 352 371 521 474 508 452 480 482 448 463 529 438 151 161 138 163 143 194 145 136 160 184 420 
261 57 119 430 280 518 419 352 503 313 318 414 246 480 364 435 112 352 375 345 186 240 336 270 237 413 0 212 476 215 506 284 178 372 394 129 320 340 169 52 407 185 343 360 407 201 169 216 195 205 213 197 213 186 152 183 193 179 192 338 344 328 324 331 322 321 298 367 320 306 273 267 246 271 241 280 287 294 239 108 
61 232 189 353 388 417 255 245 383 289 421 476 262 351 415 431 251 145 461 265 243 107 132 122 303 213 220 0 456 249 403 129 83 469 325 286 226 436 66 200 427 282 174 174 391 253 259 262 264 288 265 292 246 239 237 286 283 231 275 441 416 424 401 413 408 387 393 466 391 159 134 123 119 133 134 148 117 158 108 279 
460 435 564 138 283 113 352 238 203 192 325 223 247 242 212 92 394 444 249 207 301 354 409 338 273 373 486 442 0 279 192 361 393 300 150 420 240 287 479 437 114 337 350 426 111 282 323 292 294 282 280 329 288 312 334 336 319 300 317 297 272 309 248 295 288 242 293 307 238 307 318 362 354 330 338 307 357 308 346 425 
278 192 321 223 140 300 327 199 333 109 187 239 25 335 180 215 144 335 220 185 38 187 290 182 66 335 224 255 275 0 327 225 184 238 202 163 152 203 264 187 207 96 265 326 175 31 73 40 44 60 36 88 20 45 78 79 77 48 69 201 172 203 143 182 175 146 154 229 141 198 170 215 190 213 171 175 227 198 180 171 
384 487 553 112 398 69 218 179 33 219 437 382 323 77 348 241 445 350 393 162 356 315 314 292 349 258 509 389 183 316 0 278 362 462 150 486 194 422 432 460 257 404 248 326 255 346 371 352 359 352 336 387 338 370 380 403 385 370 379 432 411 440 368 423 420 368 402 444 367 239 281 290 289 268 285 241 280 240 301 491 
102 291 302 236 370 327 143 141 272 201 404 426 222 246 368 342 281 111 428 166 218 59 75 36 283 121 292 124 353 233 278 0 116 451 210 325 134 408 168 259 346 295 68 127 324 223 249 233 260 256 236 275 237 222 233 281 295 227 268 420 386 422 367 399 399 368 382 445 352 64 67 15 56 39 79 68 10 67 49 309 
115 187 186 308 317 379 252 204 347 224 371 400 193 330 350 355 182 172 389 223 177 74 169 88 238 241 183 79 385 180 376 104 0 419 278 246 176 363 84 155 368 215 169 198 347 187 180 205 213 224 183 218 182 163 176 223 225 169 207 376 345 359 329 350 343 322 320 395 325 140 95 93 87 104 83 117 116 127 62 209 
508 327 486 349 99 407 526 397 473 279 62 89 222 480 116 233 285 548 68 356 252 416 519 419 178 538 381 476 309 245 443 441 409 0 332 256 356 44 487 347 201 201 479 548 217 245 232 217 217 207 232 213 249 248 263 207 203 256 212 39 71 59 103 66 81 99 87 18 117 408 400 449 424 439 387 399 439 401 409 288 
312 360 442 52 278 136 222 106 152 103 311 270 184 152 239 164 314 324 288 65 230 211 283 202 218 259 378 316 136 189 137 226 270 331 0 360 115 305 356 334 167 278 217 288 152 208 244 210 234 227 215 257 202 230 265 275 272 227 256 307 276 308 257 282 292 251 278 327 240 168 188 225 213 208 211 169 215 171 233 357 
346 77 242 382 177 465 465 343 486 282 195 298 174 487 279 348 59 407 267 333 138 283 389 285 159 436 123 300 417 166 486 330 235 253 349 0 316 228 273 109 346 100 392 433 324 155 108 150 134 135 148 105 162 126 116 111 123 143 114 236 237 214 226 213 206 218 201 252 223 319 290 314 285 322 272 313 327 323 285 43 
217 300 362 144 290 206 179 52 200 100 322 314 159 181 255 221 263 234 324 47 173 115 180 98 206 189 321 213 240 155 213 120 178 369 115 308 0 324 252 270 244 240 144 223 213 168 212 185 196 195 169 231 177 190 200 227 231 178 205 340 304 333 264 305 302 269 298 345 246 78 83 117 127 105 116 71 127 76 136 303 
458 289 443 328 65 384 487 345 425 241 40 90 174 456 90 211 251 503 51 317 203 368 473 380 146 494 338 425 272 192 413 399 371 55 303 224 307 0 442 304 189 173 445 522 180 186 196 175 176 162 177 178 193 197 225 185 165 214 177 17 18 39 49 35 41 69 55 42 76 370 364 400 373 390 356 371 404 364 363 255 
90 215 133 382 374 459 303 275 420 311 415 487 278 397 424 448 231 185 458 304 245 152 179 163 299 268 182 55 484 254 435 179 101 486 342 272 258 444 0 166 441 285 225 208 421 261 247 272 263 288 255 276 261 247 217 277 297 252 263 445 430 435 411 406 420 405 394 455 402 203 180 162 148 171 153 189 178 206 133 251 
244 45 161 385 248 465 393 314 457 260 280 371 194 449 315 376 70 315 336 322 139 202 305 222 192 381 54 200 447 177 474 263 162 343 334 107 281 317 174 0 369 152 329 338 354 162 131 174 167 179 164 158 159 139 122 138 157 147 151 322 290 302 294 283 280 280 275 325 294 271 220 243 209 257 203 254 249 263 204 77 
432 366 505 180 184 211 385 255 272 145 222 128 187 310 110 46 317 466 150 209 237 328 409 328 199 410 412 432 113 211 272 344 367 199 179 339 240 171 443 379 0 259 366 439 34 210 253 210 220 216 204 236 231 245 277 249 227 248 236 189 172 200 141 191 199 152 185 213 132 305 313 354 327 340 320 294 342 304 329 341 
317 138 297 317 115 394 413 285 415 192 161 245 95 405 192 278 89 397 211 269 91 245 364 249 75 397 182 294 345 92 408 286 221 215 288 87 246 179 292 143 255 0 340 397 250 79 49 73 49 55 73 17 85 77 67 27 24 68 49 182 167 161 146 147 150 140 131 183 156 275 246 272 246 276 236 253 283 276 240 98 
162 344 363 224 400 289 83 122 233 223 444 451 272 192 388 355 331 109 451 162 278 128 69 104 333 72 343 177 354 259 247 78 176 480 208 386 138 439 239 326 371 336 0 91 325 278 308 288 312 300 279 325 264 281 287 332 342 284 323 450 422 448 402 437 431 387 407 471 381 73 98 91 102 85 120 84 71 96 123 365 
134 385 332 321 472 364 131 210 308 307 511 537 348 247 462 437 379 36 520 248 321 172 39 156 382 82 372 172 433 342 323 123 199 563 287 430 223 509 218 345 436 407 91 0 429 335 355 347 356 368 348 384 340 340 348 389 387 343 374 518 499 523 465 503 497 459 488 549 464 154 172 120 165 128 180 165 123 167 157 404 
411 365 484 147 197 197 365 223 264 138 216 154 163 293 111 41 302 425 160 198 214 297 387 303 187 390 394 395 114 183 251 319 337 213 147 319 218 186 415 347 46 241 338 420 0 196 238 202 204 196 191 230 199 227 256 234 219 226 230 210 171 209 145 184 207 139 182 209 129 282 275 317 303 294 293 267 331 277 311 331 
285 163 306 252 147 318 338 208 338 118 187 242 48 341 189 234 120 332 212 199 36 192 307 194 63 341 206 260 282 21 352 238 173 248 215 159 169 203 262 167 225 92 266 329 205 0 46 15 45 42 19 76 13 36 67 65 72 23 56 199 187 187 164 173 185 160 153 224 152 199 182 227 199 208 171 188 237 200 195 158 
282 126 273 280 140 374 368 252 387 175 193 243 67 377 194 254 87 354 237 243 43 192 310 221 81 362 173 255 326 63 387 254 180 232 242 108 202 203 257 133 247 53 299 355 241 51 0 42 45 49 44 38 50 27 29 46 51 35 22 208 183 185 157 181 171 153 161 226 153 223 196 227 205 228 194 217 244 224 212 114 
293 167 309 246 128 328 346 226 355 142 187 237 53 358 181 234 110 337 200 208 37 187 315 197 49 354 209 270 294 42 346 248 202 234 215 151 185 189 258 161 212 78 295 352 192 32 49 0 25 39 18 63 35 37 57 51 60 44 48 186 174 192 137 160 168 151 139 206 147 215 204 231 198 230 178 201 249 218 197 158 
311 157 303 262 111 346 371 244 364 141 174 221 65 378 177 230 119 355 210 236 39 210 332 231 51 359 211 275 298 47 374 251 208 217 235 127 199 169 275 168 216 63 296 356 218 38 33 28 0 17 41 42 41 38 59 30 50 30 20 176 154 174 137 155 157 143 134 206 135 226 201 243 223 243 196 217 248 231 218 137 
316 177 318 260 105 341 360 252 365 154 168 215 54 363 158 229 111 368 192 221 66 226 342 223 29 363 210 273 282 59 362 273 218 206 232 138 205 160 274 171 223 59 300 366 195 43 38 20 20 0 43 52 38 51 83 54 42 58 28 170 142 162 141 140 150 125 123 196 117 245 206 244 219 249 208 228 254 222 229 140 
284 163 315 248 141 335 334 217 334 131 177 218 34 337 184 230 118 351 204 196 37 193 311 208 51 340 216 263 288 29 351 240 198 235 217 157 184 191 262 162 213 72 286 343 187 18 58 26 27 44 0 69 19 42 72 57 64 34 47 196 168 195 152 171 165 140 158 212 149 211 189 229 199 224 185 191 242 213 208 147 
317 149 297 297 115 378 383 280 405 171 147 237 89 403 185 266 99 379 201 264 79 227 355 244 67 382 198 289 327 78 399 288 208 215 255 114 234 173 282 152 236 35 321 386 238 65 44 66 43 53 69 0 71 50 57 10 32 56 33 177 167 172 155 160 141 140 136 196 138 250 231 262 246 265 224 236 287 245 238 112 
286 172 289 253 137 328 331 213 334 129 191 247 43 342 192 226 125 322 210 191 19 182 307 197 64 341 204 243 297 37 337 228 182 248 208 147 180 192 250 166 222 89 278 333 208 15 38 31 31 51 10 68 0 29 69 78 76 28 44 210 173 196 162 172 176 163 157 223 153 211 182 211 197 206 174 199 216 194 189 149 
274 142 277 266 142 340 349 230 365 155 201 258 58 366 199 247 108 331 225 222 25 186 291 194 72 340 173 232 312 53 366 228 180 240 236 132 196 206 235 133 235 76 290 344 216 24 32 40 35 44 31 60 41 0 31 65 62 4 47 203 194 200 165 195 186 163 170 227 164 209 179 223 190 217 166 203 238 196 184 125 
280 104 249 296 161 385 365 247 390 186 205 268 92 384 221 276 63 329 242 236 50 187 304 202 92 348 159 225 341 88 389 235 158 271 267 109 201 227 234 118 265 63 293 337 256 73 42 61 71 81 68 52 69 36 0 49 72 46 52 234 217 220 198 200 189 183 178 235 185 228 204 225 197 216 177 203 234 219 184 93 
319 146 282 301 129 374 401 263 389 185 170 235 85 390 182 261 84 368 218 258 61 227 357 243 69 390 183 278 331 74 388 272 205 219 274 95 226 174 265 149 238 30 336 386 241 71 42 63 44 41 73 11 61 61 60 0 18 54 21 179 157 168 160 150 159 152 139 201 147 253 233 260 248 269 213 235 274 260 244 105 
338 151 297 292 110 379 403 272 397 168 153 226 89 406 175 247 107 382 187 267 79 242 354 244 48 402 208 283 326 74 393 294 225 205 254 115 232 167 280 159 232 26 342 389 224 70 43 62 50 36 75 33 74 72 68 37 0 65 37 157 150 157 129 139 146 134 109 173 133 258 250 266 240 268 216 247 294 253 254 129 
279 141 276 272 157 359 337 230 357 157 198 253 74 363 205 256 106 323 241 207 27 183 310 205 79 348 187 232 320 43 352 226 165 248 235 128 186 202 249 146 234 69 276 338 219 24 30 41 38 47 34 49 40 12 34 60 68 0 41 220 197 207 164 176 185 158 173 230 160 202 177 209 184 213 163 208 230 197 179 127 
316 150 286 292 128 370 368 251 385 167 172 226 72 388 192 258 101 370 197 243 46 213 337 228 58 376 197 276 303 71 384 258 203 223 250 114 210 176 263 148 240 36 306 376 220 52 24 42 13 25 39 29 46 44 62 37 40 51 0 191 171 163 141 148 154 144 136 207 136 236 215 243 216 247 205 229 254 245 215 118 
478 287 448 330 61 387 503 372 439 252 33 98 200 465 104 222 257 529 70 331 228 381 483 386 147 506 334 448 293 204 439 411 377 41 318 241 328 25 436 315 186 169 445 520 212 195 194 190 182 173 192 184 209 207 233 172 173 213 173 0 39 35 80 36 41 70 49 36 83 374 368 403 390 389 364 366 410 374 383 263 
446 285 439 311 55 355 466 332 403 219 49 94 160 432 70 202 243 494 53 305 200 350 468 352 126 480 336 419 275 177 400 394 360 69 278 237 311 34 431 298 163 162 430 495 168 172 186 173 163 143 178 159 182 195 210 164 158 195 171 38 0 51 45 35 31 42 36 64 62 355 335 379 361 376 335 352 388 357 357 253 
461 276 432 351 54 401 493 358 454 248 10 110 195 464 125 240 225 520 82 345 204 376 485 373 130 503 331 440 308 198 451 404 357 52 317 212 330 33 434 289 205 172 449 516 220 194 200 190 167 170 180 172 203 212 207 172 143 210 172 31 40 0 77 39 39 81 51 42 91 370 357 392 371 387 345 361 420 363 379 242 
428 284 435 271 53 342 451 306 382 196 82 87 141 409 59 163 220 468 73 274 172 324 438 334 96 454 334 399 243 146 373 352 326 91 243 216 263 52 407 288 153 156 384 476 140 150 163 143 132 126 139 144 162 172 184 157 126 175 147 78 51 83 0 45 65 10 62 90 32 320 302 345 320 351 307 309 364 316 327 249 
440 271 435 314 48 380 486 347 421 224 36 98 167 450 84 218 216 500 69 311 185 341 466 349 126 485 313 406 280 174 414 399 355 68 296 202 302 28 423 282 195 144 419 488 181 175 171 168 150 145 175 157 176 186 204 161 127 178 147 38 25 33 55 0 13 54 21 52 68 356 346 384 356 379 331 336 390 344 357 232 
452 255 426 325 38 387 472 351 436 228 21 118 164 451 112 231 224 501 81 315 197 347 470 368 126 482 322 422 292 182 427 386 350 68 310 216 321 39 426 293 188 153 422 508 196 186 168 175 150 142 177 145 187 191 193 162 141 181 162 36 36 23 62 20 0 66 38 58 77 364 353 372 348 381 330 341 386 357 360 222 
415 264 428 274 51 331 445 302 381 181 76 91 144 399 58 177 229 467 67 264 173 327 437 326 106 455 313 385 245 152 371 350 326 112 250 213 267 62 398 285 145 138 382 464 142 145 158 134 143 132 147 145 161 170 186 149 135 156 150 74 44 80 25 45 59 0 51 91 35 320 316 350 330 344 291 318 362 305 326 242 
429 247 415 318 27 373 459 337 420 214 49 127 158 427 105 211 210 478 98 307 171 335 453 345 112 472 307 404 285 163 405 376 340 101 293 188 303 58 396 265 199 134 417 481 195 151 152 135 135 121 151 124 163 166 172 130 124 160 140 51 54 39 49 30 37 61 0 86 66 346 317 368 337 350 307 327 364 331 333 212 
498 314 478 363 80 407 519 377 472 273 51 96 217 484 116 230 262 543 77 366 231 399 515 400 159 536 367 460 320 216 458 436 395 36 342 254 352 35 457 332 210 193 473 536 227 222 218 201 207 183 217 198 226 230 242 207 174 231 200 25 66 41 98 58 56 100 69 0 108 401 382 419 411 428 390 390 431 396 411 267 
422 281 437 261 59 320 425 283 368 173 89 102 127 374 53 158 236 464 80 260 168 308 420 307 99 435 321 388 228 141 352 356 311 108 236 220 247 67 404 285 129 150 387 444 124 140 161 148 144 134 142 153 153 161 179 155 139 168 137 86 52 83 21 71 86 30 77 103 0 316 295 330 316 319 292 296 338 309 313 253 
156 284 318 200 329 266 154 77 219 163 380 376 197 198 323 296 266 159 372 109 197 82 126 42 250 153 288 160 296 198 253 55 141 417 180 326 75 376 203 254 300 278 85 150 267 200 231 214 237 229 207 252 199 212 228 252 261 207 247 389 355 388 316 360 352 327 331 408 311 0 49 60 72 42 59 28 52 11 83 292 
146 259 299 216 305 295 171 106 250 161 354 370 173 239 315 298 239 175 371 136 177 36 128 26 236 167 256 148 320 182 262 59 111 396 196 280 87 347 183 223 303 242 112 175 287 189 195 187 208 213 180 225 189 181 196 237 243 177 212 375 332 357 308 333 343 317 334 388 295 38 0 57 34 30 24 35 56 49 55 279 
105 286 276 247 343 317 166 126 265 191 399 412 213 234 362 330 269 127 405 155 210 59 93 28 263 143 279 126 343 213 291 24 93 429 217 319 124 394 165 241 353 271 88 126 324 207 230 226 241 259 219 259 224 227 214 263 284 217 240 412 375 400 358 374 372 340 368 423 345 47 42 0 35 25 59 60 26 55 43 287 
128 252 261 235 325 315 180 132 283 180 373 396 198 254 346 336 242 153 380 163 183 23 111 22 247 163 240 105 352 193 295 53 86 421 214 285 126 372 157 211 334 256 121 161 302 186 218 203 222 221 209 237 198 200 188 234 245 197 218 385 353 372 321 364 356 332 330 396 325 57 27 29 0 48 40 47 39 57 17 266 
126 272 302 217 339 307 158 125 254 176 389 396 216 230 342 322 266 145 393 153 192 56 92 29 253 138 277 140 331 209 264 36 107 420 198 309 111 382 176 238 338 265 75 136 309 204 240 217 229 241 211 259 213 218 225 264 273 218 254 406 360 388 338 364 363 336 360 410 324 36 44 19 33 0 61 42 23 44 52 287 
137 244 273 226 310 315 207 133 283 169 347 375 173 265 321 319 223 178 366 142 158 22 149 32 229 187 239 129 324 161 293 72 74 393 204 262 104 346 168 206 303 223 135 181 294 163 182 178 198 200 183 208 173 166 181 215 228 180 193 355 340 345 297 335 344 292 306 374 284 74 39 58 41 48 0 53 61 65 29 251 
164 281 313 189 327 275 161 101 245 162 364 379 191 213 322 284 253 167 382 119 183 60 136 51 239 157 277 164 312 183 254 67 127 415 166 301 76 351 198 242 308 254 87 156 281 183 221 200 221 234 209 248 189 208 216 243 247 196 224 378 341 367 310 356 347 306 326 405 297 20 30 61 52 46 54 0 67 15 67 281 
119 286 289 251 361 325 155 139 264 215 413 421 227 229 373 342 272 109 427 159 209 68 83 41 287 127 291 114 355 232 284 12 108 440 226 332 125 405 177 258 355 282 79 108 326 227 241 249 258 255 240 267 222 231 234 281 287 223 255 410 392 421 352 380 394 354 378 438 354 62 66 22 42 29 61 68 0 55 67 298 
157 282 312 184 319 269 161 85 225 152 370 377 192 207 318 285 260 171 366 111 187 81 121 48 254 148 303 167 304 190 238 66 138 413 156 309 76 356 216 263 287 266 86 155 272 189 229 200 224 224 204 255 192 195 208 243 251 208 234 370 339 363 321 351 347 306 343 407 311 26 33 57 68 38 67 24 56 0 87 307 
120 231 257 247 331 342 191 152 300 192 364 395 201 278 336 332 235 161 389 174 181 24 121 43 238 172 239 106 346 195 306 58 70 419 230 284 123 369 146 213 343 257 114 170 320 193 208 213 213 216 193 231 185 194 199 230 252 191 222 372 356 366 332 348 353 331 340 397 323 84 46 45 29 43 36 64 59 71 0 258 
319 59 222 393 209 461 428 349 469 277 229 313 177 461 275 362 39 397 297 338 132 254 366 269 174 424 104 259 419 177 473 316 224 295 358 42 295 258 248 72 357 100 375 405 342 144 109 148 134 138 146 103 162 130 109 110 117 135 124 252 256 245 235 241 222 229 219 264 251 308 274 291 270 298 249 287 299 296 251 0 

Depot information
236 26 1
468 171 1
451 4 1
121 340 1
415 390 1
52 391 1
55 130 1
147 232 1
19 308 1
236 311 1

Cust information
447 426 1
357 500 1
326 296 1
17 262 1
335 446 1
217 453 1
442 212 1
151 18 1
385 479 1
158 267 1
352 256 1
244 134 1
150 60 1
218 143 1
370 325 1
76 91 1
469 118 1
277 44 1
142 459 1
332 282 1
21 333 1
193 118 1
297 108 1
438 484 1
153 324 1
488 236 1
189 236 1
414 446 1
326 29 1
438 148 1
243 456 1
421 284 1
128 124 1
121 38 1
238 430 1
348 274 1
384 262 1
358 283 1
375 287 1
372 298 1
351 282 1
404 285 1
347 272 1
365 257 1
388 237 1
405 281 1
404 298 1
365 258 1
387 282 1
429 450 1
402 436 1
441 435 1
375 419 1
417 425 1
426 423 1
376 414 1
417 405 1
443 466 1
360 413 1
187 167 1
218 160 1
206 123 1
229 135 1
200 138 1
242 155 1
198 169 1
195 118 1
190 173 1
241 128 1
476 210 1
