Seed 123 - Instance: n80m20_0
n 80
m 20
Q 9999
L 6
U 23

0 85 231 154 174 116 90 389 246 506 315 166 398 433 87 129 247 69 551 421 388 312 351 174 233 90 390 419 60 119 406 444 199 330 106 327 101 177 404 385 451 51 425 237 232 308 266 185 34 399 401 307 162 224 89 311 421 408 475 352 154 137 119 107 135 111 124 136 94 259 261 311 261 283 280 297 263 263 431 454 417 455 435 422 455 430 417 380 410 385 379 294 271 236 302 277 283 296 253 257 
90 0 171 184 115 91 91 338 181 417 257 144 333 381 22 73 177 82 462 326 320 275 314 203 200 165 312 375 127 135 347 371 184 257 30 250 122 226 339 326 393 75 337 214 168 237 233 165 104 327 322 238 224 137 150 229 334 354 411 266 74 81 48 26 59 50 46 78 27 196 211 240 201 228 214 240 221 187 363 367 350 376 375 339 377 346 341 322 346 324 324 241 234 197 250 211 244 245 205 216 
231 168 0 344 222 129 260 178 151 321 127 293 210 241 178 208 227 165 363 296 225 128 158 354 311 305 244 218 264 301 431 416 123 262 136 313 290 382 219 182 270 232 233 50 34 218 115 61 243 372 317 222 374 107 297 97 254 434 321 251 210 199 191 157 181 205 184 186 182 64 59 99 57 90 60 94 53 55 394 404 409 422 411 374 395 377 372 344 370 366 364 84 72 41 95 65 90 65 39 47 
151 177 348 0 216 250 97 518 320 567 432 118 500 552 169 172 267 199 627 458 486 436 499 45 201 103 453 541 122 66 366 424 332 351 207 317 64 70 502 498 560 117 515 365 339 354 401 333 143 388 424 368 64 314 102 403 487 384 549 404 169 183 191 184 202 163 183 194 185 379 376 415 369 409 394 411 397 358 420 451 409 454 430 404 459 430 423 382 395 388 389 416 409 368 429 389 405 399 372 370 
190 106 223 211 0 190 139 349 130 380 257 103 316 372 105 61 60 191 421 274 290 332 365 208 100 239 245 366 221 156 252 259 275 166 121 146 158 277 314 339 365 143 323 260 202 173 317 232 194 240 230 169 265 139 224 254 288 260 346 192 49 58 70 104 72 82 72 56 93 224 222 263 239 239 248 251 239 226 255 279 245 278 272 251 287 249 256 206 241 222 217 276 275 228 291 260 283 273 237 250 
106 93 126 242 195 0 170 300 216 436 255 232 316 365 115 160 250 60 478 384 346 227 257 268 280 179 343 347 143 204 439 461 105 305 93 335 192 272 328 288 391 133 350 148 137 296 161 89 119 403 378 282 270 172 171 230 354 442 423 326 171 172 133 117 141 133 122 167 121 183 181 212 180 204 197 215 178 164 421 437 436 454 459 408 440 421 425 392 415 386 404 197 176 153 202 172 193 204 153 164 
81 90 252 106 143 161 0 417 232 492 339 89 416 458 71 85 192 119 550 394 401 350 404 123 166 99 370 448 108 60 354 380 247 300 121 276 36 163 423 408 465 49 423 290 242 295 315 238 86 348 364 284 135 220 98 331 406 361 466 328 98 96 107 97 113 79 114 98 100 275 284 328 287 312 309 321 294 269 365 396 366 411 400 358 416 374 386 345 347 340 344 316 323 264 323 310 321 311 286 292 
394 333 195 511 339 304 425 0 232 214 121 436 97 78 357 372 338 349 245 256 158 138 111 506 433 484 228 49 446 466 499 475 280 306 303 397 442 550 99 29 113 402 138 174 175 258 231 234 416 418 329 264 554 220 477 118 190 493 244 263 369 364 344 324 319 353 320 332 342 140 142 103 153 114 125 98 125 149 435 416 442 442 438 400 412 407 395 404 422 398 405 122 135 174 120 153 125 128 166 150 
262 179 154 327 140 216 249 231 0 259 124 246 185 258 183 160 127 231 315 170 154 254 283 328 216 334 145 243 297 276 300 289 259 121 161 174 263 386 209 234 251 228 203 195 137 82 252 193 267 240 193 94 369 64 315 140 172 280 238 122 166 160 139 150 142 170 142 149 168 124 133 150 141 147 168 145 153 139 254 264 260 266 267 245 260 238 244 212 238 216 220 193 189 137 185 173 200 180 163 153 
498 422 329 576 368 438 498 216 266 0 209 487 135 165 425 422 334 467 65 151 121 337 320 567 445 584 136 175 555 513 422 369 447 269 402 336 516 636 143 231 114 488 92 345 316 232 408 377 529 332 221 222 629 285 572 237 89 418 68 203 402 416 406 411 404 421 401 401 406 275 279 240 293 258 277 249 296 273 326 300 349 308 340 315 284 306 303 306 318 317 315 302 312 310 297 306 314 281 309 305 
322 261 128 418 250 243 341 119 135 197 0 348 81 142 261 270 238 282 248 181 106 155 175 436 325 394 141 131 371 374 405 372 252 225 232 286 360 473 91 120 142 304 108 155 126 170 228 181 347 334 241 164 455 129 391 51 135 399 219 158 265 258 254 246 232 266 233 248 243 75 95 64 106 66 90 62 107 85 341 325 344 343 360 325 312 317 304 299 325 298 318 103 140 105 111 118 136 104 124 118 
168 146 301 129 108 231 88 446 230 482 354 0 413 477 135 93 153 193 525 368 385 406 452 89 101 183 357 468 196 66 273 319 317 246 160 202 97 181 431 445 478 126 430 337 283 270 372 303 169 278 314 255 168 234 179 343 392 279 450 293 99 98 126 143 135 102 129 116 139 310 325 361 325 341 337 357 344 301 311 344 297 346 332 306 354 314 314 277 280 272 267 366 368 306 377 340 360 346 324 337 
404 339 210 505 320 324 406 93 201 153 87 409 0 75 332 348 302 362 184 188 88 195 186 495 388 484 150 64 442 450 427 390 307 248 293 334 448 549 19 113 62 388 54 220 187 198 267 254 410 358 259 199 536 200 474 109 116 430 167 197 341 339 323 317 313 350 304 325 327 151 156 114 165 129 141 109 154 162 369 341 381 350 379 336 326 340 335 320 347 339 346 167 177 178 169 173 169 154 189 169 
443 374 234 544 362 358 463 76 255 156 142 478 76 0 380 393 348 395 173 231 130 190 173 555 457 517 203 31 483 497 497 465 329 318 347 384 494 607 65 93 63 426 98 238 225 276 274 271 460 404 321 255 590 254 516 147 165 492 201 240 396 388 369 369 369 391 372 379 375 180 189 143 190 167 179 141 181 206 424 409 436 421 423 391 381 408 399 394 410 387 400 183 205 207 167 193 178 177 207 203 
94 22 183 158 101 110 82 347 186 429 261 127 339 387 0 66 168 89 474 349 341 287 341 171 179 153 304 370 137 116 345 375 214 248 61 250 102 218 357 342 401 49 363 221 190 244 267 189 99 329 318 230 200 150 149 257 351 347 417 263 81 65 49 41 42 23 39 70 21 226 215 253 216 248 248 260 225 218 344 379 359 377 358 333 386 356 350 318 333 326 320 264 246 196 273 244 265 249 226 223 
132 81 212 161 63 166 93 364 176 426 279 94 342 389 70 0 113 141 474 315 313 323 365 172 125 180 301 383 177 114 285 328 246 204 86 201 126 227 359 372 409 81 359 259 217 223 291 225 157 275 284 203 212 150 177 266 331 296 400 256 21 31 31 61 44 46 43 32 52 222 230 265 241 250 257 272 250 232 299 339 312 341 313 303 343 313 304 270 289 273 258 282 282 226 285 265 275 280 251 244 
233 162 245 268 72 236 196 333 111 349 230 161 299 358 164 113 0 239 383 211 250 350 383 250 108 299 207 349 285 195 199 209 311 100 172 90 225 316 302 356 350 204 279 289 220 120 337 267 264 180 184 117 316 149 283 252 260 201 311 155 97 106 114 142 130 144 127 114 152 219 246 253 240 246 262 269 267 222 194 229 199 221 217 194 225 186 201 152 173 161 159 290 298 246 300 276 290 278 253 249 
54 82 184 191 191 57 121 356 240 467 280 211 365 406 86 154 253 0 506 396 359 271 300 215 257 144 358 381 105 174 434 441 137 314 99 321 132 232 374 342 428 85 390 200 170 303 195 143 84 401 395 297 222 187 126 262 394 424 467 332 156 151 125 93 118 110 119 152 107 230 209 251 219 247 227 251 219 217 432 456 435 453 439 417 452 428 430 385 420 387 388 239 223 188 259 216 235 234 195 209 
544 461 363 633 437 472 553 226 307 65 249 519 185 178 484 464 396 504 0 196 164 352 337 618 480 622 195 187 594 576 472 406 482 318 449 386 563 691 178 262 122 519 146 386 362 288 438 409 571 376 266 287 676 340 615 283 148 453 104 247 458 446 446 449 436 485 441 438 461 311 311 277 324 293 314 292 319 324 372 340 371 341 376 342 311 339 332 361 362 348 365 323 348 348 329 349 336 327 352 329 
421 331 295 471 269 373 398 265 179 148 190 354 187 235 347 311 211 394 190 0 110 351 361 448 306 495 57 240 459 415 278 230 416 123 327 215 418 531 195 278 210 387 152 323 285 105 383 346 441 189 91 123 519 212 487 217 82 270 101 70 303 308 304 326 294 330 308 289 316 239 244 247 260 234 268 230 266 245 211 175 214 190 201 174 153 185 158 172 198 162 192 297 306 270 303 287 295 284 292 286 
405 320 225 469 294 344 405 151 172 121 105 393 89 122 334 317 254 375 168 108 0 250 255 477 352 484 75 140 439 413 384 336 341 202 295 287 425 530 81 180 113 387 39 254 219 144 307 277 418 282 188 150 527 180 476 151 47 360 113 139 320 318 303 304 294 331 300 290 323 177 175 162 194 153 187 165 192 191 299 284 306 287 316 279 262 266 259 261 280 258 281 211 232 205 205 207 215 199 228 197 
317 282 123 446 318 219 356 141 240 322 174 410 206 208 304 331 345 267 364 352 250 0 52 469 431 393 291 171 352 406 537 506 153 362 251 410 380 475 210 112 246 323 254 79 128 314 96 140 334 468 394 298 475 212 393 133 285 519 355 313 327 318 297 270 290 304 276 307 294 125 120 120 102 125 88 109 99 132 480 475 483 485 496 458 481 477 451 442 465 437 447 77 59 120 61 69 56 73 95 96 
351 314 172 490 355 271 397 117 279 316 170 453 192 171 344 367 375 304 349 356 251 65 0 514 455 435 310 159 396 454 548 541 214 377 292 441 436 521 194 99 219 369 237 139 169 337 125 168 384 501 405 324 517 241 425 157 282 550 350 331 358 369 332 315 333 357 321 351 323 163 158 141 132 143 133 122 119 162 502 500 507 509 510 490 485 484 472 469 483 466 473 101 102 141 94 112 99 100 143 140 
173 204 355 59 193 262 121 510 320 567 425 99 501 552 183 153 243 227 620 446 467 461 511 0 174 143 431 530 169 67 338 383 361 326 212 284 91 96 496 517 562 141 500 385 345 348 408 342 176 372 416 357 88 320 139 418 469 344 543 396 180 181 191 208 205 166 191 182 200 372 380 421 385 414 416 416 391 380 393 414 377 427 400 384 442 394 395 365 378 358 355 413 419 374 434 406 418 426 377 394 
233 197 317 201 113 272 173 435 206 426 338 102 395 445 179 135 111 252 479 302 347 427 459 170 0 276 311 439 256 159 187 231 377 190 198 129 187 261 403 441 452 179 387 365 298 208 400 315 254 199 250 213 254 243 272 341 353 198 385 249 121 129 159 175 155 158 152 134 167 325 331 346 320 327 355 357 354 322 231 266 223 267 248 231 272 230 234 201 203 198 205 377 375 318 371 357 386 361 334 335 
98 159 299 113 228 178 117 480 318 569 404 194 477 524 156 183 294 139 624 476 474 396 440 157 258 0 453 505 41 119 448 473 253 388 181 379 92 115 486 456 533 101 501 327 306 393 315 271 77 453 462 389 103 306 22 388 499 448 568 429 210 197 197 184 185 172 200 208 181 351 338 377 344 379 349 391 346 337 482 495 468 509 502 460 511 465 485 433 455 452 443 372 362 328 380 351 359 356 321 334 
378 313 241 448 254 332 366 226 135 145 137 342 136 199 321 290 214 357 182 51 79 293 313 431 295 453 0 212 426 395 302 255 373 136 285 209 405 502 153 235 178 366 120 287 227 103 351 292 403 227 128 103 496 178 454 184 51 287 100 75 292 272 275 291 264 306 269 275 293 203 217 200 226 191 224 193 225 217 227 214 241 220 229 214 200 217 201 207 231 198 198 246 262 236 246 239 268 234 256 247 
417 356 221 536 355 351 456 40 242 170 123 455 64 21 386 386 361 392 190 255 149 176 166 537 458 502 212 0 463 478 489 459 320 319 335 390 477 587 77 69 88 420 101 230 221 269 252 251 441 410 318 267 563 232 498 145 173 493 224 248 392 375 360 345 355 391 346 372 365 174 177 130 173 140 151 128 160 182 423 415 442 422 434 397 396 401 401 387 426 388 404 170 189 194 151 183 176 160 195 189 
51 145 255 142 214 144 102 431 309 548 370 183 454 483 131 169 288 94 596 471 447 352 399 170 262 40 426 470 0 126 432 464 227 365 165 353 87 137 463 433 512 97 459 276 265 367 294 228 35 432 452 365 127 269 46 343 454 446 540 388 186 173 168 157 181 138 166 187 137 305 313 350 307 335 334 355 309 308 463 487 468 495 478 455 498 454 470 422 437 438 421 337 310 290 344 302 333 326 288 295 
113 127 296 58 143 204 57 460 259 513 372 64 431 500 111 99 215 174 577 403 423 399 442 80 146 113 397 472 138 0 339 374 290 294 154 264 39 139 442 460 507 78 442 317 295 298 356 280 123 356 381 313 113 249 119 355 430 328 492 337 122 111 129 130 133 105 129 134 131 328 323 372 327 349 342 367 349 308 373 401 373 413 385 358 408 382 383 332 351 336 333 360 361 313 379 339 358 352 323 324 
402 351 423 367 247 444 344 500 295 428 390 266 442 488 347 300 215 433 452 276 378 521 558 331 183 444 305 498 434 330 0 87 524 186 356 125 364 436 440 519 469 353 411 486 414 241 540 462 433 108 197 235 428 325 449 420 357 24 363 251 286 287 310 348 323 332 325 286 344 409 416 433 430 418 443 442 449 408 107 141 95 142 117 129 165 131 141 128 103 121 108 476 478 423 471 455 482 462 452 442 
437 367 425 410 278 461 375 475 282 371 379 313 391 447 369 314 223 441 415 245 341 518 536 392 234 488 256 470 480 380 85 0 514 174 367 133 398 475 395 478 433 399 360 479 404 226 524 462 447 54 152 229 462 324 474 400 318 57 310 216 302 308 321 367 325 353 336 312 357 389 399 424 414 409 425 413 428 400 45 83 38 61 48 69 96 63 83 73 49 86 73 450 476 413 470 449 469 445 446 443 
195 185 135 327 271 92 249 270 269 445 254 329 317 328 200 249 320 149 477 410 348 164 211 364 369 262 373 308 215 302 526 531 0 371 181 402 275 354 332 249 361 230 355 99 150 338 73 80 200 481 435 341 343 210 262 220 363 516 452 363 256 248 222 194 226 234 227 247 207 181 184 216 164 201 175 197 175 178 497 503 509 529 507 471 508 486 489 462 489 451 461 162 143 158 164 155 154 171 149 158 
327 251 273 352 165 305 283 317 127 269 210 253 260 307 251 205 109 317 314 124 203 354 372 342 179 396 146 308 360 305 182 176 374 0 247 86 318 414 255 326 299 278 241 317 243 50 375 304 344 120 96 64 398 162 381 235 178 179 226 80 197 209 212 228 206 233 223 190 243 235 239 265 266 247 273 258 266 246 148 147 135 166 147 125 143 133 123 88 117 89 104 292 301 251 315 299 312 284 287 274 
112 31 143 219 112 97 124 305 152 403 225 165 311 341 48 84 160 94 447 318 294 259 300 226 201 188 281 343 145 163 352 365 171 235 0 258 151 252 315 311 374 96 326 178 145 225 206 128 122 335 320 223 255 118 173 214 318 366 381 261 106 99 54 33 48 68 49 79 48 184 172 220 179 197 191 210 194 164 347 376 351 374 380 344 369 351 349 311 330 321 309 201 200 150 229 200 211 212 177 169 
310 256 308 324 152 343 276 398 180 341 290 197 323 387 250 207 100 320 394 215 271 412 435 287 130 369 221 391 358 275 131 138 398 84 258 0 283 376 343 397 372 272 318 362 303 142 414 343 333 97 140 146 372 213 356 298 263 112 284 159 190 183 213 240 206 219 223 203 238 294 316 325 328 313 338 333 325 305 104 140 123 149 143 109 145 124 125 75 95 89 74 361 373 307 365 356 370 361 335 340 
90 122 276 60 169 183 31 449 263 523 355 114 445 485 104 110 216 133 581 412 422 382 437 93 195 96 406 484 104 36 365 409 277 310 156 286 0 119 441 446 503 67 461 300 283 322 329 255 81 371 392 316 112 255 94 358 443 372 504 354 119 134 139 130 135 96 135 133 120 315 311 355 316 339 342 366 332 310 392 429 402 431 416 380 432 401 406 352 372 370 362 353 340 291 363 324 361 338 312 307 
180 232 381 69 274 286 160 568 381 642 474 185 551 600 216 220 332 227 691 523 547 475 523 103 258 114 516 581 152 123 430 472 357 429 253 389 115 0 569 554 603 167 575 421 381 427 431 369 155 449 483 417 34 363 122 470 546 446 602 469 228 243 244 255 259 211 252 250 238 430 414 464 426 458 446 460 433 413 477 514 484 529 505 485 517 488 487 445 458 448 454 455 448 410 469 429 451 443 410 423 
416 334 213 512 315 340 421 95 195 146 100 424 11 57 344 353 293 377 172 178 82 197 202 504 397 488 157 60 463 442 435 411 329 260 318 334 448 561 0 120 52 393 52 217 207 221 288 266 425 353 258 208 539 200 476 111 112 438 176 184 341 351 327 329 328 361 312 332 334 168 160 120 166 141 157 135 175 177 372 355 370 361 379 352 339 337 325 324 350 335 343 169 192 191 171 192 179 167 186 190 
395 334 178 513 339 292 419 40 241 236 111 440 118 84 351 353 343 348 257 280 186 114 105 514 434 469 236 68 438 462 504 482 261 323 294 408 437 557 105 0 141 390 153 171 171 277 200 208 400 444 357 271 543 216 456 117 201 506 270 280 364 365 327 313 326 353 332 337 326 143 149 98 138 108 113 100 126 139 460 443 454 447 467 435 427 439 424 404 437 422 416 105 114 148 95 133 116 109 149 136 
468 397 270 557 370 380 464 106 250 107 153 474 69 66 408 407 349 430 123 205 106 240 220 548 449 533 162 86 513 490 466 428 370 286 356 379 503 609 59 134 0 456 69 271 247 245 332 301 474 377 292 251 598 260 538 172 133 453 163 224 389 396 371 371 377 411 369 376 374 202 212 170 229 185 212 181 214 216 385 363 400 390 395 374 342 369 351 365 388 348 367 217 230 238 221 232 229 214 243 222 
61 59 216 118 143 126 44 405 224 486 319 119 384 441 49 86 207 88 518 383 384 331 371 149 194 113 368 414 102 84 370 387 226 294 88 271 72 181 391 385 453 0 406 253 225 285 277 210 83 364 362 275 168 197 98 305 392 366 464 314 107 87 95 82 90 72 90 98 66 265 269 294 258 285 273 309 284 250 378 410 374 409 404 376 401 376 387 349 362 347 340 288 291 242 299 268 292 285 261 266 
424 343 238 508 310 353 418 129 195 100 117 413 48 102 350 348 286 395 143 153 53 249 245 507 388 489 116 114 469 441 403 377 354 229 321 311 447 562 55 167 61 401 0 254 229 183 319 293 447 322 228 198 552 206 496 141 74 398 124 167 336 338 322 328 323 362 328 323 332 185 184 160 193 162 182 156 204 190 334 313 348 321 333 314 292 307 290 309 329 306 303 207 221 213 198 223 207 191 214 201 
240 197 52 376 268 148 293 177 191 354 155 344 213 229 234 261 280 183 389 332 260 88 130 383 361 323 291 226 273 317 489 472 96 319 186 373 313 416 237 169 276 261 266 0 73 283 70 58 260 432 374 272 407 162 308 129 290 482 357 280 264 260 234 208 211 245 221 237 206 91 84 122 75 103 87 123 63 92 449 442 440 453 458 423 441 435 434 403 424 403 402 74 53 70 69 58 64 63 41 63 
234 168 20 344 198 148 242 191 133 305 121 292 200 230 179 201 230 190 346 279 205 128 158 359 297 308 234 216 267 296 409 401 150 251 132 296 283 379 209 175 255 234 216 69 0 210 123 83 244 364 309 213 383 99 293 86 238 418 316 218 218 199 172 160 166 192 173 189 174 46 55 82 38 83 62 87 49 43 376 388 384 403 404 369 369 373 353 343 356 333 348 73 87 22 84 58 95 83 53 48 
324 243 224 355 173 288 303 277 93 233 164 259 210 277 237 214 125 302 276 102 157 306 325 346 208 378 89 278 360 315 236 221 345 64 230 135 328 421 221 275 254 283 182 283 223 0 334 272 335 167 106 19 417 146 377 188 139 225 192 48 202 208 191 225 198 225 199 195 236 204 215 205 218 201 221 202 239 203 195 187 193 190 197 170 166 161 163 144 168 150 140 248 275 218 258 253 258 240 247 228 
249 233 125 384 318 155 314 227 265 394 218 376 274 281 267 303 333 203 438 387 311 86 134 409 414 319 338 255 293 358 528 540 72 380 215 425 330 426 282 190 323 287 314 75 139 328 0 81 260 483 433 336 407 208 319 177 339 533 422 353 297 284 257 250 252 270 254 277 246 152 150 160 133 180 131 172 138 145 513 511 519 516 511 477 508 493 479 457 490 472 461 119 100 122 123 114 107 120 113 111 
189 171 50 327 238 108 229 221 198 372 183 285 249 271 186 219 258 141 423 337 281 142 171 346 333 263 297 263 242 282 459 453 85 309 144 352 268 356 253 205 313 219 289 66 76 270 83 0 210 412 367 271 339 143 263 151 310 451 376 286 226 218 184 156 178 187 184 204 168 118 101 136 102 129 111 140 103 102 424 442 430 458 456 408 435 413 425 382 414 385 392 119 91 70 120 80 110 106 82 86 
38 103 231 143 208 127 91 408 278 518 350 184 415 463 102 141 251 72 577 429 421 323 369 165 243 64 412 447 36 125 417 466 207 343 121 328 91 164 431 403 486 78 434 259 246 331 279 212 0 429 421 338 145 235 71 326 442 424 496 376 157 149 148 120 146 116 134 160 126 279 281 334 279 316 293 329 281 265 444 460 446 469 456 431 465 444 443 410 416 407 403 317 288 261 318 278 298 300 277 270 
403 326 384 403 240 413 351 417 233 328 332 283 360 405 337 275 170 405 381 204 285 461 484 360 202 443 231 422 434 344 89 54 488 114 329 91 363 460 368 433 380 362 320 431 373 162 482 423 418 0 102 170 445 278 445 344 265 94 271 171 266 265 286 324 290 304 302 279 311 354 356 372 386 354 381 376 383 350 39 79 35 67 58 26 87 47 53 46 12 37 20 412 418 376 426 410 424 403 391 395 
393 333 323 430 241 385 377 335 178 229 247 312 271 310 316 278 177 403 265 92 186 408 405 408 260 456 125 321 450 367 189 158 435 91 317 136 388 486 261 342 282 359 235 377 302 105 421 367 416 103 0 118 486 234 450 270 173 190 181 89 281 269 291 309 278 318 298 269 310 280 305 295 302 283 323 293 322 290 123 101 132 103 125 81 78 96 86 89 99 85 98 347 346 311 340 341 362 336 323 331 
305 234 215 365 163 280 299 259 94 234 168 263 200 269 233 211 118 296 270 120 157 299 336 355 206 375 91 255 356 303 245 213 328 56 218 139 314 428 202 267 240 278 191 269 202 16 343 256 346 176 100 0 410 134 387 192 134 243 187 55 196 209 202 210 207 222 207 189 217 197 200 211 219 188 216 196 215 202 182 189 187 209 207 163 171 180 171 155 169 139 144 244 256 220 258 237 266 236 242 227 
168 225 376 60 268 259 129 551 371 619 464 181 540 584 206 221 321 218 678 523 533 480 517 96 260 96 495 582 124 112 426 471 350 413 248 376 102 23 554 540 606 152 544 389 373 409 405 340 157 456 477 417 0 356 104 441 530 427 592 440 220 231 243 228 248 212 241 227 230 406 407 443 402 434 436 452 422 393 477 513 459 507 490 471 503 475 483 440 445 441 444 443 442 394 450 420 449 433 407 408 
219 156 110 306 146 167 230 223 60 291 114 236 203 248 164 153 146 204 337 210 192 202 237 320 232 303 181 241 270 255 344 325 206 180 131 229 249 370 212 219 251 205 209 145 94 135 224 147 244 281 231 139 343 0 306 115 201 323 270 155 164 155 133 142 118 167 127 145 131 92 105 128 113 105 135 123 121 98 299 303 305 329 323 278 298 295 288 266 285 271 266 149 154 99 168 132 153 145 135 132 
92 152 301 107 228 171 102 468 319 578 392 188 472 508 148 184 288 129 617 474 471 381 430 145 260 9 464 495 45 110 442 469 264 389 191 359 84 112 478 473 537 112 500 315 303 391 316 275 72 442 453 371 105 295 0 377 489 442 550 412 201 184 186 176 196 169 178 193 162 344 333 390 340 369 350 383 352 338 464 505 464 503 482 456 500 467 465 439 457 435 438 370 346 317 367 349 355 352 329 328 
293 246 108 403 238 224 321 102 138 229 46 349 107 157 249 262 239 257 270 229 134 132 157 416 338 382 180 132 353 360 426 407 210 233 220 316 353 466 117 120 170 300 140 130 92 195 178 141 324 350 280 195 443 117 384 0 180 420 251 187 252 251 243 224 223 263 222 232 230 41 48 27 63 15 46 21 70 59 361 360 381 380 385 343 342 354 330 319 347 319 322 79 98 86 81 76 100 66 78 82 
409 340 262 490 279 348 407 187 176 94 129 394 100 159 334 326 252 391 153 77 40 281 284 468 355 482 59 161 452 423 354 318 367 192 317 273 432 537 105 211 119 399 70 277 241 135 336 294 427 277 177 148 527 207 494 168 0 347 83 120 319 308 315 309 299 339 319 312 329 204 212 194 219 185 220 192 223 218 277 256 276 269 291 253 225 247 248 242 264 234 246 228 252 236 243 248 243 223 242 244 
402 357 417 378 257 439 354 498 291 407 401 265 419 487 348 291 194 434 453 263 366 530 549 344 181 446 306 488 440 339 22 58 519 176 360 110 368 430 425 498 448 368 390 472 403 239 535 461 437 91 182 240 439 330 445 406 334 0 353 244 279 294 304 343 308 330 325 290 327 396 422 430 418 423 446 422 433 417 82 123 72 129 103 111 157 114 115 114 92 118 95 467 473 418 466 450 474 464 455 431 
491 396 321 547 356 434 468 248 238 64 203 448 173 204 417 402 296 456 98 105 110 363 360 537 387 565 110 220 529 490 366 298 456 213 383 303 498 616 166 275 152 466 132 368 321 191 429 370 502 274 180 194 587 269 549 257 78 341 0 165 373 388 378 384 378 414 379 366 395 273 293 267 302 270 297 261 296 290 270 233 287 252 285 248 228 248 248 252 263 256 260 315 321 320 313 310 328 304 333 309 
345 261 237 403 198 309 326 246 118 193 167 304 184 238 273 244 162 329 239 69 121 310 322 382 245 415 60 251 402 338 257 222 368 74 265 168 344 460 199 261 229 321 162 286 217 54 357 295 365 168 100 38 446 167 407 200 105 246 159 0 243 234 240 258 237 262 234 223 259 196 211 202 231 191 228 209 245 221 189 171 199 193 189 159 158 174 161 144 170 149 163 260 275 237 264 247 277 242 249 233 
140 79 219 168 57 184 105 367 164 405 271 102 342 392 77 17 104 162 468 310 316 331 362 176 124 203 279 387 184 114 270 297 271 207 99 191 131 233 343 366 393 107 342 250 210 199 304 224 157 260 280 194 219 162 189 266 326 290 383 240 0 25 50 63 51 59 47 30 62 237 233 265 238 264 256 271 262 220 288 306 285 315 302 280 312 283 290 247 269 262 255 272 289 227 294 267 275 285 243 247 
148 70 203 178 57 174 108 363 163 410 260 88 335 377 56 22 117 161 457 310 302 328 369 180 131 199 278 383 171 118 285 299 245 200 86 181 120 233 342 354 392 98 334 250 197 195 294 206 157 270 279 201 215 148 185 259 317 284 379 226 16 0 41 63 57 41 45 17 60 234 223 266 231 242 247 274 247 231 295 326 287 329 322 289 334 299 302 255 270 265 257 264 275 227 275 254 279 277 241 246 
123 49 190 191 59 149 105 333 153 408 238 126 316 359 43 42 121 133 438 300 306 292 332 189 152 193 277 361 163 124 309 322 229 215 54 205 135 247 327 330 383 89 319 219 173 193 270 190 142 282 288 195 226 139 182 228 299 297 383 234 50 37 0 41 14 35 19 16 32 209 212 239 218 227 232 251 230 192 308 332 300 332 329 295 335 316 312 261 285 268 266 240 252 192 267 225 261 244 206 225 
97 20 155 186 96 106 112 330 164 399 237 140 320 371 42 70 141 105 463 323 298 282 326 196 170 184 291 363 158 133 334 367 192 225 43 236 137 243 330 314 379 87 332 210 170 228 244 156 131 320 302 220 236 136 169 219 311 328 393 259 70 58 37 0 23 41 28 63 18 200 203 235 186 216 217 235 210 191 338 350 333 378 350 331 363 329 339 287 313 301 298 241 233 180 243 224 232 222 203 191 
118 43 176 192 85 140 102 334 147 400 242 133 316 354 48 60 134 120 438 306 297 283 322 201 172 202 282 357 164 135 316 334 209 214 57 215 138 245 328 332 369 84 317 209 158 198 265 170 139 288 288 198 241 118 189 233 300 309 364 236 65 55 11 35 0 54 14 35 30 197 198 232 195 210 215 239 215 180 325 345 324 342 332 302 330 312 314 273 300 283 279 244 243 193 246 229 240 239 196 202 
97 36 200 169 95 139 65 352 171 431 277 102 338 393 20 37 149 114 487 334 337 306 349 168 157 160 305 386 150 105 324 350 233 229 74 222 98 221 347 365 405 63 348 236 193 224 278 190 118 320 304 235 195 163 160 250 338 332 400 272 60 53 35 54 51 0 44 55 41 235 225 257 234 244 247 263 236 225 333 360 335 374 347 329 355 324 321 301 305 292 292 261 267 215 268 254 279 261 233 244 
118 39 176 185 85 138 112 329 148 403 237 139 315 373 51 56 134 118 448 302 290 284 331 194 161 188 287 355 170 129 315 340 219 208 64 219 141 253 312 329 366 98 323 209 179 213 252 182 137 306 280 198 237 133 193 221 303 326 379 227 55 49 22 26 10 44 0 39 41 200 200 245 206 224 229 245 211 198 321 348 318 345 331 298 349 312 320 270 306 292 278 249 240 197 253 214 242 237 200 216 
143 72 201 189 52 155 109 339 141 397 259 104 325 365 61 39 118 153 437 293 305 311 346 188 128 211 281 354 189 128 294 321 233 203 87 186 133 258 338 337 375 98 339 247 187 197 278 199 152 285 283 191 230 129 199 241 309 295 368 229 37 28 33 54 25 52 27 0 48 215 216 252 208 246 237 251 238 211 287 318 291 323 323 280 324 285 303 253 289 266 259 256 254 199 270 243 258 257 225 223 
99 32 176 191 92 120 84 335 155 412 241 134 332 383 17 60 154 94 472 322 309 279 323 191 180 182 295 368 154 129 332 354 200 233 34 234 134 234 336 331 389 79 334 219 181 227 249 171 116 323 316 225 224 145 159 229 317 337 401 252 78 62 34 11 26 37 28 53 0 198 192 237 197 238 235 240 228 187 344 369 337 364 356 329 374 336 344 294 319 313 302 233 230 183 260 222 237 237 208 199 
259 202 73 373 216 178 289 144 134 263 74 307 141 196 210 241 222 217 315 233 183 124 162 384 318 350 192 174 310 329 404 407 187 238 168 303 316 427 169 132 214 264 179 94 49 201 148 120 273 357 276 188 418 84 332 47 200 409 272 203 231 219 208 202 187 215 193 203 195 0 29 41 34 37 38 43 37 13 366 367 376 378 372 350 356 354 342 318 348 338 326 58 71 51 68 65 82 59 64 47 
253 207 55 383 223 178 283 148 140 276 84 322 149 183 222 230 237 216 327 260 189 113 139 376 326 337 211 167 311 327 421 418 181 255 174 311 322 421 158 139 224 269 200 86 37 199 140 109 281 360 299 203 401 108 347 49 206 414 289 204 224 237 202 183 191 222 206 214 192 15 0 61 20 33 29 47 38 12 387 369 386 392 392 349 368 371 346 344 364 348 338 63 65 25 72 53 66 49 47 42 
308 244 94 409 260 222 318 104 158 255 53 353 110 149 255 279 266 264 285 246 161 117 134 416 345 373 192 126 343 361 438 408 204 264 220 316 345 466 128 108 170 309 147 113 96 216 170 141 325 378 296 211 444 122 385 17 194 421 259 209 267 271 243 232 223 266 231 245 246 54 60 0 53 16 33 12 52 57 393 369 389 387 397 363 376 355 351 343 372 334 338 55 76 65 62 78 82 68 86 65 
263 203 41 371 223 172 283 157 148 299 103 317 174 195 217 231 251 220 340 262 199 107 134 387 321 327 215 175 308 330 437 412 160 271 168 317 320 415 185 132 234 265 194 80 34 218 142 102 267 386 307 206 410 107 326 70 221 418 295 220 234 237 208 201 208 232 198 216 212 26 23 50 0 55 28 56 17 29 398 394 392 402 414 363 373 366 372 340 377 361 355 43 53 16 56 49 50 50 30 16 
291 229 92 408 244 221 312 121 130 257 56 331 126 165 252 262 250 257 294 224 149 129 135 414 328 372 183 140 345 348 429 411 208 237 210 310 341 452 140 119 179 294 151 106 79 195 168 132 318 354 290 200 436 108 359 30 182 410 252 201 256 241 236 225 210 255 228 235 233 38 49 14 46 0 39 23 60 58 366 372 374 386 392 357 368 361 355 338 350 339 342 57 73 64 71 64 85 67 68 53 
286 233 61 398 246 194 312 132 163 268 91 343 147 177 243 261 257 233 318 260 177 86 132 414 341 362 225 157 320 354 445 423 182 275 205 321 342 449 153 113 197 288 184 87 64 229 133 107 292 385 313 225 421 131 355 51 211 438 283 221 260 250 219 222 224 260 220 239 220 33 36 33 25 49 0 32 17 32 399 394 408 400 414 386 391 377 376 367 377 366 370 34 45 48 40 42 49 37 43 28 
300 234 103 405 267 219 325 113 158 252 57 358 120 156 259 270 262 264 289 244 162 114 122 423 342 387 191 138 342 373 441 410 208 252 216 322 356 461 135 100 179 301 157 110 99 203 179 135 332 362 293 203 453 129 375 19 177 430 257 203 274 258 246 226 230 257 234 256 253 62 47 21 50 33 52 0 49 67 380 383 380 386 407 358 366 374 359 350 380 346 350 63 77 83 62 69 84 62 68 65 
278 213 67 398 243 173 299 139 160 293 108 326 161 186 239 254 252 215 317 279 201 90 131 392 340 351 225 173 322 334 448 442 171 278 183 329 329 432 165 134 216 269 202 71 63 232 135 108 301 386 324 235 418 122 341 73 232 434 299 238 249 246 226 201 215 242 227 236 229 42 28 53 16 46 12 61 0 47 399 400 408 424 425 382 397 387 372 354 381 372 362 25 48 30 39 22 49 38 39 22 
258 200 58 365 222 167 277 162 137 288 91 314 157 200 212 223 235 207 326 250 178 122 148 379 324 342 218 181 304 320 427 411 167 243 169 307 298 414 178 148 225 243 191 93 40 212 153 104 282 360 300 202 410 96 331 56 212 412 287 209 220 213 197 176 192 227 188 213 196 22 9 68 30 41 36 59 36 0 369 376 369 387 382 344 357 363 360 337 361 334 344 65 78 39 84 59 69 66 40 48 
428 364 389 414 261 422 371 431 264 325 344 304 368 422 354 298 204 438 382 194 310 490 508 393 214 475 230 422 472 370 98 43 497 133 349 111 384 481 371 451 387 387 335 454 374 185 515 443 450 37 120 185 462 312 461 358 268 93 267 194 297 285 302 342 324 325 328 304 340 365 388 381 398 365 392 385 402 367 0 57 19 43 22 25 69 30 44 58 22 57 51 429 438 392 444 429 433 422 414 407 
442 374 401 440 281 454 393 417 261 308 325 337 350 398 380 333 210 451 345 167 280 482 499 418 255 494 215 410 488 406 152 74 515 138 378 144 416 516 352 425 361 397 306 447 390 184 498 437 477 59 87 185 498 303 501 367 241 132 231 170 323 318 329 351 334 353 335 314 365 362 369 377 393 367 405 383 393 374 59 0 60 36 53 48 35 40 26 75 55 64 68 425 436 390 432 412 438 413 416 412 
428 358 390 417 246 443 380 445 251 335 354 296 378 439 349 306 197 430 389 202 307 483 507 392 215 477 246 440 460 360 99 36 491 146 349 120 399 467 381 452 402 387 349 441 395 193 512 427 434 39 127 197 459 312 467 367 277 75 275 202 299 284 309 329 311 333 315 307 341 370 385 392 395 381 398 398 402 372 16 51 0 58 38 45 71 51 54 49 21 62 54 433 445 396 439 429 449 435 422 402 
455 392 415 454 293 459 412 431 273 321 336 347 357 425 371 336 224 452 342 189 300 491 521 422 271 501 219 415 490 408 136 76 528 156 381 150 425 516 363 455 380 408 319 452 403 201 517 453 484 60 107 192 512 311 497 371 262 119 260 194 313 327 350 373 348 363 358 327 371 387 400 393 410 384 411 385 410 398 42 20 56 0 31 54 38 47 52 88 74 71 73 442 451 402 451 426 440 424 420 409 
447 371 403 428 265 458 396 442 275 326 360 323 362 435 369 332 212 439 378 208 311 489 520 398 247 500 244 427 483 384 117 53 517 155 380 136 414 489 375 462 400 395 339 462 400 202 528 452 461 46 118 209 491 307 479 379 291 92 268 194 305 318 329 354 328 352 331 314 348 385 401 390 406 379 416 395 414 390 25 51 28 45 0 44 58 36 43 67 45 61 74 439 443 401 442 440 444 424 436 429 
414 336 368 406 243 408 378 404 229 306 311 297 348 407 342 287 196 415 343 176 267 454 490 387 221 474 196 397 449 360 120 77 480 117 351 108 397 487 340 418 368 372 299 418 353 162 481 414 433 26 94 165 464 281 460 337 260 105 247 164 278 290 294 328 311 327 315 287 338 343 366 360 373 350 388 360 375 356 26 38 40 47 49 0 60 9 21 30 32 38 35 406 412 368 409 401 422 404 391 389 
453 371 388 451 273 451 405 398 251 279 314 350 336 380 378 339 221 461 309 163 267 480 496 444 266 517 205 391 496 417 169 102 496 147 364 151 432 523 342 429 344 408 289 433 384 182 506 436 467 94 88 181 505 311 496 350 230 156 230 159 314 316 328 366 349 354 352 331 363 352 360 376 378 355 385 365 383 376 64 38 85 45 58 57 0 48 49 86 87 86 76 408 438 386 413 411 423 418 397 404 
421 347 373 423 251 428 379 421 244 303 329 310 348 392 345 302 198 429 352 184 278 466 493 399 236 469 204 400 471 363 136 71 481 127 345 114 398 485 344 438 360 390 301 433 377 177 491 416 435 40 85 181 475 280 479 338 241 108 239 162 281 294 305 325 319 328 313 288 343 359 363 374 368 348 388 374 378 359 44 46 44 39 34 24 56 0 28 57 39 42 52 417 419 369 420 411 420 408 397 399 
429 355 375 423 254 416 375 396 244 294 322 319 330 380 354 313 189 421 335 161 273 466 470 405 245 467 202 397 468 382 142 83 478 125 348 110 392 480 342 418 358 389 292 425 366 163 493 414 432 57 87 172 473 285 482 347 237 123 236 157 284 283 314 331 303 332 316 303 330 347 353 349 380 356 381 354 386 363 56 46 46 46 56 24 46 24 0 59 46 39 40 407 422 363 403 408 424 388 400 375 
386 304 358 380 208 381 329 404 207 310 313 277 324 391 304 255 147 388 356 185 273 443 476 368 205 434 199 400 435 332 109 80 448 100 310 73 363 447 339 409 370 335 292 402 334 151 464 399 404 28 83 151 439 262 431 335 236 109 252 147 261 256 262 305 284 295 280 255 303 321 329 350 352 333 350 346 364 327 55 74 61 92 66 42 91 43 56 0 30 10 11 389 405 342 386 376 392 372 372 373 
397 332 382 399 232 414 365 414 234 328 333 288 363 417 323 295 184 404 375 203 281 475 497 373 201 464 227 411 448 352 104 64 476 129 344 97 368 461 348 445 372 369 316 432 360 178 485 421 415 12 114 172 461 279 443 358 276 82 262 177 265 267 293 317 292 312 309 288 316 362 357 366 380 349 375 360 390 368 27 54 20 61 43 33 87 38 43 29 0 33 33 410 420 381 413 395 428 398 395 398 
400 330 358 382 223 394 346 406 211 313 305 288 339 381 314 263 173 392 357 181 268 442 458 360 202 442 191 383 442 334 132 89 468 104 329 85 376 461 324 415 366 346 298 403 345 140 465 392 413 41 90 155 437 259 440 325 238 115 250 143 256 258 286 312 274 300 278 253 310 320 332 345 362 325 365 340 364 338 57 62 63 78 66 39 72 43 34 27 41 0 21 381 397 348 384 378 403 386 379 368 
395 320 356 392 210 388 332 411 219 307 303 270 334 399 308 262 169 390 350 187 279 452 466 358 192 443 197 403 427 334 106 73 456 98 326 87 365 451 337 428 364 336 300 419 356 149 462 397 408 28 89 154 436 258 445 326 254 99 261 156 244 266 267 294 288 289 282 264 299 340 336 358 352 345 367 351 367 340 50 82 49 83 62 45 88 40 58 9 33 10 0 386 405 357 398 380 397 385 375 360 
281 233 71 408 278 200 320 129 177 301 105 352 167 169 263 278 294 250 327 278 196 67 106 419 373 376 242 156 339 371 471 447 156 287 209 355 342 460 166 102 219 297 213 80 89 261 114 111 311 415 338 244 445 155 354 70 226 474 305 248 282 277 251 230 247 267 243 260 240 65 51 51 41 70 39 54 27 65 419 411 419 425 435 408 409 405 396 375 401 386 385 0 23 67 15 35 21 14 50 49 
282 235 78 394 273 175 308 149 192 318 124 367 173 195 244 273 299 236 352 308 223 55 96 423 366 348 255 176 320 363 476 471 137 316 212 361 353 439 194 125 224 277 232 59 72 259 93 89 289 430 355 266 422 159 353 91 259 483 325 264 287 277 238 230 235 261 242 251 229 85 80 89 61 79 59 85 48 71 432 426 443 445 459 414 418 417 413 396 424 408 400 41 0 60 40 34 22 42 44 43 
242 194 36 352 215 165 270 154 137 305 119 306 171 214 196 217 246 190 339 271 210 112 143 372 323 325 239 196 290 304 421 420 157 271 165 313 298 401 192 159 248 251 212 57 31 221 127 79 252 383 320 226 396 104 325 78 242 429 308 230 226 231 202 178 183 211 187 199 188 43 33 65 19 66 40 85 40 27 387 392 394 397 416 374 384 371 367 342 366 349 348 68 54 0 74 52 65 59 33 39 
298 258 96 418 280 212 336 127 202 288 113 374 157 182 263 296 304 255 337 297 208 53 93 436 386 373 249 147 330 365 471 473 172 295 212 363 353 462 158 95 210 304 211 72 99 254 119 115 311 420 349 265 440 154 373 83 237 484 311 256 293 278 254 247 255 281 257 272 256 73 78 73 61 82 43 68 35 69 433 436 431 447 448 402 410 416 413 399 428 395 392 27 31 65 0 41 14 16 49 54 
271 229 60 390 264 175 308 152 182 302 125 336 177 197 246 256 273 223 340 286 212 77 119 398 354 347 251 182 314 334 460 461 149 293 196 356 338 432 176 136 240 279 207 43 61 252 102 88 278 408 348 250 415 135 340 77 252 455 327 261 255 252 223 214 217 240 218 231 232 71 45 61 34 79 41 64 40 47 414 411 418 437 440 392 404 413 403 373 415 373 389 40 27 41 38 0 25 39 35 28 
291 236 89 418 279 191 322 140 200 296 134 364 167 197 256 286 286 242 335 309 209 65 100 431 386 366 260 167 337 358 486 466 146 300 210 368 354 463 173 122 218 294 211 60 91 273 112 96 296 414 349 266 445 161 361 100 244 483 333 260 280 276 252 236 244 264 244 254 237 89 81 79 63 80 54 79 51 71 445 436 442 443 442 421 421 415 425 391 430 391 413 27 9 77 32 41 0 25 61 41 
282 241 65 412 263 202 312 114 181 284 109 349 168 176 248 277 274 235 318 292 209 81 95 424 360 366 249 169 333 353 466 458 163 289 202 361 342 442 158 115 207 289 200 74 67 245 121 117 304 396 329 251 441 141 352 66 237 452 302 261 271 267 245 239 236 260 232 250 239 59 59 53 40 62 21 51 28 63 424 407 430 439 432 408 411 405 403 375 398 375 382 22 43 54 23 24 38 0 43 28 
241 198 48 381 247 166 281 167 159 320 123 329 188 217 219 246 263 212 352 296 223 100 132 376 340 323 257 191 301 332 449 444 137 272 183 343 312 406 198 148 239 262 231 48 54 231 115 75 269 386 325 229 396 123 319 83 242 448 326 240 236 246 215 205 199 222 204 233 195 48 52 84 25 68 43 87 41 53 404 421 415 418 422 397 401 399 390 364 400 370 378 38 54 36 52 31 55 56 0 26 
259 197 51 379 246 161 294 156 158 308 112 331 174 207 230 247 248 210 347 290 205 104 126 384 334 335 227 177 302 330 447 429 151 277 171 333 326 433 191 143 230 265 220 55 55 230 110 86 272 380 321 225 407 117 330 86 242 434 304 235 253 232 217 192 212 241 200 236 204 49 34 59 21 53 27 74 25 43 398 395 405 410 413 381 388 392 387 361 388 373 375 49 34 28 57 30 49 39 14 0 

Depot information
337 57 1
313 132 1
155 164 1
473 71 1
351 228 1
241 75 1
391 103 1
18 274 1
239 279 1
72 468 1
119 283 1
440 175 1
66 335 1
6 332 1
331 134 1
359 176 1
347 286 1
284 61 1
34 499 1
206 439 1

Cust information
120 378 1
44 147 1
2 164 1
495 104 1
443 257 1
398 4 1
185 400 1
7 313 1
363 16 1
434 111 1
481 430 1
429 476 1
154 43 1
308 371 1
286 140 1
388 363 1
414 84 1
499 9 1
60 342 1
13 249 1
25 380 1
361 99 1
84 379 1
117 132 1
160 178 1
262 355 1
91 75 1
162 115 1
348 37 1
394 446 1
292 446 1
260 351 1
487 18 1
221 234 1
397 8 1
115 247 1
137 406 1
469 437 1
131 484 1
239 381 1
359 190 1
353 186 1
328 175 1
310 150 1
317 171 1
345 149 1
320 168 1
338 186 1
318 146 1
140 215 1
135 206 1
104 235 1
130 192 1
117 234 1
110 202 1
102 234 1
114 193 1
142 204 1
397 467 1
360 495 1
403 466 1
374 503 1
396 486 1
372 461 1
342 500 1
370 469 1
360 469 1
372 431 1
390 450 1
368 438 1
378 434 1
90 186 1
91 165 1
142 182 1
79 185 1
107 174 1
84 172 1
94 188 1
125 169 1
122 181 1
