Seed 123 - Instance: n80m5_1
n 80
m 5
Q 9999
L 2
U 19

0 191 416 291 111 365 313 493 172 440 321 340 341 176 483 461 337 436 321 250 322 302 396 439 445 366 511 243 89 98 271 314 384 393 370 181 382 472 414 354 224 178 127 364 320 555 551 554 532 553 547 527 528 557 530 536 523 507 376 378 390 386 338 366 365 360 333 325 331 311 317 317 329 317 291 337 309 319 337 337 304 327 344 415 380 
179 0 371 379 166 494 259 527 281 447 466 280 438 339 536 569 447 478 330 397 405 460 393 366 551 474 456 139 143 219 316 457 496 435 413 200 505 514 477 341 395 186 176 463 481 652 634 633 621 619 654 615 624 645 629 620 621 610 501 518 517 496 468 496 473 471 488 469 496 467 473 471 480 490 451 500 450 481 484 480 460 372 385 448 453 
419 385 0 262 310 473 134 233 322 108 443 93 286 473 279 418 381 209 148 425 277 496 93 47 383 350 98 250 339 358 193 477 392 245 198 239 403 234 240 83 473 247 302 326 488 422 406 396 407 396 429 413 401 406 431 410 413 386 397 427 417 388 367 400 359 377 505 499 498 475 478 486 483 487 480 509 494 504 516 507 506 189 188 197 237 
298 383 278 0 240 206 242 250 126 211 179 272 60 276 200 207 124 169 133 170 37 249 197 312 200 115 360 309 270 187 86 210 154 108 107 191 170 204 133 212 240 190 221 90 239 278 266 277 255 275 274 246 263 287 269 255 249 234 136 182 165 146 120 138 107 141 252 243 254 213 218 234 228 229 235 259 231 233 249 251 238 84 105 153 100 
103 150 326 241 0 352 213 424 142 339 316 245 281 224 409 419 310 356 232 242 260 327 296 326 406 332 406 164 36 86 194 316 355 312 279 92 353 408 343 257 243 79 26 304 350 511 494 494 464 494 508 481 474 498 481 482 487 454 345 371 360 339 323 330 325 322 355 338 340 316 323 314 336 338 326 342 318 326 350 338 319 246 245 330 313 
358 496 467 205 347 0 447 377 234 397 48 462 198 237 317 175 103 309 344 131 198 104 388 515 188 140 542 485 382 278 293 67 124 274 285 352 85 350 268 406 157 351 342 166 62 305 285 312 269 287 299 264 271 309 271 272 264 284 118 81 88 120 121 112 146 105 64 79 69 61 54 85 61 58 95 85 100 87 87 62 97 284 293 315 267 
299 252 130 250 216 442 0 316 248 203 408 53 285 409 336 440 355 272 134 379 261 452 164 123 416 352 218 122 232 259 176 437 389 253 230 138 393 301 282 101 406 160 195 317 448 471 466 441 449 447 478 450 444 471 459 437 447 419 389 425 408 380 366 375 364 370 463 464 464 429 447 434 454 448 449 468 450 459 463 466 457 210 200 248 267 
509 541 231 243 425 395 316 0 366 117 374 285 215 491 83 281 282 78 206 400 216 443 153 278 236 265 243 426 452 406 227 415 296 146 148 351 314 44 129 228 457 360 408 230 429 214 223 179 207 205 218 214 212 201 239 197 216 193 274 326 301 276 286 282 261 292 444 442 445 408 427 434 421 441 440 463 442 439 460 435 455 188 185 105 139 
161 277 317 141 135 239 256 361 0 313 183 282 197 173 317 295 178 271 194 132 159 212 284 359 307 199 412 247 156 74 150 194 246 236 217 142 225 328 253 267 168 138 112 195 225 393 390 382 362 388 401 369 366 404 383 372 382 351 228 243 240 219 189 216 200 219 249 216 224 201 219 200 217 217 205 248 210 216 232 224 208 188 185 262 229 
433 443 125 218 343 412 199 110 311 0 392 188 217 458 174 337 297 115 116 374 212 461 53 155 301 283 158 328 368 350 176 420 323 140 128 263 340 129 158 111 443 293 327 249 433 309 315 276 290 287 317 293 299 300 323 287 305 273 302 344 345 298 307 324 293 317 443 454 447 419 422 423 427 446 433 471 444 442 472 449 453 139 131 108 139 
306 459 434 181 309 42 413 380 195 387 0 433 185 209 316 190 83 311 302 79 179 94 369 478 195 132 513 436 336 251 262 62 120 257 265 303 102 348 255 383 127 319 290 156 77 312 300 311 272 303 309 272 295 325 293 295 294 291 125 87 90 119 101 98 124 106 89 83 75 54 62 74 68 78 82 97 85 81 99 81 85 254 276 300 245 
349 290 105 268 245 466 40 298 274 193 431 0 285 431 323 454 377 270 147 400 266 472 148 108 411 371 195 159 272 298 189 449 416 264 231 173 411 291 277 97 427 184 239 339 487 469 464 431 437 457 470 443 438 453 456 444 453 420 393 430 423 396 378 391 362 387 485 484 491 451 459 457 468 481 462 490 480 470 485 477 465 203 201 235 266 
345 423 295 67 284 214 286 214 189 207 177 300 0 310 155 162 97 123 156 210 44 262 197 327 133 86 352 365 323 255 121 230 127 78 91 243 144 164 87 223 263 248 274 47 243 216 203 208 199 217 215 200 193 235 221 201 206 179 119 148 155 112 103 105 77 120 258 266 253 218 231 238 225 233 245 254 253 257 267 252 260 92 110 137 87 
158 342 489 260 215 223 396 506 166 472 194 428 313 0 448 377 267 426 358 143 284 164 429 509 391 282 573 371 228 144 305 186 290 369 369 271 283 461 377 420 77 262 218 309 181 488 475 499 450 478 477 461 472 488 459 458 459 457 300 285 285 297 277 278 288 280 192 169 181 170 190 173 195 185 159 188 166 180 182 200 159 342 347 404 373 
473 532 279 201 419 329 333 90 321 167 305 319 158 465 0 207 227 77 221 343 194 396 195 324 155 203 301 429 436 389 229 359 222 105 124 335 237 50 86 240 405 361 399 183 374 149 158 135 130 143 169 151 152 141 160 148 148 111 206 256 252 211 225 231 203 216 383 387 370 367 364 370 363 365 379 388 384 371 398 372 390 161 159 91 110 
450 561 428 202 431 166 449 278 309 334 183 441 154 373 200 0 127 232 324 246 192 260 329 463 50 114 476 499 459 375 290 221 86 193 226 392 101 250 197 378 294 389 399 122 231 144 124 157 124 130 125 125 123 157 121 117 111 129 84 97 85 80 129 90 104 104 233 247 231 213 226 232 212 233 245 239 244 237 248 216 249 255 256 245 193 
348 467 366 119 303 116 367 302 192 298 99 380 102 257 225 136 0 224 242 125 111 179 297 421 130 50 456 404 340 242 208 126 55 181 196 274 65 265 174 319 201 289 295 74 150 238 229 240 213 234 230 209 223 255 220 221 212 215 41 73 64 52 16 31 47 39 152 160 150 134 150 143 136 155 160 179 161 159 167 161 174 183 197 219 170 
437 466 222 151 361 315 277 98 284 124 307 275 136 428 82 228 229 0 156 324 138 370 138 255 186 185 256 371 382 337 155 350 221 58 66 278 233 64 64 178 387 293 334 159 365 209 206 193 187 206 227 195 201 203 217 200 190 159 206 249 250 200 198 223 199 224 361 364 365 353 347 359 349 361 365 389 380 360 374 355 384 97 109 43 69 
320 344 142 143 223 348 134 197 204 125 311 148 159 364 205 326 257 155 0 289 145 366 84 176 282 233 224 229 265 238 80 339 289 141 107 148 295 193 153 78 340 163 222 209 367 348 337 330 320 333 348 329 329 352 331 322 332 298 271 300 293 271 251 263 238 269 373 382 371 340 347 346 362 373 360 376 370 375 393 380 369 69 64 118 135 
240 400 419 173 249 116 376 393 130 377 89 388 201 127 335 237 135 322 296 0 184 99 364 450 261 180 506 382 271 176 223 89 165 261 277 261 164 368 280 354 79 262 245 182 99 358 361 369 324 350 356 328 347 374 341 344 331 344 162 168 163 185 145 162 164 157 115 97 106 72 92 79 106 95 83 115 78 96 112 111 83 264 250 310 262 
319 399 265 40 247 214 265 219 160 214 187 268 42 285 185 193 103 151 155 176 0 253 187 327 170 102 354 336 276 214 96 224 136 101 88 198 147 197 104 213 249 212 242 77 244 248 250 250 234 242 254 242 225 254 244 238 241 222 132 174 151 138 101 122 106 127 254 245 251 228 234 232 232 245 231 256 252 233 254 241 259 83 93 145 86 
295 454 493 255 319 95 454 458 210 450 90 477 257 153 386 265 178 380 370 91 254 0 443 549 278 205 593 466 325 240 304 54 186 320 326 340 173 417 342 436 90 347 306 227 49 380 372 406 366 372 386 358 377 399 365 362 361 371 200 165 177 200 190 178 199 185 45 33 48 41 50 41 53 52 21 43 27 33 49 49 21 322 322 383 327 
391 397 96 188 303 398 163 149 283 61 361 154 205 434 185 329 305 137 82 352 195 434 0 136 291 266 163 270 327 309 136 411 317 148 115 230 323 149 162 80 417 235 289 244 426 332 316 302 308 312 331 329 317 330 344 323 326 286 314 337 331 300 296 299 283 305 441 442 432 412 405 417 424 415 420 444 428 427 440 426 434 116 120 107 155 
436 365 53 311 339 510 127 265 347 165 491 106 330 498 315 482 411 267 178 450 317 531 155 0 430 398 102 249 350 382 234 513 434 286 243 248 452 273 299 110 511 275 318 363 526 466 454 435 453 448 476 455 443 452 471 441 463 418 442 482 457 420 404 428 399 433 558 544 549 525 527 531 519 533 527 550 527 530 554 547 532 248 228 231 284 
462 554 392 185 405 197 408 223 299 295 205 407 144 375 168 50 135 189 290 256 176 287 299 437 0 111 445 495 441 354 263 249 106 164 205 371 105 208 142 341 313 376 394 111 260 126 111 129 95 107 108 84 93 118 96 89 83 99 92 123 124 101 114 101 107 126 245 262 266 233 250 254 252 247 277 267 274 261 281 251 286 214 216 200 161 
364 468 357 116 320 137 359 265 206 287 140 358 88 297 191 105 49 187 242 178 99 216 269 390 95 0 429 403 359 263 184 173 61 132 169 289 73 224 151 312 229 302 305 32 185 201 192 201 168 201 207 178 191 224 188 182 176 182 40 84 71 47 26 41 23 46 194 203 196 163 176 183 177 193 206 199 213 195 212 182 201 178 171 188 142 
507 459 97 355 402 548 211 229 410 164 527 187 349 582 301 470 442 254 231 515 357 582 172 97 444 432 0 325 449 438 286 554 459 292 261 324 482 250 304 157 553 344 393 382 569 443 450 411 423 434 464 436 442 445 465 438 439 419 444 488 492 443 441 451 421 460 586 578 592 551 571 567 573 576 568 588 582 580 607 582 587 271 267 237 301 
235 141 256 308 150 481 131 427 266 317 429 154 362 361 426 503 406 374 222 388 337 468 277 247 482 404 337 0 162 225 243 450 444 360 314 148 458 416 374 217 407 127 170 382 464 555 552 531 521 537 552 538 531 553 544 536 545 517 443 462 472 445 411 444 409 438 478 480 490 454 454 449 468 479 451 496 467 481 478 490 451 291 289 338 342 
95 137 351 263 38 380 230 463 152 381 328 265 316 230 436 451 327 389 260 266 279 326 329 367 432 350 436 157 0 90 238 344 373 335 320 125 375 440 380 288 265 97 68 346 348 531 527 520 505 526 532 504 521 527 522 513 513 496 379 380 387 369 340 373 349 354 359 345 354 330 352 343 347 360 326 363 341 339 353 368 321 295 291 363 344 
93 222 347 190 84 285 270 405 82 349 249 290 246 153 392 360 246 331 248 163 230 241 325 377 353 273 440 226 97 0 195 253 299 291 270 120 301 397 318 282 185 130 81 270 256 458 449 450 420 445 471 430 446 462 437 431 446 425 292 295 302 297 263 277 282 270 283 265 267 242 253 240 253 273 231 265 252 254 263 268 243 238 240 315 285 
289 315 210 84 203 283 173 234 140 177 256 180 125 299 224 273 198 154 78 236 104 299 148 237 261 179 296 243 237 198 0 293 224 136 90 125 231 208 152 147 286 153 179 170 312 332 314 311 294 310 340 300 301 332 324 316 305 287 211 248 245 217 193 209 190 216 321 313 323 287 302 298 292 301 298 327 302 298 329 314 304 63 63 142 132 
314 464 469 223 319 59 439 407 208 413 50 458 224 176 363 209 126 343 351 87 210 57 405 516 248 177 555 457 341 243 277 0 149 293 302 316 141 384 306 424 97 333 316 194 27 348 341 367 326 336 350 312 339 359 318 337 331 329 149 138 133 162 158 143 170 148 51 34 45 14 17 26 25 24 42 50 44 37 56 41 45 289 302 337 293 
391 506 396 160 347 122 392 284 227 329 121 411 124 291 223 89 61 230 282 166 133 206 320 453 97 55 467 448 386 305 242 162 0 185 196 317 23 244 178 345 225 344 347 74 173 210 187 222 176 192 190 179 181 203 180 183 177 168 19 37 41 32 60 24 55 38 175 186 173 158 155 161 159 176 187 178 183 181 177 167 191 216 212 242 186 
388 439 229 116 317 276 256 143 227 158 259 257 69 359 113 204 170 57 126 265 82 332 149 282 153 141 303 341 350 300 131 297 184 0 46 258 188 117 45 187 329 276 287 121 300 210 212 193 190 209 213 192 206 218 220 190 194 163 164 218 199 158 150 175 154 176 322 326 312 295 304 298 306 304 315 323 312 318 339 312 316 83 82 56 11 
373 407 210 114 298 286 235 158 211 121 265 219 84 354 122 226 181 81 104 275 98 334 120 248 196 153 260 312 327 271 108 302 205 52 0 229 213 128 65 153 336 230 269 136 321 250 235 232 226 238 255 240 235 257 238 230 245 203 196 226 232 192 189 193 174 199 340 332 332 308 309 325 307 328 319 344 332 318 348 334 340 51 44 65 38 
180 202 240 194 81 352 146 342 142 275 316 177 232 275 340 380 274 285 151 260 197 330 220 254 358 282 336 131 124 135 127 328 326 256 221 0 321 335 274 190 291 33 79 258 346 448 444 445 423 444 453 435 432 458 450 422 434 401 315 331 328 323 288 305 294 292 356 337 359 333 333 335 340 340 332 370 324 352 360 357 327 197 190 258 247 
376 497 408 163 345 89 396 299 225 328 98 410 135 290 231 103 45 250 291 165 158 186 324 457 116 61 487 457 385 298 241 135 34 194 230 324 0 268 197 354 226 343 338 87 147 228 205 237 195 217 209 196 200 233 197 203 204 202 33 26 11 51 45 26 60 38 160 175 153 141 134 142 145 154 160 158 164 158 172 146 178 235 226 243 199 
471 522 239 201 409 349 297 44 328 116 331 290 165 462 62 251 249 67 188 369 202 413 163 280 194 217 258 418 444 384 211 378 262 115 114 338 266 0 103 217 420 358 376 203 393 188 194 176 188 190 208 184 195 183 199 183 199 156 245 294 283 231 256 253 224 257 412 414 405 381 385 403 399 405 404 413 403 411 429 404 426 151 147 76 101 
410 472 243 126 344 282 288 117 257 150 248 277 88 383 77 191 181 55 152 284 104 342 163 301 144 140 292 382 369 321 146 310 176 34 65 270 192 96 0 214 332 296 321 124 313 197 188 183 158 187 204 165 176 195 184 169 182 139 168 218 202 167 158 172 146 185 316 342 330 299 299 320 312 319 327 331 327 331 337 320 331 97 93 69 38 
368 340 63 203 265 422 91 228 258 113 381 77 235 410 250 382 321 181 75 356 217 433 68 103 337 301 167 215 296 298 145 421 353 193 149 184 353 212 220 0 404 200 245 280 427 382 391 370 361 366 395 364 367 393 391 367 384 350 327 383 356 335 315 346 309 342 452 436 451 408 423 434 433 426 439 447 435 438 458 447 433 139 139 153 192 
220 387 473 228 244 155 407 448 169 446 138 430 255 92 404 311 193 385 336 81 239 96 414 500 318 242 549 401 262 173 280 108 236 326 322 287 214 430 351 408 0 269 247 249 122 421 416 425 384 424 416 402 408 440 411 407 400 398 227 224 228 238 203 227 222 217 120 94 111 106 120 97 126 124 95 128 83 114 110 128 92 309 316 366 318 
171 182 249 210 78 352 156 360 135 280 320 190 263 255 361 389 295 294 167 267 228 336 245 279 373 290 360 133 110 115 143 322 335 259 246 37 345 350 295 201 285 0 63 284 351 461 458 455 442 455 463 449 450 463 451 442 454 431 331 349 350 328 293 326 306 303 364 346 359 328 350 338 352 355 321 356 327 339 362 358 336 204 196 278 267 
125 171 308 217 29 347 211 402 113 334 305 240 269 221 394 395 292 339 210 235 236 317 287 321 390 305 401 160 49 71 176 305 340 292 269 70 326 379 321 258 237 52 0 302 318 480 471 485 456 480 488 457 473 493 475 467 471 451 330 345 334 339 287 323 297 313 338 321 324 299 328 308 325 321 315 345 309 321 328 340 300 236 249 316 296 
361 448 323 99 317 163 327 235 202 241 147 336 48 298 182 137 75 157 207 182 75 225 247 375 120 34 402 382 349 269 162 185 80 114 126 267 100 202 123 277 237 273 292 0 207 202 201 197 166 202 216 177 189 216 186 182 180 174 77 112 98 60 54 83 53 82 218 231 211 194 195 200 210 221 224 236 226 209 235 222 222 145 150 165 102 
322 480 500 233 330 73 457 441 222 442 75 478 249 201 368 213 146 359 367 94 246 45 422 534 245 179 571 483 358 268 310 33 158 310 329 343 136 390 311 440 112 359 326 214 0 345 343 372 333 353 341 321 334 352 335 327 331 325 175 129 151 168 162 148 184 144 29 30 9 24 27 19 24 21 48 28 50 22 28 26 41 320 331 354 308 
558 652 410 270 509 310 463 209 403 307 314 465 218 496 149 134 238 216 336 366 249 397 321 463 115 199 437 551 528 461 323 350 205 215 253 448 214 196 192 382 418 455 491 213 347 0 19 40 36 13 19 48 23 15 33 42 41 55 203 231 223 192 224 208 211 219 359 381 361 346 341 356 357 352 381 382 380 363 368 361 382 281 280 239 211 
554 633 417 260 491 284 463 211 391 309 289 467 219 484 144 133 224 196 335 359 249 373 322 469 101 194 435 552 520 442 321 327 187 219 236 432 212 185 176 376 417 466 473 196 350 28 0 36 25 16 17 29 24 21 23 20 34 47 183 224 207 194 209 215 189 215 345 364 344 331 327 345 331 341 370 361 360 344 369 338 384 276 283 236 212 
554 620 386 277 487 315 448 196 382 275 320 432 220 501 128 164 254 180 314 368 258 391 301 427 132 214 411 536 527 452 304 360 210 203 233 441 227 164 165 373 438 458 467 210 370 43 37 0 55 39 48 64 48 39 67 40 55 46 214 230 231 205 230 229 212 227 378 385 381 358 359 376 365 375 395 392 397 371 383 366 393 267 257 215 188 
532 608 399 253 470 275 450 197 356 293 275 448 191 463 148 124 212 185 313 337 217 348 316 433 91 176 430 522 502 425 292 312 177 196 214 428 188 174 171 359 385 444 448 184 329 43 36 57 0 33 42 12 19 51 30 9 27 31 164 204 183 175 193 190 179 188 331 350 323 324 315 329 317 334 353 346 345 328 353 329 353 252 249 217 198 
535 639 400 270 492 289 456 211 391 306 304 452 201 484 148 147 239 200 336 353 244 377 310 440 113 206 436 549 528 441 315 350 186 204 237 441 215 189 168 365 408 446 472 207 340 21 29 41 36 0 30 30 26 18 47 19 37 40 201 220 210 194 223 201 207 212 342 370 360 341 343 343 331 343 366 360 377 362 360 347 383 259 265 216 208 
552 642 422 279 512 297 474 232 390 324 292 481 229 480 166 129 244 213 342 366 268 384 331 480 107 213 464 553 534 460 332 349 188 230 245 452 219 201 197 392 430 458 488 199 347 18 24 56 36 26 0 33 42 42 29 31 29 65 203 230 218 200 216 206 216 226 345 362 362 344 336 357 333 347 370 364 373 348 373 345 372 286 290 244 219 
533 619 402 255 477 261 445 210 361 309 283 455 202 453 144 121 220 199 329 341 224 355 330 451 93 171 448 534 505 446 302 319 182 193 227 428 187 187 170 372 394 438 454 191 328 47 26 62 16 25 37 0 27 41 20 27 3 52 176 190 184 165 195 185 187 196 338 347 325 327 312 335 315 334 356 353 350 347 338 332 361 263 276 225 209 
536 613 398 260 472 275 446 211 374 302 297 441 196 474 134 115 220 195 315 350 242 361 324 455 107 193 428 539 521 436 310 336 174 204 240 435 207 188 176 372 409 439 465 182 335 34 14 43 25 18 27 15 0 41 28 4 11 44 194 209 202 181 201 202 190 195 343 363 334 327 335 340 333 345 360 354 361 344 356 334 369 270 264 223 189 
560 637 406 281 506 308 463 211 391 300 317 471 216 493 158 142 258 199 347 377 263 385 330 468 124 223 442 553 547 461 341 362 207 207 245 454 222 182 186 378 436 469 490 218 353 22 20 25 45 33 37 56 44 0 46 44 43 52 208 247 219 208 242 226 213 240 356 391 375 366 362 365 348 360 382 383 386 378 376 370 398 284 286 225 211 
549 638 420 260 494 280 454 239 374 307 283 474 221 463 172 107 221 203 342 339 254 367 339 467 100 190 458 548 527 446 319 318 187 216 248 446 197 198 187 388 410 447 469 201 332 44 36 53 27 42 18 29 31 49 0 41 25 63 181 204 206 168 205 204 181 207 333 347 345 323 333 330 312 336 350 344 346 345 340 334 371 268 279 231 223 
533 623 399 265 476 282 436 212 370 297 292 436 190 474 131 123 223 195 320 346 236 376 312 451 97 190 431 527 516 447 314 320 186 187 235 430 193 175 172 378 400 448 470 192 329 32 14 49 24 21 29 23 13 35 25 0 17 32 177 205 193 174 212 187 183 192 343 364 336 329 325 343 318 329 352 362 358 340 361 329 360 269 265 208 205 
525 627 412 257 473 265 445 220 374 294 285 442 209 460 160 118 216 195 320 335 244 357 329 450 92 191 445 548 507 442 313 329 184 204 237 433 199 194 178 374 405 446 471 191 320 47 27 48 22 36 26 16 12 53 32 27 0 50 180 193 201 175 209 195 181 191 327 352 330 331 329 325 332 332 348 357 354 337 353 333 366 270 272 227 196 
516 600 386 245 463 275 421 180 353 276 277 426 177 458 120 125 210 163 294 327 223 361 296 426 96 180 409 512 499 418 285 315 178 163 197 398 194 160 145 339 399 427 443 178 323 58 39 46 38 43 54 35 32 61 51 30 46 0 175 215 204 170 208 180 183 186 331 353 350 334 322 343 332 326 341 348 351 334 348 342 374 232 233 185 164 
386 494 395 142 348 114 385 284 221 306 118 388 111 289 215 79 59 219 260 167 131 192 314 427 92 42 462 441 376 291 211 166 28 165 187 308 35 240 166 331 234 318 323 73 161 211 185 216 166 203 194 178 188 222 175 185 186 177 0 54 44 9 50 18 46 19 173 186 175 164 173 166 153 174 185 181 193 186 189 176 201 201 205 231 161 
391 517 418 170 358 85 414 325 235 349 99 429 154 287 264 103 63 261 307 157 166 162 338 480 120 76 504 458 378 304 254 136 46 206 243 335 17 282 210 371 216 351 354 123 130 224 210 250 199 222 210 196 212 247 206 204 197 202 49 0 24 58 66 57 69 45 135 159 138 121 134 149 130 144 149 162 160 148 152 140 164 251 240 272 212 
387 507 423 164 360 87 410 321 242 340 93 429 139 281 252 98 59 238 308 171 167 183 328 457 111 78 496 463 376 305 241 139 34 213 218 327 19 283 196 375 212 352 335 107 139 213 210 231 196 217 208 194 208 219 193 194 186 188 51 16 0 47 66 50 61 44 154 170 150 144 138 140 146 137 167 169 178 150 164 144 176 227 242 246 207 
383 496 394 144 357 129 382 271 231 307 115 403 115 304 204 88 47 207 259 173 123 200 297 429 89 46 456 446 375 298 224 165 25 156 199 318 39 245 158 333 243 334 321 77 185 192 177 196 170 180 190 174 180 197 172 168 180 169 20 57 44 0 39 27 37 29 184 186 180 165 165 181 166 173 201 197 205 186 200 177 214 191 213 221 169 
348 456 371 109 309 122 354 285 186 302 113 366 98 264 211 130 17 215 238 154 108 186 296 405 115 34 443 420 349 259 198 139 52 153 170 294 62 240 162 310 213 300 301 57 157 238 227 238 200 215 215 192 201 246 219 209 207 200 48 80 59 42 0 40 32 24 173 176 175 147 147 158 155 159 181 187 180 179 185 173 186 179 196 223 167 
370 480 398 149 341 118 376 297 211 312 100 389 121 287 217 90 30 223 268 169 131 189 298 443 111 54 448 426 353 283 225 146 23 176 201 318 25 249 183 345 228 313 314 65 154 216 206 230 176 200 216 181 194 228 205 195 200 189 17 55 33 32 29 0 31 22 162 173 169 143 150 155 153 167 166 190 185 177 176 163 196 212 219 229 176 
363 481 354 115 318 142 363 252 208 286 132 365 92 288 199 101 44 197 250 166 107 216 281 405 94 7 423 414 356 275 187 171 59 139 173 295 59 234 144 303 231 306 298 42 180 210 207 223 173 197 211 186 199 221 185 193 179 184 34 79 69 42 25 37 0 31 195 193 196 166 165 179 163 189 189 205 203 186 210 190 209 173 179 190 146 
353 480 393 145 340 105 378 291 206 309 103 387 120 284 227 103 22 215 267 157 115 172 301 434 108 43 463 424 346 281 221 139 37 180 187 293 26 247 186 337 220 320 310 79 156 219 218 236 200 224 225 198 193 229 199 192 204 193 23 54 42 29 36 11 32 0 173 181 154 147 145 150 155 165 160 175 165 158 174 153 187 206 215 231 166 
348 489 501 255 346 62 477 431 236 452 88 481 245 209 378 217 157 368 374 121 251 42 445 546 245 192 590 495 375 272 318 47 177 320 336 360 149 416 320 447 128 372 334 213 14 368 354 372 336 341 344 325 344 368 341 340 328 335 172 139 159 187 171 161 181 165 0 35 19 37 41 35 31 28 55 24 53 25 34 8 50 332 324 371 316 
309 470 506 238 327 78 464 438 217 445 84 492 256 183 390 241 164 370 368 110 244 35 439 546 268 213 594 470 346 251 323 47 176 330 337 354 173 414 342 448 103 350 325 219 41 386 365 391 341 365 356 357 360 386 345 352 349 354 181 148 170 190 184 185 207 177 27 0 35 40 32 23 41 31 34 17 31 11 33 38 35 338 339 370 334 
339 480 499 252 350 82 471 440 226 455 70 484 241 194 384 227 160 363 382 101 242 47 440 554 253 197 582 489 353 260 311 36 176 310 342 360 164 403 315 455 122 364 332 219 17 352 339 378 333 360 360 332 333 367 337 339 329 344 176 147 163 191 181 163 190 154 13 34 0 33 32 32 24 10 50 20 34 24 32 11 54 329 325 365 319 
319 465 486 209 327 67 442 426 199 420 47 461 224 177 360 209 143 343 347 91 218 53 410 510 249 164 557 458 338 246 279 12 154 284 312 317 135 386 293 406 97 325 298 195 39 355 339 366 312 351 342 325 337 350 321 332 324 329 149 132 141 175 152 155 174 148 48 34 32 0 14 14 32 36 33 41 33 41 42 35 52 296 297 348 290 
316 467 495 235 333 52 447 429 220 437 68 471 243 197 356 216 133 346 364 93 233 40 416 528 252 178 568 459 354 265 287 29 151 293 313 335 142 397 310 436 107 351 325 209 27 340 347 357 317 341 350 322 338 363 318 328 326 337 156 140 140 171 162 149 168 149 31 25 35 27 0 19 15 26 44 45 47 25 35 36 49 306 313 357 311 
312 471 488 217 313 67 446 435 208 443 56 453 233 163 361 240 147 351 355 91 239 42 405 530 251 184 574 454 335 248 292 14 164 304 320 340 154 387 320 429 103 328 304 211 29 370 338 365 337 343 343 327 337 376 345 341 337 332 169 142 145 176 166 163 188 147 39 36 31 20 23 0 28 37 23 32 26 15 37 33 40 302 319 353 309 
328 483 479 222 334 66 455 422 228 432 53 464 224 185 358 223 135 354 364 102 237 59 404 531 247 172 570 476 351 254 302 23 168 308 307 349 145 396 299 420 118 342 326 193 13 348 345 369 308 340 341 330 330 351 318 328 322 317 160 132 145 159 148 144 181 142 42 28 38 16 11 19 0 29 50 33 49 32 47 26 61 299 319 343 311 
316 484 487 232 335 57 445 430 224 443 70 482 249 190 381 223 145 361 360 94 236 41 433 541 260 180 568 465 351 256 311 29 162 314 330 343 155 389 312 438 111 350 320 222 10 355 347 359 324 349 346 335 334 373 325 329 321 337 165 141 149 168 163 161 191 152 22 24 11 31 27 22 9 0 37 31 46 22 26 12 41 316 330 354 306 
297 447 500 222 308 97 449 448 215 437 78 472 256 153 383 243 155 373 357 84 228 24 422 518 266 207 572 459 327 235 297 38 191 303 323 321 170 409 322 435 90 335 313 216 36 385 372 394 345 374 365 348 345 379 340 347 341 361 174 164 161 187 182 167 197 174 50 21 40 40 44 33 48 46 0 43 16 38 34 43 31 305 321 357 313 
328 494 519 255 358 84 480 457 238 472 81 487 254 188 385 240 164 381 387 112 258 40 454 546 265 206 598 486 365 264 320 50 196 326 353 360 175 412 345 458 126 371 338 238 33 375 356 397 346 371 365 338 345 381 348 358 348 362 196 163 167 191 181 184 198 184 37 20 13 48 47 51 43 23 36 0 50 25 1 37 43 335 347 388 325 
299 453 498 247 322 104 442 454 211 454 83 473 252 151 394 245 165 364 360 79 243 27 433 536 276 209 586 457 329 238 300 48 180 326 332 336 177 410 326 439 87 341 318 233 46 373 362 387 356 378 378 359 353 382 361 360 363 358 182 165 168 207 184 168 196 176 50 19 37 47 49 26 50 45 16 31 0 37 50 36 21 321 329 371 324 
320 475 508 249 333 82 458 445 226 447 70 478 240 191 372 236 166 369 374 93 249 31 435 532 255 197 588 474 359 253 302 44 184 322 334 339 146 400 329 435 102 353 317 221 27 365 345 376 331 356 364 345 343 377 330 334 331 339 179 149 152 196 163 167 200 168 24 24 18 28 31 35 21 16 41 26 30 0 25 14 29 315 323 364 317 
339 484 526 266 355 80 462 454 245 453 89 504 268 193 384 233 174 384 385 125 254 40 445 546 268 201 602 483 370 273 318 42 177 324 343 351 165 420 329 465 112 367 336 223 40 377 370 381 338 362 371 339 362 378 341 363 351 360 184 154 165 205 183 177 212 170 28 34 16 44 50 48 36 24 37 6 47 34 0 31 45 340 333 374 321 
332 484 496 247 343 76 460 440 226 457 78 489 242 197 382 224 147 361 381 114 239 59 424 546 256 186 582 476 355 267 320 47 177 326 333 357 142 394 312 444 123 360 338 209 15 348 336 375 335 341 348 331 328 360 321 327 323 333 174 136 147 181 163 168 186 164 25 32 9 34 28 39 30 22 39 37 51 29 33 0 44 332 321 368 324 
303 448 504 240 316 101 442 443 202 445 97 475 249 160 391 263 167 372 368 80 253 16 430 543 290 212 588 453 333 243 307 40 200 320 330 339 172 425 341 447 73 329 315 242 51 393 381 391 359 382 372 364 371 392 361 371 371 365 189 160 175 207 184 196 202 190 50 35 56 42 52 44 58 44 24 51 27 46 35 63 0 335 324 379 334 
326 385 203 92 262 291 192 177 182 147 257 201 110 332 172 241 191 101 77 256 89 331 122 237 212 162 272 295 296 249 66 305 224 70 44 188 233 149 90 138 320 197 246 148 325 276 263 269 247 264 284 255 264 282 275 254 257 247 213 241 244 200 182 210 184 201 332 327 317 296 308 304 316 323 317 335 318 330 330 322 323 0 21 95 77 
332 375 199 93 261 299 195 185 188 132 256 209 98 342 161 247 194 106 79 249 101 339 110 234 219 183 267 276 292 255 72 311 226 83 55 191 235 155 96 143 317 213 248 152 313 289 286 265 263 261 281 266 263 283 271 259 273 230 203 241 251 205 185 201 189 209 340 323 336 307 308 313 319 318 314 341 334 330 348 339 327 11 0 77 86 
415 448 193 149 340 327 249 93 257 93 305 230 137 401 93 239 233 40 126 310 133 372 102 247 213 191 239 344 363 320 152 351 227 60 57 256 247 81 74 152 365 288 317 155 355 242 226 204 211 231 233 221 216 223 235 228 220 195 227 261 261 212 222 236 208 223 363 368 363 336 343 349 355 370 358 381 371 377 391 366 376 80 95 0 63 
388 447 227 106 308 268 252 150 230 138 261 270 77 365 97 211 172 66 138 276 89 324 136 290 160 137 299 359 350 295 136 299 177 14 50 244 196 104 31 201 327 263 288 117 302 205 207 196 183 212 223 206 194 208 218 188 202 165 161 211 195 158 161 186 145 183 323 320 320 289 309 300 307 310 315 328 320 320 334 312 334 77 68 71 0 

Depot information
282 6 1
455 16 1
435 382 1
196 274 1
327 94 1

Cust information
4 212 1
436 263 1
251 498 1
219 152 1
337 429 1
43 198 1
450 293 1
166 322 1
127 25 1
186 468 1
19 368 1
86 269 1
230 422 1
322 314 1
95 145 1
185 294 1
16 122 1
346 388 1
481 376 1
58 391 1
97 306 1
478 466 1
466 147 1
334 61 1
250 94 1
274 275 1
25 160 1
52 305 1
210 373 1
241 359 1
340 172 1
44 286 1
229 473 1
195 395 1
388 340 1
84 83 1
343 153 1
317 108 1
126 316 1
3 157 1
47 499 1
45 486 1
75 506 1
57 467 1
56 490 1
33 490 1
47 470 1
54 478 1
51 506 1
33 474 1
55 476 1
46 472 1
79 471 1
64 304 1
29 280 1
35 288 1
67 310 1
89 283 1
65 291 1
92 303 1
70 285 1
-11 155 1
5 135 1
-4 150 1
24 160 1
12 160 1
20 148 1
10 162 1
4 155 1
23 134 1
-10 138 1
19 129 1
5 145 1
-10 139 1
-5 155 1
20 120 1
257 330 1
262 331 1
251 406 1
210 374 1
