Seed 123 - Instance: n85m5_0
n 85
m 5
Q 9999
L 5
U 19

0 101 256 372 79 292 314 371 117 162 317 282 309 355 367 247 433 355 87 314 140 84 288 265 166 414 33 324 236 90 48 317 177 129 208 325 228 498 157 74 130 376 152 305 268 210 169 448 429 433 444 433 445 404 457 433 419 439 392 425 484 480 443 312 314 311 344 381 369 327 294 303 285 374 329 306 316 357 326 132 73 143 120 131 120 79 111 100 459 487 
97 0 306 443 150 375 316 444 82 133 373 355 359 447 457 322 518 442 181 395 222 170 383 347 255 505 109 420 326 186 94 400 177 175 307 408 236 587 74 160 226 462 253 375 347 269 210 527 528 523 531 534 530 500 561 507 513 528 479 514 558 569 535 395 376 396 427 448 443 405 379 377 357 434 392 377 403 439 398 226 173 227 221 223 222 172 195 191 549 560 
259 320 0 185 208 373 177 173 371 253 462 50 434 280 314 369 253 262 220 299 260 178 193 351 205 244 220 252 189 202 291 437 190 346 173 300 180 329 386 244 193 227 229 396 110 59 363 337 304 324 329 306 292 283 335 292 273 305 282 304 342 351 312 87 88 98 120 164 146 99 67 61 63 127 126 98 96 143 136 214 249 263 215 232 234 236 218 257 316 313 
370 442 190 0 304 335 365 17 482 415 448 143 440 150 188 363 74 116 297 218 312 293 127 323 232 74 345 158 156 288 391 395 372 414 177 235 368 143 516 335 265 45 276 357 121 232 426 154 129 166 161 149 114 134 154 118 111 120 122 119 161 171 132 144 134 101 81 86 90 96 132 128 144 146 69 108 106 75 77 269 333 319 290 271 298 313 279 317 135 127 
79 153 198 313 0 275 277 305 189 182 312 221 301 304 309 228 374 301 40 255 110 40 230 250 95 357 46 259 181 42 94 312 173 154 156 272 220 435 234 53 79 315 125 284 201 171 190 375 367 375 397 385 395 343 411 362 354 372 343 362 414 426 394 259 256 262 289 302 311 270 236 256 228 318 271 251 271 300 264 90 62 114 73 84 91 65 48 77 396 410 
290 375 380 342 280 0 510 335 353 448 122 367 129 214 189 65 358 228 229 147 186 306 227 46 195 354 300 182 201 265 315 86 440 244 212 117 457 387 436 252 225 310 171 38 282 382 235 294 306 281 303 305 343 284 317 312 292 316 265 286 338 334 310 382 394 352 370 377 408 370 365 370 377 422 347 364 380 366 334 208 227 172 202 198 200 221 229 203 327 368 
301 314 184 366 290 524 0 354 394 195 581 232 562 451 470 503 424 429 322 456 380 246 356 486 323 398 268 437 353 282 328 564 151 405 338 475 103 502 362 321 325 396 371 537 287 170 447 507 472 503 501 482 456 458 505 457 450 455 454 461 504 520 477 227 233 265 286 294 291 255 233 226 226 249 288 260 269 288 288 339 331 368 341 351 347 346 308 358 488 461 
364 443 177 27 298 334 346 0 463 414 441 143 423 156 175 361 88 126 293 217 303 298 126 306 238 67 349 171 146 275 396 394 364 405 181 234 357 151 513 327 253 59 268 364 118 219 426 179 140 159 173 151 121 131 171 113 118 120 118 136 163 183 141 124 123 91 87 73 88 108 114 129 137 133 69 93 102 64 61 271 310 300 274 280 282 312 272 304 147 141 
110 92 363 480 176 335 390 471 0 200 329 398 308 450 445 285 541 461 196 384 199 200 377 325 258 528 139 412 348 209 97 339 242 113 320 387 291 605 108 156 228 493 245 328 379 327 142 526 525 525 535 536 555 491 556 529 515 547 501 523 563 584 542 427 422 426 450 474 481 426 407 420 388 485 427 416 428 465 425 219 155 204 214 230 217 175 202 176 555 580 
151 120 246 420 167 432 200 401 205 0 456 306 443 463 473 387 491 438 206 416 278 150 366 402 259 477 147 410 335 202 178 472 60 265 300 435 114 560 154 210 245 441 290 447 318 207 303 532 498 521 535 505 517 476 531 489 485 510 485 498 549 554 524 318 332 326 368 384 387 338 319 302 286 360 357 325 339 378 353 254 209 279 237 261 247 218 220 250 529 546 
319 376 461 440 304 122 587 435 322 474 0 439 31 316 293 101 464 341 271 248 218 336 326 131 263 453 325 298 297 303 319 49 478 229 305 229 514 485 419 276 272 408 219 97 385 453 189 386 417 390 411 414 455 375 426 411 401 432 372 401 430 451 422 482 472 465 471 481 506 469 456 459 451 531 444 447 456 476 419 246 271 203 251 248 249 262 270 232 430 491 
293 348 59 133 228 361 230 136 390 305 443 0 446 237 274 364 203 210 240 264 276 202 166 327 202 198 247 235 166 209 314 421 238 368 162 280 238 285 408 251 206 186 238 385 89 111 382 280 256 268 284 267 236 251 282 230 244 237 240 247 303 299 271 49 49 48 78 112 110 61 27 29 23 88 72 43 63 99 75 222 258 283 229 226 240 263 217 269 263 260 
292 370 442 423 287 120 563 435 299 457 32 435 0 318 312 79 462 340 264 237 195 334 311 119 259 456 322 286 290 283 287 69 444 203 282 225 503 492 400 253 265 422 224 78 363 433 175 395 397 391 394 411 451 374 428 420 408 426 383 405 434 453 425 465 478 455 479 474 488 456 436 461 444 520 431 450 466 467 413 242 236 197 243 236 227 250 263 234 431 481 
359 455 281 162 295 209 444 156 455 462 321 236 310 0 46 244 145 32 270 88 256 309 97 192 205 154 347 40 139 276 381 271 423 356 163 88 432 174 505 300 233 111 221 245 160 314 374 95 92 90 107 91 135 66 127 112 107 115 65 101 139 148 121 252 261 214 220 218 242 225 236 240 257 288 191 217 235 215 182 238 288 267 257 235 251 287 264 273 124 181 
362 451 295 175 313 184 476 185 460 476 306 260 296 40 0 229 180 58 279 74 269 324 111 182 211 193 354 55 154 294 376 265 434 365 171 75 447 188 522 317 250 140 219 219 188 318 373 112 117 95 117 124 157 100 139 138 109 134 90 118 144 154 117 280 273 244 243 240 257 262 251 268 276 307 224 255 262 248 206 249 306 267 250 249 259 301 264 277 133 195 
243 323 362 365 235 70 505 362 285 400 101 355 85 257 247 0 377 274 192 187 131 272 233 69 180 389 253 209 209 232 249 89 405 184 202 157 436 414 391 208 182 332 136 56 299 358 168 324 335 337 341 333 374 317 369 353 341 358 305 326 386 379 351 392 398 374 385 408 422 369 360 385 364 433 350 366 379 385 339 174 184 145 168 163 167 181 202 158 374 423 
432 521 259 69 376 352 429 94 529 494 450 207 456 161 167 382 0 129 365 224 368 362 173 330 296 30 417 183 213 353 463 412 441 466 233 242 437 81 577 380 321 60 310 391 180 307 488 126 91 105 113 85 43 91 108 54 64 67 91 93 111 104 90 210 197 170 153 128 140 174 189 198 206 204 140 173 165 131 152 326 382 359 341 328 330 365 331 368 71 59 
363 456 265 123 298 240 433 132 451 446 354 222 338 34 61 270 115 0 276 110 265 298 80 223 217 134 346 63 122 279 389 309 413 370 156 131 427 156 521 314 239 93 227 262 144 296 375 93 74 96 93 92 108 59 105 78 84 113 46 84 126 123 103 222 223 205 193 196 209 211 205 220 227 257 166 201 196 176 153 241 296 259 250 249 258 291 254 289 102 160 
81 182 214 290 38 245 311 294 178 202 286 243 256 273 295 211 362 276 0 231 81 63 210 205 72 356 70 239 165 28 119 267 212 141 128 248 249 416 254 36 45 303 95 247 190 192 167 363 359 368 364 361 377 326 375 358 334 369 326 358 394 401 370 277 260 252 285 313 324 270 237 245 246 313 254 260 279 296 256 49 36 74 52 69 47 35 29 48 375 413 
315 393 293 218 261 139 459 218 383 417 255 267 255 77 64 187 213 96 224 0 201 286 110 135 178 228 305 57 118 237 331 212 406 295 136 28 426 259 466 252 192 191 172 174 176 306 305 163 174 174 168 165 198 139 188 178 165 202 135 177 220 217 176 280 290 251 262 258 279 254 259 274 278 314 220 259 252 264 214 181 244 197 190 180 201 242 221 233 195 251 
133 213 257 322 103 184 364 311 198 273 216 267 193 268 267 138 365 269 75 207 0 129 204 146 92 349 138 227 161 98 146 205 269 119 148 202 297 408 274 69 74 306 50 177 215 238 127 351 348 355 362 346 376 317 382 352 327 362 301 333 379 400 352 296 300 284 325 325 337 296 271 293 269 350 285 290 297 323 278 49 54 15 51 46 48 54 65 34 362 397 
79 164 185 300 31 307 254 291 187 160 353 213 335 316 323 257 356 315 67 267 142 0 236 260 126 360 53 284 196 50 112 343 132 175 153 292 175 433 224 81 84 328 146 310 190 146 226 383 369 381 402 374 379 345 413 369 366 372 344 371 424 426 393 241 240 247 274 296 307 247 214 216 218 299 254 236 250 289 255 119 93 136 113 118 119 106 85 105 400 423 
289 379 197 134 232 215 357 116 391 377 329 157 313 96 111 231 170 96 214 108 197 229 0 208 143 170 263 74 44 206 304 286 327 313 73 120 354 225 435 232 165 122 164 260 85 213 317 172 154 171 174 164 180 126 189 146 143 163 121 156 199 197 168 180 186 163 172 175 185 152 152 175 181 217 124 162 168 167 111 167 227 204 179 173 176 218 186 211 191 220 
272 345 356 326 238 42 492 314 324 400 129 335 124 192 180 55 335 220 213 129 155 271 195 0 164 334 271 182 178 219 278 98 397 220 184 105 434 379 412 226 197 305 129 54 252 336 199 284 292 272 295 295 328 276 315 290 287 305 254 288 335 327 295 361 361 335 353 359 380 354 347 360 343 413 313 327 352 359 314 160 212 138 171 169 156 200 190 180 324 376 
152 242 187 238 93 198 322 237 260 273 268 205 250 218 213 184 302 214 76 176 89 117 139 171 0 282 136 172 107 72 187 247 246 175 63 188 265 349 319 97 44 248 40 210 151 190 204 301 286 293 308 295 309 262 308 279 270 289 258 290 329 331 303 239 237 216 237 254 282 220 215 225 208 283 210 211 222 243 202 33 87 91 49 52 60 99 59 87 304 342 
412 515 250 71 350 357 404 73 528 481 460 183 464 153 192 386 32 124 345 234 351 356 163 337 281 0 404 186 206 333 438 434 418 461 236 254 416 103 565 380 317 60 318 382 164 277 474 143 110 135 129 110 77 116 113 88 81 78 93 102 132 120 108 183 174 151 136 123 120 146 179 194 190 170 123 154 155 112 127 311 382 356 325 312 323 366 326 362 97 78 
36 121 231 350 44 309 282 343 138 149 341 247 320 354 355 267 406 346 85 301 126 56 275 268 152 397 0 309 215 69 76 327 154 146 203 316 204 470 186 75 122 372 165 301 238 183 193 421 417 422 426 426 436 390 437 407 403 417 386 417 462 464 418 285 296 286 326 354 354 299 274 271 252 333 297 292 304 327 292 127 74 131 110 130 133 90 101 111 447 451 
312 406 264 158 258 186 422 170 408 429 302 236 282 54 55 212 174 56 239 52 219 271 82 172 182 181 318 0 106 237 341 249 383 313 126 79 410 222 484 261 193 137 173 221 143 286 323 139 132 127 155 144 172 117 166 138 124 154 111 129 170 187 152 242 232 218 229 213 243 228 223 230 245 266 177 208 217 208 168 198 252 217 214 188 202 248 223 231 157 207 
238 331 190 150 192 215 335 159 335 333 312 169 301 141 154 207 206 120 156 111 154 190 63 179 103 203 228 92 0 154 265 269 288 258 36 139 307 263 391 192 117 162 128 236 91 197 283 211 189 208 230 201 212 171 241 190 182 202 170 203 242 253 221 178 193 158 184 188 213 176 160 169 172 220 153 152 175 174 130 116 192 165 143 132 134 184 153 179 216 261 
86 182 186 290 30 266 282 275 189 191 297 202 293 272 293 219 347 279 35 233 91 61 199 228 78 341 80 240 157 0 129 292 174 166 119 253 230 409 252 56 47 307 100 267 177 157 183 353 347 357 366 360 369 315 372 335 332 347 308 349 384 397 371 241 251 231 276 295 305 251 226 228 214 298 234 244 247 279 247 71 55 92 61 65 68 59 37 67 373 399 
40 78 275 400 96 312 326 385 94 171 304 306 295 375 391 261 451 373 105 334 139 118 314 283 171 451 74 339 268 127 0 313 181 95 235 324 240 520 143 94 150 401 174 309 289 242 133 473 448 467 476 460 477 438 487 449 439 456 410 441 496 499 469 337 350 343 371 403 407 356 332 341 322 404 359 343 357 395 338 153 86 146 136 153 142 90 120 118 476 508 
325 387 434 411 319 89 573 394 352 463 56 428 56 285 269 85 418 299 284 212 217 343 287 94 264 415 334 259 274 295 316 0 479 248 284 194 503 449 444 278 262 391 216 46 351 422 226 346 368 351 351 355 414 344 390 380 368 401 334 362 401 395 385 453 461 422 454 461 480 435 418 435 431 501 396 431 438 444 408 253 271 204 248 227 234 254 265 245 398 443 
168 169 205 379 176 438 145 353 253 56 477 255 464 415 433 385 433 410 212 407 261 137 334 403 242 430 142 390 304 182 182 461 0 289 264 404 70 518 222 200 226 393 276 447 272 159 321 491 475 492 498 468 460 438 509 457 457 477 438 469 501 516 480 275 272 286 321 345 333 295 275 256 238 312 303 288 287 336 307 242 213 274 236 256 237 233 222 235 497 492 
129 179 336 412 157 234 419 418 124 271 215 367 194 351 354 183 469 366 144 301 102 179 300 220 186 452 141 313 267 163 114 234 289 0 232 299 336 523 215 118 164 423 155 219 310 299 48 446 450 436 451 443 474 419 472 434 431 454 420 438 493 499 466 383 391 378 420 441 447 386 372 372 364 438 381 389 385 421 376 163 103 102 138 150 140 109 153 99 468 513 
203 299 168 181 155 219 336 185 310 298 305 154 279 172 174 213 240 166 143 138 136 151 84 188 75 218 188 138 44 132 235 276 276 232 0 148 283 302 368 169 87 189 94 232 100 188 262 236 233 244 252 240 237 196 263 227 208 234 191 234 267 284 239 190 200 168 202 199 228 182 174 175 176 228 159 168 176 201 155 97 154 130 109 113 108 145 112 144 253 288 
324 406 311 222 266 118 474 237 400 431 231 276 238 97 91 165 238 114 244 24 207 280 132 105 189 244 318 69 128 238 332 195 419 297 150 0 433 277 466 268 200 195 164 159 202 328 299 168 184 185 177 183 226 159 216 187 193 219 169 183 213 217 195 305 301 282 276 293 299 276 272 286 284 344 248 278 288 275 235 184 242 199 195 194 208 241 231 224 210 276 
232 217 190 357 213 472 107 360 305 109 505 234 503 434 446 443 441 413 245 426 307 174 346 434 283 422 194 400 315 227 251 518 59 333 291 443 0 498 260 248 257 404 297 475 287 147 370 499 461 493 499 468 461 445 502 448 457 472 452 456 518 510 477 256 248 270 297 322 323 274 242 235 232 290 307 281 284 314 291 269 260 310 273 292 277 260 241 284 493 478 
490 588 332 162 432 386 496 151 592 564 481 276 493 178 203 415 77 166 411 255 428 424 224 365 365 110 484 214 278 418 527 451 519 515 303 265 506 0 653 439 376 121 377 412 249 375 524 111 92 106 110 95 65 117 74 81 99 73 128 90 72 65 85 270 265 240 217 203 210 244 270 288 298 267 219 241 238 199 210 376 440 423 393 393 403 444 415 429 69 30 
173 77 371 515 221 440 356 511 105 169 427 418 399 508 519 384 580 524 246 462 274 226 443 404 311 581 190 467 399 241 140 443 218 221 374 465 277 652 0 230 292 531 310 439 418 332 231 608 588 597 615 586 598 569 617 575 583 601 563 583 640 645 596 452 452 460 486 507 502 468 429 427 415 485 476 448 471 495 463 289 231 284 289 288 274 240 261 245 610 629 
65 149 228 318 53 247 323 311 156 205 276 248 254 309 315 199 388 308 35 257 86 80 227 212 93 366 74 262 194 56 79 288 191 112 152 258 238 440 218 0 77 330 106 246 226 203 141 396 372 386 401 392 408 357 414 379 372 391 339 375 422 426 395 290 299 292 319 332 346 302 263 268 270 336 296 286 288 330 283 90 29 78 68 78 64 43 59 53 398 426 
124 208 188 261 73 211 324 249 220 238 286 210 253 238 244 188 316 232 58 198 70 82 157 189 33 301 110 202 132 45 155 260 220 168 90 197 256 375 286 67 0 273 54 226 154 175 198 318 319 327 322 326 333 279 344 301 295 322 274 299 368 355 326 247 243 218 261 287 277 236 221 227 218 302 228 227 240 273 216 23 64 72 42 43 44 67 28 62 349 364 
387 475 229 48 330 304 399 53 488 451 415 181 406 126 145 343 57 86 299 180 304 318 112 298 255 53 357 137 149 308 398 381 402 421 175 195 398 136 543 336 262 0 271 340 137 257 431 131 92 116 114 88 82 77 113 63 70 83 67 87 133 129 97 172 181 147 132 114 135 136 167 167 174 187 112 152 153 118 106 280 323 305 295 269 287 337 300 327 95 100 
155 244 236 275 121 161 369 273 244 289 236 246 210 213 220 144 304 218 81 169 45 138 161 130 41 312 149 178 120 95 185 218 268 152 91 174 304 363 320 112 69 261 0 176 170 223 175 314 300 299 302 305 319 282 331 300 278 310 262 287 339 346 308 278 271 258 273 297 299 257 236 260 248 326 242 253 262 273 231 32 82 65 52 34 49 83 69 80 316 366 
298 370 389 375 281 51 547 371 326 452 90 390 92 251 216 66 371 266 246 170 178 306 256 67 213 396 307 208 244 273 298 48 450 239 245 161 485 413 439 251 232 342 180 0 306 402 221 327 325 311 334 323 377 301 347 340 323 354 314 335 361 365 345 404 414 397 411 409 431 403 394 401 393 462 365 392 408 395 363 209 236 188 214 196 195 231 247 220 352 414 
272 347 128 105 195 293 289 116 374 324 388 90 375 172 184 298 173 145 189 173 221 191 87 266 141 161 239 147 94 182 298 351 266 308 95 200 275 254 412 222 165 138 175 308 0 139 346 234 206 221 226 202 201 182 236 193 186 196 166 189 255 242 216 105 108 86 106 128 136 91 79 106 87 161 69 88 91 121 60 165 233 219 177 177 189 228 187 223 212 230 
216 262 51 240 174 374 157 221 311 198 439 111 434 301 321 358 308 282 178 310 236 137 209 352 194 297 194 272 185 157 248 432 157 298 172 329 142 374 329 214 171 267 215 397 140 0 340 374 329 355 374 345 326 317 380 314 309 327 306 344 376 384 347 122 129 138 166 204 205 145 123 118 100 169 171 139 146 199 161 189 219 235 211 199 223 227 177 222 348 345 
161 208 374 439 188 217 463 434 135 294 185 391 166 364 366 172 486 390 161 306 135 208 320 207 208 475 174 336 277 197 140 214 315 45 266 287 372 530 230 146 192 441 183 213 333 352 0 456 452 453 473 460 491 421 477 449 456 470 418 441 497 498 458 431 421 414 433 456 461 413 408 409 396 469 407 413 429 451 401 188 130 130 175 167 162 135 183 141 493 527 
441 537 325 155 381 274 506 166 531 528 392 293 400 102 97 328 128 93 357 156 354 386 173 292 304 132 425 138 221 354 464 351 483 454 237 181 489 110 591 397 324 125 303 326 233 357 449 0 43 20 15 42 86 53 36 71 59 73 69 39 47 69 53 275 275 250 254 221 250 253 280 295 296 291 216 253 259 234 212 315 376 342 337 325 331 365 351 371 60 118 
429 520 299 134 362 303 475 140 524 514 416 253 402 91 123 344 81 76 347 172 347 375 166 298 295 108 416 143 191 344 456 371 477 450 235 187 459 82 592 381 314 86 289 328 191 341 457 44 0 45 40 29 49 42 52 27 21 38 41 19 58 52 34 251 252 218 216 192 222 217 231 253 269 266 186 222 231 185 178 307 369 342 328 306 322 363 328 349 37 99 
437 527 334 157 388 275 488 158 524 525 388 269 398 85 99 334 103 92 350 158 355 389 160 291 285 126 428 128 203 366 450 356 478 436 243 186 492 112 598 387 317 120 308 325 220 356 463 25 36 0 27 30 80 50 33 58 65 65 54 37 58 58 38 274 269 255 244 232 235 253 258 272 276 281 222 246 251 222 209 305 372 343 328 308 333 370 335 351 56 119 
444 532 337 169 385 295 499 169 536 525 399 294 402 103 105 341 125 102 372 168 356 403 169 300 314 136 438 148 219 364 468 354 486 455 254 195 499 100 601 404 336 123 306 322 226 373 455 15 47 15 0 39 80 64 26 73 66 60 66 43 52 58 36 297 292 251 235 234 240 256 264 284 283 289 221 254 257 236 223 317 388 360 333 339 340 374 348 363 59 105 
436 529 308 140 380 290 481 142 538 505 402 259 417 95 117 349 94 95 350 173 352 383 153 288 301 101 413 133 201 344 467 365 476 440 228 189 487 100 590 392 314 96 300 337 220 342 465 44 24 31 33 0 55 36 43 36 41 36 53 23 44 46 17 268 261 224 213 207 222 229 241 257 261 260 193 231 233 195 202 320 385 346 323 322 333 370 347 363 32 84 
448 529 300 120 377 330 466 113 544 503 448 244 453 133 152 379 47 104 367 201 358 384 175 332 299 81 428 174 210 368 474 404 470 476 244 231 477 70 594 399 324 76 324 368 197 337 481 75 55 74 84 59 0 66 68 26 45 17 69 54 67 70 43 234 230 213 192 174 196 205 229 236 244 228 183 207 205 169 169 326 384 373 353 343 342 396 359 387 42 51 
403 491 288 123 353 274 462 123 506 490 382 234 392 68 89 311 92 56 336 138 310 356 137 269 250 101 399 114 166 320 427 333 448 414 205 163 454 113 560 364 281 78 273 310 187 326 424 48 39 57 53 39 67 0 76 36 37 55 29 28 84 74 43 235 237 209 196 182 210 221 236 243 249 263 187 217 207 182 166 293 350 321 292 293 306 348 306 335 69 114 
454 543 326 159 402 322 512 160 568 550 416 290 422 132 139 368 110 121 379 196 371 414 193 306 326 131 449 157 223 382 483 385 493 470 258 199 510 69 610 414 341 114 333 356 228 364 488 36 45 39 42 29 52 71 0 70 60 53 76 46 20 27 33 277 289 264 234 214 251 247 278 295 287 290 212 257 249 221 221 337 414 373 359 336 354 406 373 380 44 98 
415 515 287 100 370 317 449 110 523 497 427 230 407 116 132 346 60 93 342 171 347 374 158 301 280 76 414 134 191 333 455 383 448 441 233 194 460 87 576 370 301 72 290 346 186 314 454 69 34 55 57 38 29 53 67 0 25 35 55 32 62 75 44 227 231 201 181 173 196 206 224 236 246 247 170 195 213 178 158 313 362 331 314 305 321 358 328 356 38 87 
420 507 284 111 359 289 462 109 507 498 414 231 412 98 111 341 71 83 336 174 339 367 137 282 266 84 402 127 181 340 434 369 454 425 211 178 443 88 572 357 305 74 290 329 182 326 443 66 36 50 64 33 52 44 67 28 0 29 39 32 66 83 37 242 241 205 192 179 200 199 211 238 232 234 163 203 204 171 175 304 363 332 322 300 313 355 318 338 55 98 
451 526 303 128 379 330 454 121 547 510 437 245 439 116 138 360 59 105 358 205 361 384 171 310 293 88 415 153 210 349 470 383 465 461 246 218 459 72 589 385 314 84 309 347 196 332 472 74 38 53 70 42 33 48 57 18 26 0 71 33 66 65 35 235 240 221 193 171 208 205 230 254 254 239 185 214 208 187 176 329 377 348 344 325 345 376 339 372 25 64 
398 480 286 126 345 264 440 112 485 469 380 222 382 67 86 321 90 42 311 148 308 331 117 256 261 102 379 109 175 312 420 333 445 405 199 154 446 124 563 356 276 68 265 308 165 312 424 62 52 59 59 54 69 25 74 51 28 54 0 49 98 92 48 239 235 210 199 187 201 215 217 223 247 245 167 207 208 171 154 272 331 319 296 276 299 340 295 322 65 125 
435 511 296 137 359 299 469 143 524 509 402 263 393 97 119 337 90 77 339 172 346 361 144 285 285 108 411 126 187 334 454 369 457 431 228 188 459 90 587 371 315 85 298 331 203 342 448 45 9 33 40 29 48 32 51 36 39 32 40 0 51 69 33 244 243 224 209 203 212 225 236 246 251 252 192 219 214 195 189 302 368 346 313 306 331 356 326 353 53 105 
480 559 338 171 411 336 518 162 579 559 447 293 433 148 154 371 111 122 395 219 386 410 201 333 339 116 468 168 240 401 496 387 513 486 272 229 511 63 634 425 352 124 343 356 243 371 502 65 52 46 47 47 69 81 27 57 80 54 97 55 0 11 32 286 293 264 244 220 252 269 267 287 301 280 232 257 254 224 228 344 414 378 375 351 380 414 376 405 26 85 
479 577 336 160 418 336 518 174 573 550 452 289 435 139 152 370 103 124 393 217 390 419 207 326 339 128 458 175 252 391 501 409 508 481 271 219 524 68 636 421 358 120 351 360 246 378 505 58 68 68 45 47 60 75 19 64 78 57 86 55 11 0 50 285 293 273 245 230 238 265 279 293 298 288 224 268 254 233 225 367 417 394 366 357 370 407 381 415 33 68 
438 529 306 138 378 307 473 144 531 518 422 262 412 111 128 360 93 98 363 181 363 387 173 305 303 103 438 140 220 363 474 380 470 453 250 208 482 86 595 391 318 108 307 347 206 345 470 50 21 34 28 12 38 45 26 45 46 33 62 19 40 42 0 254 257 245 219 206 230 237 251 269 269 264 209 223 235 210 187 326 394 365 335 334 349 375 341 380 25 88 
315 386 75 130 267 381 222 123 423 332 480 53 476 253 273 380 198 239 266 288 310 243 189 367 240 189 288 250 191 250 341 461 264 399 198 292 261 278 447 295 248 180 272 422 105 126 430 289 256 269 285 254 242 237 279 238 234 249 235 257 283 301 267 0 23 39 53 94 75 39 45 29 40 53 73 39 41 67 89 260 298 300 265 273 274 299 268 306 256 258 
325 388 89 130 253 385 245 125 422 319 476 45 471 252 280 388 196 232 257 277 296 252 190 364 224 184 283 235 186 243 358 451 276 398 194 300 246 262 459 295 236 179 276 407 113 133 425 273 257 284 289 265 246 242 280 230 224 231 238 258 288 295 256 12 0 27 65 92 85 35 38 35 39 55 66 38 33 81 85 257 301 311 258 262 270 289 267 294 254 249 
324 387 90 107 256 363 256 102 431 328 447 51 454 229 251 375 184 202 261 252 279 231 163 333 205 162 289 206 158 241 332 435 285 374 164 280 260 239 447 284 228 149 242 393 78 150 401 247 225 252 264 236 209 206 260 206 204 225 215 219 272 256 230 38 47 0 47 76 80 28 36 36 51 84 57 20 32 65 57 246 292 292 243 256 259 293 255 286 232 227 
341 415 122 83 279 377 281 80 456 361 477 76 472 217 257 396 149 199 282 254 318 281 170 355 237 140 328 214 182 277 367 447 310 402 195 276 304 223 490 308 266 128 279 415 112 182 446 238 202 246 250 228 202 206 241 192 196 202 202 208 242 239 214 57 54 46 0 43 46 44 65 66 74 67 61 40 43 18 52 280 317 321 279 275 299 318 271 313 217 206 
373 440 153 72 319 388 304 75 486 393 489 114 476 211 252 391 140 187 303 266 335 298 166 356 254 113 355 223 197 300 404 447 347 436 208 293 333 205 510 329 282 124 299 410 129 194 458 224 200 213 225 207 168 187 217 180 171 175 189 189 214 232 209 80 75 64 36 0 40 64 86 85 102 71 53 65 61 31 76 295 331 340 297 290 307 328 305 338 198 182 
372 449 141 104 318 395 301 95 486 389 498 114 498 236 258 412 148 212 318 274 341 298 181 373 283 121 358 239 207 293 399 479 341 437 212 302 309 209 508 338 282 134 313 433 137 194 469 251 225 246 254 224 196 201 247 183 188 194 205 220 248 249 229 79 83 83 37 30 0 64 88 90 96 55 75 76 53 30 78 302 346 352 312 313 315 346 309 350 220 191 
316 394 106 113 265 377 270 89 425 343 466 59 458 225 258 378 162 206 263 265 306 249 167 342 222 148 308 212 178 254 364 444 298 400 189 271 274 244 456 292 237 154 261 406 102 161 415 265 216 254 260 233 207 211 257 209 200 214 210 225 257 259 238 38 31 22 38 57 52 0 34 47 46 79 47 24 16 46 52 256 296 305 259 253 261 305 254 289 234 229 
292 370 82 132 246 352 243 115 405 316 447 26 445 223 259 356 186 207 241 258 284 214 168 343 202 172 269 223 160 231 339 421 255 376 164 288 242 257 430 275 218 165 254 398 83 117 395 263 232 267 278 247 236 229 272 218 223 229 214 236 279 289 249 25 38 23 60 90 84 27 0 21 36 74 55 27 39 86 62 237 277 282 232 243 252 277 229 285 248 251 
297 363 65 132 242 379 220 122 409 316 470 37 463 241 277 384 205 228 260 276 283 222 175 357 221 191 266 229 182 225 333 449 257 375 185 299 237 288 441 275 236 170 252 402 95 119 407 281 261 270 288 269 244 233 285 228 232 247 241 250 301 293 275 18 27 32 63 92 81 43 22 0 23 79 69 40 42 92 88 251 278 298 242 244 266 288 250 280 266 257 
281 354 49 146 236 379 215 137 400 289 459 18 454 254 268 370 206 226 247 279 275 204 164 344 199 196 267 233 163 218 312 440 253 360 160 296 226 281 414 271 205 181 238 388 98 102 400 292 263 282 297 278 252 257 301 233 248 256 232 265 291 307 273 29 33 58 71 108 94 55 33 31 0 86 80 58 50 104 77 223 263 272 242 249 240 262 238 277 264 257 
362 429 137 131 311 435 248 134 469 363 522 89 522 280 298 445 201 259 318 321 365 302 221 401 272 173 347 271 233 307 391 496 318 450 229 339 279 266 494 339 291 191 312 463 151 178 474 285 257 297 298 260 238 255 283 228 248 250 249 261 284 286 258 64 69 70 71 75 55 79 75 72 95 0 110 72 63 81 103 307 347 362 317 323 316 343 319 353 274 238 
316 405 125 67 271 341 297 64 441 351 446 83 438 196 206 359 140 154 269 228 279 250 117 308 199 122 306 182 150 242 349 415 319 380 162 235 295 224 458 276 224 111 234 367 80 176 414 215 180 212 225 189 172 187 217 167 174 182 159 185 227 232 205 73 79 40 41 62 84 49 58 81 93 96 0 53 52 54 24 227 293 289 244 241 261 284 255 276 201 192 
316 392 99 99 264 362 255 90 426 340 447 55 449 222 252 357 179 199 264 258 295 248 161 331 206 156 286 209 167 247 348 426 276 384 167 261 275 242 449 287 232 133 252 386 82 148 407 261 222 244 260 231 212 214 254 209 201 209 195 218 257 267 240 46 46 4 52 70 64 28 40 35 60 72 42 0 23 58 49 230 282 283 256 251 259 289 236 290 241 233 
325 404 111 112 271 375 258 91 433 331 457 52 450 230 255 386 166 212 275 256 304 241 162 352 228 146 306 225 162 241 357 442 291 400 182 292 282 254 464 286 242 148 261 401 91 140 415 260 216 247 262 234 210 207 262 198 197 213 216 224 255 273 240 45 39 28 40 58 67 8 46 37 48 57 43 31 0 49 61 249 299 306 256 262 275 303 260 305 245 223 
368 425 150 78 288 378 294 75 475 387 465 91 461 220 250 380 131 178 294 261 320 276 168 351 254 127 333 216 177 273 378 444 340 415 207 282 316 199 505 327 272 120 291 395 111 193 447 227 201 220 229 213 180 192 228 163 179 181 174 195 231 223 201 67 77 59 37 19 30 41 82 91 106 81 47 51 48 0 63 282 333 326 287 277 305 323 281 321 209 192 
315 403 118 82 259 332 302 64 428 347 421 86 413 184 199 333 132 161 254 208 282 245 119 316 204 119 291 167 134 233 350 388 302 369 141 246 292 216 457 271 227 113 225 368 68 163 387 210 183 206 220 201 176 170 224 172 169 187 154 188 219 219 187 84 72 51 60 73 82 59 60 75 93 115 18 54 60 55 0 232 273 269 247 233 241 279 240 269 206 201 
137 221 209 270 83 190 336 272 235 250 259 223 240 243 238 162 316 240 52 177 61 114 163 176 30 305 134 186 116 78 149 238 233 147 93 186 267 377 302 75 26 265 30 210 162 192 173 320 302 321 336 318 327 291 350 310 298 328 267 297 344 366 325 249 245 235 264 289 289 250 231 233 238 302 235 245 243 268 233 0 81 56 20 25 37 71 39 60 331 377 
90 162 236 330 66 241 334 329 156 224 264 259 238 300 309 189 371 302 43 249 59 90 235 203 87 373 85 257 174 57 96 258 208 111 148 246 258 435 237 17 69 330 89 228 232 223 134 380 363 384 391 375 393 351 406 360 350 390 333 362 423 428 384 292 303 291 318 334 340 293 274 272 279 348 280 295 292 320 283 65 0 73 66 79 55 7 60 27 401 434 
139 228 263 318 102 186 382 317 192 264 218 268 191 254 265 135 360 277 82 200 9 146 202 147 83 352 134 230 174 106 146 206 275 108 132 211 313 423 285 83 73 312 62 181 214 244 138 342 342 339 365 341 368 317 375 340 333 357 319 342 376 398 366 312 311 296 326 328 344 303 287 292 289 357 294 300 298 320 280 69 57 0 51 46 39 54 74 41 380 410 
113 223 229 288 83 195 345 278 214 240 253 229 230 242 255 181 334 261 47 207 59 111 184 166 50 333 124 213 137 70 132 243 243 138 110 209 264 386 276 61 32 290 44 205 175 206 169 341 322 332 336 320 336 296 351 320 309 337 295 319 360 381 341 272 274 255 284 297 314 252 250 259 231 321 242 257 273 281 249 21 49 44 0 14 23 43 36 37 347 380 
132 224 234 277 100 195 356 264 229 262 254 237 226 231 243 159 319 246 67 181 55 123 164 151 49 321 125 203 129 81 152 232 239 150 93 188 277 383 294 80 31 284 32 196 172 212 175 330 314 327 323 317 339 292 355 307 303 321 278 314 348 363 325 272 262 250 288 303 311 254 241 242 249 325 238 246 262 276 240 22 71 45 23 0 20 69 56 45 337 378 
122 217 228 296 82 204 348 276 216 260 232 248 238 238 246 165 346 243 45 192 44 121 188 166 59 328 129 212 150 65 135 234 249 144 121 202 286 396 289 76 43 293 51 200 191 203 162 334 325 338 333 322 345 300 358 316 308 343 299 326 368 374 346 279 265 251 298 312 324 265 247 269 251 319 249 266 274 292 244 34 68 46 19 15 0 50 35 37 352 383 
91 174 256 321 66 216 343 314 172 225 246 270 239 297 289 177 371 292 50 236 56 105 230 200 88 374 88 242 171 56 101 257 217 109 151 234 269 444 235 28 63 335 90 234 215 211 141 375 370 373 374 373 393 331 388 366 356 370 334 355 415 412 387 296 298 283 311 326 346 290 269 274 278 339 292 290 304 326 285 65 10 66 45 61 62 0 42 34 404 424 
105 195 200 287 47 229 321 270 211 229 280 227 262 255 267 194 343 257 23 220 77 88 196 203 64 333 103 220 154 43 117 260 205 146 112 221 252 414 267 51 39 290 73 234 180 186 167 349 337 353 351 337 347 316 362 329 316 341 311 326 389 389 348 263 267 256 272 298 308 249 227 248 227 308 238 247 268 285 247 53 51 80 32 56 46 44 0 48 355 387 
112 199 248 308 74 207 355 319 189 239 247 270 227 286 290 157 370 281 56 228 37 107 218 178 88 369 102 241 168 80 115 248 242 107 149 229 289 431 259 54 63 329 67 213 214 223 134 362 361 356 366 351 373 341 390 359 350 360 327 359 407 406 364 296 299 287 320 325 348 298 281 292 274 357 288 293 303 325 266 66 25 45 38 45 47 23 42 0 393 414 
462 541 322 131 390 330 492 145 555 523 439 277 434 132 135 376 81 104 389 209 371 404 175 312 320 107 429 168 236 383 483 384 486 475 247 215 484 70 612 414 340 97 323 354 231 347 473 63 33 47 58 37 40 55 30 45 49 36 79 43 42 28 26 258 256 232 215 203 224 238 248 265 282 266 193 227 242 211 193 326 399 362 345 343 360 386 358 394 0 70 
480 572 318 133 428 385 463 148 577 540 484 264 490 175 205 426 58 153 397 251 401 412 219 377 345 69 462 207 255 398 499 441 500 514 276 275 483 33 636 437 360 105 365 414 226 351 530 115 86 116 112 89 49 112 91 74 94 75 119 87 90 76 77 250 249 229 199 169 183 219 244 257 259 241 201 219 225 185 195 364 425 412 387 365 391 429 395 408 74 0 

Depot information
138 148 1
56 109 1
176 391 1
350 440 1
174 198 1

Cust information
428 126 1
5 412 1
343 437 1
103 44 1
8 219 1
416 16 1
222 410 1
399 19 1
439 325 1
458 306 1
375 94 1
415 464 1
424 350 1
207 187 1
421 255 1
258 151 1
155 223 1
350 322 1
400 137 1
263 225 1
396 469 1
137 178 1
410 299 1
318 293 1
196 209 1
133 119 1
440 56 1
32 269 1
209 62 1
294 276 1
432 237 1
16 322 1
484 491 1
5 65 1
192 164 1
237 213 1
389 424 1
282 190 1
426 93 1
282 359 1
144 353 1
233 32 1
496 392 1
467 410 1
490 394 1
499 401 1
476 409 1
455 450 1
453 389 1
499 423 1
448 424 1
447 414 1
458 437 1
443 388 1
465 407 1
504 437 1
506 441 1
478 420 1
225 444 1
228 444 1
252 430 1
271 460 1
293 475 1
277 488 1
255 441 1
237 421 1
223 429 1
216 416 1
231 495 1
289 423 1
256 429 1
253 442 1
289 463 1
292 415 1
254 200 1
208 157 1
262 149 1
244 189 1
258 190 1
251 180 1
215 158 1
221 196 1
232 156 1
479 437 1
460 492 1
