Seed 123 - Instance: n85m5_1
n 85
m 5
Q 9999
L 2
U 17

0 172 395 271 419 317 416 263 192 47 178 191 363 421 128 106 352 374 170 454 265 380 71 327 303 467 185 293 466 294 35 232 74 422 197 152 238 197 245 364 252 398 357 22 427 82 119 328 293 298 300 279 284 238 308 266 245 271 270 309 187 259 244 236 220 266 272 226 240 260 154 162 165 151 165 165 164 169 146 204 123 133 104 117 80 80 138 104 72 127 
177 0 248 311 299 400 239 90 96 170 321 283 320 388 174 96 213 207 66 402 391 266 210 379 144 381 301 174 392 359 210 65 208 266 293 316 221 312 104 398 359 409 376 198 383 140 103 226 195 164 165 150 155 131 211 173 127 172 161 198 36 118 81 79 51 98 104 65 69 100 212 224 248 194 205 215 201 230 204 247 122 133 108 138 122 119 135 114 116 105 
399 229 0 397 163 531 62 142 280 376 512 430 334 380 400 316 151 41 242 369 580 162 434 500 116 332 460 161 338 471 422 202 417 102 471 501 319 518 171 480 530 436 467 414 342 358 331 200 195 141 161 180 171 186 206 189 194 212 214 203 223 151 172 195 207 160 143 191 178 172 389 399 399 353 346 367 353 384 384 388 308 313 318 322 340 339 311 311 340 310 
270 304 399 0 318 148 449 340 369 227 198 118 149 180 396 287 289 386 256 237 230 304 226 117 359 261 147 252 265 85 256 355 225 478 154 246 110 192 273 104 160 131 82 284 227 327 332 234 217 277 266 235 260 229 223 225 235 203 213 226 280 316 318 357 356 304 344 300 328 345 135 129 105 122 127 115 114 116 142 78 205 193 215 194 240 257 185 212 238 214 
428 296 151 321 0 456 219 220 365 381 473 382 216 265 459 352 91 172 271 226 537 44 421 420 213 178 425 120 193 400 438 274 420 243 424 482 245 477 204 369 460 328 364 429 206 409 371 116 157 133 127 150 146 186 131 160 182 163 160 124 264 206 214 278 297 207 232 253 246 248 358 359 357 319 313 322 308 349 352 336 306 297 313 321 338 347 314 317 340 316 
313 396 542 148 448 0 574 451 465 270 161 129 274 270 438 369 413 515 348 338 141 421 245 50 481 393 135 380 375 62 286 458 250 607 122 212 239 149 400 130 104 221 143 314 339 386 396 359 331 393 395 373 386 357 355 340 350 350 337 345 378 430 417 459 451 423 465 411 433 458 191 177 161 220 217 190 199 183 199 164 280 282 301 280 297 321 271 281 300 305 
400 234 58 437 208 561 0 151 274 383 532 456 375 442 391 324 188 79 263 425 607 206 438 540 123 383 488 205 399 509 435 184 437 38 504 518 359 537 188 522 542 496 501 409 402 363 322 234 254 182 203 218 209 226 243 228 219 252 250 238 224 152 178 186 195 172 144 196 180 161 416 424 414 376 368 409 372 417 400 415 336 327 323 340 354 353 330 334 352 318 
273 101 160 338 220 446 160 0 149 240 380 331 320 369 259 175 168 112 115 364 475 203 308 438 52 355 351 146 366 400 282 68 298 182 367 380 235 400 65 424 417 403 409 269 354 220 183 191 171 115 120 115 103 113 178 138 109 142 143 177 90 39 34 47 86 50 28 57 30 39 271 290 300 261 242 266 250 294 276 296 195 181 193 217 211 206 206 200 198 178 
194 103 280 373 360 448 260 143 0 201 351 336 412 464 133 97 289 255 143 475 429 343 242 456 186 467 335 255 478 419 221 97 240 277 346 336 311 351 176 469 410 487 458 190 466 119 86 291 260 254 245 242 231 217 279 240 201 243 255 276 120 168 161 103 80 170 151 133 130 134 276 303 293 255 251 292 274 304 276 304 183 196 180 199 164 161 189 183 156 163 
47 172 370 237 378 273 399 241 196 0 172 144 310 365 174 100 301 337 140 395 242 351 53 280 281 413 165 260 423 245 60 217 64 412 162 153 193 164 213 312 222 350 304 81 396 114 138 291 254 267 255 244 242 222 259 230 204 239 218 260 181 243 228 240 217 242 241 199 232 249 112 126 137 110 110 123 112 125 104 143 71 82 65 71 45 52 76 79 62 92 
191 316 506 203 483 167 538 384 352 175 0 95 331 365 313 268 400 487 290 417 93 448 114 192 417 466 61 365 437 168 161 380 108 546 71 63 250 8 349 257 81 329 257 190 401 268 294 376 330 378 380 337 358 326 361 324 324 330 321 363 315 389 375 374 362 365 385 339 373 400 135 116 122 158 169 161 177 132 128 156 216 214 216 183 191 214 198 199 208 218 
185 277 427 104 392 143 461 339 322 149 94 0 238 280 316 238 316 409 226 315 150 355 145 131 365 354 43 289 359 110 172 330 116 502 52 131 138 100 281 182 90 231 179 194 306 265 274 278 247 306 291 272 279 242 272 248 251 236 240 260 259 326 308 331 314 300 346 284 314 348 55 55 53 94 96 63 83 53 75 55 168 156 173 146 172 178 151 169 176 167 
363 323 345 136 210 276 384 317 407 315 338 243 0 73 452 356 197 323 273 100 358 198 331 226 316 130 265 192 122 218 353 342 329 423 271 358 120 340 262 166 304 106 151 382 77 395 368 147 158 217 210 202 205 197 157 186 216 179 166 152 294 285 285 342 359 281 315 309 308 340 237 238 220 224 216 217 200 202 233 197 252 250 274 265 295 315 252 270 293 261 
406 379 395 177 256 279 440 381 468 375 368 273 72 0 522 398 253 390 345 64 395 246 390 227 374 129 304 247 99 233 410 413 366 479 316 397 191 369 312 156 329 76 160 424 62 447 427 213 222 272 271 258 266 270 213 251 282 236 235 208 360 341 356 411 422 334 381 367 378 408 284 264 273 278 262 249 265 261 293 229 316 302 333 318 356 363 296 320 352 326 
127 180 392 389 469 436 384 263 135 170 301 319 450 521 0 130 382 356 197 545 384 431 201 438 286 539 314 340 549 415 160 204 205 388 317 277 333 313 276 474 363 520 470 119 518 57 89 380 342 352 344 324 317 288 370 318 293 321 314 357 207 278 253 215 200 267 266 226 245 237 277 289 288 264 281 294 272 294 260 320 206 215 198 202 161 154 217 204 166 202 
98 89 328 304 351 363 327 187 105 96 266 229 343 406 128 0 277 276 92 429 343 322 153 363 223 439 254 246 429 323 131 140 156 333 251 238 239 264 181 388 303 410 383 116 422 57 30 269 242 249 242 217 219 192 264 206 175 212 208 251 111 179 170 143 126 178 175 128 165 169 192 194 208 169 181 197 180 204 182 234 110 113 97 100 70 58 112 87 77 97 
335 222 151 283 91 402 201 157 288 307 399 314 206 255 375 286 0 127 199 240 468 61 346 370 147 204 357 43 211 346 349 207 341 234 358 427 197 410 111 349 402 307 335 360 215 341 308 64 84 58 47 84 86 110 67 91 99 85 92 69 185 139 144 199 217 139 172 178 162 185 280 295 294 257 240 261 238 278 290 276 241 227 251 260 281 275 229 242 270 239 
367 207 49 389 159 511 79 106 248 334 485 405 323 375 358 285 133 0 212 362 541 171 393 491 76 325 432 147 341 456 377 169 391 106 440 474 298 486 137 452 493 429 440 378 354 338 288 184 196 132 129 155 132 160 194 168 160 177 193 186 192 99 136 149 169 123 111 159 143 138 346 374 377 328 318 346 316 365 352 354 282 284 276 295 294 313 288 280 295 269 
174 55 242 264 265 365 249 110 130 152 286 225 269 330 211 104 180 212 0 352 367 244 199 351 155 348 246 144 357 311 188 97 195 276 255 274 166 297 86 330 310 349 339 184 330 151 117 192 142 155 155 133 123 92 179 133 97 142 125 165 44 105 97 105 97 98 109 67 89 120 182 186 197 160 146 167 159 190 174 194 99 84 76 112 98 115 96 87 111 65 
452 395 354 220 221 342 411 368 472 395 418 331 92 61 537 423 237 351 353 0 435 205 428 283 369 64 352 240 56 283 456 421 418 460 357 447 212 412 309 218 393 134 213 455 30 476 451 198 218 262 254 262 262 260 212 251 280 230 231 214 354 340 349 410 427 335 375 365 379 409 319 327 305 313 297 295 297 299 333 270 338 342 360 356 394 394 332 368 393 355 
263 408 584 226 520 126 609 471 433 250 100 166 358 381 396 335 468 547 358 443 0 493 216 178 506 493 127 423 483 160 231 457 189 637 113 124 302 81 422 256 65 322 245 265 427 347 360 426 403 456 435 412 422 385 420 389 399 381 388 405 402 462 454 457 438 448 479 415 453 469 198 186 188 221 241 222 245 198 214 214 275 294 291 278 292 301 275 288 287 295 
375 260 165 295 51 416 219 205 342 355 441 341 187 229 431 318 53 164 235 220 503 0 391 387 190 169 383 98 184 381 395 263 383 245 386 451 204 445 162 347 432 295 345 391 185 373 345 74 115 107 101 127 124 145 88 136 154 120 139 103 243 186 191 254 271 188 219 217 208 227 318 328 322 285 279 290 285 302 313 305 279 277 278 302 308 318 265 282 307 282 
76 212 418 227 413 253 434 298 252 51 116 147 333 373 206 160 349 386 193 414 201 385 0 276 322 448 132 300 444 224 45 273 27 455 130 103 228 126 276 306 171 351 306 80 416 163 166 331 289 320 301 284 294 252 298 260 249 276 268 310 222 290 275 282 260 285 305 243 270 299 117 118 128 125 135 131 148 144 112 159 128 136 119 101 105 113 135 121 110 137 
324 381 508 105 412 63 535 430 445 275 197 143 231 225 454 367 384 492 341 291 187 394 275 0 455 341 147 338 322 56 306 444 250 588 156 239 196 198 368 76 136 163 85 345 289 400 396 326 315 365 352 333 348 328 324 323 331 310 296 325 380 410 413 446 440 394 438 391 429 439 183 168 167 199 203 171 198 172 197 152 270 280 290 258 304 321 260 286 310 303 
300 126 124 358 203 478 116 38 182 290 415 349 314 383 292 210 140 82 143 368 504 179 328 447 0 341 383 144 359 419 332 89 326 138 388 420 264 417 92 442 457 411 425 306 348 254 226 173 162 110 128 131 119 133 181 159 136 166 161 172 128 55 65 83 109 67 55 86 69 70 312 313 325 285 264 291 272 322 296 313 227 215 232 249 240 239 220 230 237 201 
457 389 333 262 176 385 370 361 466 428 454 362 135 127 544 444 219 320 355 66 497 181 452 333 343 0 391 231 22 334 469 410 429 421 412 478 236 462 313 279 420 190 262 481 60 492 453 180 214 249 245 238 252 267 197 236 269 225 227 200 363 319 338 399 401 322 360 358 359 388 347 350 349 328 317 319 317 333 359 322 355 349 374 376 396 410 353 373 411 365 
179 298 463 133 411 141 494 346 333 162 78 44 267 313 322 254 350 429 264 363 123 392 120 150 385 393 0 310 382 116 170 343 108 518 25 100 178 65 310 188 65 257 198 202 339 259 280 315 274 334 317 308 318 281 305 282 287 285 265 295 286 354 334 352 350 343 356 317 330 365 90 69 74 105 126 103 111 80 91 105 177 174 186 167 176 186 172 180 193 201 
293 174 158 243 123 385 214 149 252 267 373 290 190 248 345 248 50 151 148 251 428 96 309 339 136 232 309 0 234 332 307 186 296 248 317 382 152 372 94 316 365 303 301 307 231 297 262 63 51 31 29 30 50 69 59 57 66 59 48 44 146 108 127 185 194 102 142 141 155 170 232 244 248 225 201 221 212 234 243 230 196 181 207 215 222 233 186 197 224 197 
465 402 331 255 195 361 386 370 476 426 447 343 133 118 544 439 229 345 358 54 481 199 434 314 368 22 390 238 0 324 462 404 422 422 390 473 241 441 322 267 406 189 245 481 58 486 459 183 220 256 247 247 269 271 198 244 269 230 248 206 367 346 341 396 411 334 373 356 380 395 352 342 327 337 311 319 308 321 350 297 364 341 378 365 395 420 350 377 405 364 
278 350 478 92 405 71 521 403 420 250 172 93 207 228 411 338 353 460 299 299 173 374 229 55 425 330 118 328 326 0 268 402 210 546 117 206 173 161 342 105 99 174 89 290 293 354 362 311 278 340 342 319 317 295 297 294 300 276 281 302 343 372 367 410 400 364 415 364 395 423 146 141 136 166 176 137 162 125 163 128 237 239 248 234 268 284 234 255 258 262 
35 190 425 262 433 301 436 290 214 58 161 174 358 414 167 130 350 396 196 445 251 401 47 308 329 475 178 315 468 267 0 255 54 441 173 124 242 162 272 336 220 393 348 41 432 122 144 330 289 321 308 297 281 254 317 281 262 286 269 320 213 297 277 270 241 272 283 248 258 282 138 157 168 153 166 174 160 176 127 182 135 145 127 106 90 87 139 111 102 142 
229 58 203 349 285 447 192 56 98 225 385 319 345 407 221 131 216 165 107 403 448 263 281 428 90 398 349 186 406 403 255 0 285 204 360 359 256 376 101 430 402 429 421 242 394 189 133 219 207 159 175 161 142 144 210 168 143 178 188 213 67 94 75 30 28 79 52 64 46 36 279 295 283 256 253 264 248 287 274 303 178 188 167 188 193 189 184 190 176 166 
79 214 427 213 415 249 431 301 257 52 117 122 321 374 206 151 345 397 190 417 199 388 26 260 327 448 119 307 431 215 58 278 0 460 115 99 214 119 262 292 163 355 292 80 388 154 177 313 282 304 306 282 282 248 295 256 255 257 266 301 222 291 278 289 267 272 296 250 283 302 101 101 110 113 114 126 127 113 90 138 128 129 109 94 104 104 112 113 108 140 
433 255 96 480 256 611 53 180 271 415 546 495 427 476 390 337 236 113 277 447 633 245 453 568 148 426 529 247 421 554 461 202 469 0 532 547 394 560 222 551 576 524 543 441 440 375 338 288 276 220 238 240 225 258 284 262 262 284 283 270 247 178 193 203 221 204 170 222 193 173 444 456 463 415 402 443 408 436 444 446 369 362 352 376 375 375 366 357 370 339 
188 298 470 140 420 124 503 360 345 168 66 57 275 305 323 246 373 444 257 361 109 387 127 151 398 413 7 317 388 123 173 346 129 520 0 111 182 61 322 206 64 269 196 206 350 279 282 314 291 347 335 301 310 294 302 278 279 289 280 312 297 354 349 351 341 349 374 322 336 369 104 93 76 129 134 112 138 97 94 114 174 183 183 165 182 195 174 179 185 189 
159 302 507 248 481 210 525 386 339 145 55 131 371 398 274 241 430 488 287 458 117 445 111 242 419 483 115 384 476 212 127 369 103 544 111 0 256 57 359 299 128 363 303 160 440 235 253 390 349 383 387 358 368 323 373 349 326 343 323 378 310 385 359 376 359 369 380 349 368 397 155 150 154 171 185 172 183 165 152 182 208 218 207 196 185 201 209 196 198 216 
240 213 320 102 251 241 342 244 295 187 230 154 128 187 339 237 194 283 173 224 303 205 216 195 252 231 192 165 232 186 244 260 213 385 194 267 0 244 197 172 240 185 176 265 206 276 265 148 125 187 163 140 162 128 139 127 150 123 109 141 209 230 214 263 256 218 253 207 227 268 129 116 123 99 87 96 97 102 126 92 142 139 167 152 192 193 127 148 178 159 
195 313 517 198 475 160 524 393 352 165 12 102 330 362 312 269 405 478 296 407 95 435 123 199 419 462 64 359 453 161 166 372 123 560 64 51 235 0 361 235 75 319 245 188 405 265 291 364 338 395 370 339 367 333 348 324 332 321 325 362 320 386 373 388 371 364 389 351 371 397 140 135 135 160 167 147 163 145 135 155 203 224 213 196 198 204 216 210 201 227 
249 98 166 281 191 393 186 65 177 218 353 291 262 310 276 174 121 143 80 326 425 177 262 379 86 298 312 94 307 347 275 109 263 224 320 361 196 354 0 367 372 356 351 271 307 225 187 143 114 76 88 70 67 68 127 86 64 100 87 115 84 36 49 95 120 35 72 51 67 85 234 250 259 215 212 222 201 248 223 249 152 157 164 187 182 183 152 175 187 140 
359 387 478 93 371 125 523 415 472 318 252 175 161 157 473 370 338 467 332 228 244 339 307 72 440 276 189 311 254 105 342 427 281 543 204 287 176 238 351 0 198 96 18 376 227 424 416 295 276 334 334 311 337 305 278 287 318 280 289 299 365 403 402 435 426 394 415 380 412 429 211 192 197 218 219 202 197 189 213 160 282 285 294 287 309 338 273 290 310 310 
235 358 522 168 463 88 560 415 402 224 71 110 297 323 364 315 414 498 314 375 72 437 173 138 441 420 78 370 408 113 211 402 163 573 59 128 223 79 384 192 0 277 201 247 380 332 336 369 331 393 375 353 368 333 349 347 332 326 333 360 344 404 386 411 411 386 423 370 407 435 149 139 137 178 185 155 186 149 147 159 241 243 249 225 234 257 230 248 248 252 
406 399 443 136 315 201 500 398 470 351 318 229 117 75 518 409 309 430 360 136 331 300 349 156 415 198 264 301 191 171 402 433 353 536 264 365 178 326 361 89 279 0 91 409 143 455 432 252 261 315 304 303 317 301 258 277 313 271 262 263 370 393 388 435 435 373 423 397 408 444 251 243 231 264 255 229 249 224 260 202 312 319 335 315 343 361 296 327 357 320 
348 382 466 87 354 133 518 417 466 298 241 177 161 149 471 369 333 453 329 205 260 342 302 79 423 265 188 313 244 104 337 428 290 545 191 286 169 242 353 25 207 97 0 359 223 413 398 284 264 332 328 298 324 298 267 285 306 269 279 276 365 393 389 433 425 378 410 387 392 436 196 202 183 214 215 200 194 177 223 170 277 273 294 277 307 327 275 292 317 299 
33 196 419 285 427 330 409 273 193 70 182 199 370 424 119 102 360 383 183 472 276 391 79 338 318 485 188 320 473 291 36 239 90 436 193 160 262 198 259 370 249 424 363 0 445 96 119 332 290 318 312 291 283 255 320 290 259 290 270 330 199 275 266 257 219 267 271 237 246 276 178 180 184 176 177 187 184 190 160 205 136 147 128 135 92 86 136 131 89 130 
439 380 345 228 198 322 389 363 449 395 399 306 92 66 530 422 212 336 333 23 437 185 409 290 360 55 351 224 45 292 442 404 390 441 362 446 196 414 295 225 383 137 219 449 0 457 450 177 195 255 238 241 243 262 182 222 268 215 228 201 346 336 340 390 400 331 361 353 359 378 318 304 297 298 276 292 285 291 322 275 332 322 334 345 370 378 313 350 367 339 
96 149 373 335 413 386 353 227 122 123 266 275 395 462 62 63 344 332 165 487 354 378 150 404 253 491 257 307 489 352 112 192 159 383 267 242 278 262 222 417 321 447 417 83 470 0 56 323 287 302 292 274 276 244 307 271 246 268 274 316 162 249 216 191 157 223 223 191 212 219 217 237 239 214 223 238 221 249 200 251 146 148 137 157 108 95 165 131 115 149 
109 87 333 319 385 390 312 175 93 123 278 274 380 441 87 50 304 287 116 451 370 354 177 400 212 467 277 260 469 365 134 138 185 345 273 251 270 292 195 410 341 442 408 119 450 49 0 292 254 260 264 237 225 216 284 231 204 240 243 271 115 205 166 148 117 179 183 151 168 160 220 225 236 210 197 224 221 245 212 250 124 138 115 145 106 90 152 132 110 113 
326 220 184 235 110 363 248 186 304 292 377 287 150 214 390 273 63 188 187 188 423 76 323 331 177 176 317 52 185 313 339 221 307 283 319 388 136 374 143 288 369 266 275 347 178 326 300 0 46 65 57 64 87 95 25 80 91 63 74 29 194 158 159 220 240 148 186 191 187 206 238 258 254 231 204 232 207 246 249 232 226 213 235 236 260 274 207 226 260 206 
277 187 210 208 142 349 244 164 261 243 328 240 168 215 345 226 82 196 140 223 388 106 276 318 172 222 292 42 229 288 294 197 275 274 289 357 111 336 103 272 337 251 263 299 203 287 263 47 0 79 60 49 73 61 42 30 65 33 35 23 147 129 149 193 217 123 177 151 172 188 210 221 212 185 179 190 174 201 214 193 166 166 191 196 210 233 166 183 215 180 
315 168 139 284 131 410 181 124 240 277 373 306 215 281 335 248 55 130 159 256 441 106 322 367 115 251 333 40 256 352 317 177 311 224 345 398 187 388 80 338 394 319 333 319 248 294 262 65 77 0 18 42 43 64 84 76 70 76 83 66 147 85 105 153 169 98 128 139 139 145 265 259 274 226 222 251 224 267 265 252 201 188 218 217 244 241 201 216 237 192 
305 176 155 266 135 388 194 118 248 262 369 290 199 270 333 235 52 145 140 244 428 102 312 354 119 246 313 13 243 342 306 179 308 242 324 392 162 368 83 337 375 303 312 307 244 286 250 58 55 31 0 35 28 53 60 56 64 50 74 60 142 92 108 168 188 95 134 132 134 151 243 251 265 216 218 233 202 254 245 231 200 178 213 219 238 234 181 200 219 190 
264 156 171 235 164 369 211 122 244 244 344 274 209 255 326 209 81 153 129 257 420 124 288 333 129 254 292 33 259 305 285 171 277 240 305 350 152 349 79 321 366 300 316 280 247 273 231 64 44 43 44 0 29 46 55 29 34 44 53 57 130 90 113 165 165 96 143 128 123 155 226 232 230 189 189 214 196 230 213 226 177 158 182 182 208 210 163 178 204 165 
278 141 160 266 165 388 190 105 216 248 351 268 212 283 318 218 72 131 112 277 422 126 291 346 124 251 302 47 274 336 286 146 275 241 319 373 159 359 59 336 369 317 320 282 245 262 225 86 69 39 40 29 0 43 80 57 41 59 59 68 123 78 100 147 158 77 116 119 107 143 241 246 243 205 205 215 204 229 224 231 173 173 173 180 197 215 170 186 210 177 
252 137 194 230 172 356 220 128 214 209 324 258 204 274 294 189 105 172 103 271 398 144 254 328 141 270 271 70 265 301 269 161 253 253 281 327 138 324 73 297 346 300 298 270 255 256 209 87 53 81 55 42 36 0 87 44 23 56 47 83 106 89 106 146 159 93 123 96 114 140 199 219 201 169 172 199 170 197 207 194 148 128 157 153 177 177 139 145 184 137 
303 213 194 228 136 343 246 184 294 273 355 263 153 213 378 252 77 181 165 211 405 96 298 325 184 193 289 61 190 291 322 224 301 288 300 362 138 344 122 275 352 254 282 323 176 323 291 26 42 68 68 55 74 76 0 56 97 56 63 20 185 148 161 209 225 155 187 181 192 203 222 245 232 205 191 214 192 212 237 208 208 196 201 220 243 254 181 211 231 205 
262 170 193 219 168 353 228 140 238 239 321 245 175 243 318 211 91 167 124 246 401 138 267 315 142 231 278 56 237 298 280 182 263 262 289 340 120 325 77 287 335 282 279 284 234 272 245 70 33 63 48 22 54 27 59 0 51 15 24 46 143 115 122 174 194 109 163 135 147 170 199 210 204 168 168 198 165 208 200 201 151 150 163 169 186 206 148 175 188 159 
239 130 200 227 179 357 214 111 201 217 324 254 210 269 297 192 112 157 99 270 389 152 251 325 124 276 278 65 274 299 249 153 240 255 276 326 136 321 61 315 339 303 313 266 250 251 204 111 66 75 75 46 36 13 87 50 0 47 58 76 102 82 103 140 149 83 127 104 122 134 208 203 214 182 169 198 167 208 200 199 141 138 146 150 183 180 131 150 171 136 
264 176 200 206 151 332 251 161 246 237 335 245 170 237 323 218 92 174 128 235 384 132 274 307 152 234 281 52 239 294 277 190 270 268 289 340 113 326 95 280 339 275 269 279 216 280 239 60 30 62 68 38 51 55 50 10 56 0 21 36 132 125 136 178 197 115 157 131 150 175 211 222 209 171 167 181 157 200 216 200 165 145 174 169 189 221 152 170 192 160 
260 176 215 207 175 323 246 153 239 228 320 246 172 229 322 212 106 188 125 241 385 133 258 304 155 245 266 55 247 274 267 192 248 292 283 324 118 311 89 290 332 258 263 283 224 261 246 69 34 80 58 50 52 53 61 20 59 28 0 57 135 125 131 191 196 118 167 135 162 188 197 208 203 161 169 170 156 181 196 194 147 150 171 174 196 205 152 165 198 157 
303 211 196 227 128 346 248 177 281 268 350 279 161 225 370 245 64 186 168 210 424 86 305 321 165 201 309 45 206 311 313 209 295 282 304 368 136 353 109 279 350 260 276 319 192 305 284 22 38 74 49 53 70 83 28 48 81 54 43 0 177 133 146 206 215 132 180 159 166 193 221 233 233 214 205 204 194 232 241 224 200 178 214 203 237 235 190 202 231 189 
191 29 231 275 267 390 219 78 116 162 315 273 301 352 210 105 191 193 41 362 402 239 212 373 116 354 279 150 361 348 206 85 216 243 287 299 197 310 86 378 348 366 356 202 337 158 122 196 152 144 151 117 124 97 176 141 99 151 134 174 0 99 73 79 78 73 88 35 74 100 206 222 223 176 174 206 180 213 203 235 128 120 118 127 139 130 131 115 132 114 
277 104 149 313 195 443 163 29 178 247 391 317 278 343 283 191 134 101 108 336 462 170 304 421 51 328 337 107 328 387 282 83 290 186 359 392 222 378 53 388 406 386 389 281 322 248 194 160 130 86 93 102 76 97 141 122 102 122 120 150 87 0 24 71 93 18 46 61 54 75 257 273 289 237 242 266 230 281 261 272 196 188 181 208 203 206 189 194 213 174 
245 86 170 315 219 421 177 35 143 230 363 312 300 351 264 159 158 129 93 351 446 199 279 400 64 349 342 128 349 384 279 67 273 194 332 363 216 367 36 395 388 380 391 252 334 226 183 170 151 115 111 115 88 89 157 132 89 133 140 160 69 41 0 63 79 19 36 34 30 53 258 272 274 240 226 251 237 267 256 263 180 162 163 193 193 193 171 175 187 161 
240 75 194 358 273 452 182 53 109 243 382 338 337 416 225 155 211 144 106 399 465 238 273 431 85 389 351 187 407 406 258 15 294 199 358 367 262 381 93 426 421 434 422 257 389 196 142 211 196 165 165 158 139 152 222 179 153 191 193 204 84 89 71 0 37 71 46 51 50 37 275 283 290 261 250 268 255 286 278 297 194 192 178 200 197 190 184 196 190 162 
209 53 213 351 280 436 213 72 76 213 363 323 353 409 188 129 212 173 110 417 439 267 259 435 100 412 335 187 414 392 253 35 269 226 349 355 264 370 113 437 409 446 414 238 399 174 125 242 199 182 186 180 150 156 218 174 151 190 182 216 69 99 72 45 0 94 61 71 52 51 273 283 278 254 241 276 253 281 256 280 167 175 160 192 177 158 189 171 171 152 
251 99 153 297 207 416 167 30 166 227 364 300 284 351 275 183 131 123 94 342 449 185 286 394 53 335 331 119 327 369 268 86 284 200 343 362 204 383 44 391 390 380 379 277 328 225 182 148 143 90 100 92 78 84 145 119 92 116 114 138 70 24 13 84 94 0 55 52 43 61 263 265 264 219 221 244 219 251 248 270 184 168 183 197 193 198 172 175 184 154 
261 93 147 334 235 464 159 22 152 244 392 327 329 379 250 184 178 110 108 388 476 215 293 429 49 374 360 146 371 409 296 58 308 179 369 386 255 387 84 424 430 423 415 279 355 222 188 200 171 128 140 140 117 123 190 148 115 170 173 186 82 47 51 45 71 51 0 54 23 29 286 293 295 258 253 287 259 290 283 289 201 201 188 219 206 205 205 198 212 192 
218 57 196 301 243 415 190 48 129 192 348 282 300 351 235 126 176 157 72 366 418 209 249 397 82 364 315 149 357 360 242 64 247 232 308 336 211 344 55 391 384 380 371 224 347 184 140 194 164 125 132 119 101 108 174 137 99 145 132 158 41 60 52 63 59 51 55 0 28 64 228 246 260 218 202 224 213 243 222 255 156 151 150 154 159 164 157 139 155 141 
236 76 181 333 251 430 178 25 140 224 372 327 319 372 232 146 182 131 94 375 453 211 285 421 66 360 344 154 380 385 272 38 277 194 344 358 233 367 76 409 396 398 410 246 369 212 166 186 171 123 143 136 106 118 193 140 105 153 147 184 74 56 33 39 53 36 36 40 0 46 268 285 282 238 232 270 233 280 261 285 166 176 175 187 180 176 171 177 184 159 
253 85 170 356 255 470 153 35 125 246 400 353 344 394 244 163 192 142 120 401 467 229 290 454 73 381 367 162 403 411 285 31 297 184 376 393 273 402 99 432 422 437 420 262 376 209 169 217 183 146 167 151 137 145 203 168 151 184 171 189 96 75 57 38 62 65 38 57 40 0 286 294 301 272 254 295 257 289 292 305 205 205 197 209 197 194 195 199 202 175 
158 226 388 127 344 200 417 276 269 115 140 68 222 272 281 197 280 362 171 330 212 324 116 180 303 350 96 247 340 148 148 275 92 443 87 162 127 128 238 208 158 259 204 160 315 223 210 245 214 256 249 230 240 199 221 195 191 201 200 229 210 258 244 271 276 259 288 232 270 298 0 28 42 44 54 41 40 41 18 46 95 113 120 94 111 139 85 115 133 122 
166 223 401 123 366 184 420 294 283 125 123 41 227 268 294 204 287 371 201 323 186 313 125 169 311 341 83 262 353 131 163 283 113 456 78 153 133 120 238 192 133 249 198 174 309 243 230 254 209 259 259 231 241 212 225 212 210 211 201 248 218 284 261 295 287 265 306 246 282 299 17 0 13 58 59 26 48 30 28 52 108 120 133 106 133 161 113 122 132 144 
172 230 397 111 346 176 431 285 289 127 125 52 227 254 294 209 289 361 196 302 186 313 127 171 325 343 80 260 334 127 169 299 109 460 92 157 117 137 243 197 139 228 195 185 291 236 249 244 218 265 257 224 239 216 239 220 206 206 200 226 223 290 276 299 293 267 309 253 278 305 39 20 0 42 60 41 64 23 50 34 131 120 131 116 150 157 113 127 137 137 
153 189 357 122 333 220 392 258 254 106 161 91 223 265 260 176 266 334 157 296 236 296 133 199 277 325 113 224 323 173 158 252 125 419 114 185 113 154 199 221 185 264 216 183 293 203 196 217 195 241 225 188 215 168 196 171 184 179 168 198 194 238 230 263 238 222 258 203 228 273 34 42 61 0 24 26 27 41 49 65 87 80 101 80 117 132 68 100 118 110 
163 193 350 127 310 217 386 254 271 109 170 94 200 259 271 179 252 323 152 304 231 284 136 195 278 329 129 209 313 163 166 247 116 415 120 184 102 161 200 223 181 247 205 170 285 221 211 221 171 230 219 184 196 176 198 170 163 177 150 199 171 227 231 247 249 217 260 197 231 265 45 56 46 10 0 44 6 52 54 66 91 79 91 84 105 129 74 93 119 102 
167 219 368 119 322 187 400 273 278 137 141 59 200 265 295 188 273 349 168 302 219 292 142 179 301 323 91 218 313 150 161 265 124 431 111 167 105 148 224 189 167 247 183 197 284 234 225 222 202 242 241 210 212 193 216 197 186 190 181 222 215 263 256 285 258 248 282 222 270 296 24 31 22 43 33 0 27 24 31 32 101 108 120 98 126 140 96 114 128 119 
168 206 355 125 310 202 382 255 267 112 169 94 204 245 280 186 247 325 158 296 231 281 138 201 280 309 128 217 315 170 167 241 130 404 134 178 80 161 195 198 185 240 201 195 277 231 223 204 179 215 218 183 196 173 187 162 164 160 159 191 180 229 236 247 237 221 248 208 234 257 55 60 52 24 19 43 0 39 55 48 87 86 104 88 110 145 77 92 129 113 
172 241 382 103 349 185 405 283 302 124 137 52 202 267 303 205 267 362 178 302 194 298 145 162 302 333 94 247 317 143 179 288 115 454 100 175 111 143 245 178 148 228 187 186 297 233 231 233 204 249 243 213 221 192 217 200 196 208 182 215 222 279 271 284 278 257 293 240 264 307 34 35 27 39 37 27 34 0 38 32 116 119 138 116 139 156 102 124 141 131 
141 222 395 131 354 194 411 274 271 99 131 77 248 294 257 176 278 347 177 330 197 325 95 203 295 349 87 244 360 167 133 272 98 444 87 142 121 139 233 225 156 259 224 150 323 220 202 248 204 264 255 224 227 201 239 215 192 208 187 240 202 257 255 269 268 248 285 236 249 291 25 25 44 38 52 32 56 42 0 68 95 109 109 84 122 123 89 110 124 113 
208 238 389 84 327 159 414 289 300 147 153 59 190 242 312 219 259 366 189 271 219 297 163 158 305 315 103 236 314 112 183 296 146 437 116 179 90 155 230 168 157 201 154 222 271 255 244 218 194 242 249 226 235 197 214 199 198 189 181 214 223 277 260 295 279 268 299 245 286 302 49 56 44 48 57 40 49 31 55 0 131 123 146 119 167 177 124 132 157 141 
119 121 312 194 303 276 341 188 192 81 215 157 256 309 206 100 235 285 94 341 289 285 119 272 214 365 173 194 363 243 128 190 119 368 191 196 153 218 158 296 235 318 278 136 339 158 137 208 173 209 189 167 176 141 202 165 148 170 155 206 128 178 163 185 167 166 189 148 171 193 101 116 125 79 77 105 83 115 100 143 0 14 16 33 53 65 14 12 43 17 
122 119 310 187 306 289 317 181 179 100 218 153 247 309 219 109 227 269 80 342 295 264 132 279 213 359 190 183 346 248 131 176 121 359 196 213 133 211 150 290 254 304 268 136 312 157 138 198 156 202 183 150 157 136 196 143 127 161 143 191 109 186 169 188 180 156 183 147 176 186 103 130 122 87 83 113 88 108 100 139 20 0 30 36 68 78 10 33 68 30 
99 107 319 209 320 302 332 193 175 82 210 163 266 330 199 97 255 286 79 354 298 296 115 298 217 366 193 203 376 256 130 165 120 367 179 198 164 216 156 310 239 321 306 120 345 138 127 234 183 209 203 187 187 142 200 171 158 180 171 215 106 187 175 183 175 183 198 151 170 198 117 132 132 105 95 120 100 133 113 155 26 24 0 31 43 48 43 10 45 20 
109 149 340 191 321 275 343 203 204 62 192 143 260 313 211 115 260 297 100 356 279 288 104 271 241 369 152 202 361 228 110 194 112 368 174 190 152 193 170 271 218 322 267 119 341 141 139 228 191 227 221 183 194 156 210 169 159 181 177 201 129 206 187 197 192 185 206 155 195 212 80 97 109 83 74 95 92 112 78 130 26 46 29 0 54 64 32 21 52 46 
89 128 339 232 356 298 349 217 167 55 204 171 290 356 164 87 264 309 109 393 288 305 96 307 232 404 187 234 406 252 89 179 103 382 177 193 174 207 190 310 240 346 306 88 371 116 114 250 221 244 237 194 212 170 228 189 175 202 192 238 136 207 178 192 169 183 206 163 196 210 114 143 147 106 116 132 112 139 105 156 58 64 26 50 0 17 67 29 11 38 
68 132 335 254 360 312 350 216 166 65 209 183 306 376 163 59 280 299 118 404 303 332 95 308 235 413 187 249 404 282 83 179 116 379 207 201 206 211 179 338 257 363 322 89 386 106 92 260 226 250 240 219 223 193 254 213 191 216 205 241 123 202 197 188 176 185 199 151 176 207 147 156 149 132 140 142 142 164 127 173 58 72 50 64 36 0 73 62 25 71 
128 130 313 186 298 267 334 197 194 91 204 145 257 314 215 113 235 277 87 331 275 269 130 265 229 354 170 181 343 230 133 195 130 368 172 213 126 217 155 265 233 307 266 148 314 158 144 199 167 204 193 162 173 138 199 163 146 151 152 180 130 181 170 192 184 180 197 160 187 195 104 109 118 80 72 107 80 109 89 113 21 11 29 32 65 79 0 43 74 37 
101 129 320 214 315 290 337 194 174 70 213 162 273 328 194 85 242 290 98 366 294 292 111 292 229 367 171 199 372 247 126 187 112 357 179 205 163 212 171 301 232 327 282 131 342 133 126 221 186 219 209 181 174 158 216 177 156 169 163 217 128 197 178 190 166 170 204 150 166 202 104 116 128 92 94 106 105 124 100 135 32 36 20 35 40 58 26 0 40 23 
85 120 343 239 341 301 342 205 158 55 195 173 308 363 157 81 276 296 95 383 281 306 100 304 239 396 176 225 394 273 97 185 102 365 183 183 175 214 186 329 241 344 325 89 367 108 111 255 212 227 236 203 208 167 240 206 182 205 184 229 125 201 183 188 167 201 199 168 180 213 116 129 151 110 108 138 125 137 117 154 48 65 41 53 11 17 58 44 0 47 
125 117 302 226 310 301 317 177 169 78 218 165 273 328 203 101 238 270 77 346 300 265 131 290 216 360 186 186 370 249 134 174 120 349 200 218 145 223 145 307 246 338 305 134 339 150 112 222 175 196 199 165 162 146 197 157 137 156 160 198 111 167 158 169 165 155 190 132 170 186 129 130 142 93 105 128 110 126 123 148 27 19 24 34 49 57 29 23 48 0 

Depot information
403 175 1
248 113 1
19 100 1
273 405 1
0 244 1

Cust information
383 477 1
29 43 1
159 100 1
286 39 1
371 210 1
453 342 1
359 352 1
137 403 1
118 462 1
407 49 1
327 125 1
74 222 1
56 96 1
244 161 1
59 447 1
491 416 1
35 248 1
413 236 1
334 481 1
125 93 1
12 413 1
394 354 1
116 222 1
25 428 1
340 444 1
420 196 1
206 73 1
407 247 1
21 7 1
401 356 1
477 302 1
223 324 1
453 346 1
164 156 1
267 491 1
431 406 1
183 498 1
260 485 1
418 167 1
64 430 1
377 97 1
334 95 1
101 263 1
140 252 1
108 198 1
116 209 1
142 213 1
139 198 1
168 210 1
120 263 1
153 233 1
171 204 1
151 242 1
160 243 1
119 254 1
228 135 1
148 125 1
170 121 1
194 73 1
221 72 1
161 130 1
162 90 1
202 121 1
182 101 1
176 73 1
334 303 1
339 317 1
333 325 1
311 290 1
302 290 1
315 313 1
299 296 1
322 322 1
340 294 1
306 338 1
302 215 1
291 218 1
309 202 1
317 224 1
334 192 1
341 176 1
296 227 1
311 207 1
334 188 1
296 200 1
