Seed 123 - Instance: n90m10_0
n 90
m 10
Q 9999
L 3
U 15

0 352 356 162 309 367 209 366 114 406 284 338 299 307 306 257 374 366 234 274 416 484 328 400 477 389 507 223 105 48 224 110 267 412 182 438 327 364 333 329 128 160 271 72 324 106 300 135 210 357 425 384 503 165 365 353 336 400 370 399 366 335 331 354 360 389 342 376 362 405 357 150 92 102 113 139 95 152 151 118 110 140 87 430 468 483 452 440 469 447 474 503 409 474 480 466 321 285 295 286 
350 0 428 214 554 295 263 69 268 382 196 560 466 362 110 140 373 277 195 136 71 344 16 305 383 475 421 273 408 321 441 261 304 341 310 241 501 401 516 510 242 235 130 384 527 247 64 210 174 251 438 313 360 243 24 87 73 85 84 66 76 78 38 75 30 76 83 64 27 117 93 367 336 332 332 403 362 360 353 323 349 390 345 288 327 290 272 292 301 314 301 328 253 268 261 317 353 367 363 357 
353 430 0 383 197 199 202 403 382 163 253 222 87 89 349 450 125 196 257 463 495 279 435 216 255 58 245 191 296 329 163 384 146 206 201 300 132 66 146 121 311 435 315 305 169 356 449 341 440 219 87 189 294 431 437 389 389 428 399 435 392 393 408 392 429 421 370 412 442 411 371 208 272 251 239 237 270 220 206 237 258 228 270 268 276 322 284 265 311 230 302 309 267 332 351 275 109 87 96 94 
157 201 393 0 416 327 195 231 75 385 217 431 368 324 191 114 363 325 172 124 257 444 210 360 452 420 485 202 239 134 319 72 278 376 210 358 397 358 416 405 83 63 162 219 420 64 160 66 73 290 439 325 457 59 208 235 227 262 253 262 228 215 205 223 219 252 219 250 228 282 235 229 171 180 193 247 206 231 220 184 193 243 194 362 397 409 365 369 412 392 407 439 330 390 384 402 323 309 319 291 
308 557 196 430 0 386 297 522 400 351 379 31 139 245 454 509 298 378 355 516 606 483 547 390 437 214 460 278 230 318 124 389 270 392 240 484 80 252 75 86 350 454 435 240 40 365 540 377 483 381 277 371 485 447 562 510 515 564 523 576 534 509 521 518 556 549 503 546 546 547 512 215 267 262 239 188 234 196 218 250 241 191 244 461 464 504 480 439 486 418 502 500 443 515 520 460 270 224 241 238 
379 287 206 323 381 0 187 243 354 102 108 398 263 155 199 343 102 21 166 356 326 140 280 45 120 219 164 173 374 353 285 361 127 52 203 105 311 152 326 298 278 385 195 370 349 328 315 293 351 45 182 37 151 384 283 221 225 256 235 274 232 232 263 216 268 258 212 251 285 240 223 290 302 292 285 310 330 285 278 280 299 298 314 80 108 134 98 85 113 78 125 132 77 149 158 92 113 170 154 163 
201 256 207 193 290 189 0 241 196 239 107 319 208 134 181 257 190 174 67 253 320 297 257 213 291 256 324 45 208 175 175 189 84 227 52 252 259 178 260 267 120 240 142 201 278 156 256 133 241 154 246 178 304 238 275 218 215 291 250 278 238 233 237 224 254 258 223 268 267 272 228 134 130 113 132 162 151 142 104 111 148 156 143 252 272 285 254 250 295 237 288 301 221 280 284 267 134 114 135 114 
360 66 403 234 536 242 247 0 297 337 173 559 441 330 85 177 339 234 179 170 89 294 64 263 331 447 371 255 423 319 416 295 282 283 294 197 480 351 501 478 232 274 117 403 511 269 111 237 198 221 407 262 305 277 54 33 46 59 35 40 27 25 38 35 49 43 36 23 50 68 49 366 341 316 347 394 374 359 345 325 343 381 357 236 275 249 233 257 251 261 249 295 206 211 227 270 316 330 328 322 
99 263 399 77 399 372 212 291 0 427 254 418 369 328 243 161 385 357 203 164 322 479 264 381 487 441 502 224 201 94 305 23 295 412 206 402 394 373 401 388 92 66 208 165 393 53 209 76 110 329 446 371 481 58 279 285 272 335 310 324 282 271 271 287 281 322 284 304 282 327 278 212 143 166 169 224 187 222 203 173 176 215 161 416 437 457 412 429 438 433 439 475 374 437 429 436 335 313 321 304 
418 364 158 387 343 94 239 327 415 0 187 356 229 138 287 433 48 96 234 438 410 136 359 90 102 163 124 205 381 392 286 413 163 51 234 171 272 113 296 280 329 442 271 398 324 377 412 344 429 122 109 73 145 462 385 300 299 339 321 361 328 325 362 319 355 344 295 329 354 309 311 301 339 330 310 330 345 308 292 316 342 323 343 141 135 188 160 120 154 93 157 164 149 208 214 139 115 161 139 160 
284 214 245 232 368 113 116 174 252 191 0 402 282 177 106 238 189 95 60 255 257 215 187 129 227 271 260 117 298 246 260 258 132 164 162 150 334 200 340 315 182 270 108 295 351 228 220 194 252 92 259 116 245 285 205 151 156 198 173 204 176 159 181 141 204 185 135 192 194 190 149 234 228 217 214 256 256 241 208 215 244 248 258 154 184 204 175 171 187 165 200 225 133 183 191 174 143 164 175 159 
334 575 215 435 29 399 325 548 424 368 389 0 152 253 479 525 312 399 382 534 625 491 554 405 458 224 453 287 231 331 150 409 292 395 277 498 86 264 73 104 370 472 447 274 55 390 543 391 496 413 292 371 507 479 565 535 532 591 556 583 542 533 552 537 561 579 532 557 561 578 520 230 284 276 257 210 238 210 236 272 250 202 260 476 468 513 491 462 505 438 501 498 466 538 527 474 285 246 255 244 
311 448 92 360 125 264 210 429 358 222 264 153 0 110 366 445 192 258 270 459 501 368 448 269 330 108 326 192 225 285 84 350 156 267 171 366 71 145 79 58 293 419 327 244 107 321 457 330 425 279 172 251 354 423 468 416 415 459 426 463 437 416 445 414 449 444 410 452 466 450 400 179 225 218 191 179 204 171 170 206 218 165 220 335 347 388 353 323 363 301 380 379 327 390 397 332 142 111 112 111 
308 363 78 308 248 146 130 334 330 132 174 246 126 0 273 380 93 149 185 375 411 254 348 159 220 115 248 126 261 273 145 327 70 167 130 254 182 58 184 168 255 359 257 271 198 278 368 265 357 171 131 129 271 378 366 307 316 373 318 383 319 323 345 316 365 343 307 352 357 338 302 182 226 214 189 199 228 171 176 194 214 187 226 230 233 267 256 209 256 201 265 261 212 296 290 229 42 34 15 31 
293 104 357 179 468 214 182 80 242 297 120 475 377 276 0 155 293 186 121 164 141 292 96 229 306 374 339 197 340 269 348 232 218 252 226 195 412 307 428 408 177 241 49 335 444 216 133 182 180 179 352 218 291 234 101 73 64 113 85 117 65 64 85 62 88 109 60 91 102 115 62 285 265 250 279 326 293 289 282 254 285 321 285 214 252 232 221 228 251 247 235 279 171 214 215 238 257 258 277 263 
256 128 452 116 523 352 249 161 162 419 247 532 447 367 166 0 410 328 205 21 185 426 137 375 441 488 483 266 342 241 407 171 312 400 283 328 491 412 505 499 180 125 159 315 507 163 60 146 55 302 466 362 443 124 129 190 184 201 200 178 176 176 138 181 141 204 179 181 156 214 187 316 265 279 282 331 305 331 298 282 289 342 282 370 395 393 360 369 394 400 390 433 326 364 367 397 361 370 369 366 
375 380 115 365 311 112 205 330 382 57 171 317 181 85 292 417 0 106 212 420 402 190 360 99 147 129 159 169 348 355 226 380 124 83 211 198 248 59 259 239 295 423 269 347 270 339 386 317 392 143 80 91 178 419 384 295 301 362 310 367 325 324 341 307 367 348 292 336 357 332 301 263 304 277 270 291 298 256 240 270 291 280 317 175 163 203 198 159 193 137 205 189 183 239 238 164 73 124 100 126 
374 278 205 325 375 18 164 236 350 110 110 386 261 150 187 342 110 0 147 348 316 143 274 44 137 239 162 165 354 330 287 354 139 74 207 119 314 144 330 313 271 373 198 357 358 307 305 283 332 27 183 32 148 386 273 214 215 262 221 260 228 228 258 207 278 249 216 242 274 226 202 280 288 287 281 305 315 275 272 274 300 308 304 96 102 148 109 95 124 74 129 132 87 152 157 98 111 170 150 158 
245 206 245 174 370 159 80 190 216 228 71 387 267 172 105 211 216 148 0 221 259 270 193 181 274 302 312 82 264 195 242 209 129 212 122 204 320 211 334 313 127 228 83 251 334 164 204 143 194 133 278 170 292 241 208 161 156 218 189 213 177 163 177 151 195 199 151 187 200 200 162 191 181 175 183 226 211 193 169 164 187 210 203 208 243 243 226 226 252 229 247 283 178 246 251 231 172 165 167 180 
274 136 458 115 521 349 259 168 167 441 246 550 447 378 159 13 425 346 221 0 180 447 122 376 467 505 485 279 354 236 409 184 328 408 296 338 497 426 511 495 183 127 167 318 514 180 65 148 68 310 476 372 457 139 142 202 172 203 206 187 176 171 146 184 145 203 177 179 147 221 192 336 275 271 308 346 318 327 322 287 294 340 287 366 415 390 363 393 403 398 395 435 324 375 380 392 367 363 387 377 
412 70 485 255 612 315 308 99 312 417 258 613 514 420 160 176 404 308 247 178 0 353 86 334 401 528 423 336 481 371 492 321 355 371 368 257 569 440 571 561 296 293 190 442 580 320 124 270 223 282 482 336 369 301 57 109 114 72 104 67 90 105 88 110 68 78 110 76 64 114 108 417 392 385 396 448 428 429 399 385 404 434 401 296 328 314 298 325 317 354 316 343 276 263 268 329 382 405 411 402 
496 347 283 430 472 139 303 287 466 151 221 486 365 256 278 428 186 136 277 443 356 0 330 102 57 295 79 283 491 467 396 469 244 110 339 109 415 235 420 412 391 482 284 475 447 434 400 408 444 148 228 142 32 502 340 264 280 297 265 314 288 291 331 286 338 284 273 293 318 269 270 402 431 399 414 434 434 399 400 397 437 418 434 68 41 65 74 58 44 74 57 25 124 104 110 48 221 275 266 284 
346 22 420 206 538 281 239 55 247 372 205 552 440 350 86 133 352 279 192 125 72 333 0 290 370 465 412 265 407 317 411 257 293 323 299 247 501 384 510 489 226 240 122 383 520 245 71 198 170 242 435 290 359 227 38 81 79 78 83 80 69 63 26 73 25 71 73 77 30 107 81 363 319 313 327 388 370 362 342 317 333 384 348 281 316 295 260 304 288 311 304 337 229 267 274 307 333 340 345 353 
403 308 217 343 394 41 209 258 394 79 140 402 283 162 229 355 113 51 198 382 324 98 286 0 91 231 139 191 400 368 314 381 158 49 234 106 322 148 346 330 300 401 228 389 366 338 341 314 380 67 168 38 113 412 303 220 225 279 228 277 254 236 284 229 288 266 238 263 299 231 235 314 338 306 318 337 347 306 299 310 322 320 336 65 78 115 81 59 95 42 98 110 79 128 138 74 134 174 171 185 
479 375 245 447 436 123 287 323 477 96 237 465 312 237 306 454 149 132 287 457 406 62 368 97 0 243 53 273 463 456 363 463 230 73 328 143 375 205 385 369 401 506 304 460 399 431 416 409 454 145 179 114 60 499 368 301 305 336 311 355 330 318 355 299 358 314 290 318 365 302 300 383 415 386 397 421 432 391 376 381 413 394 421 112 62 124 124 76 91 58 114 68 144 141 142 74 200 257 230 248 
378 479 59 417 216 221 259 444 441 165 283 230 100 127 376 497 127 240 292 491 520 306 460 236 254 0 247 226 321 380 192 431 184 211 241 317 147 87 150 134 359 475 357 338 174 381 492 377 480 249 82 215 288 470 479 420 405 472 430 473 443 413 457 424 472 449 412 451 470 431 419 263 301 289 285 268 306 262 258 274 293 259 304 298 284 335 321 273 318 252 314 315 294 360 366 277 127 138 126 146 
511 416 257 481 455 163 316 360 510 125 263 472 321 253 331 487 157 160 306 484 426 85 410 127 54 244 0 298 496 488 374 504 265 104 348 175 389 201 401 368 420 525 353 487 427 472 444 441 490 180 187 148 68 538 415 340 334 363 328 376 359 346 400 348 402 361 339 352 397 324 337 402 429 412 421 436 450 409 401 407 435 433 458 133 113 151 149 117 122 110 132 92 178 190 173 101 217 263 257 261 
207 271 187 214 279 167 36 271 222 212 105 304 185 115 189 273 179 156 83 288 336 297 274 203 281 232 306 0 205 193 169 212 64 212 51 253 239 163 254 244 137 261 161 203 250 190 277 164 254 152 230 164 312 257 296 240 228 294 263 303 260 252 263 234 288 275 228 274 278 292 238 126 147 118 131 164 152 138 115 109 142 152 161 247 254 291 259 237 286 231 280 288 216 285 294 254 112 105 117 92 
102 417 295 234 224 368 197 409 198 390 302 231 227 257 340 347 337 362 269 355 465 490 396 386 472 325 494 216 0 120 159 198 254 398 162 441 251 304 247 247 188 254 302 34 237 190 365 206 293 363 366 368 496 248 418 410 390 448 426 457 405 403 400 399 430 446 391 421 422 444 408 85 88 91 102 55 61 102 103 106 86 80 68 449 458 492 454 448 469 431 481 505 404 491 499 462 287 249 261 248 
40 323 322 125 328 349 171 323 94 381 252 335 282 275 273 230 353 324 215 250 378 469 299 369 452 365 484 179 111 0 231 85 242 395 149 408 307 336 318 330 92 150 236 85 310 81 284 112 194 320 389 346 484 142 325 327 314 379 341 364 331 311 308 313 326 347 325 341 324 376 316 132 67 78 110 126 105 127 128 93 86 134 85 401 419 439 410 415 432 410 438 454 370 439 439 434 285 254 274 264 
233 430 164 310 118 284 176 417 293 285 270 136 82 150 337 393 232 290 236 401 478 398 424 294 361 193 383 158 163 218 0 295 171 309 126 377 108 181 118 102 240 347 318 165 105 267 413 269 375 288 246 266 395 357 428 395 390 453 424 462 411 391 421 401 429 446 395 433 432 437 392 94 153 152 125 117 130 88 115 143 152 93 155 362 370 405 370 360 389 341 398 410 353 408 419 370 173 124 147 140 
107 273 375 69 397 363 191 281 19 424 263 398 349 330 233 166 376 341 202 182 317 472 255 377 471 423 495 228 187 86 299 0 269 403 205 382 382 363 397 397 96 66 191 167 374 38 207 68 130 332 433 351 476 64 274 291 269 334 320 326 288 282 271 277 277 316 270 310 282 329 281 193 143 157 164 199 180 201 184 155 154 198 154 403 443 434 413 409 436 423 432 458 374 418 427 436 336 303 318 304 
262 302 139 275 269 137 99 278 284 148 115 282 151 64 224 329 119 124 130 325 373 248 302 152 232 185 257 71 243 252 171 286 0 166 94 232 212 114 219 216 200 330 189 248 247 232 310 229 315 132 179 116 259 324 322 261 252 315 281 329 273 266 300 255 305 308 246 290 312 287 267 154 191 175 164 195 195 159 158 165 191 179 216 214 212 266 223 212 252 195 240 264 192 255 277 222 58 58 53 46 
411 330 200 377 376 53 215 296 410 56 170 397 255 154 250 402 98 71 221 409 376 106 330 53 72 200 102 208 396 382 308 400 154 0 246 138 326 141 332 317 316 424 246 404 346 361 372 333 403 93 143 53 104 426 347 249 270 298 260 325 289 275 320 263 324 297 263 302 316 273 256 317 351 330 318 354 362 326 303 322 339 339 358 92 75 134 113 80 126 56 125 117 110 148 155 74 134 187 161 190 
177 319 201 218 249 218 61 305 211 253 165 272 182 134 218 286 204 208 117 304 358 339 297 238 326 235 346 57 174 153 130 193 95 240 0 294 220 182 229 216 126 244 197 169 227 169 303 162 267 209 240 200 345 259 326 270 261 342 299 331 299 272 287 282 310 324 280 311 322 323 268 82 109 86 88 126 111 81 59 74 98 99 110 286 299 330 291 278 318 277 319 329 255 322 337 297 133 118 121 104 
428 242 297 354 491 122 256 205 398 180 154 488 357 256 182 338 210 101 210 336 269 99 233 102 142 322 181 258 438 399 390 386 221 125 295 0 424 253 434 413 313 396 217 443 456 353 293 332 353 94 273 132 116 408 239 155 176 207 162 221 180 183 234 184 238 182 179 202 227 162 174 357 380 347 355 402 392 370 356 346 385 377 388 57 89 54 41 81 69 99 75 105 37 41 54 76 212 255 248 271 
329 517 137 404 80 326 269 479 387 277 323 90 77 176 420 480 247 314 320 503 560 414 494 325 380 155 391 245 240 309 104 383 227 325 213 422 0 189 15 33 327 452 378 262 36 355 510 358 470 327 211 303 426 455 508 465 451 513 482 525 490 460 490 465 505 506 455 498 503 493 457 199 257 255 225 197 220 195 208 231 243 189 256 393 384 446 416 383 414 354 435 427 380 461 468 398 202 164 179 169 
348 399 57 371 262 140 198 362 374 103 206 270 127 55 299 420 52 151 223 421 434 243 383 154 192 83 212 171 313 340 182 363 99 142 178 248 189 0 200 174 289 425 279 310 222 330 397 311 413 160 75 134 228 413 393 322 323 395 355 400 360 344 364 326 385 370 318 373 393 362 328 223 271 246 253 268 280 236 219 249 272 235 275 224 209 252 234 195 235 188 245 247 226 274 282 217 64 84 69 85 
319 515 138 424 66 340 272 495 402 297 338 82 89 181 430 497 248 321 325 520 577 419 505 354 384 162 394 245 247 326 117 382 225 338 216 427 26 213 0 30 334 449 389 275 29 360 516 360 466 335 217 316 428 458 522 474 469 544 493 548 489 479 498 475 527 521 478 508 526 512 468 208 268 244 229 203 242 192 209 231 235 195 262 400 397 449 424 403 433 381 432 434 408 459 480 414 212 194 186 194 
336 496 134 401 88 309 251 484 395 268 327 106 62 166 416 495 221 313 316 492 558 395 487 317 361 120 361 236 245 328 103 392 209 308 212 412 28 187 39 0 337 446 389 278 61 360 507 367 462 314 192 282 409 441 520 458 464 521 474 526 483 468 495 453 502 497 454 492 500 499 468 209 261 259 236 207 235 202 201 237 248 196 253 382 378 436 394 366 417 355 409 418 387 440 455 376 206 159 179 167 
120 233 320 88 347 276 125 250 97 338 176 362 289 253 182 180 314 266 136 177 300 400 220 298 397 351 413 144 183 97 250 91 202 316 132 322 331 297 349 331 0 140 147 169 338 60 209 47 131 247 353 278 396 133 239 230 220 292 267 280 241 233 218 233 241 279 233 269 256 290 228 164 104 115 126 180 150 169 152 110 131 170 124 329 356 377 338 328 359 332 363 389 285 359 354 360 244 221 236 220 
155 235 435 56 453 385 241 279 60 449 286 473 405 376 238 132 417 370 225 125 288 481 230 409 507 473 530 257 257 157 360 69 312 429 258 415 447 425 445 439 130 0 207 228 455 104 188 98 88 346 479 395 512 22 259 285 262 302 302 286 268 261 249 270 266 296 262 294 253 323 268 267 195 204 219 275 234 269 252 225 230 274 216 421 461 458 417 426 457 445 448 483 392 438 447 460 377 342 364 349 
270 142 331 146 422 212 134 125 199 278 100 435 330 255 59 151 276 190 84 154 189 287 117 225 311 363 336 159 298 221 302 192 200 246 188 197 381 289 396 383 134 203 0 276 410 180 135 143 164 162 341 220 305 210 147 111 91 155 123 161 117 105 119 107 141 153 98 129 132 158 94 256 229 214 232 290 258 254 238 227 243 275 246 227 264 251 236 237 261 256 254 284 180 228 247 248 237 240 235 248 
86 386 301 218 247 353 206 402 174 383 284 273 245 264 337 307 343 350 245 320 457 475 377 388 467 333 495 203 29 99 178 155 250 401 154 432 262 321 274 263 168 223 294 0 249 162 342 190 271 347 373 365 503 216 398 377 370 428 413 425 385 372 371 369 399 428 373 401 403 433 388 102 70 91 77 73 63 93 114 103 67 78 53 428 441 470 447 424 473 432 472 483 405 475 480 454 297 254 257 250 
318 522 179 413 38 351 280 507 384 308 340 61 92 214 450 501 272 358 336 506 586 452 507 355 411 176 411 260 229 309 104 388 237 363 232 441 53 220 28 54 346 444 410 241 0 348 521 370 471 350 247 341 452 450 541 492 479 550 512 551 506 478 513 479 537 524 471 524 521 529 487 200 260 249 227 188 232 187 201 240 234 178 235 420 434 481 437 408 466 384 470 456 423 480 499 436 238 197 200 189 
114 248 351 64 367 316 162 263 45 368 228 395 328 276 217 170 348 301 166 180 309 444 235 349 436 380 459 184 181 75 269 40 244 371 156 362 362 327 360 367 43 100 180 161 362 0 217 39 122 302 400 327 456 98 264 273 250 312 279 296 272 258 240 247 261 306 259 278 267 319 267 181 106 123 149 178 159 176 153 133 145 193 121 367 393 401 373 385 401 371 413 425 330 396 404 396 284 260 284 272 
306 82 445 162 532 318 243 122 221 411 218 545 447 375 130 70 395 311 195 56 112 400 78 341 410 485 454 284 377 269 424 203 310 365 299 298 505 413 502 507 197 179 133 353 511 210 0 186 99 278 461 338 403 182 79 152 125 152 153 133 130 121 95 120 85 133 132 133 105 162 128 349 306 287 320 364 333 335 321 295 312 353 320 316 362 346 324 355 358 364 352 393 287 314 319 361 365 368 359 362 
131 224 338 58 377 292 145 233 85 343 180 393 319 268 176 142 315 283 139 159 269 396 203 307 413 386 439 172 209 104 258 88 215 340 155 320 357 310 367 357 40 100 138 179 357 43 181 0 118 256 392 286 412 107 215 236 207 265 249 264 221 215 216 211 225 257 221 241 226 281 227 192 133 145 159 209 180 191 164 139 158 195 151 328 364 376 340 338 370 359 364 399 307 347 372 367 262 258 261 246 
208 162 442 74 474 338 240 211 130 429 242 494 418 356 169 60 399 332 205 58 212 436 156 380 464 471 485 246 306 205 366 131 304 400 267 356 468 408 474 457 135 86 151 269 466 125 111 103 0 315 462 352 455 95 181 218 196 243 234 224 206 198 162 210 179 230 197 222 189 259 212 295 234 238 250 305 270 281 267 245 262 309 254 378 414 404 387 380 414 405 401 434 339 369 379 414 365 355 355 355 
350 247 230 290 399 49 172 212 335 137 78 415 262 167 175 302 136 39 137 319 284 161 241 58 154 240 193 150 362 320 296 336 125 103 190 107 323 163 348 319 250 347 173 341 360 287 278 255 314 0 199 65 168 356 246 176 194 236 191 247 204 203 239 190 238 227 190 210 233 195 175 267 289 266 265 313 312 274 252 267 280 302 293 90 113 142 107 98 141 102 125 154 62 134 146 121 135 178 165 177 
408 454 100 423 286 169 243 406 448 109 253 299 181 117 353 466 86 181 268 480 482 229 426 181 171 74 176 234 370 394 234 428 166 142 248 266 212 70 233 199 355 478 342 388 260 399 453 375 468 207 0 154 224 482 447 366 384 435 385 429 405 383 430 373 433 411 376 419 427 387 372 287 346 316 306 312 342 295 290 316 333 300 336 240 210 278 260 206 245 187 257 248 243 302 289 215 123 150 137 140 
368 312 179 331 372 25 189 253 374 72 130 372 255 139 213 356 86 32 163 361 333 130 305 40 126 208 153 171 361 341 272 354 124 50 201 120 302 120 312 286 271 394 214 367 325 324 323 297 349 68 166 0 143 384 305 236 240 276 244 291 264 238 276 236 288 275 229 269 303 253 234 285 304 277 275 320 323 290 254 284 308 302 321 98 113 154 123 81 133 88 129 141 105 160 162 109 95 159 138 160 
498 361 296 443 481 151 312 301 495 137 233 501 365 270 305 453 187 157 288 459 367 34 350 114 56 293 79 314 510 472 413 474 252 121 338 114 415 244 434 397 406 497 303 492 446 447 403 419 451 165 229 147 0 512 362 273 289 303 273 323 303 305 342 288 354 295 283 304 349 273 279 415 433 411 428 459 446 418 405 417 445 439 451 88 49 80 96 86 60 82 68 43 142 113 111 56 228 273 273 288 
170 249 426 68 458 384 236 285 62 457 275 467 407 361 234 135 429 378 223 141 302 501 233 418 500 475 531 257 248 149 359 72 324 440 263 410 435 417 449 443 138 11 204 217 450 107 183 104 78 358 480 393 499 0 248 292 271 313 307 300 267 258 247 268 268 295 267 299 258 319 277 267 206 212 223 259 238 265 251 216 215 274 203 421 457 466 432 446 469 443 452 480 396 442 442 454 377 347 370 349 
350 16 437 225 558 300 272 61 273 383 219 580 455 371 96 137 369 284 212 131 65 342 38 298 383 487 411 286 422 318 427 284 327 338 318 255 506 403 531 512 240 243 139 406 542 253 80 232 180 257 457 316 357 249 0 82 79 81 83 48 73 60 26 68 20 72 96 74 27 108 94 372 333 336 346 411 387 384 356 335 364 401 360 290 319 295 281 296 296 314 300 329 235 265 275 318 356 359 371 369 
351 86 377 248 502 214 236 48 300 302 151 524 400 303 68 193 296 195 159 193 113 257 81 219 303 408 340 236 414 333 387 287 252 264 283 170 475 339 482 465 233 273 108 376 491 265 134 234 210 178 374 232 280 277 84 0 30 76 34 73 39 44 74 28 66 44 22 36 74 56 14 347 332 324 325 372 366 348 335 319 343 362 345 209 235 207 202 214 216 246 220 256 172 189 197 229 283 304 295 297 
347 74 383 222 508 214 216 41 275 309 152 526 414 301 55 166 296 216 152 175 107 284 67 234 304 412 347 230 399 317 391 277 249 257 265 188 457 333 472 465 221 258 95 365 482 244 119 205 206 188 384 233 295 259 71 19 0 81 54 78 25 24 58 15 77 59 18 52 77 66 20 345 321 299 311 359 347 344 315 303 325 361 330 214 245 227 210 231 244 247 228 263 167 197 198 237 286 293 294 309 
394 90 428 267 571 271 287 47 324 351 200 584 460 368 117 213 365 265 225 195 84 305 89 280 336 475 373 300 451 361 450 320 326 312 325 206 529 394 536 509 279 315 153 429 538 312 158 275 230 233 434 277 313 305 66 62 83 0 50 26 62 67 69 65 55 34 73 33 70 42 72 395 387 358 382 435 405 405 390 370 395 416 403 243 274 239 223 271 253 279 245 289 198 213 210 259 351 369 372 360 
388 98 402 262 534 229 240 31 312 301 161 545 423 321 82 196 322 210 192 200 103 273 79 237 293 421 340 272 435 338 419 302 277 272 301 177 479 352 503 474 266 290 121 408 506 291 143 258 239 183 379 240 285 301 96 29 48 58 0 60 37 38 80 39 74 42 38 41 79 25 26 368 355 331 342 402 391 373 358 337 368 380 359 197 247 206 197 220 229 249 214 255 167 172 185 235 310 320 315 329 
389 61 451 251 573 286 293 46 317 358 215 580 472 381 113 189 368 272 224 187 58 319 78 278 352 469 376 311 454 365 454 310 318 310 341 207 529 402 534 519 288 285 161 431 539 296 141 256 217 249 430 291 321 290 64 73 73 31 61 0 59 64 57 77 56 32 87 29 50 64 68 395 371 356 388 436 401 407 372 363 378 411 381 256 284 249 247 267 271 299 270 299 213 229 229 293 350 365 371 375 
356 70 394 224 521 248 235 20 290 328 172 554 435 336 81 175 326 231 170 171 105 293 63 259 326 439 356 251 417 335 405 291 281 290 292 193 480 356 484 476 235 267 123 383 510 258 130 227 203 210 407 261 297 280 71 28 24 63 33 53 0 23 49 33 59 36 31 29 48 63 27 351 322 321 343 395 361 354 346 327 346 378 351 218 252 246 214 238 253 274 249 290 187 199 207 257 305 324 325 331 
337 77 397 226 507 229 226 35 275 318 148 538 417 318 65 166 310 219 167 168 105 283 70 250 314 416 355 246 401 305 397 273 272 279 276 187 469 351 471 456 230 256 103 382 488 262 125 217 187 189 387 238 297 259 68 40 28 77 45 66 32 0 57 20 59 47 27 47 57 64 26 340 325 303 316 377 362 348 325 300 321 356 342 232 250 232 208 239 248 270 248 274 184 199 205 263 291 306 309 319 
340 28 416 198 531 275 237 33 261 343 184 553 440 345 79 128 349 252 175 133 76 315 16 280 345 449 389 257 393 307 423 259 301 314 286 227 481 372 493 492 229 234 118 380 502 237 81 218 165 221 430 288 351 242 26 75 48 68 84 73 57 39 0 48 33 61 58 63 34 97 57 359 328 318 339 374 357 351 344 318 332 374 344 261 293 267 246 283 285 304 287 320 226 233 252 299 320 340 336 339 
348 81 390 218 514 221 225 41 285 307 142 528 417 320 51 181 299 206 150 188 107 281 65 241 308 426 337 250 394 318 395 284 260 274 271 185 473 327 468 460 224 260 101 368 492 261 134 219 205 189 387 234 288 265 87 27 13 78 38 82 26 13 48 0 63 50 23 51 60 66 28 332 317 299 328 375 349 336 316 312 331 349 344 223 245 222 205 241 237 253 242 278 188 193 206 249 297 303 304 312 
363 21 434 228 542 273 256 53 280 357 198 561 459 355 89 145 367 273 203 153 56 339 25 283 365 465 391 285 415 336 429 280 316 325 317 233 502 398 517 502 254 253 138 391 518 264 95 225 187 248 445 284 337 268 28 77 61 71 68 51 43 52 39 55 0 58 73 50 15 82 78 365 343 339 356 411 381 371 362 343 362 397 356 259 302 270 252 298 285 300 283 316 236 249 253 304 332 360 365 349 
399 78 416 263 560 244 270 43 326 326 200 563 445 361 94 202 334 245 207 190 89 280 79 252 328 460 356 285 450 364 437 315 310 287 329 184 516 366 523 512 281 306 147 419 530 295 142 253 237 213 421 267 294 298 64 57 64 26 39 28 37 48 61 63 55 0 60 29 50 40 59 393 367 360 367 426 406 395 375 343 371 403 377 233 265 228 230 244 241 279 240 271 202 208 216 250 325 355 343 355 
358 88 380 220 498 208 226 37 279 310 144 522 403 300 55 181 296 214 159 195 111 277 72 224 292 402 340 244 386 311 390 278 258 271 273 182 464 321 480 450 221 281 100 372 489 264 141 229 216 190 372 240 291 270 78 18 26 81 49 70 36 36 62 19 74 54 0 45 71 65 16 339 317 309 309 368 355 337 311 306 330 365 328 206 233 230 197 216 226 249 227 266 165 184 207 227 273 305 298 311 
371 71 410 258 538 246 256 33 296 329 182 556 453 350 86 179 336 242 204 184 87 288 69 269 330 450 368 283 439 347 419 301 302 297 310 195 510 375 508 492 258 294 135 402 522 290 133 237 228 222 417 260 305 297 73 47 49 40 33 40 34 54 53 42 43 24 55 0 57 52 47 376 361 346 353 399 393 383 362 337 361 393 377 236 263 239 229 248 255 273 241 279 194 210 209 257 321 331 343 337 
362 39 438 221 544 276 265 49 274 372 204 574 467 357 107 147 361 276 192 144 70 326 39 285 371 463 403 280 420 338 445 286 307 317 321 239 503 397 527 513 240 260 134 393 529 273 94 233 180 235 439 297 341 269 20 80 70 54 67 41 52 52 26 60 19 48 64 50 0 80 65 366 346 328 348 413 377 381 352 334 354 393 355 263 311 270 265 282 285 300 282 319 226 242 248 307 335 353 356 357 
411 105 412 287 561 236 269 66 326 321 188 565 456 347 121 228 322 229 206 232 110 257 100 248 292 435 325 281 452 362 442 345 301 267 324 163 495 357 518 488 284 324 161 434 519 311 171 279 259 202 397 250 270 332 111 46 74 36 32 73 58 68 103 69 90 30 63 42 83 0 68 383 363 358 372 413 406 384 373 367 387 417 395 193 236 200 190 225 220 244 213 259 171 163 167 234 316 345 329 332 
348 83 383 232 499 215 224 42 296 294 144 534 404 298 56 189 310 200 159 181 125 261 82 232 297 405 333 244 397 315 386 288 252 264 274 160 457 328 479 451 227 285 99 389 489 273 145 230 209 179 366 228 278 284 77 20 16 62 28 72 42 24 75 23 79 52 6 53 73 52 0 334 327 315 326 370 350 337 329 301 341 362 345 212 249 210 199 227 222 233 219 272 174 198 197 234 274 299 312 301 
148 373 225 222 208 290 126 364 199 297 222 220 161 178 296 309 268 277 191 333 425 416 354 299 387 262 416 127 101 138 97 198 164 324 92 376 187 234 212 193 148 267 260 96 200 178 345 194 285 275 293 279 415 257 365 348 326 397 365 402 359 338 346 340 363 392 339 382 365 398 349 0 71 53 40 38 60 10 23 52 46 37 59 364 369 414 383 345 403 354 393 416 343 399 413 381 202 148 174 149 
98 337 264 175 256 311 131 344 141 335 228 274 233 220 278 267 305 297 178 271 393 435 331 333 420 317 429 148 91 66 154 150 196 343 97 372 261 283 262 270 107 210 218 78 259 112 291 134 227 282 334 294 434 199 335 321 306 367 343 382 334 323 315 311 351 353 309 342 351 365 314 78 0 32 33 68 47 77 72 46 23 82 35 365 403 417 377 378 402 358 416 437 338 415 410 397 235 199 211 202 
112 327 263 175 252 284 121 320 159 310 216 282 227 213 257 276 273 281 162 285 383 402 321 314 391 300 415 126 110 88 152 157 184 324 77 356 239 247 261 259 106 218 206 92 253 128 302 127 236 267 329 290 425 211 324 322 309 360 334 372 324 302 323 304 329 343 300 337 336 355 302 56 30 0 31 88 57 59 50 12 35 70 44 358 371 393 366 351 396 355 404 417 332 394 405 378 224 178 194 188 
119 338 232 189 241 294 130 330 187 317 219 248 204 195 269 295 276 275 173 300 405 400 333 305 386 287 417 126 88 106 124 178 169 324 77 362 228 240 233 241 130 235 235 79 223 133 323 152 254 281 311 279 422 230 353 334 319 389 350 369 340 318 339 310 341 363 321 359 355 366 314 33 50 38 0 53 53 51 36 19 27 45 56 368 385 396 367 355 402 345 398 408 320 393 414 372 204 177 185 169 
127 398 245 244 194 325 171 392 205 330 268 210 181 211 332 340 302 319 221 357 459 440 392 345 419 274 440 172 63 132 112 209 203 352 126 402 199 265 198 205 170 264 271 82 198 185 375 203 304 306 317 313 452 266 397 371 377 432 395 420 395 366 379 367 409 409 362 408 404 430 365 46 74 84 65 0 53 35 59 73 59 27 63 387 419 434 417 387 429 386 428 436 362 441 439 402 234 187 200 192 
113 373 266 210 227 329 155 377 189 354 262 238 218 217 304 319 306 314 208 309 434 442 357 353 417 289 452 153 64 103 145 167 204 347 110 400 223 264 232 228 149 242 267 46 231 145 343 178 275 313 338 327 453 244 385 353 357 411 384 404 375 347 364 344 378 397 346 384 379 407 358 63 48 47 38 48 0 66 74 51 25 50 35 399 407 447 416 383 427 383 437 440 359 428 440 415 253 202 209 192 
152 378 222 225 212 285 126 360 216 299 230 219 175 180 290 318 271 287 197 330 429 418 355 309 396 262 419 134 96 133 107 212 168 320 86 379 197 233 208 195 150 271 252 100 184 179 340 183 300 266 291 288 408 265 377 346 350 412 364 403 351 351 359 343 386 392 350 387 379 389 353 20 78 68 36 34 60 0 25 48 65 26 74 360 365 408 379 349 393 341 410 422 328 410 424 382 202 165 178 164 
157 351 223 209 229 277 107 341 197 281 204 235 164 168 266 304 255 271 180 322 397 397 338 298 363 245 404 102 112 125 100 189 149 302 64 343 194 218 203 214 135 242 225 110 202 171 325 163 264 265 278 259 403 252 354 328 325 390 346 385 346 330 324 311 345 361 316 348 360 366 325 28 71 48 42 63 67 27 0 48 47 53 70 351 365 392 351 347 373 325 386 404 306 375 398 349 181 136 166 140 
123 335 241 175 250 275 111 329 167 320 218 256 213 201 262 272 279 265 163 284 381 408 311 312 387 280 413 121 98 100 139 151 170 324 69 350 228 243 250 241 119 216 208 100 227 141 296 151 244 266 306 275 408 227 339 318 300 362 326 370 327 303 313 305 327 343 315 350 343 361 303 60 30 29 19 74 47 62 45 0 46 74 61 348 366 385 367 350 382 336 387 407 317 384 402 365 217 168 183 166 
102 346 255 196 234 304 141 348 160 342 247 266 216 215 275 301 299 289 185 311 404 430 347 326 414 288 428 154 78 88 135 165 185 336 102 378 240 265 233 244 125 223 239 59 225 146 311 151 266 290 336 294 435 226 358 331 337 395 371 379 355 325 330 330 350 382 327 357 370 393 326 60 32 30 36 63 26 48 57 28 0 56 28 375 390 430 387 383 405 372 408 426 342 422 414 390 225 190 208 197 
138 382 217 238 196 297 147 374 207 311 247 209 171 191 301 334 274 307 214 353 452 419 369 329 403 262 429 143 79 141 103 200 191 344 111 393 184 234 188 204 178 277 274 88 194 191 354 191 304 302 310 302 429 278 385 374 364 430 385 426 369 351 365 362 385 411 362 402 389 416 364 23 86 77 57 33 60 31 52 57 53 0 78 378 386 433 398 374 414 364 422 433 348 427 423 386 221 170 196 175 
82 354 268 179 246 326 151 352 150 354 247 268 221 234 277 290 317 310 206 302 416 439 338 353 428 321 451 167 73 81 153 141 197 362 110 381 252 285 250 251 126 208 247 47 240 131 310 145 260 308 345 315 445 205 367 352 323 405 360 394 357 340 331 328 356 391 332 373 371 380 332 62 28 42 49 59 29 81 81 45 25 75 0 393 413 434 406 395 436 389 434 438 359 428 440 404 258 199 215 209 
441 278 284 376 457 100 253 233 417 136 156 476 342 228 216 371 172 83 211 365 299 75 283 77 106 296 141 238 435 412 372 408 215 99 286 47 402 212 415 377 339 427 233 430 425 377 336 345 369 106 231 102 91 419 273 200 207 227 204 255 228 219 259 218 264 226 195 229 261 207 212 361 377 356 364 394 400 356 335 358 379 380 388 0 49 56 23 40 51 63 54 83 57 74 65 40 191 252 233 237 
460 312 264 393 468 90 275 274 431 122 195 468 343 235 249 397 172 99 240 406 340 43 319 81 75 281 106 250 461 423 380 426 225 83 293 85 387 206 409 373 355 446 267 448 432 408 360 369 401 111 209 102 49 455 315 225 244 282 237 292 258 252 291 253 307 262 233 269 311 227 245 380 397 382 371 399 419 382 352 363 391 386 416 49 0 55 57 26 44 34 46 51 87 95 98 19 200 250 235 251 
487 302 319 405 495 142 295 249 442 170 198 515 380 283 232 390 219 148 248 385 297 72 290 114 123 341 150 296 491 449 401 441 256 133 323 58 450 260 443 431 378 454 257 487 480 413 348 373 398 132 274 155 77 457 288 219 232 231 207 258 231 234 268 228 269 236 219 231 268 208 213 413 419 406 394 446 447 412 381 388 417 418 433 48 56 0 45 62 32 100 16 64 88 51 38 58 251 298 266 296 
455 274 302 364 480 107 264 216 411 161 178 501 351 258 208 367 190 111 215 371 287 86 266 82 112 316 141 248 461 422 372 420 232 109 306 41 421 241 428 408 340 435 228 444 454 385 330 338 378 104 254 129 99 432 275 188 218 224 194 243 211 221 261 219 261 227 200 229 250 200 191 377 383 369 369 399 399 383 358 352 394 390 400 34 60 41 0 47 40 83 31 78 54 50 53 58 214 261 245 268 
441 304 257 377 437 70 240 251 412 121 173 461 321 212 238 385 161 86 223 378 329 70 299 63 87 277 108 232 448 417 355 406 195 64 282 80 371 212 399 371 343 424 250 423 422 380 355 355 391 104 218 97 88 443 303 217 235 257 229 275 256 248 274 234 278 259 218 245 281 236 222 359 367 364 359 397 399 363 338 353 376 376 379 34 20 62 57 0 57 33 69 73 66 85 94 30 182 240 215 239 
481 314 300 408 488 115 283 251 450 168 203 510 375 272 242 397 197 124 254 410 317 51 299 104 106 313 119 281 485 442 395 444 246 121 321 67 428 241 430 403 372 459 259 470 465 407 351 376 407 137 250 126 69 465 311 215 242 254 219 279 251 248 274 238 293 252 222 257 289 208 233 398 412 397 401 431 423 401 368 391 410 418 434 44 44 38 50 49 0 70 12 51 84 70 68 45 236 271 261 285 
431 326 242 376 429 78 242 265 424 95 166 452 296 211 240 399 130 73 216 396 338 68 310 44 67 256 98 226 432 413 335 419 183 56 269 99 360 180 377 344 348 433 243 427 387 373 356 360 396 90 184 83 88 453 322 249 256 282 249 292 261 266 306 250 314 269 245 269 296 248 252 355 365 358 342 382 379 347 330 343 362 372 390 68 36 99 84 24 68 0 76 85 84 123 117 42 174 209 205 222 
469 302 310 411 491 124 297 244 445 170 207 508 376 260 249 384 202 135 256 393 314 66 290 118 94 311 135 292 481 444 396 447 254 116 326 74 434 240 440 421 371 467 268 475 463 405 358 365 405 142 266 148 69 463 296 223 233 260 219 277 245 247 280 235 291 243 234 251 279 218 220 396 403 394 393 436 427 408 391 393 422 421 433 41 56 29 42 63 8 84 0 37 84 63 60 51 226 275 261 271 
506 338 307 432 490 125 310 289 474 148 213 515 360 277 276 428 202 144 279 428 348 23 325 114 79 318 103 289 491 459 399 477 258 117 333 97 428 243 429 404 396 494 282 484 454 439 380 392 447 163 245 141 34 499 345 260 264 287 256 310 284 281 320 277 323 283 274 288 318 245 262 402 422 420 412 447 446 404 385 410 433 434 455 68 37 57 82 68 51 85 42 0 104 101 89 48 239 274 266 283 
412 234 275 337 441 77 217 187 372 160 128 464 323 212 175 315 166 76 171 326 261 117 239 81 141 308 175 219 416 364 351 359 202 113 266 47 378 216 393 385 298 377 189 413 424 344 295 290 345 75 241 91 139 395 234 167 180 207 174 219 186 181 229 182 230 199 170 198 240 177 176 344 343 315 321 371 363 331 317 319 352 356 369 56 81 84 44 73 86 81 91 117 0 83 81 79 187 226 217 233 
459 272 343 375 523 144 277 201 431 200 180 532 394 279 222 351 226 139 233 359 272 97 253 135 147 351 177 292 487 439 426 426 260 154 323 42 460 269 468 445 348 437 232 470 487 388 306 355 373 148 284 171 122 441 266 187 192 204 185 234 213 207 244 193 250 194 183 205 244 166 195 401 419 386 393 443 426 400 384 392 425 434 418 61 100 48 60 87 64 118 58 101 78 0 26 94 264 303 279 289 
486 264 332 394 531 157 300 226 439 215 207 546 411 293 224 374 245 142 245 369 271 106 275 145 150 367 186 288 487 441 422 430 259 156 341 55 461 274 469 451 363 453 254 480 491 410 314 372 378 144 303 168 117 453 264 194 208 211 191 231 206 214 250 212 258 205 197 213 253 179 198 413 413 399 408 440 446 411 386 393 434 439 433 77 95 35 59 102 64 116 51 90 93 20 0 87 254 308 296 302 
447 313 261 394 452 104 263 267 430 131 176 471 347 228 239 394 162 99 230 407 325 48 311 66 71 275 114 264 455 434 361 420 214 75 301 86 400 211 405 384 344 447 250 450 426 405 365 357 401 122 209 111 67 455 314 231 254 278 240 294 254 248 300 241 297 257 230 256 289 238 229 381 390 380 366 405 416 372 364 362 393 398 408 33 24 53 50 19 44 32 51 55 75 92 90 0 209 248 241 248 
317 350 104 319 272 115 138 317 339 107 150 283 157 45 249 364 67 127 173 375 392 224 341 129 202 134 222 116 286 290 177 316 55 122 152 217 215 56 223 197 240 371 230 290 239 288 352 263 351 139 118 107 225 376 356 274 279 351 311 345 305 286 317 295 349 325 287 320 351 306 283 203 236 222 212 224 248 191 182 207 224 225 255 192 210 246 206 179 226 172 228 239 181 247 257 200 0 68 53 60 
272 348 102 298 228 156 132 336 307 156 157 256 114 32 274 359 113 170 169 380 417 269 336 190 239 146 256 100 239 251 138 302 64 181 116 256 172 83 190 164 222 355 248 242 195 269 354 255 336 174 143 160 278 348 364 312 302 372 323 378 314 315 345 313 350 353 297 334 354 348 308 153 205 187 168 194 210 165 139 165 190 176 210 253 258 282 265 236 272 215 279 285 223 291 297 246 55 0 17 13 
301 360 92 305 233 155 130 325 322 149 170 244 129 19 270 367 104 152 182 388 408 255 350 179 226 129 248 107 262 276 150 312 60 173 116 263 188 68 193 168 229 361 245 253 215 283 372 261 364 161 129 149 257 355 360 312 297 371 318 359 322 322 331 303 366 343 292 334 354 344 300 178 208 199 183 202 225 168 157 183 213 197 217 236 238 274 238 220 267 203 275 266 216 283 284 241 54 30 0 33 
275 362 102 297 238 153 120 332 318 155 171 243 117 34 262 364 125 158 162 366 413 267 349 187 249 134 266 104 235 256 140 297 62 186 100 252 182 80 191 163 225 342 248 236 201 268 361 260 337 160 139 160 279 345 364 296 300 354 329 379 324 311 329 307 352 342 297 350 361 343 308 166 196 180 181 193 194 158 141 169 184 168 210 246 252 296 265 225 280 214 273 275 220 288 309 242 64 7 32 0 

Depot information
442 346 1
117 438 1
284 44 1
314 419 1
480 40 1
129 159 1
278 245 1
94 392 1
371 416 1
141 74 1

Cust information
179 252 1
492 27 1
360 62 1
264 115 1
151 354 1
230 479 1
185 83 1
133 169 1
223 281 1
227 489 1
64 466 1
14 118 1
124 429 1
108 145 1
48 78 1
279 4 1
39 44 1
279 220 1
475 256 1
409 340 1
402 128 1
371 407 1
252 167 1
110 112 1
323 221 1
41 213 1
411 34 1
234 72 1
422 28 1
397 28 1
322 344 1
346 464 1
191 341 1
461 280 1
446 40 1
352 375 1
176 465 1
313 371 1
272 466 1
134 195 1
206 13 1
139 144 1
9 103 1
349 465 1
108 439 1
93 360 1
108 369 1
53 402 1
73 368 1
64 418 1
95 385 1
109 379 1
118 416 1
106 372 1
100 426 1
65 392 1
104 363 1
76 392 1
97 426 1
48 367 1
99 363 1
398 219 1
399 279 1
384 268 1
391 249 1
433 220 1
427 253 1
400 215 1
379 224 1
380 256 1
407 260 1
418 214 1
417 274 1
50 175 1
42 140 1
5 176 1
36 184 1
59 151 1
16 161 1
72 131 1
12 165 1
7 128 1
74 207 1
4 212 1
-4 208 1
43 144 1
232 123 1
280 131 1
266 121 1
280 131 1
