Seed 123 - Instance: n90m5_2
n 90
m 5
Q 9999
L 5
U 23

0 178 382 375 316 288 179 108 263 135 136 133 78 349 216 224 107 462 160 166 288 162 278 190 311 275 227 243 166 416 205 400 260 335 150 199 195 337 368 119 194 58 250 296 168 153 208 165 189 188 273 291 236 245 229 271 254 253 260 240 253 253 250 244 211 226 183 231 236 194 254 187 184 186 222 221 215 278 264 246 250 265 295 290 250 265 277 161 113 175 106 113 126 118 148 
177 0 292 223 337 132 259 235 305 285 195 225 208 188 239 265 241 306 280 246 229 296 346 258 190 316 272 260 310 251 138 225 119 159 248 305 200 173 223 268 322 219 79 131 194 312 211 286 171 331 254 260 195 204 181 233 222 247 207 186 200 246 259 237 257 224 212 255 275 192 273 249 228 235 264 216 223 141 151 116 162 161 186 177 131 145 170 273 259 302 253 243 261 267 268 
383 292 0 187 616 257 542 354 586 509 305 337 356 170 514 534 466 443 535 522 513 390 633 531 433 615 549 202 410 376 204 299 350 325 507 561 481 319 157 509 405 429 316 271 252 428 220 395 223 448 159 129 177 150 173 150 162 186 124 173 151 543 546 522 537 502 495 539 564 470 555 523 493 525 538 518 509 169 158 170 149 150 112 137 171 160 158 527 489 547 481 476 500 510 520 
384 224 181 0 522 108 490 387 487 494 347 382 390 51 425 458 440 265 498 458 399 438 563 472 292 521 484 309 469 204 213 120 219 158 456 519 408 159 22 483 486 419 198 121 311 481 297 446 263 503 280 249 232 237 242 251 252 285 205 225 227 444 461 433 466 417 433 457 481 388 473 461 437 445 477 429 428 111 155 158 170 139 129 131 155 122 114 499 465 526 475 459 491 475 484 
300 340 613 522 0 411 156 403 47 267 426 415 355 510 112 102 236 441 222 171 144 450 74 127 284 68 81 525 431 427 435 479 323 381 182 186 148 401 541 239 480 318 336 403 441 417 476 439 448 443 543 559 481 517 478 526 523 540 509 490 508 95 77 107 102 116 136 89 74 150 75 136 143 120 100 122 107 475 480 451 468 488 517 492 446 479 478 203 241 221 281 231 230 233 217 
290 138 241 125 409 0 380 328 391 400 287 335 308 107 319 349 343 232 396 362 290 397 451 368 193 416 366 297 404 173 177 117 131 79 352 419 309 80 123 388 429 350 86 26 282 414 266 406 218 442 272 257 223 219 214 245 249 270 198 212 223 339 354 324 347 316 324 341 369 279 371 350 319 351 355 312 317 106 133 131 152 127 147 139 127 109 128 395 379 420 384 374 377 380 391 
184 272 541 474 164 381 0 260 123 130 301 284 224 448 111 84 97 465 78 38 203 315 125 55 309 120 95 417 290 441 351 472 296 373 39 57 100 384 490 81 333 185 320 366 327 277 374 298 354 295 423 462 396 415 378 432 418 419 417 385 408 146 130 155 89 113 101 127 107 113 123 53 92 63 69 105 105 399 389 374 392 397 446 422 363 400 406 62 94 91 137 98 89 93 71 
101 235 356 390 408 331 253 0 369 186 68 42 56 362 315 317 175 512 222 238 381 69 374 281 389 362 335 176 91 468 179 441 321 387 243 272 289 387 379 195 106 86 314 345 107 83 157 76 155 120 216 243 200 204 184 214 211 196 244 200 213 355 354 352 317 323 279 327 337 273 357 292 286 300 309 312 311 285 258 231 243 276 283 273 256 285 276 235 193 238 151 178 207 187 216 
274 290 578 499 48 386 118 372 0 253 399 392 332 479 85 74 202 407 190 134 133 405 75 106 267 60 36 497 392 414 406 440 287 362 138 160 104 372 495 194 452 298 306 375 411 380 453 405 417 413 505 518 449 483 440 488 496 493 469 451 477 65 61 83 60 76 104 47 40 118 40 90 98 75 75 84 78 442 450 416 440 438 486 470 407 443 441 188 205 200 247 199 195 207 188 
124 281 505 504 279 401 134 182 256 0 226 190 145 461 227 209 84 536 80 129 306 207 236 164 391 235 220 352 188 514 321 506 348 431 113 120 199 433 496 50 228 86 341 410 271 159 311 193 307 166 365 415 337 352 331 373 374 371 393 340 352 265 258 277 207 230 195 247 223 213 236 175 186 190 200 233 225 409 392 355 362 384 413 412 357 383 395 85 69 61 45 72 62 59 67 
142 212 290 354 429 300 307 57 383 216 0 43 77 304 344 328 226 493 270 288 370 113 416 313 376 394 354 128 140 447 142 405 301 352 281 309 298 363 341 238 135 151 271 300 40 147 88 114 99 175 158 199 134 157 124 151 145 159 183 143 148 357 363 361 331 335 314 364 363 307 375 300 294 326 330 329 323 248 216 186 178 224 243 237 208 227 242 274 233 276 202 218 247 245 250 
124 238 348 387 430 332 280 38 393 210 42 0 62 346 344 328 207 527 238 278 385 61 406 300 409 383 349 161 98 480 171 433 331 391 268 298 308 389 381 224 108 115 318 338 93 96 136 66 154 132 202 222 174 187 181 193 187 187 230 176 192 364 367 362 343 342 314 356 370 306 372 301 295 309 328 338 327 293 255 243 225 257 289 272 249 277 287 256 210 246 176 218 226 211 248 
73 205 358 377 369 309 231 49 321 158 77 58 0 343 283 270 155 486 188 202 329 113 347 239 355 335 292 200 99 438 193 433 308 350 200 236 252 361 377 163 149 63 269 318 113 119 157 99 165 134 236 268 200 215 189 237 216 231 248 209 227 318 314 316 273 272 254 294 309 251 324 254 242 255 267 276 280 278 269 229 224 254 290 288 231 272 290 190 160 206 135 151 174 167 193 
345 202 165 52 506 104 459 359 479 466 307 339 341 0 413 432 418 279 469 434 393 406 543 442 275 504 448 268 425 231 187 155 215 164 417 496 394 151 40 439 445 392 163 114 271 440 263 420 223 468 233 226 189 194 214 215 216 242 164 185 193 422 431 413 441 391 406 423 458 379 462 433 400 424 439 410 408 80 117 119 137 111 99 98 108 101 84 468 424 476 425 427 458 447 458 
232 227 509 441 105 322 124 323 74 235 335 331 291 415 0 40 172 374 170 125 90 368 148 92 219 113 60 446 364 350 347 380 223 306 123 166 39 323 435 179 416 258 257 323 351 347 395 367 362 370 453 473 393 408 384 423 418 441 425 385 406 50 43 44 47 16 42 23 55 52 53 73 50 58 57 8 20 369 369 352 385 377 408 399 341 369 380 177 175 197 205 182 178 195 175 
222 253 546 465 105 366 86 316 63 197 342 325 269 441 48 0 156 408 141 92 133 367 103 47 269 88 29 436 344 396 354 416 257 346 84 112 54 361 461 149 385 235 275 352 358 338 389 359 368 348 446 485 393 423 399 453 442 444 438 409 419 67 63 92 22 56 54 39 38 82 47 37 54 31 12 55 57 385 408 377 383 408 436 418 376 401 406 131 145 154 197 159 141 165 130 
95 231 465 439 225 345 84 185 190 75 216 218 154 406 157 142 0 479 70 62 247 236 201 114 331 201 175 336 212 441 285 443 287 364 75 92 151 388 442 52 258 96 287 341 265 206 303 216 274 210 352 397 312 343 307 359 345 357 359 313 336 203 194 196 159 169 137 185 184 155 194 128 124 130 147 156 167 363 340 318 330 357 394 376 316 346 361 70 33 83 52 28 55 43 55 
450 309 448 267 431 228 468 520 409 540 481 515 488 277 381 401 465 0 508 456 300 571 491 446 159 461 408 501 583 58 386 149 204 147 451 503 369 156 296 500 611 514 222 204 477 589 480 589 424 631 476 487 428 453 440 477 473 496 409 425 428 361 375 345 402 368 394 375 410 358 398 419 390 418 414 361 379 311 349 343 381 355 354 350 344 325 340 514 485 526 512 483 493 501 488 
158 274 534 493 212 407 77 216 188 65 266 255 190 456 177 138 59 504 0 70 251 248 161 117 369 180 167 389 249 482 334 491 328 402 71 65 171 427 496 25 279 138 336 403 313 215 352 239 330 234 412 433 366 400 358 415 406 394 418 370 389 208 185 212 142 172 136 190 162 180 186 126 145 134 135 171 164 413 397 368 385 412 439 419 379 400 405 6 55 39 81 52 36 35 17 
159 249 513 463 165 371 37 252 146 114 275 258 206 442 126 94 67 451 71 0 208 290 140 44 296 134 112 385 275 425 330 452 284 368 16 73 100 382 457 85 326 173 297 364 315 265 357 278 317 285 406 440 375 395 365 400 390 397 400 372 378 133 133 167 94 122 80 132 113 116 140 69 77 68 89 119 120 383 386 349 358 375 413 395 353 375 397 58 68 87 105 84 69 76 49 
287 240 518 408 145 284 205 370 133 301 385 396 342 379 93 142 240 290 266 205 0 426 201 173 157 175 135 473 422 293 352 332 189 250 196 250 103 275 414 260 465 314 218 282 401 417 408 432 367 439 470 476 409 427 393 459 436 456 425 406 416 88 85 49 125 83 132 103 118 116 120 142 124 152 145 101 102 359 377 346 387 376 402 400 343 359 378 265 267 270 288 259 258 274 239 
159 278 374 439 451 384 301 63 420 202 100 56 97 398 375 367 230 581 261 283 425 0 406 329 460 409 381 199 39 539 235 506 393 442 274 294 333 443 435 225 47 130 355 400 130 68 167 17 189 95 223 274 238 244 230 242 241 225 274 235 247 409 407 394 358 369 342 383 384 329 392 324 329 335 349 357 368 346 307 296 283 308 329 318 302 327 328 260 222 261 189 232 233 219 245 
290 350 638 565 76 462 119 382 74 233 420 405 341 540 129 106 198 496 177 142 204 414 0 120 337 48 95 528 391 474 440 524 347 443 140 130 158 450 557 193 453 290 375 442 430 390 485 401 459 400 536 567 482 518 488 522 518 528 531 487 511 134 126 150 97 156 144 128 91 180 111 115 133 109 95 150 146 492 485 469 478 495 541 509 465 500 509 166 195 183 238 208 179 209 174 
187 257 523 477 136 365 45 271 106 165 315 313 249 445 92 53 107 441 112 42 179 329 112 0 287 87 67 427 315 415 331 434 274 351 61 87 80 365 459 116 358 210 296 355 339 293 372 316 340 311 429 472 389 416 375 426 423 426 408 394 408 106 102 125 51 89 64 86 79 98 93 21 56 40 36 72 88 388 393 370 386 391 423 418 369 396 405 91 107 124 160 122 106 115 90 
330 194 422 277 283 193 314 399 266 392 374 411 362 279 228 270 326 157 366 310 142 457 340 288 0 310 258 426 462 151 309 190 81 136 304 362 206 127 287 361 495 378 133 165 373 471 395 467 335 484 421 431 349 377 354 403 404 426 351 359 359 213 237 189 254 204 232 227 260 194 250 269 247 262 276 209 215 266 294 284 320 290 333 310 279 279 289 362 352 373 362 338 350 355 336 
264 331 606 522 50 431 114 360 49 226 392 381 340 505 102 72 200 453 180 131 166 412 40 93 306 0 64 506 391 459 423 482 318 402 130 123 137 408 534 178 450 289 345 417 419 372 466 400 438 393 514 538 464 479 465 507 496 517 492 466 481 102 84 121 79 118 115 88 57 137 77 90 104 102 83 107 99 471 473 435 459 468 512 485 430 473 483 171 201 172 231 192 191 197 167 
233 270 552 485 75 361 107 326 36 222 366 344 295 458 44 27 167 410 164 103 127 379 100 64 258 56 0 465 370 400 365 440 262 354 101 143 81 369 481 162 407 259 288 364 382 348 426 365 377 384 480 489 419 447 423 472 464 469 453 425 446 51 56 83 30 55 60 36 29 93 28 58 74 61 29 69 51 401 420 383 419 413 449 435 391 421 424 159 164 169 202 172 166 191 159 
246 253 211 308 524 298 405 182 501 339 133 164 211 276 445 442 337 512 394 384 473 202 517 416 438 514 460 0 217 449 143 398 347 355 379 426 396 361 285 365 205 267 313 305 89 254 63 203 107 261 51 81 97 79 73 63 68 31 112 90 96 457 469 450 441 433 413 445 477 400 486 426 407 415 449 432 435 213 172 166 138 175 176 191 191 202 204 397 342 407 319 343 376 360 388 
157 303 417 460 431 407 284 89 408 173 125 92 102 419 372 348 211 586 239 278 433 42 399 306 470 389 375 229 0 546 256 515 404 450 264 293 340 468 453 219 49 112 374 416 168 39 199 33 218 54 253 300 249 271 238 270 259 247 305 257 280 396 388 409 363 365 338 384 387 339 399 322 318 319 345 364 349 359 338 309 303 329 359 347 321 346 348 248 208 235 168 201 215 203 236 
421 254 383 212 420 177 439 470 408 504 446 474 452 234 362 388 439 72 486 428 299 523 482 416 140 445 394 452 540 0 334 92 172 102 426 499 343 104 220 468 573 465 179 144 417 549 416 528 373 584 427 422 376 385 385 409 400 445 368 375 376 349 365 324 389 343 376 369 409 339 387 402 370 394 407 356 356 245 293 294 316 290 299 292 287 280 282 479 464 499 475 455 469 485 472 
187 126 195 216 436 172 337 182 407 317 132 178 181 184 337 361 283 382 340 315 359 229 434 350 308 425 363 134 251 326 0 278 238 241 304 365 298 251 198 317 272 240 181 182 107 271 91 249 43 307 121 131 56 79 74 114 109 134 92 73 77 371 367 360 354 328 310 362 384 289 379 335 314 331 357 328 324 113 80 63 62 89 122 104 73 103 119 327 303 344 278 294 315 300 328 
406 240 299 119 465 112 460 447 443 513 410 443 430 153 389 423 457 152 497 452 327 490 518 443 202 486 439 399 526 91 279 0 166 98 437 513 376 87 151 488 531 462 169 120 380 514 366 510 324 552 376 355 314 333 333 348 353 379 292 317 322 400 411 364 417 376 390 406 433 364 427 426 390 420 437 391 380 189 236 223 264 231 238 229 223 207 204 488 463 513 471 453 486 473 475 
265 112 359 236 315 123 296 321 278 344 317 338 304 210 220 253 302 202 327 289 191 397 354 273 86 322 260 345 411 156 234 183 0 99 280 336 217 93 243 324 424 323 59 99 300 410 306 386 271 430 336 341 282 301 288 317 324 342 291 282 291 242 248 215 252 211 222 249 268 195 265 252 241 249 268 226 219 195 215 197 247 218 258 246 204 204 216 335 321 362 329 304 318 319 328 
319 163 318 169 393 79 384 372 354 427 349 381 361 173 311 343 366 148 401 366 263 434 435 355 135 399 356 356 451 101 247 101 79 0 356 419 298 24 189 406 473 385 79 72 330 454 337 442 280 493 338 346 282 308 301 323 323 354 276 283 282 313 330 287 346 290 311 325 350 286 351 347 316 329 349 305 294 166 199 202 242 210 218 213 192 201 199 404 382 434 387 381 400 405 385 
151 245 507 455 168 345 49 241 132 127 264 251 213 421 114 93 57 458 79 12 190 272 159 50 305 132 108 382 273 427 319 440 288 356 0 65 108 368 462 76 313 152 284 353 311 244 350 265 318 275 406 425 361 368 346 402 380 392 395 348 379 137 137 166 105 126 85 134 120 105 141 62 68 76 83 121 123 365 362 334 369 383 405 398 336 367 393 77 76 80 103 80 61 76 48 
188 312 556 523 183 414 52 267 155 111 303 303 231 487 149 126 109 512 49 64 242 309 136 79 350 128 125 435 279 491 365 501 352 418 68 0 146 425 516 77 332 189 362 424 345 266 378 292 377 268 445 486 399 439 398 437 447 442 449 407 419 174 169 189 135 156 133 170 144 159 160 110 124 118 109 168 150 430 440 392 407 425 475 456 401 435 442 60 94 65 125 93 77 93 54 
188 194 491 410 141 306 103 279 100 204 294 310 245 377 44 57 144 375 158 110 118 335 161 81 211 134 74 400 341 354 298 364 208 283 103 161 0 309 420 167 368 219 220 297 315 317 352 333 312 342 418 436 347 382 362 399 393 417 391 352 366 72 67 76 65 28 36 60 89 20 82 72 30 50 73 43 37 347 336 306 336 355 383 369 308 335 349 166 151 188 193 153 158 169 145 
348 165 311 165 399 78 388 383 376 446 364 393 376 168 309 360 377 148 417 372 273 444 442 368 139 422 370 364 472 85 252 87 106 14 380 437 309 0 162 403 494 400 92 66 334 459 346 447 286 502 354 342 297 301 294 332 330 355 289 295 285 331 329 296 348 311 324 332 365 281 364 360 319 352 358 304 306 174 204 209 234 212 230 218 196 185 196 419 398 443 412 389 416 423 416 
375 234 169 29 526 134 476 392 503 479 330 366 379 35 442 472 435 291 486 454 402 435 554 472 304 536 488 285 457 229 206 153 226 169 458 519 418 180 0 482 453 419 204 131 298 468 270 442 246 503 245 223 215 209 233 245 235 265 178 222 203 448 467 421 460 434 429 460 475 403 481 452 421 460 474 435 422 97 135 161 169 126 105 125 138 114 111 502 454 510 466 444 469 470 482 
129 267 515 471 229 387 80 195 206 61 243 232 170 455 176 164 33 503 40 72 267 238 181 120 348 190 178 373 219 476 309 483 316 391 81 87 165 419 473 0 270 109 330 393 270 198 322 225 310 225 393 411 349 367 351 380 386 371 377 343 366 199 210 217 159 187 150 186 177 175 185 130 139 147 152 180 178 399 378 341 367 372 410 400 351 373 404 42 14 48 50 21 15 26 38 
189 320 396 468 474 425 338 119 448 220 142 114 139 428 401 392 268 627 284 325 478 43 439 358 492 430 425 203 62 580 258 527 426 470 315 335 371 479 468 261 0 157 397 431 171 76 198 48 227 72 262 291 263 257 240 268 257 233 300 271 282 432 429 447 396 396 368 427 422 368 438 365 370 379 388 406 404 376 346 320 312 352 365 348 324 356 360 299 251 293 210 260 270 260 286 
57 239 430 428 335 347 188 98 287 95 144 115 74 390 249 235 99 510 150 160 319 133 306 207 367 278 265 269 130 462 233 447 318 373 168 194 220 384 429 109 155 0 307 362 174 98 232 123 210 131 297 317 269 282 262 289 279 285 298 261 279 283 283 284 249 251 216 271 261 229 278 220 208 229 232 248 237 322 312 288 286 310 348 332 297 323 320 142 111 152 72 105 127 113 141 
253 91 297 197 339 86 304 312 324 339 283 314 275 163 257 289 282 221 331 294 213 366 370 293 125 354 290 300 387 177 186 175 52 94 289 354 237 107 199 326 395 308 0 80 273 379 279 366 213 417 303 300 245 253 231 277 276 291 240 229 250 268 268 253 289 245 253 273 300 211 296 272 243 280 291 235 242 137 165 151 188 167 197 192 150 163 168 328 316 351 319 304 321 327 318 
304 134 256 122 403 19 374 337 384 406 313 336 328 124 319 339 358 208 409 363 280 397 437 352 170 412 355 308 408 156 201 104 109 69 352 422 293 61 141 392 435 347 67 0 288 417 285 396 241 446 296 280 239 241 236 277 276 304 221 238 245 336 330 315 347 316 316 329 373 279 354 350 308 335 360 308 309 122 147 140 169 142 161 173 130 130 129 394 363 426 381 368 389 390 377 
163 204 264 307 457 270 327 116 424 270 51 86 126 266 366 366 263 477 294 305 386 147 443 332 387 414 372 99 175 422 105 379 299 343 304 339 326 348 308 285 162 175 273 288 0 177 55 156 71 213 120 160 105 118 86 126 122 119 137 115 124 392 393 373 367 349 327 373 399 326 405 346 332 341 360 357 350 218 177 154 144 190 198 186 178 196 209 304 259 311 245 257 278 267 297 
152 313 422 481 419 424 276 89 381 149 152 108 117 446 350 328 200 595 208 267 413 66 374 293 469 374 354 249 39 556 260 533 409 462 250 259 327 466 464 195 82 98 384 420 187 0 232 45 230 53 285 312 279 286 260 290 279 271 318 272 295 380 371 392 349 341 320 364 369 322 369 302 312 318 321 352 353 368 343 325 323 342 372 357 325 358 368 219 191 221 162 199 211 191 223 
215 210 217 289 480 260 372 143 442 310 102 139 157 250 397 391 297 484 341 354 424 184 470 379 384 455 408 64 212 429 104 379 320 342 346 383 366 332 284 333 202 230 268 284 53 235 0 183 56 254 66 116 68 64 58 73 76 68 97 68 81 427 428 412 398 382 354 412 423 359 422 380 352 384 396 377 380 199 161 146 118 154 184 168 162 176 174 342 311 354 293 303 329 320 344 
157 298 388 462 449 394 293 75 409 188 123 77 107 413 366 344 223 589 254 285 428 33 401 311 453 391 369 216 16 535 241 514 401 439 266 290 336 457 449 220 60 124 373 401 161 59 197 0 205 60 245 281 250 257 233 254 252 246 286 256 261 404 401 403 359 360 329 389 379 343 389 333 319 339 343 349 362 345 315 308 288 329 344 334 297 332 341 256 208 257 183 215 235 208 239 
177 158 212 261 449 225 345 162 409 303 107 139 154 220 348 358 277 421 336 321 371 205 443 353 341 426 388 94 230 376 55 331 264 286 320 362 327 287 247 313 238 208 214 232 75 238 65 209 0 264 91 126 44 62 47 89 75 102 88 54 75 387 381 376 370 343 326 365 392 313 385 333 329 347 362 346 351 156 124 106 95 134 136 146 115 135 151 328 295 336 266 295 316 310 317 
188 347 454 519 431 444 286 128 409 170 183 137 146 469 385 356 223 618 242 278 439 83 389 315 498 388 369 266 64 577 307 564 438 497 266 284 349 511 489 218 73 135 419 444 211 45 257 62 270 0 318 355 311 313 285 316 308 296 351 308 309 412 410 418 365 366 334 383 393 340 401 327 324 336 346 367 380 417 384 346 347 373 396 393 362 394 400 236 220 236 164 207 226 207 233 
277 247 163 278 535 263 435 223 500 381 162 200 234 234 450 464 369 482 401 411 460 229 540 432 413 517 472 60 268 438 131 371 350 351 404 448 417 357 244 391 257 297 297 293 125 290 74 249 90 308 0 45 63 56 64 31 35 31 82 62 64 471 464 467 467 440 411 461 485 393 487 431 408 435 448 440 430 200 159 146 128 144 155 147 159 164 169 415 363 419 355 364 401 378 396 
294 256 124 241 570 272 452 243 528 413 185 236 256 226 466 476 398 477 443 444 469 278 566 469 417 555 496 81 305 429 133 356 344 344 431 476 440 335 226 409 293 328 302 275 156 314 117 277 122 346 42 0 86 74 80 51 54 52 73 84 74 484 492 483 481 468 450 491 510 434 501 450 432 451 479 460 459 177 147 161 129 142 129 133 157 157 161 446 405 455 381 394 418 425 424 
236 189 166 227 487 216 385 201 444 343 130 180 195 198 380 407 317 427 371 375 415 218 482 384 367 473 415 86 247 379 73 311 282 282 353 412 353 290 216 338 265 259 228 223 90 274 60 242 45 301 61 95 0 26 27 62 50 63 54 23 37 418 414 397 404 381 371 405 425 343 439 388 373 395 397 382 385 148 111 89 67 97 115 118 103 120 118 367 334 393 317 317 362 340 355 
242 209 158 241 516 232 414 200 472 362 160 188 220 195 421 417 335 448 389 395 428 242 504 408 384 487 433 76 277 395 84 325 296 304 384 432 387 293 227 360 273 278 253 250 119 296 75 251 77 312 45 70 20 0 44 30 37 61 50 31 27 432 432 417 416 410 393 433 443 363 450 400 377 399 417 407 399 158 99 119 88 116 114 106 110 127 134 402 359 395 334 341 373 375 387 
229 181 171 236 477 229 389 187 443 336 130 165 199 203 388 388 311 443 373 368 398 212 481 378 365 471 419 90 243 373 56 325 291 284 360 399 362 303 230 343 256 256 247 245 96 274 54 241 41 293 63 86 9 28 0 47 58 75 60 15 37 419 420 401 409 370 356 416 434 338 430 377 363 382 391 381 372 144 108 94 80 114 128 122 112 132 138 374 334 380 315 313 345 343 359 
270 232 148 263 529 263 430 211 501 362 148 201 237 211 427 447 362 464 403 404 441 241 528 419 402 501 473 65 277 416 106 359 322 320 403 438 395 321 241 390 250 297 275 264 119 287 63 261 85 308 33 54 51 33 50 0 24 40 58 59 36 456 470 445 445 424 410 456 474 389 476 424 415 417 437 424 426 182 139 132 101 132 139 123 143 141 143 403 375 413 338 369 396 374 397 
258 216 163 255 530 250 428 221 485 368 162 202 223 224 421 443 340 469 402 390 436 229 530 414 396 496 468 54 266 407 102 353 326 332 387 442 383 321 238 379 265 288 268 270 106 281 70 248 81 312 22 58 53 42 45 16 0 42 63 42 40 455 445 437 435 412 399 438 467 393 460 416 400 417 439 412 425 164 128 130 98 137 137 137 129 154 148 412 353 410 340 356 389 383 396 
271 242 183 284 540 279 425 214 495 360 152 177 226 248 434 441 357 490 406 408 469 222 543 439 414 513 467 31 250 436 122 387 341 343 398 454 414 359 264 378 244 270 298 293 107 278 59 239 99 292 25 61 65 59 78 34 43 0 94 67 77 474 460 456 444 438 411 468 477 404 474 428 410 425 441 425 443 200 162 158 119 165 160 155 160 180 170 399 369 413 346 364 395 376 394 
259 208 135 197 510 212 420 239 478 383 175 234 242 175 425 427 352 409 406 399 426 278 512 416 357 489 459 124 299 354 92 291 286 271 397 450 375 282 190 380 297 293 243 218 150 321 103 291 96 340 77 76 56 41 56 73 61 93 0 53 33 443 451 435 424 409 384 427 462 374 450 411 390 418 422 400 400 124 84 93 51 93 71 86 102 105 95 405 367 427 350 368 382 375 402 
234 188 173 230 495 207 397 205 449 350 144 191 197 184 388 402 330 419 365 360 399 233 487 379 365 475 418 82 265 383 60 308 276 289 358 421 361 282 222 357 264 253 236 237 109 277 75 247 62 301 82 85 5 38 30 63 54 66 57 0 23 413 425 396 413 388 370 409 426 359 425 392 374 385 396 383 392 140 100 100 71 110 108 108 98 110 126 376 342 384 326 328 362 357 369 
244 207 143 225 501 211 399 224 467 367 162 188 222 193 408 409 335 427 397 379 423 236 508 400 378 477 437 87 280 381 73 307 288 295 385 433 366 292 218 367 280 274 235 239 117 283 86 266 67 311 53 60 36 23 34 35 41 70 42 26 0 424 426 419 424 390 377 434 436 357 455 407 389 396 412 388 394 133 104 103 68 105 97 99 105 111 114 394 360 402 344 345 374 358 385 
262 256 531 456 94 346 147 354 63 250 361 363 316 431 38 72 196 359 201 138 75 397 136 111 217 105 57 467 402 355 363 394 239 312 143 188 84 329 443 215 443 290 268 334 384 388 429 400 385 401 470 498 415 438 412 462 448 476 440 416 436 0 14 34 70 45 74 24 46 85 38 93 84 75 77 42 39 382 398 361 392 406 433 416 375 394 413 193 213 211 250 200 199 218 197 
251 250 548 459 80 339 130 345 58 249 373 364 311 440 37 49 194 367 203 146 84 402 132 97 229 85 47 455 398 362 359 396 243 324 130 174 69 336 457 210 430 275 282 337 377 365 425 386 382 404 474 495 427 432 423 461 452 463 439 424 436 23 0 35 49 46 72 12 40 82 38 74 68 84 63 40 34 386 413 379 398 396 436 418 376 389 417 197 207 212 227 193 194 219 191 
246 234 523 416 119 324 153 340 79 261 366 362 307 407 44 87 208 338 217 151 62 406 167 132 193 117 90 455 405 337 356 380 217 294 168 208 66 295 429 221 438 290 246 318 385 389 417 402 374 420 455 474 404 430 404 457 444 457 424 415 431 29 37 0 74 58 81 40 72 71 61 102 95 90 92 53 64 363 389 359 390 376 411 415 348 381 391 216 224 224 255 215 223 221 201 
219 257 534 466 87 358 90 319 60 217 337 329 269 445 54 19 160 410 148 104 123 362 116 56 257 82 34 437 348 391 363 434 254 346 100 123 67 353 463 150 408 243 289 341 373 334 397 363 357 359 447 487 411 430 398 454 445 454 437 403 429 62 44 92 0 53 43 42 29 71 40 45 49 39 19 45 41 397 398 364 391 401 445 421 377 402 418 139 169 161 202 160 145 172 143 
218 227 504 431 123 312 129 312 76 228 340 332 274 403 25 50 173 373 188 121 98 366 152 79 206 124 66 436 355 355 335 381 217 298 125 167 31 317 417 176 394 257 239 306 348 345 387 356 342 378 447 455 385 402 380 430 412 433 401 378 396 49 42 55 45 0 41 40 72 36 64 78 41 53 68 11 9 361 377 341 368 363 411 401 331 369 371 164 187 199 205 174 177 192 160 
185 214 493 434 139 310 96 289 99 202 315 306 251 405 45 38 129 392 155 84 117 328 133 69 239 118 61 418 338 363 322 388 227 308 85 134 24 311 428 152 369 225 242 318 321 317 353 330 333 344 411 438 365 385 360 401 398 417 389 374 373 68 66 78 51 47 0 59 80 41 79 52 23 36 62 47 31 363 362 333 360 365 396 378 322 348 363 144 141 172 179 143 154 162 124 
246 262 543 442 90 346 121 333 47 241 361 355 289 437 23 52 187 385 176 126 98 382 132 96 239 83 36 453 376 361 364 408 248 321 132 166 69 325 443 182 432 257 268 334 383 355 414 378 367 384 466 494 404 430 406 460 453 459 428 415 415 18 22 56 51 40 55 0 52 62 37 81 66 54 58 45 31 392 388 366 390 396 427 415 365 394 402 175 185 198 227 188 187 189 174 
255 272 564 482 62 382 110 332 33 221 374 358 313 462 50 48 185 421 160 106 126 391 89 69 273 67 25 470 389 411 376 426 278 342 112 151 84 369 480 179 431 261 290 354 386 357 432 386 387 381 476 499 439 457 428 466 460 476 450 423 444 46 34 90 26 59 68 42 0 90 35 73 70 66 41 68 68 414 411 398 424 423 464 442 400 419 432 159 182 190 219 172 179 183 167 
180 196 474 403 159 294 111 289 114 207 298 296 256 365 43 82 151 362 174 102 110 346 179 86 194 136 81 399 338 343 292 353 195 275 108 165 18 298 392 161 373 217 217 280 323 328 359 334 317 352 398 425 347 365 341 401 381 398 382 354 362 74 83 77 81 35 51 65 86 0 88 81 54 80 78 49 42 319 339 314 332 329 385 369 314 325 336 168 171 186 195 153 157 171 149 
249 273 557 473 75 374 111 351 38 248 369 361 314 444 62 59 188 396 182 139 118 400 112 86 260 72 41 484 381 387 380 435 262 338 135 160 89 354 474 186 428 275 298 363 387 369 441 391 385 396 494 505 426 453 423 473 472 482 465 429 459 48 38 59 36 55 69 26 33 92 0 75 77 62 58 66 64 407 425 390 412 432 459 455 382 420 427 178 200 200 232 192 193 205 175 
185 245 530 452 130 347 57 289 100 175 315 297 238 427 75 43 128 423 127 71 148 327 110 31 270 103 52 415 330 400 334 416 256 336 63 104 52 353 452 130 373 202 283 334 342 309 376 315 348 332 423 460 383 406 387 412 416 430 411 391 390 90 85 105 39 73 38 83 59 82 71 0 34 19 43 70 71 375 384 360 375 383 420 416 351 373 386 121 128 145 174 127 124 145 105 
189 215 508 438 137 325 91 288 95 179 304 299 241 409 54 52 133 403 133 80 127 330 135 57 248 110 57 413 320 379 321 400 240 303 79 123 43 318 426 139 358 204 250 324 322 319 353 323 317 334 414 445 355 382 357 404 404 408 400 357 393 78 70 93 51 50 20 56 64 42 90 32 0 36 59 47 49 356 353 337 363 356 394 391 327 359 374 132 129 164 169 135 148 143 133 
199 250 521 447 127 343 77 294 81 194 324 322 263 435 61 32 118 407 131 61 152 348 115 28 252 84 41 425 333 405 335 423 253 343 83 117 60 349 452 145 377 225 282 333 342 318 385 330 356 341 437 467 393 416 380 420 413 436 407 383 392 87 68 92 33 71 39 62 64 75 64 21 23 0 24 58 49 377 377 357 380 381 433 400 347 381 384 118 144 145 173 135 132 141 108 
222 253 534 471 98 368 78 316 67 193 327 328 266 435 66 15 149 424 140 75 138 351 99 44 265 78 44 444 339 414 350 424 273 353 93 113 70 357 463 149 384 224 297 355 367 322 400 342 355 345 447 475 411 419 401 436 445 450 423 409 411 74 75 86 14 71 56 57 41 89 60 33 56 22 0 55 57 401 394 375 390 399 436 425 376 388 416 137 142 143 180 151 140 156 120 
206 219 503 416 116 324 105 301 87 225 338 324 271 398 24 49 161 378 165 119 108 361 140 87 223 108 55 421 359 363 327 393 214 290 116 153 30 310 436 182 400 244 242 318 354 352 379 366 340 367 438 454 375 409 388 422 429 430 410 380 406 55 47 52 57 16 31 35 54 45 58 64 49 65 53 0 16 362 372 334 365 375 400 396 339 361 379 160 165 195 208 176 178 175 150 
208 234 514 438 122 315 112 316 78 214 321 329 275 400 8 46 153 365 173 113 95 371 144 72 225 104 59 420 364 361 342 380 217 301 115 166 35 325 424 181 394 255 254 315 355 341 389 362 345 380 442 460 374 414 390 430 417 446 406 383 395 39 42 54 49 9 38 42 58 51 61 71 46 63 55 15 0 368 372 333 362 382 416 405 346 373 382 172 177 187 217 181 167 186 165 
293 141 175 107 475 98 396 300 436 404 249 284 286 67 361 400 348 316 400 391 344 339 497 391 273 457 416 221 354 246 111 197 185 180 375 447 338 180 98 390 366 321 150 119 219 373 189 348 155 411 194 181 153 154 149 169 161 199 127 144 145 379 385 380 398 356 360 383 416 333 406 388 349 383 403 371 357 0 62 64 93 50 68 62 45 30 40 417 366 434 373 370 387 385 387 
276 146 148 149 471 128 396 270 444 388 215 245 268 100 380 407 352 345 395 369 367 309 489 382 292 460 423 169 330 302 91 239 215 218 368 436 340 211 140 384 336 311 183 158 189 342 147 318 127 378 154 150 91 98 104 142 122 149 86 88 88 405 394 386 401 368 365 397 429 344 431 373 356 385 410 378 367 46 0 45 35 6 54 25 36 22 29 396 370 419 350 346 377 373 387 
245 128 172 160 444 134 362 234 405 347 188 230 235 120 347 374 311 334 363 353 347 283 461 357 272 426 377 176 316 279 62 235 211 193 348 408 321 193 158 338 329 290 162 135 172 331 144 307 112 348 164 148 104 112 111 144 129 167 86 104 96 361 369 352 359 338 336 365 382 314 389 353 333 350 379 336 346 58 50 0 37 43 76 60 12 44 59 367 335 392 318 329 350 342 363 
252 164 160 187 474 171 398 232 432 372 184 215 229 139 370 388 337 373 378 362 380 279 482 377 318 455 401 157 303 309 66 267 241 226 354 427 345 227 167 371 301 287 188 172 158 325 115 295 88 351 122 114 75 83 74 113 95 132 51 73 67 401 392 376 388 377 348 399 422 343 413 380 348 388 390 374 366 86 49 39 0 46 59 50 55 55 65 378 339 393 343 333 359 367 361 
263 159 160 136 485 133 407 269 439 389 223 254 273 94 372 404 350 356 404 373 365 314 496 402 290 477 410 174 328 296 92 232 229 212 366 424 349 208 132 386 352 303 181 153 186 355 166 316 131 383 159 150 105 119 118 126 141 164 79 97 92 410 400 385 397 375 359 395 421 334 412 394 365 393 409 363 372 43 10 39 40 0 51 41 31 27 39 410 370 417 348 362 389 380 380 
306 192 106 141 518 158 434 299 482 419 241 285 291 96 425 440 382 369 435 422 412 333 528 421 332 511 455 178 360 313 110 233 259 223 414 461 379 231 109 419 368 343 197 172 201 377 168 343 153 411 149 138 116 121 126 140 138 166 89 111 102 445 448 417 440 401 408 432 457 380 468 415 395 416 442 405 407 75 40 89 75 41 0 32 85 46 55 448 405 462 394 386 421 406 414 
300 176 122 138 506 147 416 277 472 407 220 263 271 93 402 419 362 345 431 394 395 317 509 419 321 497 439 175 353 306 113 225 234 222 386 458 362 226 111 401 364 325 189 161 191 356 170 345 133 398 154 137 101 112 120 128 127 157 82 107 108 431 418 404 424 384 376 424 454 360 442 400 389 415 422 399 406 65 25 75 63 29 24 0 67 42 32 425 398 432 388 383 397 396 406 
233 122 187 166 441 129 364 238 411 362 195 250 241 124 339 366 329 330 376 351 334 302 473 362 267 427 385 189 310 289 78 228 191 202 347 407 311 189 136 348 336 286 141 141 172 335 154 311 120 365 156 149 110 126 103 144 134 162 100 111 102 381 383 358 378 346 331 365 392 302 390 360 332 357 376 344 338 49 37 21 60 46 79 67 0 40 57 365 335 392 334 320 358 352 359 
282 155 154 138 478 125 393 265 440 394 230 266 271 81 377 398 345 339 397 372 365 317 484 393 281 470 415 204 335 284 102 218 209 187 363 437 334 202 125 375 364 307 163 130 184 361 178 327 129 394 169 166 117 119 132 148 140 168 90 104 116 403 388 368 401 364 355 391 412 327 409 371 368 380 402 367 375 31 20 44 66 14 48 35 45 0 15 405 358 426 352 357 388 386 378 
284 151 143 113 487 111 419 282 449 400 234 284 280 86 376 403 369 334 408 391 381 322 505 405 280 485 413 190 365 264 110 205 222 191 382 449 352 189 99 401 367 332 161 144 208 364 179 353 153 396 179 156 125 136 126 150 143 184 91 116 120 398 419 392 412 377 377 408 435 347 424 382 376 391 411 377 383 30 42 61 62 21 40 31 44 13 0 416 382 429 364 375 398 394 399 
144 290 533 505 212 399 64 225 182 83 281 249 193 471 164 130 70 513 16 66 249 264 160 96 350 172 151 384 242 491 331 499 326 404 65 54 160 428 488 36 289 136 335 399 299 221 341 247 332 242 411 447 367 389 359 398 395 414 407 377 391 203 186 221 137 180 145 175 169 162 188 117 130 121 132 161 167 408 394 380 394 404 449 433 371 406 418 0 55 32 83 51 22 50 18 
124 243 486 463 225 379 98 184 199 52 236 215 149 429 181 144 39 489 57 75 256 217 209 113 352 202 181 350 210 461 295 475 315 379 66 93 157 399 470 31 246 107 302 374 262 203 305 210 301 211 365 415 328 361 334 366 352 365 362 340 343 203 210 223 150 177 144 194 176 156 190 134 134 126 149 175 167 382 371 330 346 377 411 381 343 377 372 44 0 66 51 9 34 30 46 
155 302 538 509 224 411 78 238 211 66 286 253 205 487 187 154 79 538 30 77 274 264 175 112 386 184 174 403 237 509 340 509 359 423 93 60 180 445 511 54 285 154 368 418 309 226 359 253 347 225 431 453 377 402 382 414 406 408 417 390 413 226 206 227 163 193 155 204 188 188 188 136 154 137 159 194 184 433 407 376 409 412 459 446 395 428 429 27 68 0 74 62 51 58 46 
99 263 475 457 267 381 120 159 236 37 212 180 124 426 216 189 53 515 86 104 288 192 238 163 364 223 204 317 177 478 286 482 323 390 112 130 200 403 465 53 223 73 323 376 233 146 293 184 271 184 345 386 314 337 306 344 331 336 361 311 342 237 230 254 191 217 175 220 218 196 242 170 180 183 194 212 207 365 364 325 339 363 394 382 332 365 364 93 39 88 0 50 69 46 82 
106 244 491 466 242 367 91 188 210 73 219 203 150 435 178 156 24 484 55 73 257 230 192 116 331 202 177 336 210 458 298 456 298 385 74 88 145 389 444 32 245 93 304 367 254 195 300 225 289 216 361 399 332 349 327 365 360 359 367 323 347 203 191 214 164 181 135 179 188 165 195 116 141 132 156 181 164 361 365 331 348 358 400 377 323 357 382 47 20 60 50 0 43 28 34 
138 276 516 481 230 391 87 201 190 71 240 238 181 455 172 159 45 510 26 66 268 246 179 114 358 190 158 359 227 471 307 476 329 396 68 63 167 422 482 22 266 120 327 393 288 214 319 239 303 221 402 414 343 363 349 393 381 380 400 364 373 207 203 219 153 189 141 189 171 170 194 123 138 128 145 164 176 402 391 355 358 392 423 401 363 395 389 39 28 50 59 34 0 25 15 
122 257 509 480 247 393 93 196 202 46 243 212 171 457 195 158 49 516 38 85 265 237 204 121 370 187 180 351 220 470 312 486 332 391 75 86 165 413 476 8 263 109 321 394 272 184 322 218 310 206 384 425 338 369 338 373 374 366 393 342 364 212 211 234 165 196 150 191 185 172 201 143 150 149 155 193 195 398 380 353 363 389 422 407 361 372 387 52 19 43 53 26 17 0 37 
147 276 508 477 217 389 66 213 183 74 254 246 186 450 168 128 39 496 36 60 240 264 170 92 342 175 155 386 239 467 319 478 318 392 63 53 139 407 475 21 284 130 313 392 291 229 338 252 317 244 397 425 350 389 348 395 383 403 389 361 380 186 172 203 147 174 126 178 159 153 178 103 133 112 122 156 153 397 393 356 374 396 423 413 363 390 404 25 39 48 66 52 28 36 0 

Depot information
289 370 1
232 213 1
448 27 1
273 0 1
1 440 1

Cust information
217 92 1
146 456 1
384 368 1
34 424 1
265 484 1
397 312 1
404 354 1
348 367 1
289 35 1
76 374 1
87 413 1
222 434 1
16 18 1
203 483 1
161 441 1
28 302 1
436 399 1
42 498 1
121 431 1
56 164 1
43 465 1
66 417 1
474 220 1
426 429 1
73 26 1
351 194 1
154 2 1
134 166 1
144 87 1
166 434 1
160 498 1
109 363 1
145 73 1
293 7 1
221 467 1
471 422 1
316 416 1
180 156 1
200 93 1
409 273 1
409 448 1
431 234 1
430 415 1
384 220 1
428 475 1
465 179 1
469 141 1
405 183 1
422 171 1
406 191 1
449 173 1
444 176 1
468 192 1
407 139 1
403 178 1
414 166 1
45 374 1
49 383 1
45 348 1
82 410 1
81 366 1
110 383 1
60 384 1
57 417 1
111 351 1
46 406 1
115 415 1
115 389 1
107 411 1
92 421 1
84 371 1
82 373 1
304 96 1
340 118 1
325 145 1
360 143 1
338 114 1
361 85 1
353 96 1
320 139 1
324 109 1
328 97 1
197 482 1
226 453 1
208 503 1
265 455 1
227 446 1
215 469 1
229 469 1
200 467 1
