Seed 123 - Instance: n90m5_1
n 90
m 5
Q 9999
L 2
U 25

0 139 92 451 175 270 116 164 351 410 373 267 171 108 249 124 178 379 374 107 420 45 537 311 194 521 318 259 203 429 234 405 288 377 49 138 384 214 144 249 290 7 184 386 181 226 352 440 474 243 356 410 387 368 387 341 409 391 362 350 389 399 352 375 381 390 377 374 374 339 412 406 369 372 389 407 380 362 403 474 488 520 482 550 525 468 528 529 505 451 448 516 520 483 476 
152 0 126 362 241 224 148 41 396 472 443 313 293 202 122 205 48 354 242 45 319 171 470 211 177 450 280 250 216 407 112 458 222 314 148 254 409 144 234 139 238 147 232 269 91 144 304 362 486 198 310 339 322 315 315 270 336 324 289 279 317 336 272 299 305 339 302 425 436 390 453 469 430 435 443 439 423 425 462 393 411 427 404 477 444 381 425 452 424 367 374 445 429 408 486 
82 128 0 393 108 178 33 128 291 362 324 207 175 93 196 84 155 285 334 117 341 75 454 250 110 450 239 185 130 346 212 346 212 307 62 121 302 126 120 186 202 85 118 323 136 148 271 352 393 158 288 326 306 300 307 263 326 317 271 288 318 320 264 297 297 309 302 329 320 287 340 351 312 310 330 343 319 295 350 400 408 431 396 467 460 396 435 446 428 382 375 454 437 400 411 
469 357 384 0 412 224 384 329 399 469 452 390 521 444 243 421 330 257 190 400 57 453 148 176 315 84 228 277 303 282 299 459 189 114 434 466 350 255 451 244 207 453 378 160 282 254 138 81 415 242 135 115 146 121 130 147 81 94 125 109 95 91 145 101 101 151 120 441 445 419 431 479 435 438 469 438 437 447 472 85 80 79 88 117 113 38 71 121 66 42 75 87 76 51 376 
174 242 109 413 0 192 87 239 198 268 227 105 119 70 269 41 251 258 392 226 379 135 448 309 100 464 214 150 123 290 314 248 225 308 130 75 230 195 56 262 209 174 58 388 214 205 281 362 309 175 293 331 291 297 300 276 334 328 286 298 332 345 275 306 333 296 305 232 221 172 242 255 218 218 218 242 227 205 251 391 416 462 394 486 446 408 454 446 424 402 370 448 447 416 329 
272 233 181 233 188 0 179 218 216 296 268 185 292 219 175 201 210 126 267 251 209 247 287 181 88 291 58 57 85 175 244 276 70 133 244 254 200 101 228 158 31 269 138 236 146 112 112 177 288 41 113 153 119 137 133 99 170 162 107 123 140 169 110 138 144 145 117 269 245 226 278 299 244 254 282 270 267 257 293 218 246 271 224 305 276 236 291 278 258 215 210 285 270 253 270 
109 148 28 377 97 170 0 146 259 342 291 179 168 84 211 69 167 284 320 128 348 96 437 258 93 432 208 154 116 317 227 326 207 282 80 114 292 133 105 184 191 109 93 335 141 138 267 349 374 153 267 328 290 287 278 245 327 302 262 283 293 321 255 285 304 294 286 310 289 249 316 329 284 298 309 317 291 295 335 379 386 431 380 460 429 387 432 442 400 374 372 445 430 400 377 
147 30 140 339 221 214 137 0 365 456 408 293 297 219 113 210 43 330 224 80 283 181 432 167 170 415 260 230 188 380 96 434 209 292 162 245 388 126 239 108 222 161 209 232 66 110 265 335 482 183 279 319 300 291 292 253 305 285 264 247 275 304 239 280 258 320 286 421 416 370 431 450 405 409 421 433 408 399 449 383 390 391 383 431 417 359 395 420 381 347 344 406 391 372 477 
341 401 278 412 187 226 267 364 0 92 75 86 269 254 376 240 396 178 463 386 411 312 377 391 210 427 192 164 196 163 440 79 261 307 314 256 95 281 238 372 223 346 164 438 331 287 267 328 148 237 259 315 272 299 292 283 317 329 294 304 320 327 299 314 342 268 287 52 51 39 62 105 44 52 76 72 60 62 87 350 360 415 371 450 407 376 426 404 391 367 350 429 401 395 150 
420 473 350 462 268 306 332 451 94 0 55 166 303 317 468 303 471 232 551 457 472 379 426 466 294 480 284 253 279 219 519 24 348 372 377 306 151 365 300 437 304 415 240 530 413 369 348 394 130 310 334 369 336 351 351 359 387 401 365 386 391 401 369 391 396 327 357 53 58 80 40 36 67 55 41 43 57 69 40 411 421 485 426 494 448 457 481 445 451 442 416 486 461 470 154 
367 424 311 470 224 283 288 419 69 49 0 124 267 269 436 252 433 220 518 428 456 344 433 439 263 473 269 226 258 214 485 42 330 366 340 265 143 329 243 414 273 375 219 508 379 336 333 395 147 282 318 370 325 344 341 345 376 391 346 374 384 381 342 378 393 324 349 24 45 44 50 38 33 23 8 61 34 19 28 416 425 485 427 507 456 443 478 460 443 439 409 480 471 464 173 
256 320 194 387 112 176 180 295 90 162 132 0 192 179 328 150 312 193 429 299 390 226 396 342 148 439 179 124 135 202 357 154 224 287 235 160 159 220 140 303 198 259 89 410 264 240 256 344 227 188 253 297 260 278 287 266 310 305 269 286 297 326 276 296 308 262 273 126 130 98 156 160 113 116 129 156 131 109 145 363 366 419 377 456 415 390 429 417 398 369 339 434 411 409 235 
169 284 170 528 125 291 173 300 252 299 253 185 0 95 366 119 312 363 487 265 504 131 553 412 206 577 335 263 221 377 383 283 351 425 154 71 319 288 82 359 324 186 168 478 288 293 391 480 391 294 391 433 402 413 420 390 443 437 404 413 432 449 390 426 443 423 405 279 278 236 314 287 276 258 258 299 264 260 295 502 529 569 515 596 572 519 577 552 542 510 491 563 549 527 404 
105 207 89 453 83 220 96 215 261 310 272 159 105 0 274 50 246 309 413 173 413 64 504 330 143 513 262 197 153 340 303 296 275 350 84 51 299 199 41 272 249 116 118 396 210 218 325 407 393 216 334 385 337 340 357 321 392 370 334 335 371 378 317 346 358 356 353 287 275 247 301 314 278 283 272 300 279 258 305 446 466 492 460 530 494 447 511 501 470 432 426 493 488 459 383 
252 127 203 255 288 175 196 110 387 474 435 318 371 275 0 270 98 306 139 177 194 271 375 83 180 326 222 229 206 346 68 450 153 211 240 304 373 103 290 26 195 243 262 148 72 107 207 241 468 164 220 252 225 212 218 187 237 215 192 193 198 217 191 214 201 259 215 437 431 401 438 474 411 416 430 442 429 427 467 305 296 316 309 347 348 270 324 343 317 268 280 329 319 293 449 
133 215 76 425 47 208 60 205 239 296 249 155 118 48 254 0 232 279 382 174 381 89 462 313 107 473 227 157 122 311 281 277 238 311 82 72 283 170 51 259 212 139 80 387 188 198 293 365 348 180 299 339 318 327 310 274 349 341 293 306 327 360 287 333 331 317 313 255 265 228 295 301 247 260 264 291 264 242 295 419 436 476 415 500 471 416 476 475 445 402 402 478 467 445 366 
186 39 165 334 251 216 165 38 387 472 448 324 328 234 84 236 0 341 202 92 291 200 432 171 189 414 259 244 202 404 75 462 204 272 197 269 397 134 265 109 225 190 241 234 89 120 285 332 491 181 285 314 301 284 297 249 296 280 271 247 276 307 245 269 256 309 281 434 427 392 459 473 423 421 450 448 427 427 475 363 383 395 380 424 425 345 392 432 383 336 350 412 384 370 474 
368 363 300 252 257 135 271 332 170 237 236 191 362 318 311 277 336 0 361 381 264 356 213 290 195 261 93 133 180 56 360 232 163 160 355 320 96 223 290 283 132 388 217 315 279 237 122 176 184 164 118 158 112 150 134 138 162 166 139 178 167 175 163 171 199 121 142 213 192 207 195 243 197 217 230 189 197 211 234 190 199 257 194 275 240 232 272 239 224 218 185 252 246 247 170 
373 241 320 196 405 265 322 230 474 549 528 422 490 413 131 378 216 348 0 292 142 392 330 100 292 278 277 308 300 404 166 531 213 224 363 436 443 225 427 146 264 381 360 62 216 209 243 240 522 252 248 249 259 224 234 216 218 211 226 201 210 210 216 207 180 271 237 515 498 487 525 564 498 514 534 522 514 509 551 280 277 248 274 290 299 225 263 305 263 216 262 270 262 237 512 
99 49 116 409 218 251 131 68 389 463 413 298 268 189 158 186 91 369 295 0 362 141 490 240 196 483 308 251 215 419 156 436 261 342 111 209 396 157 209 169 256 94 222 314 124 178 332 392 493 222 334 367 337 347 341 305 362 353 328 323 332 349 310 343 320 369 347 423 413 391 440 468 409 417 432 448 424 418 452 441 445 472 446 492 487 402 457 496 442 403 407 473 468 440 506 
412 321 346 73 396 220 347 291 414 472 461 395 500 409 193 392 288 260 143 347 0 417 190 119 298 133 212 278 287 298 263 464 171 129 396 442 351 227 424 191 192 417 339 106 241 218 139 98 422 216 148 133 145 126 144 132 111 102 118 99 103 102 126 113 76 161 126 445 447 431 446 494 429 454 458 447 446 445 490 144 129 126 138 161 165 87 131 172 120 93 126 131 142 110 413 
42 182 87 470 138 254 101 191 306 370 333 226 139 71 270 92 204 360 400 131 418 0 534 335 176 530 291 236 187 398 269 371 286 362 29 104 362 207 96 259 271 63 150 395 201 216 360 418 432 239 366 405 366 365 370 327 406 397 359 357 381 390 341 366 369 374 372 353 332 305 380 372 343 336 352 374 334 335 360 471 481 518 479 555 530 468 510 524 491 446 450 523 517 487 440 
534 473 449 158 447 278 442 433 376 418 424 402 553 491 366 473 443 222 322 496 189 522 0 308 360 94 247 309 352 218 418 427 257 172 516 512 294 334 483 351 251 532 407 280 389 332 185 115 330 301 174 136 175 171 162 204 139 169 189 200 168 157 210 183 180 157 169 420 396 400 398 440 396 414 423 384 415 430 431 75 79 90 83 82 49 117 115 44 86 115 100 96 86 114 302 
325 201 262 183 316 178 264 174 379 477 451 336 408 329 86 302 170 272 87 243 120 334 307 0 219 255 206 227 230 328 141 451 131 173 297 364 365 147 335 87 182 309 290 83 151 127 170 181 451 157 184 200 186 171 175 154 173 163 149 138 143 172 140 145 122 206 180 433 421 401 441 489 429 439 457 432 432 432 462 246 244 243 227 285 287 201 238 273 244 190 214 258 243 222 434 
184 176 100 320 111 98 90 158 224 296 259 149 213 133 182 109 186 202 304 178 291 166 377 231 0 379 141 77 37 237 234 288 128 216 151 170 237 84 152 180 124 190 83 283 126 110 204 268 312 89 199 246 203 215 211 171 246 243 204 211 226 250 193 232 221 226 206 272 257 211 283 296 243 259 269 280 254 250 298 306 327 364 322 389 369 318 374 358 333 300 304 359 354 326 326 
536 442 454 81 468 283 450 423 423 489 487 423 577 514 334 472 409 261 279 479 152 530 83 257 362 0 263 328 364 280 386 486 256 158 509 523 359 323 508 324 258 518 418 231 355 324 190 116 398 301 184 148 179 176 177 199 134 147 185 173 162 140 194 164 156 170 174 472 461 461 457 505 448 476 479 444 455 482 496 74 67 16 62 39 58 76 30 60 33 87 89 14 30 41 372 
319 274 224 228 221 52 213 260 208 274 262 191 332 261 214 241 270 88 288 306 209 291 233 201 135 255 0 90 117 143 279 274 73 108 291 287 157 145 249 208 37 311 164 256 206 138 87 170 251 83 82 129 104 98 113 89 148 138 101 130 140 147 103 133 143 94 101 243 235 233 243 297 238 239 253 247 239 261 273 193 199 260 193 288 255 209 256 240 233 194 183 249 250 232 239 
248 252 174 285 139 69 164 236 162 256 214 128 260 197 224 162 243 133 326 258 281 229 321 230 94 319 85 0 60 167 270 230 110 184 222 222 163 129 196 214 71 260 101 290 185 129 159 235 245 79 160 192 167 168 174 147 212 192 172 174 200 217 152 188 211 167 162 219 195 175 224 250 209 199 224 213 204 211 248 253 284 312 272 352 326 282 324 327 296 263 239 318 304 298 254 
208 207 126 301 128 69 104 196 196 273 251 128 219 171 199 134 212 185 310 211 270 201 342 215 42 358 106 60 0 222 233 257 132 200 185 186 214 96 155 185 93 207 85 275 132 111 180 246 301 69 186 226 192 190 199 165 230 217 187 187 222 225 167 217 217 199 187 254 239 202 260 289 233 238 247 259 252 234 278 285 314 354 308 372 342 294 352 355 325 280 265 352 333 320 300 
425 413 338 273 283 194 312 389 172 209 209 219 394 350 348 319 402 59 399 414 302 392 223 318 257 277 136 181 228 0 405 199 205 188 392 359 92 267 331 334 171 427 252 365 331 274 161 204 132 210 161 191 163 189 176 193 198 218 179 214 213 219 197 204 239 144 181 210 185 191 174 241 179 212 220 173 205 205 215 204 228 275 226 286 248 264 286 246 259 247 211 276 267 266 125 
249 105 205 314 312 248 219 101 426 520 473 358 373 300 74 276 61 369 162 140 250 266 417 131 223 378 289 277 233 420 0 509 220 278 254 336 417 162 310 94 245 241 293 174 108 161 283 313 523 221 286 315 307 287 283 253 295 271 265 237 272 297 244 276 261 325 294 475 466 436 488 513 465 477 477 485 468 465 515 366 368 380 364 418 407 326 364 400 371 310 346 384 380 341 502 
392 455 342 464 232 275 322 432 75 30 46 154 292 294 447 286 460 235 544 454 467 368 428 465 287 488 264 244 267 212 500 0 340 364 365 280 131 348 277 439 282 412 242 511 388 356 321 407 137 312 340 374 340 353 353 352 383 377 358 384 381 395 359 367 403 330 353 36 48 67 32 40 35 49 25 42 35 48 27 410 419 477 410 494 445 454 480 453 453 437 400 473 475 447 159 
290 222 211 192 232 60 204 201 275 337 319 234 332 272 157 248 214 153 217 256 159 284 255 138 132 251 76 109 133 207 219 331 0 102 270 298 236 107 268 134 53 295 196 195 144 104 84 150 330 56 86 128 102 95 92 62 133 113 75 82 96 120 73 87 100 120 97 320 310 284 323 366 292 304 336 311 311 312 334 193 193 243 198 265 247 187 233 248 223 179 177 244 222 204 301 
377 314 304 116 315 137 298 277 287 371 358 290 409 342 214 326 283 151 223 344 124 378 159 171 227 171 113 178 202 186 286 358 94 0 361 383 243 184 348 198 116 384 258 179 233 184 44 57 319 145 31 33 36 6 26 54 41 32 37 49 28 43 49 33 59 49 18 339 324 323 339 382 336 343 350 336 346 339 376 101 115 156 117 199 164 100 154 169 142 100 96 159 148 126 304 
52 148 72 442 141 233 85 159 308 371 336 220 158 83 241 98 183 347 372 122 403 24 516 308 147 514 281 219 189 393 256 374 273 365 0 110 351 189 108 238 260 46 146 380 182 205 345 409 431 216 346 393 344 363 361 323 380 369 338 346 370 388 318 348 368 373 362 347 336 302 361 369 339 337 339 369 335 323 357 440 461 499 462 541 512 451 498 513 485 433 436 512 491 476 447 
138 253 123 464 83 250 122 252 251 295 256 156 67 44 315 56 264 328 435 223 442 94 507 361 162 522 276 213 193 364 329 283 286 379 111 0 316 234 25 293 269 135 133 442 238 240 343 437 370 232 348 399 369 381 366 327 412 395 359 365 385 405 352 390 395 378 360 279 276 225 303 305 271 262 265 308 274 258 283 463 480 528 480 562 518 474 520 519 506 462 439 524 513 482 382 
384 403 303 341 248 188 297 371 85 146 141 147 336 305 361 280 396 94 440 416 359 357 288 354 222 355 154 167 206 90 436 132 234 249 363 296 0 279 289 357 184 384 203 407 338 292 216 266 107 218 205 235 219 234 225 239 267 274 245 269 266 277 244 264 279 200 220 116 104 127 107 162 114 134 139 97 112 132 139 288 299 344 284 358 328 310 362 311 319 303 270 352 332 341 104 
205 156 132 260 195 96 132 128 278 366 342 233 280 194 120 183 135 219 225 165 237 202 351 151 95 334 141 123 94 267 169 342 91 192 180 240 275 0 204 94 110 212 159 211 67 16 178 241 378 68 179 207 199 178 191 150 206 193 160 166 188 205 145 182 186 197 189 339 325 293 338 377 314 325 336 345 337 317 369 278 285 324 287 366 329 270 318 339 294 267 257 317 320 297 363 
147 243 104 439 54 220 110 228 238 291 254 149 79 37 294 47 264 292 418 218 413 95 500 340 134 505 249 189 165 336 327 264 278 357 100 28 286 221 0 296 252 152 98 414 224 233 328 405 367 218 326 370 342 348 349 303 383 380 323 350 367 386 332 365 368 357 343 257 249 215 291 291 246 251 248 277 260 245 281 445 458 497 446 525 490 445 491 496 465 428 425 493 495 462 372 
243 136 199 245 274 169 188 110 355 450 417 298 345 266 41 242 96 275 134 169 188 251 351 75 164 314 208 209 172 329 88 425 130 205 232 308 353 89 279 0 171 253 240 152 84 70 201 231 441 130 190 233 219 195 207 170 218 190 190 173 186 208 166 195 169 239 195 420 393 365 420 454 392 402 415 409 410 408 441 286 296 311 293 344 333 259 302 327 296 246 252 316 308 276 420 
295 246 200 209 203 27 195 230 232 305 271 200 315 252 198 227 226 134 266 274 202 265 267 170 124 259 35 76 103 177 240 291 48 123 264 281 201 116 239 161 0 291 162 223 157 119 84 175 281 62 90 129 115 112 104 73 139 135 95 117 130 150 95 113 140 119 117 278 271 242 269 309 250 276 288 259 272 279 292 205 207 261 205 302 256 220 272 264 235 191 196 260 246 232 264 
6 154 87 469 178 275 112 150 359 415 383 267 174 105 239 121 174 381 367 96 426 47 535 304 190 526 319 264 219 416 241 395 299 381 48 130 393 217 138 254 281 0 189 392 175 227 370 439 469 237 359 407 390 382 376 339 419 398 355 370 387 411 354 372 383 397 367 382 374 351 407 423 378 366 376 406 384 373 408 472 485 522 481 548 522 467 515 521 499 452 464 523 517 483 476 
183 228 122 366 51 136 95 212 178 258 203 102 171 106 255 77 252 223 355 218 337 164 398 295 77 426 172 110 77 252 279 229 193 269 158 113 215 155 88 235 168 191 0 353 196 174 232 322 289 146 245 296 262 258 269 234 291 297 256 255 278 303 238 272 292 258 264 218 200 164 241 239 193 196 213 233 210 208 234 355 371 414 366 436 418 353 407 410 385 343 335 407 408 380 299 
386 258 331 153 381 244 329 235 440 520 504 408 493 403 146 389 218 319 56 306 92 391 293 73 286 229 250 296 279 370 178 520 176 177 380 428 405 212 413 147 240 389 359 0 209 187 194 179 492 237 198 211 209 184 200 177 188 166 182 146 164 173 177 168 151 225 187 491 475 456 496 527 480 483 503 498 490 498 511 231 224 212 217 255 256 176 224 257 212 175 201 223 223 187 463 
174 101 121 293 214 160 136 70 332 408 386 260 283 206 77 187 78 286 200 119 241 197 390 137 126 366 191 185 132 321 114 406 134 217 181 247 329 61 230 72 169 194 183 217 0 62 216 281 422 129 215 254 240 222 223 177 248 234 204 207 234 243 187 229 223 254 227 374 359 327 395 408 357 367 380 380 373 358 400 321 327 349 322 396 361 300 358 363 333 293 304 349 350 317 415 
207 144 137 248 207 97 151 114 297 367 339 246 302 226 95 186 124 236 204 175 207 210 332 128 98 313 158 147 112 277 148 371 99 187 200 248 278 18 233 87 116 217 166 193 67 0 175 220 382 73 167 220 175 175 190 134 203 184 163 156 173 191 147 174 178 206 173 333 343 308 346 379 320 327 343 338 346 343 375 262 272 319 270 352 332 250 304 334 292 258 258 314 316 279 373 
370 298 272 141 287 109 264 271 264 333 325 263 391 321 224 298 276 118 249 327 151 362 182 181 203 194 75 141 179 162 287 338 91 40 345 349 207 181 321 202 91 367 233 203 224 169 0 96 299 135 16 59 34 42 26 36 66 70 27 51 65 80 37 50 81 53 31 317 300 287 317 354 301 322 330 307 311 309 336 121 144 173 124 220 191 141 184 177 147 122 100 194 183 159 265 
430 350 358 85 361 180 349 324 346 395 393 331 475 413 258 368 321 175 228 394 105 419 120 180 273 116 152 236 253 214 321 406 155 68 415 432 278 225 394 238 168 427 317 197 270 218 84 0 339 199 92 49 73 68 71 110 25 56 91 72 61 45 91 56 68 83 76 378 373 363 361 425 368 392 398 367 374 389 418 47 71 108 55 145 106 50 112 110 71 57 41 99 100 72 309 
473 490 393 401 319 292 388 471 136 122 155 214 391 389 460 360 482 183 530 493 419 432 326 441 319 398 253 260 303 148 509 138 320 321 445 375 102 373 363 446 281 464 296 477 429 377 292 345 0 313 290 320 281 307 297 323 343 344 325 350 341 333 327 328 357 279 297 146 139 153 108 140 129 148 158 100 143 167 151 329 357 406 345 416 363 380 412 357 369 369 346 407 398 398 48 
255 211 161 237 174 30 155 180 239 324 292 194 297 206 163 192 198 165 241 211 222 229 291 163 86 298 89 89 74 204 212 297 65 139 213 231 216 65 213 147 49 238 140 230 128 68 126 205 308 0 122 172 154 152 140 105 178 167 138 136 162 186 107 156 150 168 137 283 276 250 288 318 262 278 302 277 282 278 311 244 263 300 242 330 293 246 288 304 272 229 229 292 294 262 304 
373 297 277 145 279 102 268 283 273 330 317 250 396 332 213 294 288 114 251 326 150 365 189 185 201 185 85 151 179 171 288 331 87 49 341 353 222 169 317 202 86 372 250 205 228 173 16 84 299 134 0 66 17 39 36 50 78 56 31 60 68 77 42 57 74 40 35 306 304 283 312 346 298 305 334 297 306 324 339 129 129 184 135 218 186 142 191 174 160 129 108 180 174 151 267 
413 332 321 109 324 168 311 315 310 369 358 303 446 387 239 345 312 150 250 363 122 392 146 190 246 129 134 206 229 177 317 366 125 45 385 409 237 226 384 234 129 416 298 212 257 215 53 39 307 171 61 0 52 39 41 77 33 45 61 73 53 41 75 48 77 38 49 348 342 333 329 395 327 354 371 336 341 352 374 70 79 141 81 154 121 83 144 125 102 88 67 131 119 98 299 
373 316 289 150 291 128 294 299 283 339 340 274 399 343 233 322 302 121 259 343 140 366 163 187 216 166 95 160 195 169 290 326 95 28 349 372 221 179 348 206 115 378 244 209 231 181 22 74 294 151 16 39 0 37 17 61 56 71 45 72 71 70 62 51 71 24 33 322 314 291 313 365 314 314 326 304 322 324 336 117 123 164 121 205 160 115 175 167 141 118 97 162 151 150 270 
375 304 295 127 305 123 283 282 298 360 354 276 411 346 227 310 289 151 219 343 121 378 178 168 221 160 105 174 192 184 272 361 91 18 354 381 234 186 343 204 109 385 264 194 227 174 29 61 301 154 37 47 41 0 26 59 56 45 25 38 34 53 51 43 59 48 7 345 332 321 330 384 316 330 359 318 335 345 371 105 124 150 107 189 164 106 165 168 139 100 96 159 152 137 288 
386 322 302 120 296 134 279 293 290 349 337 274 408 356 221 318 289 130 245 337 144 364 165 170 224 175 99 174 196 176 295 346 102 19 357 369 216 196 338 214 118 383 258 201 233 185 38 74 298 139 18 46 13 15 0 46 44 39 36 53 39 58 46 38 58 36 25 329 322 308 325 369 321 333 342 310 318 334 353 108 123 150 112 197 163 119 167 158 134 97 86 154 146 129 285 
338 271 261 156 276 104 256 248 270 363 332 259 392 321 192 281 254 152 214 308 146 325 217 152 181 200 97 147 172 199 239 344 58 48 307 335 241 138 307 168 88 337 225 183 178 140 48 96 316 108 40 84 59 44 62 0 77 71 28 46 62 75 15 56 63 87 56 319 325 292 329 361 313 326 333 321 324 320 362 150 149 191 147 224 191 142 195 193 178 139 117 196 182 154 292 
402 326 323 96 342 170 317 304 334 392 383 316 446 389 236 347 301 168 213 366 105 411 150 180 243 134 151 206 227 206 303 377 127 43 396 408 263 206 380 226 143 402 292 176 248 198 82 40 325 181 70 38 61 43 50 90 0 34 55 58 27 13 64 37 55 79 59 365 360 358 367 405 363 379 394 362 373 369 399 83 80 116 77 145 127 63 118 121 104 53 55 123 124 84 307 
390 314 318 94 335 146 296 292 322 393 377 313 441 376 213 333 281 163 218 355 92 397 152 155 238 154 127 204 229 205 276 380 109 29 377 405 263 199 377 197 134 385 283 169 238 199 68 57 342 164 67 48 62 48 41 61 24 0 46 40 24 26 61 18 37 70 37 379 351 351 352 404 359 358 392 363 360 370 405 86 100 140 102 170 139 79 141 149 110 72 63 130 122 95 310 
361 298 285 136 288 117 272 273 295 353 353 276 398 329 196 311 259 148 209 324 133 345 179 145 199 183 102 173 190 193 266 355 87 31 345 351 231 166 333 179 105 361 250 177 205 161 23 83 324 132 43 60 42 31 25 32 62 57 0 36 38 56 23 34 54 66 37 326 328 309 338 374 321 332 340 324 322 332 368 134 136 175 120 200 180 130 189 185 147 104 101 175 156 152 290 
356 279 277 111 312 133 272 253 311 388 377 296 421 343 178 307 264 163 192 319 95 349 194 135 206 169 112 170 191 211 252 382 89 48 347 360 265 169 334 174 118 362 257 151 202 153 62 83 333 139 51 69 62 51 57 51 67 40 38 0 42 63 26 29 32 96 47 364 354 338 360 393 344 357 383 352 347 368 386 119 147 163 125 193 188 114 169 185 137 107 117 162 161 140 323 
382 303 318 107 327 149 299 270 329 395 374 303 424 364 203 333 277 181 205 342 89 386 163 153 227 161 134 197 215 217 269 389 108 41 363 387 259 184 371 182 135 376 280 171 218 173 57 65 342 148 68 43 69 44 50 61 34 26 36 36 0 40 43 25 22 71 41 358 363 335 368 396 359 368 372 345 356 363 391 96 121 144 108 174 150 93 146 151 133 85 84 152 141 123 325 
413 335 327 86 338 164 313 290 338 394 392 323 452 386 217 358 294 176 220 359 102 406 144 156 256 126 134 214 238 202 277 389 128 39 374 401 272 209 389 202 152 397 300 166 248 209 79 30 331 169 61 47 55 48 59 81 19 15 63 54 31 0 60 37 38 79 56 370 357 360 371 406 355 365 390 363 379 379 399 84 101 116 93 169 138 65 124 140 93 57 67 131 128 87 319 
345 285 269 134 280 111 265 246 299 374 349 269 395 318 179 295 244 161 213 303 136 342 209 147 191 184 103 160 167 197 249 361 63 48 316 339 246 146 314 164 88 343 235 171 200 147 49 93 330 123 52 73 52 45 44 11 68 59 18 41 55 75 0 54 60 83 44 345 323 303 332 380 315 334 347 326 332 340 355 129 158 185 141 209 185 132 196 189 162 121 126 194 181 158 300 
370 297 300 109 319 139 288 270 305 381 364 302 426 348 210 322 271 174 210 338 98 381 169 160 216 166 133 179 210 207 262 381 90 22 349 377 247 190 351 189 115 381 280 174 213 177 63 52 328 147 49 59 60 32 33 48 43 29 39 36 15 38 46 0 34 64 44 369 352 341 345 398 341 354 374 340 359 353 394 114 115 155 104 188 168 95 161 154 124 97 78 149 142 116 309 
381 300 293 85 325 149 300 269 343 410 392 312 438 358 201 338 259 194 192 318 71 377 175 139 231 154 149 199 219 239 242 403 96 60 362 384 288 191 369 165 137 369 293 139 212 177 71 79 361 165 83 64 82 67 62 66 62 30 59 37 31 48 52 40 0 106 68 388 361 358 372 414 365 374 402 378 386 382 408 111 127 144 125 183 160 102 154 161 135 80 95 149 148 112 340 
394 336 303 139 301 129 293 305 258 343 316 278 422 361 262 315 318 104 278 372 164 384 154 199 228 162 100 171 198 137 324 333 108 54 370 384 210 198 351 236 115 403 265 227 250 207 57 91 279 166 37 53 22 46 31 86 70 81 66 77 68 69 70 62 89 0 54 311 308 286 300 345 298 311 327 306 312 311 339 109 127 169 121 199 155 124 172 158 143 123 85 160 165 149 259 
378 321 304 130 306 117 288 275 284 366 350 268 407 351 231 317 284 137 243 340 141 372 174 172 215 165 104 177 196 176 282 338 96 27 346 365 218 185 340 206 112 371 265 200 222 188 21 75 309 138 27 53 26 24 10 54 58 52 20 46 41 49 52 32 68 55 0 339 320 308 316 381 323 326 344 327 336 335 356 114 113 166 124 202 158 111 170 155 134 112 81 155 153 124 295 
380 427 330 444 232 277 295 420 61 40 19 127 281 283 433 270 435 216 521 425 447 346 405 430 269 457 242 218 238 204 480 26 309 351 348 277 125 338 257 421 274 376 223 490 378 339 314 375 144 286 311 350 318 335 329 337 378 375 332 355 367 382 340 370 377 304 344 0 28 60 36 54 23 19 26 41 16 40 35 387 416 468 407 483 430 441 479 440 439 412 398 459 457 454 167 
379 417 323 430 211 255 302 410 57 58 43 130 278 287 429 263 422 200 504 419 433 344 395 436 258 450 243 208 234 193 471 40 311 339 346 261 118 325 258 401 267 382 208 475 360 335 312 371 132 270 299 335 311 316 326 311 359 367 325 357 346 371 334 353 369 300 330 25 0 42 43 65 8 17 37 39 22 43 45 391 402 459 393 473 421 427 459 429 433 416 368 458 446 437 156 
342 393 286 429 188 241 269 373 38 87 53 90 243 241 384 223 404 207 484 374 424 292 400 412 219 448 224 183 209 205 437 77 290 332 311 223 131 299 217 385 235 347 163 454 329 311 301 362 157 255 289 327 295 316 309 298 353 343 310 335 334 347 304 344 350 287 314 48 55 0 74 94 38 39 56 79 42 39 77 389 398 451 397 475 420 415 463 434 426 391 366 441 444 435 171 
401 455 341 432 245 268 318 427 68 37 56 147 303 309 450 283 445 197 514 447 452 361 391 435 278 444 247 219 268 170 492 50 316 326 360 291 111 344 286 428 278 401 235 492 379 357 314 376 107 290 311 346 316 328 318 320 363 364 324 360 365 365 341 341 366 294 326 53 49 81 0 57 51 47 67 12 49 67 52 373 403 445 397 459 419 420 461 413 416 398 367 447 435 424 120 
407 476 364 486 253 310 333 455 110 28 43 165 291 321 477 302 478 241 556 458 483 364 437 483 303 497 281 253 283 221 519 27 357 375 369 297 169 372 289 453 315 405 259 539 414 375 347 414 154 325 361 381 366 372 362 376 406 406 371 390 398 418 378 408 411 356 380 45 56 81 68 0 58 66 47 67 63 55 29 437 450 509 437 510 469 461 515 471 464 454 432 504 481 475 171 
366 422 303 441 215 249 297 413 34 62 44 118 258 277 413 255 430 204 495 405 433 331 399 426 245 446 230 192 235 178 474 45 310 319 340 271 121 323 245 401 249 364 198 479 352 330 303 359 146 277 299 339 304 313 322 320 358 351 326 336 346 361 330 342 358 296 326 34 10 49 51 65 0 15 34 53 19 38 53 386 394 459 386 475 418 420 457 428 422 399 375 455 449 439 145 
367 420 302 456 202 260 300 409 47 55 16 127 270 273 428 247 428 215 520 424 446 330 422 431 249 462 238 207 234 201 478 32 318 341 325 256 130 331 252 410 275 383 197 481 368 341 322 378 138 271 321 343 311 335 335 327 362 363 332 365 356 379 327 362 388 301 330 21 24 48 52 64 33 0 24 49 30 19 43 393 409 453 414 487 430 422 476 445 429 420 398 465 454 432 169 
380 439 322 453 231 285 301 433 65 42 16 140 276 277 445 256 436 228 531 431 474 336 434 459 260 484 268 220 256 226 483 40 336 351 338 273 144 332 243 410 276 384 227 508 376 341 327 391 160 291 337 366 324 342 352 338 393 388 340 364 384 384 344 364 401 333 349 32 30 64 67 48 46 23 0 58 26 37 40 414 419 489 418 489 464 438 483 459 454 431 396 485 477 449 167 
406 442 347 443 243 264 322 425 74 39 62 146 308 317 438 280 451 198 518 436 435 366 387 434 272 454 233 217 247 179 485 43 318 329 375 297 103 340 272 407 269 408 224 489 384 347 302 370 105 283 307 344 308 332 323 325 363 347 319 341 359 355 321 350 360 292 310 42 46 87 14 60 54 62 62 0 42 59 51 372 387 443 382 465 423 424 459 412 418 404 374 434 423 419 119 
374 436 316 433 218 253 294 411 60 55 23 134 274 273 428 257 434 204 511 414 449 345 409 434 261 469 240 208 243 194 466 26 318 347 352 280 129 318 264 411 263 384 213 493 369 345 312 383 139 284 304 336 318 335 323 329 374 366 328 354 357 363 327 348 377 299 327 17 24 46 36 52 19 25 28 33 0 24 33 391 396 458 405 478 428 435 460 440 422 417 387 450 446 435 147 
354 415 300 452 201 272 291 396 70 67 19 120 257 271 426 250 434 230 513 420 462 318 426 441 246 480 243 201 238 205 471 39 321 342 331 260 130 315 229 415 274 370 203 501 373 329 308 388 148 287 327 364 332 348 339 324 370 370 341 362 378 381 339 359 382 315 338 36 43 50 72 65 31 21 17 59 34 0 42 411 418 465 421 483 443 441 470 447 442 426 388 473 470 445 174 
393 468 343 483 243 290 319 436 81 32 29 146 282 292 469 294 466 231 554 444 483 370 438 473 281 481 274 249 282 213 500 21 340 373 358 286 140 356 272 447 310 396 246 512 403 365 349 408 148 318 333 370 353 358 351 358 400 396 360 392 401 395 372 395 415 336 368 32 41 73 48 32 49 36 21 63 45 38 0 411 438 497 436 504 459 459 505 461 456 447 411 482 473 463 175 
471 404 385 101 400 220 372 367 342 416 398 364 504 452 297 414 376 201 278 439 138 464 68 242 313 90 186 267 299 213 361 395 200 111 459 460 282 284 430 278 198 482 344 227 327 265 128 61 331 234 126 64 100 116 102 152 68 89 131 130 110 74 134 105 112 100 116 394 372 381 375 418 377 391 406 371 378 411 411 0 36 90 17 100 74 66 94 63 44 53 33 81 78 61 300 
490 410 413 93 413 243 404 389 361 432 414 369 517 455 296 433 368 214 262 437 144 482 69 241 317 68 202 271 308 225 356 419 200 123 453 480 300 289 453 286 220 478 374 226 322 287 145 55 347 252 129 82 122 113 117 152 87 110 132 133 120 93 143 123 129 115 128 402 405 393 401 440 400 400 433 379 403 426 442 36 0 74 21 96 63 62 69 60 35 50 44 67 51 59 315 
524 419 433 67 450 272 422 411 415 491 482 435 556 504 318 470 395 262 254 473 124 516 100 241 368 32 249 326 341 286 380 467 235 154 489 515 358 309 502 309 269 508 417 223 356 307 175 96 394 294 180 127 171 156 151 201 114 142 165 160 143 118 178 139 151 159 151 468 441 444 445 506 442 471 469 450 453 475 490 81 68 0 77 54 53 68 10 61 43 74 84 28 24 29 383 
485 409 398 88 400 230 400 371 365 429 418 377 512 457 297 423 367 201 268 437 132 476 71 235 327 74 204 272 293 230 369 424 204 118 450 465 293 286 445 283 209 472 365 215 321 269 129 66 350 240 122 90 121 105 102 158 85 101 138 131 109 83 137 122 116 110 122 409 396 386 389 444 388 405 420 381 397 415 428 30 20 58 0 92 61 58 78 68 32 54 38 67 52 50 321 
545 462 472 122 481 304 459 436 435 503 492 457 586 533 357 497 425 272 289 493 175 556 82 277 396 36 293 357 382 305 416 487 266 188 534 561 372 359 533 348 294 547 446 248 388 340 205 141 419 327 203 173 208 188 193 231 158 179 213 198 179 168 213 178 187 185 204 488 479 460 473 520 471 485 499 453 482 500 514 110 78 50 85 0 47 97 51 67 60 104 125 35 45 88 397 
539 453 447 117 444 275 430 417 403 460 463 422 553 497 345 474 424 244 301 495 178 523 58 272 363 41 238 322 350 246 404 460 249 158 512 521 326 330 504 334 259 536 417 264 365 317 186 114 363 300 178 129 167 157 166 210 121 154 176 176 166 139 183 156 176 159 167 430 424 433 421 465 418 446 456 408 442 457 462 67 53 51 54 46 0 94 65 5 58 87 86 58 45 77 341 
457 371 398 40 395 231 387 354 390 456 442 392 519 439 263 426 348 224 214 411 90 471 121 196 309 70 210 274 297 266 322 437 181 102 440 470 325 272 451 247 219 474 364 186 291 249 135 61 380 249 133 97 127 107 107 135 75 93 123 118 101 77 124 103 85 137 109 430 414 421 419 458 419 431 453 415 417 427 449 58 55 55 63 95 100 0 56 102 52 30 64 67 59 34 360 
520 420 439 76 453 287 430 414 434 493 492 441 574 491 313 463 397 267 249 459 128 524 99 256 364 19 263 328 353 281 371 494 250 171 502 515 363 330 503 309 257 530 408 204 347 322 186 100 415 290 191 136 173 159 164 201 130 140 169 166 147 129 187 165 155 183 170 463 469 448 465 503 464 465 492 445 471 472 492 92 70 24 80 54 62 61 0 68 47 68 91 34 32 35 379 
527 453 441 125 447 289 444 421 404 443 447 420 552 493 339 460 433 236 314 482 176 530 48 279 363 46 237 310 356 256 407 452 251 161 499 527 323 341 505 341 268 524 418 270 370 319 192 110 372 288 175 125 172 169 154 202 141 141 182 188 163 131 192 166 179 161 155 443 433 423 407 477 432 428 458 412 424 448 450 65 46 72 62 52 15 98 71 0 60 91 95 61 62 83 348 
494 409 418 72 428 260 414 391 385 451 459 397 533 463 305 444 393 233 264 449 128 501 75 241 351 40 228 297 327 261 360 443 225 124 473 503 328 291 462 285 229 506 392 216 343 296 154 82 383 269 149 98 143 130 142 163 106 124 147 145 124 112 154 133 128 148 145 431 415 420 422 469 431 431 441 413 427 435 458 55 41 38 49 66 51 62 51 47 0 58 60 43 31 45 352 
459 369 370 42 388 212 362 347 366 445 443 375 495 441 271 412 339 221 215 394 91 459 124 204 307 76 205 259 280 249 321 430 167 89 430 454 304 266 435 253 209 448 352 173 287 258 116 51 380 221 131 72 122 106 108 133 60 68 113 115 86 64 120 85 87 117 104 419 406 404 413 463 399 410 435 401 421 431 440 56 66 76 45 110 93 16 81 91 54 0 40 80 71 51 356 
459 377 373 78 371 202 369 351 338 402 405 354 490 418 271 391 341 183 246 414 132 442 96 208 289 102 186 238 268 209 344 410 174 96 424 443 281 260 433 265 195 450 331 217 294 259 100 44 340 223 108 64 90 78 80 121 66 77 114 115 73 54 118 78 92 87 83 382 372 365 373 421 372 385 407 367 381 393 418 35 30 93 29 118 89 52 98 89 61 50 0 90 79 59 313 
518 427 454 83 446 273 438 416 421 475 487 428 565 509 334 469 407 269 278 474 128 520 86 251 364 24 248 327 350 284 381 485 245 165 500 525 348 330 492 318 269 519 408 222 361 313 183 105 402 298 173 128 163 166 165 203 134 144 176 165 149 124 192 154 147 169 172 454 454 439 451 499 451 471 485 442 453 462 480 83 65 25 73 42 49 72 29 60 34 67 83 0 16 40 385 
502 433 427 84 436 267 432 406 408 474 476 423 552 488 318 461 396 255 267 451 124 514 97 256 351 15 249 324 337 267 374 469 240 140 491 511 340 321 495 298 249 505 398 211 341 302 170 89 386 283 163 123 154 146 158 185 116 128 162 167 130 122 173 144 148 149 160 459 438 434 426 492 436 451 465 423 453 457 467 73 54 20 66 52 46 60 23 58 17 66 77 27 0 30 356 
493 395 413 44 424 242 394 363 394 470 459 396 540 464 286 440 357 246 241 437 108 486 114 216 333 51 220 295 314 256 337 453 197 126 457 481 322 294 474 265 220 492 380 186 312 269 159 75 396 259 160 106 150 125 128 174 102 101 146 135 119 99 157 128 115 146 124 436 424 432 431 486 425 450 449 422 432 459 476 69 56 31 61 70 83 42 49 69 40 34 73 55 40 0 370 
475 500 411 383 331 281 376 469 147 145 179 241 411 388 448 367 476 169 494 500 403 445 303 437 314 372 242 256 291 109 515 166 309 288 440 380 104 374 360 426 274 486 308 475 418 364 271 316 38 298 274 290 268 291 292 300 314 308 303 332 317 312 316 311 339 258 290 156 155 188 128 177 152 162 173 115 154 182 177 319 320 384 331 391 349 361 379 331 341 341 318 379 368 364 0 

Depot information
24 344 1
40 209 1
103 319 1
350 35 1
175 394 1

Cust information
262 242 1
122 324 1
67 203 1
352 428 1
404 492 1
361 486 1
268 411 1
109 484 1
109 399 1
127 130 1
135 382 1
62 176 1
384 271 1
166 8 1
22 249 1
296 37 1
54 374 1
480 83 1
187 86 1
193 297 1
427 20 1
310 241 1
267 297 1
218 294 1
430 292 1
65 117 1
387 487 1
260 188 1
332 141 1
59 353 1
114 433 1
402 361 1
176 218 1
134 417 1
146 141 1
277 229 1
22 342 1
202 361 1
208 19 1
126 202 1
177 204 1
330 171 1
367 100 1
482 409 1
233 236 1
334 170 1
364 133 1
348 165 1
335 147 1
342 153 1
299 164 1
350 112 1
333 116 1
317 152 1
302 130 1
324 119 1
342 110 1
301 153 1
323 127 1
307 108 1
367 171 1
337 152 1
373 474 1
373 461 1
336 453 1
404 459 1
390 510 1
366 459 1
362 472 1
366 488 1
404 455 1
373 468 1
351 479 1
384 499 1
414 92 1
417 76 1
414 21 1
413 79 1
451 7 1
454 51 1
372 52 1
412 12 1
457 55 1
414 50 1
370 63 1
393 95 1
424 23 1
419 33 1
391 40 1
490 382 1
