Seed 123 - Instance: n90m20_2
n 90
m 20
Q 9999
L 6
U 21

0 311 348 439 462 179 384 100 219 382 411 464 226 367 261 206 278 191 287 275 320 278 265 355 365 237 339 293 243 152 138 176 440 153 193 498 121 280 415 382 190 496 269 387 486 343 186 322 194 429 162 288 232 363 506 248 379 371 354 60 90 462 323 349 268 549 561 528 527 570 552 559 522 533 531 526 540 243 208 249 260 211 244 253 239 204 237 227 225 229 212 217 80 142 94 72 69 99 136 116 96 100 70 354 352 306 377 365 362 300 
311 0 90 557 552 161 348 394 115 223 538 595 335 403 492 225 52 142 487 231 40 474 197 319 346 450 63 193 339 423 200 383 429 408 272 391 238 281 320 351 172 444 89 514 448 233 261 496 440 400 350 489 431 468 351 439 378 251 169 357 393 518 445 426 193 397 434 402 404 431 434 423 390 416 398 395 428 379 347 381 364 357 376 372 368 350 375 377 345 367 327 348 383 446 349 364 371 357 430 398 350 367 362 102 152 128 180 172 160 105 
344 99 0 509 497 189 284 421 141 131 505 556 318 370 497 233 113 191 493 198 61 460 156 259 291 454 25 143 336 438 248 400 381 406 279 319 248 263 262 293 173 378 172 491 399 177 263 489 445 348 361 474 424 445 279 427 330 195 114 398 433 484 418 401 144 317 334 336 325 356 357 352 319 339 311 321 342 350 332 370 352 344 362 355 354 330 356 362 351 354 328 347 411 471 361 405 398 378 446 417 372 391 398 36 75 78 97 92 106 59 
434 543 513 0 63 449 275 381 456 408 68 65 238 163 241 337 549 492 190 323 539 163 373 282 256 213 533 378 219 344 471 274 209 301 290 365 389 278 329 256 407 282 564 63 237 347 321 141 282 241 280 153 227 100 396 193 219 372 427 446 460 98 128 139 373 396 418 377 383 415 393 417 394 382 387 365 382 215 239 200 201 245 201 205 217 237 208 219 238 217 247 228 411 374 345 397 378 342 372 346 348 355 379 502 458 451 464 453 456 453 
462 540 508 67 0 444 239 415 454 398 110 102 251 150 294 328 540 499 226 312 536 217 357 261 220 245 521 364 233 377 495 304 178 335 288 321 406 251 297 235 411 239 574 100 193 334 324 185 330 197 297 191 268 111 365 223 189 344 414 487 496 51 148 128 373 368 383 351 357 362 358 375 341 342 362 321 341 215 251 224 221 248 215 213 226 267 238 239 251 234 248 238 439 408 378 431 406 376 409 385 362 390 405 477 435 437 444 431 420 460 
167 161 191 448 444 0 291 247 62 232 421 474 205 320 350 121 133 75 361 166 156 333 143 262 284 317 177 170 225 271 75 257 373 243 164 381 76 214 306 304 57 398 134 405 400 211 135 364 291 344 197 340 286 360 361 294 302 237 190 228 254 441 331 325 138 422 442 418 414 446 443 444 402 421 400 395 438 254 214 255 250 221 252 242 250 203 254 246 217 247 218 234 237 297 191 215 213 213 286 245 205 229 218 193 182 156 222 200 216 151 
382 346 285 261 241 292 0 390 278 157 287 310 211 114 363 195 342 342 321 138 327 294 172 42 36 300 306 176 175 374 357 303 96 332 191 134 285 101 65 29 236 122 393 253 114 102 223 299 365 63 275 285 310 220 156 282 61 113 179 428 463 216 208 176 186 179 196 171 164 191 198 209 172 163 172 149 168 199 204 211 195 230 193 200 217 210 226 239 227 218 206 208 402 415 327 404 381 343 409 379 334 362 367 262 221 236 203 208 211 235 
98 394 423 395 423 240 407 0 299 428 362 413 220 362 191 248 348 269 223 309 391 241 296 386 387 182 399 333 237 65 214 127 442 92 216 519 177 298 440 398 243 504 345 335 471 371 193 279 117 419 133 239 170 310 521 195 376 401 390 73 86 420 296 317 327 564 582 547 556 578 581 588 547 556 548 541 568 233 195 221 242 184 241 233 210 191 210 201 208 202 203 217 35 54 81 24 35 50 46 45 70 36 29 422 389 365 427 416 415 363 
219 122 131 457 450 66 267 282 0 205 441 500 229 322 382 123 102 93 396 160 110 381 104 261 271 346 130 134 248 322 126 292 352 298 173 349 134 214 272 281 65 382 129 405 395 193 157 393 326 336 238 367 317 383 329 314 296 212 146 272 317 431 335 336 112 388 398 377 371 402 408 409 367 389 369 363 398 269 224 279 275 249 272 266 269 226 271 274 249 253 223 258 277 337 237 264 276 261 340 284 244 264 267 138 140 114 176 150 169 94 
376 213 134 413 389 246 161 434 197 0 425 476 265 266 459 203 244 273 444 152 197 404 139 154 193 398 153 103 271 423 313 384 262 380 224 188 285 166 136 176 194 248 277 388 269 80 236 407 418 213 337 402 390 369 154 377 209 75 45 433 459 370 331 305 112 210 217 196 190 232 230 223 182 199 193 196 219 291 285 295 284 305 303 288 307 283 303 314 302 302 271 292 432 463 360 412 404 381 457 420 381 392 409 118 72 104 61 71 62 129 
395 553 520 52 105 430 298 351 445 420 0 63 233 188 199 316 526 483 142 312 523 122 367 296 269 168 514 392 201 287 456 238 236 264 282 399 364 271 346 270 380 324 565 35 267 363 295 94 237 246 261 129 204 70 420 154 235 367 430 418 426 140 105 131 373 429 439 416 425 445 432 440 418 401 430 397 414 186 215 173 190 220 187 179 185 215 181 206 220 193 224 208 370 336 319 362 353 312 332 320 320 336 345 493 451 442 455 447 458 456 
453 606 574 52 103 483 312 414 493 458 70 0 277 211 243 376 582 550 208 370 591 197 404 331 303 226 574 430 265 363 520 311 267 324 325 407 438 318 375 299 447 328 613 96 278 404 364 147 300 278 318 179 254 138 463 221 259 406 476 469 478 147 178 172 438 452 463 424 439 451 450 452 446 426 446 418 421 247 279 232 234 262 251 245 246 283 239 267 266 253 291 276 429 387 375 420 397 379 393 379 365 388 407 539 501 494 511 501 505 500 
206 332 311 237 268 207 213 217 231 273 224 290 0 164 185 107 320 258 183 142 317 156 167 178 174 147 325 190 42 188 229 113 244 131 67 339 159 106 249 188 178 301 343 213 271 210 91 172 176 231 84 156 132 167 335 115 163 234 259 240 271 247 138 141 195 368 386 363 358 397 382 384 362 350 361 355 374 56 8 60 60 39 64 65 60 29 56 45 37 39 10 36 206 230 153 206 186 169 220 183 157 173 179 316 278 251 295 283 269 263 
374 415 360 166 147 321 119 359 335 257 186 208 161 0 272 206 417 393 237 175 390 210 238 118 93 236 389 231 142 311 369 246 94 281 199 234 309 136 179 110 281 167 447 141 130 207 224 187 289 94 227 209 228 108 257 183 66 206 279 413 437 120 100 75 247 279 283 266 256 278 277 299 251 251 265 239 271 133 158 135 128 171 128 145 154 180 162 177 172 160 174 167 369 366 291 365 354 311 363 319 298 334 333 359 303 307 308 301 286 329 
251 498 496 250 276 334 362 192 388 440 208 244 188 272 0 266 473 389 53 324 484 90 335 340 332 61 481 376 203 126 339 104 367 115 240 481 282 278 401 360 334 428 479 188 405 388 251 124 76 366 149 103 59 190 504 96 305 419 422 258 249 304 177 220 353 528 545 508 515 553 534 548 519 507 513 490 525 166 172 152 171 155 161 182 162 177 153 145 169 167 189 177 190 158 175 197 184 159 145 147 167 160 182 480 451 435 468 455 447 434 
204 244 225 335 329 118 189 239 121 198 317 366 102 225 284 0 217 175 269 73 228 256 73 175 183 225 221 109 135 230 175 184 274 205 49 308 103 92 212 202 88 301 247 299 309 150 48 272 239 243 139 264 221 259 311 209 199 180 171 255 275 311 221 222 94 351 364 340 336 367 367 369 325 330 324 321 342 136 114 163 137 128 147 139 153 112 160 151 123 137 115 135 243 266 181 238 219 187 273 228 180 197 219 207 189 172 196 199 192 160 
285 42 122 532 541 124 355 357 95 235 540 590 326 416 473 226 0 114 478 239 77 468 202 330 360 441 96 186 333 390 170 370 445 365 263 405 194 295 338 365 162 455 54 501 455 250 247 470 420 405 329 466 419 462 370 403 380 265 191 322 349 523 433 426 175 432 440 435 419 455 448 458 418 442 410 415 459 365 318 360 360 348 360 363 367 316 370 353 335 353 318 342 349 396 309 342 326 329 399 365 318 337 329 133 170 137 195 186 199 126 
179 147 198 498 515 65 357 272 97 271 488 539 263 378 396 187 104 0 405 227 170 390 197 327 348 353 175 201 297 298 62 290 444 293 219 441 133 277 350 352 109 461 101 446 470 268 199 419 325 405 247 409 339 427 423 344 371 291 226 227 262 490 387 391 182 454 478 450 446 485 489 498 462 472 456 457 479 296 276 303 298 274 317 304 299 270 313 285 282 300 268 278 255 304 236 250 243 249 315 261 248 251 242 213 212 185 249 243 251 183 
277 504 492 190 228 346 320 227 385 436 149 198 169 229 51 278 467 414 0 297 484 33 332 325 300 59 481 364 187 165 361 135 326 149 232 464 290 260 385 320 336 394 483 139 356 358 240 59 118 314 166 39 79 153 469 72 278 394 425 290 299 248 139 179 346 500 522 474 489 505 496 508 491 472 494 461 492 161 172 134 156 137 157 151 130 176 130 134 151 139 175 160 237 195 195 229 229 190 191 185 201 197 231 479 449 420 463 450 443 433 
267 241 199 327 314 173 143 294 162 146 318 359 138 184 323 87 235 223 303 0 228 280 57 107 135 262 211 79 139 296 231 238 221 260 110 235 167 68 151 149 124 252 273 296 239 77 110 291 283 178 187 285 251 245 232 245 144 113 116 311 349 291 211 204 60 270 305 273 271 301 300 309 258 276 270 267 291 162 147 179 153 171 154 166 171 159 176 189 158 174 132 152 306 335 244 294 275 267 325 273 246 261 281 196 151 132 160 158 146 156 
321 35 60 543 524 168 315 403 120 181 535 587 332 397 493 233 72 154 498 224 0 480 177 309 341 446 33 169 343 431 207 396 404 403 281 352 234 286 306 335 177 414 115 500 442 212 261 485 437 371 345 484 426 460 330 433 363 236 161 384 413 498 439 423 175 378 396 377 378 404 399 410 379 386 363 378 397 367 325 382 366 364 358 356 376 327 373 370 344 351 326 358 396 439 357 377 367 372 427 391 356 377 380 72 125 99 136 136 148 94 
281 469 459 177 207 341 298 240 378 408 126 188 151 207 93 255 466 393 38 286 479 0 318 293 271 64 463 346 159 184 360 128 289 147 210 418 283 241 348 285 311 375 466 130 328 344 220 44 126 296 148 22 74 120 445 69 246 370 403 304 302 227 123 149 328 460 475 456 444 487 462 490 457 445 456 433 447 129 157 122 125 118 130 122 120 150 120 116 140 117 156 128 258 215 194 247 239 189 216 190 205 203 230 456 409 407 438 429 423 402 
269 186 174 368 351 129 179 297 108 129 370 405 165 236 345 87 187 195 340 54 174 315 0 146 181 290 169 54 163 310 202 253 253 269 120 263 152 108 167 184 82 290 227 340 295 96 106 331 315 228 209 319 276 300 245 259 197 130 110 311 351 330 262 256 29 293 322 286 283 318 329 326 283 288 281 291 314 195 170 201 198 194 199 189 209 183 216 213 181 205 174 194 295 350 247 290 281 269 326 281 250 280 281 156 119 110 147 119 119 109 
356 316 274 266 253 263 32 377 253 160 281 333 183 132 344 178 332 322 322 119 310 285 141 0 30 298 280 142 155 353 332 294 127 302 173 153 267 86 81 43 213 146 359 267 147 94 201 285 331 88 249 276 295 213 180 247 66 95 173 399 428 214 204 171 155 198 218 194 176 224 206 223 177 192 185 184 193 174 197 190 184 210 174 186 214 199 198 207 190 197 178 197 379 410 306 367 346 328 397 340 320 344 348 238 194 210 193 195 179 218 
366 348 303 254 221 284 38 380 279 191 263 290 190 96 328 184 347 343 305 129 335 282 168 32 0 285 313 167 165 364 356 299 96 313 188 154 295 104 85 27 232 134 403 241 117 122 213 276 332 65 259 261 287 209 188 242 36 138 205 410 443 200 172 147 188 196 215 185 198 223 205 230 183 188 190 177 199 167 197 189 169 216 172 181 192 190 202 202 205 187 177 199 378 403 318 375 355 333 390 355 320 341 353 271 227 243 218 217 207 260 
254 455 457 206 251 320 310 188 337 408 179 223 139 237 58 224 430 355 47 259 440 61 300 296 287 0 456 339 149 140 324 80 314 100 181 437 239 235 348 303 299 386 436 173 359 345 205 84 83 301 123 70 41 152 453 46 267 356 374 242 266 277 137 173 316 486 496 457 467 502 489 489 458 471 468 457 464 130 127 112 136 116 119 117 113 127 108 107 118 108 147 117 197 179 161 206 178 147 171 153 151 161 189 444 397 390 419 414 409 396 
340 60 40 529 502 181 301 409 124 157 528 560 328 373 477 231 98 187 484 211 33 457 162 271 302 451 0 149 334 432 229 391 392 407 271 327 237 266 270 303 177 380 152 493 406 206 247 480 447 356 357 476 420 445 298 415 334 211 135 388 422 484 416 397 147 344 368 348 348 366 385 362 330 362 351 347 375 359 320 370 350 354 357 357 358 332 362 354 343 357 319 335 404 449 351 396 390 377 452 404 357 390 376 54 86 86 110 102 110 67 
295 183 140 389 374 157 169 343 137 104 390 440 197 239 386 128 191 206 371 71 171 337 53 153 166 343 157 0 210 347 223 293 256 306 155 242 194 130 150 174 122 273 233 359 281 81 156 357 349 218 258 348 310 310 226 298 190 90 62 343 379 354 290 258 24 263 282 267 257 298 297 296 254 257 246 263 275 235 215 242 228 235 238 232 250 221 251 253 232 228 204 230 338 376 294 326 328 312 372 335 281 302 318 124 91 76 104 94 76 83 
254 346 324 209 219 224 175 236 255 270 210 264 46 133 197 115 332 291 181 133 332 144 173 157 167 144 324 203 0 211 257 140 206 158 75 317 193 108 224 180 195 276 356 183 248 192 120 156 195 192 121 156 141 143 322 113 145 218 241 281 317 230 94 107 195 357 364 338 342 362 353 381 336 338 340 318 343 37 45 54 25 53 31 46 54 49 57 54 38 54 37 36 239 245 170 247 217 200 247 213 182 208 224 311 270 259 292 287 274 279 
148 414 438 345 373 275 372 64 304 421 289 356 193 315 115 234 393 290 166 288 425 166 300 351 364 132 434 345 217 0 245 66 414 48 195 506 189 291 416 368 272 473 382 295 444 376 195 201 66 383 104 188 112 264 508 153 349 399 399 141 150 370 246 266 319 550 562 532 528 561 562 570 535 527 526 528 546 184 182 192 206 160 198 190 161 162 174 155 179 179 181 177 93 58 79 93 78 62 57 41 67 68 71 428 408 382 442 413 418 390 
126 205 254 479 483 83 363 206 124 315 444 515 238 367 334 177 168 69 362 229 220 360 190 319 346 321 222 223 275 255 0 252 438 245 199 445 89 256 366 368 124 477 156 424 474 295 159 381 280 406 210 353 294 397 433 305 365 304 265 163 216 465 354 375 214 489 507 484 483 519 514 506 469 484 466 478 492 272 237 287 276 256 281 273 264 228 271 267 256 258 235 246 204 260 195 179 198 200 247 214 181 189 195 253 250 229 281 267 283 204 
166 389 391 278 308 239 303 124 278 378 245 309 111 252 102 198 376 294 134 246 391 124 261 283 286 82 397 287 141 83 240 0 335 23 141 448 176 215 355 299 224 400 375 228 386 312 154 161 60 315 63 128 67 218 441 85 268 344 355 185 196 320 182 219 276 489 506 470 468 493 498 496 473 467 466 456 487 131 118 117 143 93 134 121 99 102 100 95 97 97 123 118 137 133 75 139 120 87 112 78 86 102 104 388 367 331 380 362 367 342 
442 432 366 208 185 383 101 446 363 260 249 264 244 98 361 264 432 425 332 211 406 290 261 113 93 326 386 266 209 401 428 337 0 370 257 168 368 171 134 94 327 88 489 215 40 197 284 266 377 46 318 289 312 189 195 276 86 205 270 474 506 130 197 161 264 206 210 177 183 199 202 205 187 176 189 166 175 223 251 230 209 262 225 219 237 259 246 268 255 242 236 237 452 465 377 449 418 402 444 412 373 402 420 349 317 316 295 304 285 335 
155 391 403 290 335 255 330 105 295 382 263 323 142 280 116 213 375 298 146 264 399 151 279 322 302 102 402 318 173 49 238 42 364 0 169 471 182 234 363 338 248 432 372 239 406 333 166 184 56 339 61 153 77 229 470 103 307 355 353 171 174 346 210 234 292 491 521 479 490 516 505 528 497 498 482 469 492 156 133 143 156 109 152 159 126 124 139 104 129 122 136 130 105 105 75 104 90 67 102 66 67 71 93 409 381 343 401 386 377 349 
195 273 271 302 290 151 189 221 181 224 285 324 67 184 234 60 267 217 229 98 276 199 118 178 189 192 278 148 79 210 193 155 261 158 0 327 126 91 222 186 115 298 285 250 295 183 35 228 206 221 102 210 181 210 331 155 171 199 212 234 267 286 181 169 150 363 374 345 338 381 379 383 340 357 344 341 365 94 71 112 97 88 94 94 112 75 105 105 89 94 60 74 211 240 149 206 188 171 237 191 163 173 191 258 217 199 246 232 226 219 
507 389 319 366 321 385 146 528 362 171 387 406 331 230 480 306 401 428 462 232 364 433 259 161 156 446 326 236 304 496 456 445 157 454 318 0 399 240 109 146 348 110 452 379 142 174 340 416 482 158 397 423 438 349 55 412 181 147 223 545 573 284 333 293 250 56 78 33 37 63 58 76 30 50 29 19 50 338 347 347 326 369 337 320 350 346 348 367 345 355 326 341 521 543 460 527 497 468 533 503 459 497 502 286 256 277 228 240 227 294 
117 230 264 406 411 91 295 172 124 288 375 426 158 300 278 99 198 133 299 178 238 290 150 266 276 254 249 184 185 188 97 175 358 170 129 410 0 195 315 305 99 401 199 339 391 230 85 301 221 341 135 284 215 312 403 228 284 267 238 173 204 403 272 292 169 436 465 438 427 473 470 466 416 423 426 425 455 194 164 203 191 160 200 198 200 157 200 187 176 191 161 172 163 219 128 153 149 137 216 161 129 139 142 254 239 209 266 242 252 198 
287 300 263 278 253 206 114 311 210 176 266 311 110 137 297 108 294 273 262 70 271 250 107 74 97 240 271 125 94 292 255 222 170 241 98 237 196 0 142 105 164 225 327 234 200 108 128 244 277 143 182 231 231 199 236 211 110 122 173 333 366 234 165 158 117 274 294 259 253 290 289 301 257 256 255 254 263 125 127 139 128 148 138 117 138 140 151 161 130 138 125 136 305 327 230 306 281 263 318 288 251 274 279 239 200 195 212 192 187 203 
421 324 264 330 282 290 57 429 273 121 337 365 234 175 414 223 338 353 370 150 302 342 178 74 84 348 264 151 223 420 359 359 126 367 231 111 315 138 0 85 246 133 386 307 158 96 242 343 398 98 312 350 358 274 120 329 125 77 157 448 490 260 264 235 180 140 169 125 130 153 152 167 137 129 127 118 140 248 254 247 240 279 242 238 269 251 275 266 260 250 254 260 444 466 374 416 414 378 449 410 362 391 411 241 180 203 167 181 180 214 
377 360 299 248 230 298 17 388 279 169 279 313 200 114 344 201 350 354 315 146 338 283 183 40 21 291 306 172 166 373 360 297 91 319 186 158 294 105 65 0 256 116 408 243 110 127 215 287 339 50 265 277 308 209 171 272 57 126 192 433 459 204 200 160 176 196 205 171 181 197 206 199 180 171 165 152 177 201 201 197 179 220 189 199 210 215 223 226 216 212 202 216 406 423 327 390 370 344 418 371 338 370 363 285 229 228 227 227 222 258 
202 166 169 410 393 61 255 250 73 198 393 444 176 284 330 76 161 123 332 110 167 314 93 210 243 289 165 108 186 267 130 234 328 233 127 331 94 153 247 251 0 366 177 354 365 165 101 343 288 302 187 310 281 333 325 264 260 188 150 240 285 377 288 280 103 371 383 363 362 406 399 390 352 375 363 366 379 219 173 215 208 192 219 223 206 182 216 201 186 205 171 198 254 300 200 228 236 217 278 244 209 231 213 180 166 134 194 176 170 119 
501 432 367 280 236 411 113 505 388 243 314 338 310 164 445 308 457 458 388 242 414 365 275 150 129 391 387 265 267 478 464 410 89 438 301 99 407 225 131 127 366 0 506 291 55 205 340 346 446 100 371 359 381 269 150 352 132 203 263 535 562 198 257 219 286 125 142 120 115 127 129 147 119 97 129 97 112 284 317 301 292 334 297 290 305 315 308 315 303 316 302 315 502 512 449 505 485 447 510 479 440 460 476 350 314 328 280 286 279 337 
263 85 177 575 569 145 395 347 140 277 562 610 334 450 475 255 56 95 478 277 115 468 237 364 397 454 148 245 356 393 155 377 472 370 286 452 209 334 384 409 173 487 0 534 497 301 266 509 414 454 346 472 420 492 423 417 420 325 248 311 334 544 457 444 230 486 502 469 463 508 509 492 460 493 467 474 495 371 347 391 388 371 377 373 389 353 380 364 357 367 348 364 323 402 314 323 334 335 398 352 329 343 317 183 224 194 247 227 251 177 
388 509 489 52 99 400 262 337 412 404 43 99 208 157 194 282 511 450 140 299 507 121 339 261 237 159 498 345 179 279 424 221 225 250 244 366 355 243 317 249 357 285 525 0 244 331 269 91 246 236 237 119 190 55 405 150 197 347 401 406 408 122 80 104 350 397 421 389 389 423 410 419 394 385 400 375 395 171 189 149 151 195 156 156 175 208 172 187 180 179 197 179 364 329 292 344 343 299 320 297 294 314 324 477 421 418 430 428 425 439 
473 447 397 230 189 415 118 471 388 265 269 282 285 135 395 310 459 468 365 245 437 318 294 139 126 361 418 283 245 443 472 375 37 407 285 144 399 201 157 126 358 54 512 245 0 229 322 303 409 72 346 329 363 222 185 319 120 222 291 519 540 145 224 187 283 175 183 171 179 189 178 195 166 148 163 143 163 268 294 277 253 299 266 268 277 285 291 301 285 277 292 289 495 502 408 476 459 438 485 453 426 448 466 369 322 340 318 318 311 347 
339 253 192 360 334 212 114 373 188 88 352 393 197 191 385 151 257 275 372 75 229 333 103 96 129 330 194 66 206 364 295 316 211 340 181 169 244 109 102 120 182 210 308 337 227 0 192 340 373 161 260 336 332 295 157 291 148 29 84 389 432 301 261 230 82 209 228 203 207 227 242 236 201 209 198 200 225 225 220 243 226 235 232 224 242 223 242 247 232 224 212 220 373 414 308 372 347 328 408 352 326 336 358 162 118 123 114 106 95 136 
181 261 265 313 334 122 230 196 146 237 293 353 89 210 234 44 237 188 240 111 260 235 123 195 207 195 246 153 116 198 159 149 290 170 31 344 85 125 240 212 106 323 262 274 317 181 0 254 196 260 111 236 182 240 346 183 198 223 203 218 259 322 194 200 129 374 394 372 362 406 395 392 363 358 356 346 384 125 81 137 125 105 125 126 132 84 130 121 114 117 85 100 210 227 144 195 181 153 224 182 138 177 182 246 231 208 250 231 231 198 
323 492 480 131 174 362 285 277 383 419 92 146 181 185 113 272 484 420 64 295 495 43 326 293 263 93 489 346 170 215 381 153 272 188 233 409 305 249 353 288 336 344 497 100 318 332 249 0 172 283 175 34 101 95 437 92 241 357 408 338 351 193 93 130 347 445 462 432 447 457 464 469 434 435 440 421 453 139 163 122 138 143 133 134 131 157 126 138 143 134 162 163 280 251 237 287 271 232 246 232 228 244 259 462 437 414 444 428 426 421 
199 431 441 286 316 284 366 126 332 423 252 306 165 296 71 238 423 341 114 297 452 118 316 339 338 81 434 342 188 50 291 51 385 50 190 480 224 278 390 352 273 454 413 238 423 372 193 165 0 373 116 141 73 234 506 102 322 396 388 189 201 347 211 247 337 528 554 514 505 543 531 554 521 519 505 490 515 175 165 157 163 139 173 171 152 144 153 142 150 155 165 163 136 107 100 131 133 108 108 85 95 109 125 433 416 399 437 430 433 402 
425 399 331 240 196 344 75 431 321 212 264 277 228 98 355 229 414 391 330 183 370 287 220 85 51 314 345 226 183 382 405 324 52 344 228 148 326 155 107 60 293 84 450 219 84 173 255 269 374 0 294 283 308 203 192 271 59 167 244 456 497 165 179 151 231 190 209 181 165 203 195 198 181 170 170 151 183 210 227 210 206 256 200 203 227 244 234 251 236 222 221 228 432 429 367 419 407 367 432 385 367 396 408 325 270 273 262 259 260 304 
155 350 357 281 313 205 281 128 245 319 253 323 83 240 149 139 323 253 163 192 347 143 201 263 250 119 354 260 102 105 207 65 316 79 105 414 129 176 307 262 183 386 333 231 359 259 103 173 109 303 0 159 106 202 415 113 250 305 303 174 212 319 174 192 231 450 456 426 421 453 464 462 427 431 441 408 453 102 69 103 113 60 99 107 82 61 81 72 73 76 78 90 137 145 80 129 130 80 155 114 72 108 111 336 311 291 338 322 321 308 
287 480 473 160 200 349 286 245 383 409 113 174 164 199 99 262 456 396 52 286 473 20 309 273 275 63 473 350 150 176 366 139 284 158 208 425 292 246 340 275 321 367 471 115 321 331 234 37 147 283 150 0 78 106 446 72 249 349 398 313 323 224 103 147 340 464 470 443 438 474 461 480 449 437 451 425 458 133 151 112 140 137 127 122 107 156 115 129 129 119 163 135 260 225 206 263 249 213 224 204 207 210 230 464 411 399 432 427 421 419 
221 441 424 226 266 292 301 159 325 394 201 244 128 223 64 220 405 347 70 268 433 75 284 301 280 26 437 318 145 118 294 54 312 75 182 438 220 223 356 294 276 384 420 174 362 330 193 105 64 311 88 87 0 157 446 50 275 350 369 233 240 277 151 175 303 467 505 467 466 492 490 493 471 467 467 453 467 126 123 99 118 87 121 127 102 108 101 90 105 97 115 116 191 151 144 185 170 132 163 133 126 150 171 414 399 369 401 401 392 378 
346 477 436 85 110 369 215 319 368 368 72 130 161 118 198 265 471 422 137 244 475 127 296 213 193 155 447 306 141 258 392 198 203 231 212 337 305 200 282 206 318 278 487 49 221 288 238 95 235 204 207 102 172 0 371 128 168 300 355 374 399 132 54 52 305 367 391 371 360 389 369 391 355 348 361 339 375 121 158 115 115 157 131 131 143 175 137 141 150 132 173 155 329 322 265 338 309 278 317 287 262 284 303 440 390 378 385 385 374 393 
508 357 267 395 371 378 155 528 323 143 424 445 333 258 505 308 373 405 479 246 315 450 251 166 176 450 290 214 317 522 426 459 207 470 312 63 390 227 105 164 320 159 420 406 204 170 341 432 498 181 421 441 463 368 0 419 218 126 187 553 576 328 346 322 242 64 72 56 64 86 103 92 49 84 51 74 84 342 340 360 337 384 351 342 369 364 368 382 363 357 337 354 534 553 469 526 506 473 551 513 461 483 507 253 211 245 188 193 199 257 
248 430 410 199 235 300 275 193 324 373 153 228 117 200 87 202 418 355 74 227 429 61 274 251 256 53 412 291 107 159 314 94 283 103 166 407 237 207 319 273 258 358 417 156 315 308 182 95 106 279 106 67 45 125 418 0 220 330 341 261 268 239 106 144 277 438 461 423 432 464 445 465 417 430 438 410 432 77 98 75 101 71 85 90 76 90 75 68 94 73 109 81 225 193 165 208 201 160 188 157 155 175 193 399 366 348 382 367 370 354 
381 365 312 226 196 295 59 382 294 211 228 275 167 75 317 203 368 365 278 155 350 261 194 73 32 268 328 197 150 347 357 275 85 300 175 180 297 104 125 50 254 143 415 199 114 156 200 237 310 50 250 243 275 173 200 225 0 152 220 419 443 154 147 120 206 218 240 211 220 241 238 239 210 212 208 197 210 164 170 174 160 199 170 151 174 189 188 197 187 172 166 177 380 387 302 381 360 334 384 332 319 339 348 296 256 254 252 237 236 268 
378 262 177 372 339 238 116 406 216 62 368 408 237 215 407 175 258 294 381 117 227 354 114 99 122 358 201 103 219 387 302 343 197 360 202 152 273 126 77 133 201 188 323 347 217 47 213 355 395 166 305 352 342 303 126 319 157 0 94 428 455 299 284 251 108 173 208 184 178 208 212 204 173 174 171 169 194 239 250 262 245 259 257 243 263 243 261 283 252 258 241 240 414 448 353 390 383 367 431 389 344 364 381 163 122 143 119 113 100 164 
349 172 118 423 394 201 183 384 145 44 425 475 246 269 424 163 198 230 414 119 144 384 108 159 189 378 118 63 248 404 260 347 281 368 200 228 238 174 151 187 156 265 244 394 297 80 212 406 390 247 305 397 370 347 183 357 230 96 0 386 421 369 322 303 86 235 260 240 228 265 276 262 240 244 240 232 262 285 256 292 280 290 284 271 288 261 301 294 264 284 250 276 389 428 331 382 361 358 423 378 331 368 361 96 52 56 40 32 34 87 
57 358 399 451 475 217 430 73 267 433 413 472 245 396 248 243 314 226 290 317 382 292 307 397 422 250 378 344 280 134 182 189 477 153 247 548 170 332 455 425 236 533 315 392 518 401 224 338 181 458 186 298 238 379 544 255 410 416 386 0 51 483 339 366 322 589 600 568 575 602 594 615 581 576 578 567 585 279 248 277 275 239 287 283 268 232 262 237 249 265 249 245 59 129 124 51 76 118 107 111 109 98 79 406 397 368 432 415 417 356 
101 398 443 470 494 253 466 92 309 467 432 479 281 435 254 282 363 254 298 360 417 298 336 445 449 260 419 390 305 139 206 201 517 180 272 582 197 369 481 467 272 563 336 411 545 435 256 336 187 478 206 327 250 384 570 273 433 449 422 44 0 495 372 390 365 610 639 602 606 636 637 640 608 605 599 595 621 300 271 291 306 261 310 298 272 267 280 277 265 279 266 277 70 106 129 77 96 125 108 131 148 120 104 442 434 393 456 440 455 400 
455 522 476 94 46 421 212 426 425 356 138 134 262 116 316 317 508 499 261 299 509 225 336 229 184 264 483 355 215 374 476 320 136 331 283 282 404 241 246 186 384 204 563 131 159 296 310 201 347 155 320 228 282 128 327 230 169 311 364 484 495 0 135 130 350 322 331 301 310 330 320 340 301 292 309 282 292 227 254 209 204 266 220 213 236 268 232 255 238 229 260 240 435 427 382 435 422 373 421 397 369 393 413 459 407 402 410 403 399 427 
335 449 403 122 144 332 206 296 329 321 106 163 137 107 192 208 419 392 152 206 439 110 253 205 187 150 412 281 105 249 354 185 197 201 176 333 287 158 248 195 296 269 465 94 226 262 210 107 204 188 170 111 143 47 347 102 153 282 324 356 368 150 0 47 284 357 374 349 346 367 355 380 351 347 350 330 353 97 123 81 94 133 93 92 104 141 103 120 116 99 130 116 311 290 236 292 293 240 279 258 238 269 275 395 346 352 367 347 353 366 
349 436 393 134 130 325 163 318 326 312 138 185 134 69 215 210 423 380 184 195 415 150 240 160 151 173 412 257 107 267 357 217 153 224 173 291 278 147 215 161 286 226 456 94 193 242 215 128 243 157 206 149 190 52 330 149 120 262 309 376 390 129 37 0 264 326 352 314 318 338 329 345 312 317 320 295 318 102 134 107 91 150 106 98 126 135 115 135 123 123 139 132 323 321 270 323 315 277 314 288 261 287 312 391 327 337 334 330 333 352 
283 186 157 386 374 147 183 316 120 110 368 427 178 240 362 89 194 202 352 66 168 333 39 148 179 312 158 35 195 330 215 282 266 301 139 260 181 118 176 186 102 289 219 345 290 88 127 339 334 222 232 325 297 303 244 287 204 118 70 330 359 341 266 254 0 284 298 289 274 317 319 314 265 285 284 271 293 211 196 227 209 219 210 214 226 207 235 234 210 224 183 217 312 352 253 300 288 281 351 299 263 287 299 132 100 75 124 100 95 86 
532 396 324 409 362 418 179 560 375 199 432 441 362 276 517 350 426 473 499 265 383 472 288 199 198 481 340 259 348 537 482 486 202 503 350 38 441 278 140 191 363 139 485 400 178 207 369 462 519 184 446 448 472 386 56 431 214 177 245 584 618 313 360 336 283 0 32 15 22 33 51 43 32 43 26 50 44 378 371 372 355 395 371 359 385 394 394 410 379 384 373 383 573 594 503 547 538 507 589 543 506 525 541 311 274 295 240 249 253 311 
551 419 352 423 366 427 204 586 393 218 447 465 384 286 547 362 442 483 510 296 398 487 313 224 216 488 368 285 372 557 508 493 208 526 386 72 467 295 160 205 393 142 504 412 196 227 398 481 535 210 455 486 489 401 86 459 237 200 263 598 648 335 387 338 314 26 0 37 42 16 41 15 52 50 38 50 38 387 396 404 391 412 385 391 409 408 405 421 408 400 397 394 589 615 516 583 554 533 593 566 514 540 555 336 289 310 253 273 260 336 
521 411 318 389 354 410 166 552 371 195 418 424 356 252 508 341 433 463 478 276 369 450 280 186 199 459 341 262 333 528 482 467 184 492 354 40 426 252 131 182 363 116 479 399 155 206 369 443 519 166 428 438 458 363 72 417 202 184 246 567 601 305 347 323 276 25 37 0 28 45 34 55 18 17 10 27 27 360 366 365 358 397 353 350 377 383 379 392 370 370 361 360 547 576 492 552 521 499 562 516 501 512 524 300 269 304 245 256 239 313 
530 403 322 392 346 412 166 560 372 200 429 447 363 258 524 337 411 459 476 258 368 450 274 193 182 460 331 252 330 541 475 474 177 490 347 36 435 259 125 167 364 119 467 384 178 202 361 444 505 167 420 456 464 366 62 424 203 173 225 567 611 317 355 311 278 24 41 15 0 39 58 47 14 36 20 31 32 357 354 369 345 389 352 361 370 374 386 393 364 369 365 359 559 577 492 549 539 504 566 533 485 518 516 295 266 295 232 239 234 307 
563 425 353 405 365 433 193 590 405 234 428 462 383 281 550 362 448 499 510 306 402 469 322 227 219 491 367 298 359 569 500 489 211 518 368 76 456 295 164 213 406 141 510 408 179 238 392 474 544 192 467 479 502 385 83 457 242 207 281 618 630 314 369 332 311 34 24 51 36 0 25 21 38 44 54 49 24 387 391 402 388 419 387 389 416 403 407 420 414 399 387 406 586 599 516 585 558 537 596 568 529 552 555 336 303 326 263 287 263 336 
557 437 357 389 360 442 184 571 400 237 433 435 377 276 533 359 458 482 493 306 398 466 310 209 202 475 387 286 365 546 500 487 200 519 371 68 450 294 161 194 395 123 515 393 179 228 385 455 528 180 456 467 481 376 84 439 226 213 275 597 640 315 370 333 302 52 35 43 46 14 0 25 45 32 56 51 19 372 382 395 376 416 371 376 403 404 409 422 403 395 379 397 578 600 515 566 565 536 585 561 524 541 553 349 291 332 275 277 278 338 
555 421 358 423 363 448 192 583 406 224 440 467 402 284 558 368 449 494 517 293 405 484 331 216 228 493 373 286 382 575 514 504 204 533 372 78 463 285 169 213 403 146 511 417 181 230 392 466 537 200 460 479 498 398 79 464 233 199 265 612 635 323 391 344 310 29 17 51 54 18 23 0 58 48 51 67 31 394 408 409 388 422 384 398 423 410 404 418 417 405 403 405 588 604 526 581 556 534 601 571 528 544 560 325 289 321 260 268 275 346 
522 404 315 393 349 408 167 539 372 185 412 442 351 249 516 331 416 455 485 271 379 452 273 195 193 456 330 248 332 532 481 465 188 493 336 27 431 249 132 172 366 114 467 395 162 200 361 441 503 180 428 450 468 357 57 419 217 166 240 581 597 315 359 311 275 24 54 17 9 57 56 42 0 24 12 30 52 347 371 359 345 380 364 356 381 368 372 382 367 364 352 362 541 571 487 549 532 509 557 528 490 517 514 302 252 281 237 247 244 303 
532 416 345 371 337 420 164 543 392 210 411 433 367 251 519 331 442 455 469 271 379 447 285 191 195 467 367 261 334 534 481 475 178 498 344 36 429 261 138 173 364 99 485 372 158 199 368 430 513 158 436 445 457 352 69 419 210 175 253 578 607 298 335 305 289 31 39 26 33 40 29 55 25 0 39 20 30 347 353 370 338 384 357 355 376 377 367 393 377 372 360 357 556 578 486 546 529 503 561 516 498 511 517 313 277 313 260 259 257 312 
522 391 326 389 356 396 177 544 362 201 419 443 350 268 516 338 429 454 482 270 361 462 287 187 194 458 347 247 337 525 463 467 179 496 339 36 419 267 132 169 369 116 469 388 175 192 360 449 517 175 429 442 475 371 48 428 206 168 234 564 600 309 351 312 284 18 51 25 16 39 52 47 13 28 0 30 37 355 364 364 353 391 366 365 384 378 381 386 372 368 362 366 548 581 490 536 523 502 563 516 493 525 519 293 269 279 229 250 245 308 
527 414 323 366 336 408 143 530 364 190 402 424 337 247 490 316 423 445 458 266 377 443 280 168 169 454 359 253 332 513 470 460 168 471 337 19 422 253 122 162 364 100 478 370 153 195 364 417 499 163 425 437 459 350 70 411 185 161 238 571 605 298 326 291 274 47 54 25 39 49 50 65 33 23 33 0 40 349 354 344 335 367 336 345 363 353 365 385 351 356 355 365 541 565 468 542 516 495 561 508 480 507 517 316 272 286 243 255 245 315 
554 427 354 385 337 423 174 558 397 217 413 437 369 266 514 344 454 483 492 277 396 462 310 202 209 467 374 277 347 546 499 485 192 501 353 54 457 279 141 194 392 112 496 399 163 224 378 440 529 185 443 453 472 362 89 444 209 192 271 602 622 310 360 311 299 30 35 42 44 32 28 35 35 27 49 32 0 362 377 386 356 399 367 375 379 382 393 396 394 388 382 381 568 589 494 560 536 521 573 538 512 532 531 326 282 313 275 272 266 332 
243 377 352 198 210 239 195 235 273 294 195 249 56 149 172 146 361 297 157 170 372 122 195 192 172 123 359 222 41 185 267 131 225 151 98 328 207 124 249 200 204 286 371 160 251 213 125 143 176 213 104 126 116 135 335 80 166 246 274 268 306 213 85 110 225 378 385 359 355 379 368 397 354 363 348 348 358 0 40 29 22 49 21 12 26 42 25 38 47 36 55 33 247 233 175 229 218 172 234 187 170 202 215 332 307 295 310 295 310 295 
216 330 318 238 247 215 217 211 226 286 219 289 17 161 172 108 327 269 171 136 329 140 179 190 183 139 324 212 46 174 245 114 252 143 57 345 165 130 251 207 183 298 352 191 281 223 83 177 160 223 86 162 127 170 344 94 177 244 253 256 267 257 134 137 185 375 388 358 373 391 387 390 371 357 356 342 373 37 0 58 57 28 53 56 55 17 40 55 24 38 19 21 217 218 153 203 196 151 214 175 154 171 191 312 270 260 303 291 280 273 
247 371 371 211 219 249 215 226 276 295 175 246 61 149 153 164 364 307 143 181 379 109 208 195 190 107 358 243 52 177 288 129 221 149 104 339 208 136 257 207 226 286 382 156 261 237 133 123 152 217 102 108 105 118 348 73 170 263 277 278 287 219 76 112 228 372 392 371 364 396 379 409 355 358 373 357 375 30 45 0 33 42 27 28 31 52 14 41 30 26 46 40 237 245 167 234 218 172 235 183 177 185 212 342 315 306 335 316 310 299 
259 361 351 200 215 241 195 238 255 290 188 243 52 142 189 153 362 306 151 151 360 122 197 182 160 120 344 216 24 192 288 128 216 151 93 319 201 125 235 188 212 283 376 161 254 218 119 130 173 194 112 135 134 117 342 100 152 241 273 285 296 217 90 98 220 371 374 352 358 385 373 383 347 340 345 330 357 8 47 22 0 57 12 20 46 58 43 42 38 40 49 50 253 256 177 230 231 193 237 200 169 209 206 329 301 276 320 303 297 284 
204 359 352 231 255 233 228 192 245 304 216 281 52 183 142 148 347 291 142 166 366 118 189 221 206 103 353 229 54 163 257 87 263 117 102 370 175 141 281 233 193 326 364 193 307 243 107 143 132 253 69 127 84 153 371 88 194 278 295 226 264 257 130 149 221 401 429 387 384 416 405 416 383 393 384 385 411 41 45 52 56 0 43 48 37 29 39 19 19 32 30 25 188 195 136 193 169 140 188 148 124 144 176 351 305 293 321 316 308 286 
253 378 348 198 209 255 208 238 264 287 184 239 56 145 166 154 354 310 159 160 370 129 194 192 173 127 358 238 45 185 271 136 227 149 109 335 202 132 249 185 219 294 384 164 265 230 135 135 161 215 105 132 127 125 356 86 163 246 278 286 299 218 97 107 223 370 380 366 361 396 387 390 364 361 365 342 370 21 44 11 8 61 0 7 26 51 28 49 51 42 49 36 232 250 172 242 213 183 230 198 170 204 203 346 308 289 322 298 297 303 
258 372 350 210 223 245 194 243 280 285 179 232 63 128 169 149 362 317 148 156 367 116 207 184 175 130 352 225 41 198 292 132 212 147 97 324 194 131 244 187 207 289 388 163 257 215 135 132 161 212 111 117 108 115 340 87 159 249 276 282 298 215 86 103 209 374 393 363 357 378 385 381 357 343 363 349 369 22 60 26 8 48 12 0 35 57 28 56 39 39 58 50 251 249 168 246 213 181 229 200 177 208 209 342 294 291 325 296 294 299 
241 385 359 204 224 242 215 212 261 302 197 244 54 151 159 150 362 313 143 180 377 121 218 196 199 104 371 235 47 164 271 109 252 133 101 347 194 139 256 225 226 321 372 170 283 235 127 131 141 226 79 120 92 123 375 73 186 274 290 252 273 230 94 109 231 400 419 384 374 404 406 423 376 382 387 368 386 30 41 27 41 41 38 41 0 40 4 20 30 25 58 30 215 217 153 223 188 163 205 183 152 184 187 352 313 304 332 326 324 304 
210 337 330 256 262 218 213 188 227 293 229 290 34 171 164 120 322 275 157 149 342 143 172 208 204 128 321 221 53 166 232 98 253 128 72 340 151 128 263 218 173 316 345 204 288 212 92 163 144 229 60 154 121 162 359 96 191 256 272 241 272 259 122 145 209 381 407 376 372 405 397 403 383 378 371 361 388 60 26 54 58 23 51 56 36 0 46 48 26 46 32 36 193 205 124 203 185 144 207 167 134 153 167 326 292 263 314 299 297 284 
234 387 375 214 234 258 224 211 277 310 185 249 54 163 158 155 368 296 126 185 369 110 202 202 200 103 362 253 62 167 281 105 242 120 100 360 188 149 260 223 219 305 374 170 272 251 119 126 138 220 91 123 92 139 358 63 186 274 292 265 285 239 99 114 231 399 420 368 372 409 410 407 373 377 382 370 381 28 53 27 47 34 29 42 21 48 0 22 32 16 45 38 219 224 152 216 207 155 223 184 152 186 190 349 310 291 334 322 314 311 
213 364 355 236 235 239 238 189 258 306 193 262 47 184 141 156 344 293 130 172 362 112 211 215 212 96 360 235 65 154 259 81 256 122 97 364 186 151 270 221 205 324 365 185 288 249 124 145 132 249 73 120 97 153 383 61 187 274 299 244 276 255 106 143 233 392 430 395 379 409 406 416 397 396 390 368 398 46 41 43 49 20 45 52 32 35 27 0 30 15 46 40 211 212 148 205 178 156 195 172 137 164 184 352 309 294 339 327 323 311 
223 350 338 231 253 220 212 194 244 287 202 273 37 174 169 130 328 289 155 153 342 135 188 197 185 109 337 228 48 166 251 110 253 130 86 355 180 124 259 215 199 312 350 194 293 229 101 161 150 223 77 141 111 156 351 80 185 260 278 248 278 241 115 122 204 374 406 366 369 403 393 413 381 377 370 352 389 33 20 35 42 24 33 44 35 27 35 37 0 28 25 6 219 220 145 210 189 166 216 178 144 173 174 331 292 277 315 291 304 281 
227 375 345 215 245 242 222 205 253 305 204 255 54 168 164 146 356 285 143 170 354 129 195 200 195 106 345 236 47 167 262 112 243 125 87 347 195 133 254 211 204 313 362 170 271 223 115 135 156 218 88 125 109 143 353 78 190 254 278 253 272 234 107 117 212 383 401 373 373 404 405 407 381 368 377 355 381 24 29 21 36 37 33 25 29 45 28 30 23 0 45 30 227 213 151 215 190 166 221 181 149 171 192 345 297 292 317 308 313 306 
219 331 330 251 253 214 198 215 224 277 230 282 18 169 191 104 331 261 163 150 335 154 179 184 190 136 325 204 35 184 235 115 242 129 63 340 160 115 256 192 170 303 344 201 287 217 97 179 168 232 82 147 135 157 349 98 185 237 251 247 278 251 137 133 183 382 385 357 368 403 387 394 360 358 353 346 381 49 20 48 40 43 56 48 50 18 41 56 33 29 0 28 215 234 140 216 197 162 215 177 153 181 188 313 275 260 306 278 288 259 
219 357 332 235 246 226 222 210 248 298 217 269 37 156 176 127 338 284 150 160 348 129 194 193 195 117 334 213 37 167 246 117 235 133 84 334 169 119 263 200 191 308 350 183 290 231 97 159 149 224 88 143 103 157 362 86 182 257 269 243 285 234 122 132 212 389 405 371 375 402 392 409 362 375 378 354 385 37 26 30 50 33 42 43 37 19 32 29 4 32 33 0 216 226 143 206 188 154 218 170 157 169 191 329 291 268 312 302 298 293 
75 375 411 395 425 236 406 37 284 431 360 417 214 362 206 226 347 243 246 300 386 255 300 383 390 212 403 339 238 90 197 134 445 122 208 536 174 297 429 408 237 513 326 353 494 371 202 292 143 437 137 264 183 323 535 209 385 404 389 53 61 448 298 331 326 566 587 547 551 589 585 583 553 560 550 534 561 231 213 230 254 191 248 240 229 211 227 210 212 208 208 216 0 80 78 18 42 59 73 54 82 44 46 410 386 371 427 404 406 365 
147 437 468 381 417 290 425 58 331 459 348 387 226 360 161 267 403 312 192 337 437 223 341 398 399 172 446 384 264 63 256 119 459 96 244 559 212 323 454 408 295 514 394 337 494 415 232 254 94 439 152 221 156 309 565 194 394 429 440 120 110 418 296 320 354 597 619 584 566 616 607 607 578 568 571 555 592 232 229 241 251 211 251 253 226 204 223 208 225 221 232 230 68 0 97 77 79 97 25 68 108 89 82 457 451 404 461 455 451 419 
92 348 371 341 371 195 327 67 255 376 310 368 152 299 161 171 324 240 200 232 354 201 234 322 313 153 352 276 177 69 180 76 378 67 149 463 118 245 367 328 191 440 327 302 418 305 136 228 102 353 86 217 125 265 467 157 304 343 324 113 134 370 244 254 273 489 510 480 495 519 506 517 476 497 482 475 494 177 143 160 180 132 179 179 158 130 151 140 140 157 146 141 74 105 0 74 47 31 95 54 6 40 53 355 352 311 370 345 363 314 
66 361 401 410 429 222 393 33 278 406 359 419 202 354 197 233 344 248 240 297 381 248 288 379 370 198 383 325 236 97 197 138 436 117 204 518 150 305 433 383 229 504 323 356 474 372 191 288 136 416 139 254 181 325 517 215 381 407 371 51 82 437 309 315 302 551 585 545 535 576 572 586 551 555 553 544 562 242 201 228 229 191 226 227 222 187 218 206 216 219 198 205 28 86 78 0 26 53 65 63 65 46 41 389 393 361 421 397 400 352 
77 363 392 388 408 224 370 43 276 412 349 404 190 349 178 217 342 243 232 275 367 225 277 357 354 175 386 315 222 69 188 104 426 102 204 511 144 273 420 376 220 476 336 342 460 346 185 266 121 406 129 238 171 311 511 204 351 389 359 73 98 419 279 315 304 541 567 533 527 573 560 566 519 532 520 514 545 215 185 202 223 178 221 211 201 178 191 186 193 186 184 190 40 81 46 37 0 34 68 57 52 24 6 391 376 344 404 391 393 336 
95 366 397 343 383 220 348 65 255 380 307 373 165 303 165 192 337 238 186 266 370 194 254 327 342 158 374 303 186 63 198 74 387 71 166 477 135 246 386 346 212 462 344 295 436 327 154 240 101 372 88 210 137 272 474 153 331 358 345 118 134 393 242 268 286 523 538 499 500 533 527 542 501 498 498 487 512 183 149 188 188 148 176 180 153 146 161 141 153 164 154 149 68 82 19 65 53 0 79 30 29 28 31 376 367 340 397 365 374 340 
128 438 445 369 400 281 410 54 339 459 340 387 231 361 162 267 400 310 198 324 433 205 328 388 387 172 450 374 257 45 245 124 452 92 239 534 200 317 460 412 285 512 388 322 486 394 231 246 108 423 153 234 155 309 551 186 384 427 417 119 114 412 283 312 349 574 596 567 575 608 586 607 559 565 570 548 584 226 225 237 243 196 225 238 213 206 209 202 203 217 219 210 70 11 94 80 81 75 0 53 102 71 75 459 442 413 463 451 448 410 
116 398 403 356 392 233 370 44 291 402 319 381 182 332 146 213 364 275 194 285 396 202 287 355 357 161 407 329 198 35 229 91 401 64 199 502 166 276 415 363 247 463 364 298 437 359 173 226 79 387 100 208 121 275 513 159 336 380 377 108 120 382 262 277 303 530 552 518 522 565 562 566 531 518 527 513 534 201 173 197 196 161 190 208 181 155 179 171 173 180 175 169 70 61 54 69 47 40 51 0 40 33 50 407 397 365 423 401 406 362 
107 353 378 342 378 197 330 64 262 366 315 379 140 297 160 184 332 243 184 250 351 206 250 307 319 157 369 286 178 79 184 86 383 59 150 466 133 234 380 331 208 438 316 303 428 324 135 223 96 355 80 202 130 275 465 152 304 355 338 119 141 381 236 273 271 507 522 495 494 521 513 535 489 488 486 472 495 166 154 174 186 140 183 182 163 126 165 143 137 156 148 141 82 98 14 79 53 18 88 40 0 30 59 371 358 324 377 350 363 312 
96 358 384 364 396 221 356 40 258 403 326 390 175 330 175 195 332 242 198 277 382 213 265 334 354 166 381 307 196 72 193 90 403 66 183 496 147 269 396 360 227 463 333 313 446 344 173 248 111 390 108 229 144 281 498 178 336 369 369 97 111 395 254 277 287 516 555 526 517 557 542 552 517 516 507 513 538 191 164 186 208 163 197 193 171 152 177 155 166 178 174 179 43 77 33 52 38 14 71 35 45 0 33 390 369 338 406 381 372 346 
88 352 383 389 410 216 378 35 268 405 352 406 193 331 179 209 335 247 232 280 370 233 274 360 351 190 379 304 220 84 178 118 413 92 189 496 151 270 407 367 225 473 334 326 464 344 169 271 114 404 112 235 165 312 501 187 341 370 361 71 104 410 282 312 302 539 564 530 526 558 545 552 518 521 525 513 532 205 183 206 224 175 218 217 189 168 196 185 179 182 181 184 31 75 49 39 8 45 87 50 55 25 0 380 379 348 397 380 383 332 
346 107 26 504 489 198 269 410 148 132 498 552 301 348 482 212 143 212 474 197 81 446 150 245 279 431 58 121 326 438 245 385 354 396 262 284 251 249 233 279 181 360 178 471 371 176 252 474 450 323 355 462 427 442 264 411 304 174 101 408 438 459 401 390 133 313 328 306 294 326 339 330 296 322 291 315 323 348 318 343 346 350 349 349 348 331 357 353 329 349 306 333 415 466 358 403 393 374 454 403 361 389 393 0 53 55 65 65 71 51 
338 144 74 450 445 187 220 398 144 83 446 512 267 312 449 192 163 214 436 140 113 420 119 200 223 394 101 81 274 418 245 363 301 368 237 248 241 185 184 228 150 309 225 420 333 119 213 432 407 265 323 409 381 392 214 363 247 130 35 400 431 400 358 334 100 267 294 273 264 288 309 303 266 285 252 258 289 309 280 305 292 309 305 303 319 295 322 306 303 295 279 292 383 431 344 388 365 370 433 387 353 375 376 59 0 42 41 21 25 49 
309 119 82 454 434 161 219 380 109 111 450 502 259 314 430 154 143 188 432 148 112 410 103 213 239 393 73 79 271 389 218 331 325 362 199 273 205 179 215 239 121 320 184 429 345 122 195 423 395 272 303 411 372 385 250 363 250 133 56 366 399 408 339 324 73 292 311 289 292 319 323 312 281 296 294 293 308 286 260 291 277 296 295 295 298 265 295 296 274 283 263 271 358 414 326 354 356 326 411 361 332 340 349 69 34 0 64 50 59 36 
379 164 89 461 429 221 212 433 162 60 462 503 285 311 469 207 192 244 455 162 150 431 140 194 228 416 108 108 293 424 278 387 310 402 239 228 264 211 168 216 190 298 255 429 322 106 241 442 443 256 340 424 411 393 197 392 244 101 45 417 465 407 352 345 124 245 262 237 238 279 275 278 243 257 244 245 264 313 306 326 320 329 320 312 334 299 339 339 318 317 291 303 416 464 373 410 393 381 457 415 373 403 393 64 39 80 0 17 17 90 
362 161 83 440 434 203 199 419 163 60 463 498 270 295 459 198 191 245 436 142 138 409 125 195 229 412 98 94 271 409 262 371 303 377 236 242 254 198 168 221 175 301 234 420 323 108 239 426 414 268 320 418 398 385 206 365 245 101 39 412 443 404 355 328 92 243 278 247 235 286 273 286 242 262 235 241 271 311 274 308 307 314 295 311 316 283 326 315 308 312 289 291 405 441 359 392 376 364 432 408 364 385 385 80 29 68 31 0 10 68 
370 165 92 450 422 207 199 422 168 56 453 490 273 295 461 199 189 232 447 153 144 423 116 196 221 403 121 90 267 426 266 382 292 387 243 216 251 181 173 220 166 276 233 413 303 99 240 420 414 259 328 411 406 381 186 385 240 95 39 416 446 389 358 339 108 249 255 249 230 273 277 277 228 253 235 245 262 309 284 306 296 302 302 296 308 298 311 322 291 305 292 301 408 450 365 405 380 380 441 405 362 375 381 85 37 66 29 15 0 69 
313 104 67 468 447 152 235 361 93 119 464 515 271 326 426 177 133 177 435 147 92 412 103 227 244 383 75 82 273 388 218 341 331 352 221 286 201 199 215 251 125 344 165 421 355 150 195 425 402 292 296 411 384 396 255 371 270 159 88 358 404 435 351 337 84 311 323 304 308 338 339 346 301 319 297 301 337 299 276 301 301 300 303 302 315 277 315 314 293 302 258 294 364 407 311 359 348 336 404 355 332 334 339 60 56 28 85 66 76 0 

Depot information
337 457 1
37 410 1
18 330 1
436 45 1
397 16 1
184 396 1
184 111 1
415 426 1
138 374 1
60 205 1
461 86 1
484 30 1
317 251 1
293 98 1
495 273 1
229 293 1
69 431 1
164 453 1
484 223 1
191 237 1

Cust information
29 382 1
458 206 1
164 274 1
188 138 1
209 116 1
450 251 1
25 352 1
127 257 1
317 218 1
442 371 1
218 456 1
408 314 1
232 34 1
418 335 1
273 276 1
78 36 1
257 387 1
226 201 1
132 112 1
197 106 1
186 347 1
167 0 1
81 480 1
432 96 1
215 1 1
129 195 1
266 305 1
461 171 1
458 323 1
215 65 1
361 311 1
456 195 1
437 269 1
399 116 1
42 67 1
417 233 1
237 109 1
107 176 1
77 246 1
379 483 1
411 500 1
356 11 1
374 144 1
347 124 1
143 272 1
46 15 1
34 -4 1
61 15 1
55 22 1
44 -13 1
56 -16 1
35 -9 1
56 23 1
70 7 1
54 22 1
77 17 1
65 -8 1
341 218 1
325 252 1
353 218 1
337 213 1
353 258 1
344 215 1
343 214 1
358 233 1
332 259 1
359 231 1
360 248 1
341 246 1
349 237 1
323 251 1
338 244 1
402 439 1
464 414 1
374 376 1
395 435 1
392 417 1
392 383 1
456 411 1
417 389 1
380 375 1
394 396 1
389 413 1
25 312 1
56 274 1
77 300 1
37 249 1
52 257 1
51 250 1
73 316 1
