Seed 123 - Instance: n90m20_0
n 90
m 20
Q 9999
L 6
U 25

0 160 39 377 73 220 182 308 53 194 95 295 99 158 247 180 60 115 168 131 268 282 287 63 188 113 502 94 109 166 202 141 384 60 384 185 52 90 39 267 66 232 199 156 170 242 347 383 254 318 201 470 389 66 150 271 111 140 145 82 229 114 150 317 247 375 351 346 346 368 356 340 384 351 373 370 352 354 372 363 40 60 90 96 89 75 80 61 97 108 72 276 311 280 231 293 223 276 232 279 249 271 277 300 324 247 240 243 267 271 
156 0 198 307 108 253 63 341 131 270 254 277 202 305 143 259 106 259 298 266 103 262 124 180 347 75 442 67 271 9 105 269 481 160 307 340 197 176 163 138 159 100 31 302 46 196 245 416 211 365 330 397 288 186 275 160 196 290 115 154 350 273 62 431 179 448 430 444 420 458 434 422 465 428 451 441 450 432 452 440 189 204 223 245 214 209 233 208 227 254 212 202 206 212 165 182 138 170 141 181 178 179 181 189 242 345 337 350 339 371 
35 195 0 389 104 229 218 324 82 206 69 298 74 143 281 184 90 81 159 110 293 300 303 56 158 138 538 117 92 190 231 139 373 51 412 167 34 98 33 300 75 265 220 138 190 269 371 388 280 341 188 497 401 57 130 312 117 108 154 90 216 94 169 300 277 371 339 344 333 363 347 350 368 349 369 372 372 368 373 366 44 44 66 104 84 67 62 40 88 99 51 281 337 313 259 312 261 307 262 317 259 295 302 326 345 241 250 234 268 262 
376 314 404 0 361 218 247 194 335 280 457 132 462 410 177 272 351 465 362 412 252 130 354 415 494 284 155 335 466 304 198 339 399 394 32 504 382 443 407 347 411 253 282 503 257 125 88 264 121 250 408 106 58 418 396 179 298 495 404 413 398 426 367 420 145 373 386 387 366 389 382 355 376 367 386 360 362 356 372 372 379 366 413 380 332 374 405 374 375 376 395 121 128 108 162 152 179 151 156 131 148 126 148 156 72 390 349 362 324 353 
67 107 98 363 0 240 144 334 69 225 145 291 120 221 219 215 27 159 236 200 195 283 206 90 258 70 493 38 161 106 169 204 430 62 377 255 124 90 81 198 68 188 132 224 129 235 305 408 252 356 270 454 362 101 200 248 147 206 80 71 289 186 95 369 237 422 400 414 379 417 403 395 415 401 420 404 416 417 432 412 108 113 150 163 145 134 142 116 163 173 144 241 277 262 206 265 202 239 203 257 236 232 235 259 308 306 288 298 313 321 
223 246 244 204 235 0 208 113 203 79 271 87 316 216 202 66 228 304 174 223 277 97 358 262 290 189 327 226 295 250 185 136 258 253 248 304 201 303 256 345 278 259 255 316 216 115 217 177 129 124 207 307 231 273 199 223 125 328 308 290 193 249 289 232 157 235 214 234 212 230 212 199 234 193 239 217 218 204 232 212 217 198 229 177 149 179 232 217 191 202 209 150 223 170 151 222 168 209 166 206 148 150 198 224 202 181 152 177 143 179 
188 61 211 240 131 207 0 291 149 238 280 222 245 317 83 226 142 292 285 282 84 209 147 220 357 94 388 118 293 67 50 260 446 201 251 371 210 210 203 156 202 58 52 340 36 147 192 377 161 324 343 323 232 221 280 113 187 318 183 204 346 284 118 409 125 422 426 414 400 449 419 395 428 393 429 412 416 408 437 416 208 207 247 252 206 224 261 221 239 273 243 154 164 158 118 135 92 111 85 132 130 141 124 129 191 337 338 325 338 349 
312 337 322 212 334 109 296 0 299 143 358 102 403 280 272 153 321 387 224 288 352 107 433 366 348 276 292 330 383 346 247 205 207 355 234 381 293 397 351 428 372 338 346 408 298 170 239 83 173 45 273 296 235 369 271 289 224 393 407 391 228 323 382 226 211 183 187 190 170 206 182 158 188 163 177 178 179 167 196 178 299 293 311 269 244 284 317 304 271 268 298 196 268 217 221 267 223 273 223 267 207 199 250 288 215 207 174 194 161 185 
39 121 86 333 54 194 160 287 0 183 130 254 138 172 214 175 49 154 194 163 230 244 260 89 222 73 464 81 163 125 169 161 385 72 355 223 77 113 76 246 96 202 168 192 141 215 304 350 228 298 229 425 339 98 167 243 93 189 140 114 238 145 138 319 211 356 345 355 335 374 356 342 374 331 373 369 361 349 369 367 87 76 104 124 103 101 109 93 101 140 109 238 279 242 190 249 193 223 198 243 210 217 247 249 286 244 238 241 257 273 
201 268 191 273 227 83 246 148 173 0 223 161 274 148 262 25 213 246 99 154 305 168 386 234 217 186 403 237 246 269 224 69 221 227 313 257 177 286 225 380 244 308 276 254 252 184 281 200 195 151 146 370 308 252 124 289 101 256 317 277 132 195 300 174 224 185 180 190 178 214 192 178 206 172 192 194 199 177 211 197 166 149 179 135 108 149 177 175 154 144 160 214 293 233 221 275 219 277 210 270 208 209 267 287 257 117 83 114 97 105 
95 238 73 456 157 267 267 358 137 221 0 352 70 134 336 222 150 38 164 98 336 345 352 78 116 194 581 181 29 236 289 154 374 95 460 104 82 135 85 341 101 330 276 68 255 325 416 408 350 365 179 558 464 71 130 364 162 58 200 123 205 71 225 294 330 369 354 366 350 377 345 353 382 362 373 372 372 362 369 380 83 97 53 117 117 101 49 75 91 102 74 349 392 363 317 377 300 366 324 377 324 336 371 384 403 238 246 239 278 256 
290 267 313 131 299 98 233 100 248 155 346 0 375 294 191 158 274 384 257 303 261 29 366 342 372 216 248 282 363 281 170 226 296 310 154 393 277 365 309 356 331 262 276 396 233 80 166 179 89 148 293 240 160 335 269 196 187 384 368 337 274 327 318 298 139 268 254 269 259 279 256 241 265 235 264 254 255 254 272 263 270 269 291 262 233 256 305 279 277 266 292 114 173 122 137 174 146 190 156 180 106 127 165 199 137 260 229 237 212 243 
97 208 88 453 120 297 255 412 129 274 72 376 0 202 315 263 121 81 238 152 306 370 322 49 190 187 589 161 79 210 266 209 433 78 470 179 117 59 65 307 48 310 253 123 229 330 416 449 347 414 244 557 467 46 187 359 191 101 141 64 265 144 169 360 344 424 406 425 397 437 411 415 436 412 441 422 428 421 448 429 109 131 121 166 163 139 119 122 135 167 120 349 393 358 314 362 303 339 317 364 325 342 347 364 404 288 302 295 329 333 
159 305 145 418 223 216 306 290 187 141 122 293 204 0 346 143 214 152 59 52 388 292 428 177 92 225 550 254 147 293 304 84 265 187 437 118 128 241 162 427 193 373 319 128 293 301 411 306 322 269 52 507 445 179 36 379 149 153 297 220 93 65 311 167 323 250 243 243 231 255 237 238 264 233 268 259 244 259 256 256 122 102 97 77 104 97 105 121 72 56 100 329 398 363 311 376 304 360 308 370 315 322 359 380 390 125 132 119 156 157 
246 141 284 178 202 216 80 269 210 257 336 184 314 354 0 249 210 356 329 339 83 170 186 293 413 155 315 192 354 136 59 292 441 259 174 420 277 286 263 189 278 71 119 400 104 123 132 354 111 323 372 255 163 285 325 37 219 391 255 280 375 341 193 433 68 432 425 429 411 438 423 405 436 410 422 424 426 415 422 420 278 263 303 287 251 284 308 275 283 316 299 93 82 83 55 61 67 28 55 59 91 87 46 62 119 364 341 352 345 355 
176 246 188 280 226 67 232 151 168 34 223 150 264 142 247 0 215 247 115 155 292 153 376 220 224 179 390 218 249 246 210 76 234 222 308 248 169 277 205 369 249 271 259 259 222 170 279 197 179 163 160 380 305 236 128 263 83 254 287 251 127 184 269 186 208 215 205 216 192 226 202 196 230 180 221 213 209 194 224 217 167 142 177 113 107 141 175 155 128 126 156 199 267 220 193 252 208 258 202 261 193 210 247 269 261 131 113 110 98 122 
73 105 98 343 17 238 141 336 52 225 154 291 127 223 204 198 0 170 227 194 200 278 219 80 252 69 478 36 160 103 171 201 422 62 355 256 110 92 71 216 74 180 130 203 134 235 305 399 241 350 258 453 354 101 196 246 131 189 94 72 264 170 88 348 217 403 387 394 374 411 389 383 411 378 414 403 402 391 415 402 110 119 129 154 133 127 144 124 151 167 130 240 272 259 219 258 196 227 204 259 230 239 246 259 301 297 295 271 303 315 
124 261 80 463 172 301 298 389 155 253 34 365 71 160 352 242 170 0 192 121 353 377 365 93 132 219 616 198 29 257 313 197 396 116 500 115 109 124 108 358 100 351 294 52 279 351 434 430 374 385 204 570 474 90 145 380 187 44 199 140 239 96 227 306 368 400 384 377 373 395 385 377 406 382 402 403 382 387 396 389 102 107 97 133 161 123 86 100 115 143 87 366 411 388 347 394 330 374 344 394 344 358 392 393 440 266 270 259 298 289 
178 301 169 368 224 175 282 228 180 90 177 252 232 62 315 98 230 202 0 97 354 261 415 199 136 231 485 257 179 298 275 49 215 218 402 165 142 265 193 420 224 356 314 197 290 269 377 263 276 224 65 476 397 199 50 352 117 205 300 240 66 113 318 141 302 203 192 188 175 226 187 196 219 200 222 205 209 209 213 212 146 135 116 77 107 112 141 136 101 77 134 280 349 311 291 347 274 327 277 331 283 293 324 350 344 86 91 71 102 98 
137 271 103 414 189 215 280 295 148 169 96 303 156 40 339 159 193 112 93 0 351 296 392 140 93 215 542 215 110 278 288 96 283 163 439 97 95 196 141 391 166 341 300 114 275 304 400 335 320 283 91 505 429 132 55 356 138 119 251 185 124 42 263 210 325 286 275 280 254 281 262 271 288 268 296 282 277 285 289 293 97 81 61 51 78 72 53 89 52 34 74 322 385 355 311 369 296 354 313 358 311 311 350 374 393 139 166 142 188 189 
260 116 285 242 197 270 90 340 225 306 346 269 321 381 76 300 209 351 369 354 0 236 118 291 422 167 365 180 359 124 103 323 504 254 254 429 286 267 272 114 278 22 84 397 86 194 178 431 175 383 404 317 216 302 365 82 260 389 222 258 409 359 160 480 146 494 480 477 459 509 475 468 499 463 484 468 471 465 485 490 284 294 318 310 287 291 330 295 313 334 304 169 144 161 140 123 116 90 117 129 155 150 113 104 182 421 398 404 397 406 
275 266 306 120 290 89 206 113 247 157 353 18 366 301 175 152 276 368 258 309 240 0 343 330 377 207 253 268 370 257 168 223 309 303 156 386 290 348 313 350 328 237 248 397 226 73 135 191 77 150 295 232 157 340 277 192 188 402 345 342 287 314 313 302 104 281 276 281 272 302 272 263 273 261 283 267 270 256 289 283 285 275 295 256 240 250 315 280 268 269 293 86 154 104 115 168 128 163 125 162 91 105 145 168 122 257 234 249 214 239 
280 144 304 342 207 351 155 430 247 386 353 357 323 427 186 377 218 360 428 403 102 344 0 300 460 216 458 201 381 143 180 383 584 261 347 454 326 255 287 23 277 118 124 428 155 277 283 511 282 468 458 396 329 308 410 185 308 401 187 249 470 390 146 550 233 560 564 564 539 570 559 547 568 548 575 560 552 551 563 556 311 332 352 370 335 348 364 324 348 376 332 268 239 259 224 203 225 201 215 213 261 243 212 199 285 478 471 464 456 494 
48 189 51 413 97 259 214 373 84 243 79 323 45 184 285 219 84 81 201 139 274 325 302 0 179 137 555 129 100 186 238 197 421 47 426 192 70 64 26 275 32 265 216 142 203 292 384 426 306 364 224 515 419 14 168 306 163 108 128 52 249 124 162 337 302 406 396 394 385 421 383 389 410 375 401 411 406 400 407 402 81 87 101 128 133 122 85 81 122 143 83 308 344 332 270 335 266 308 280 317 287 301 310 338 372 282 274 263 302 295 
181 343 164 479 258 292 365 366 216 222 123 369 195 84 400 221 238 129 134 86 427 381 466 179 0 279 617 272 121 346 357 167 317 201 515 33 143 230 187 463 221 422 361 88 335 378 471 381 388 343 103 596 500 188 107 437 197 113 299 245 148 78 324 226 383 321 285 300 276 303 283 313 318 295 311 319 311 326 315 304 158 155 116 120 157 135 126 148 117 108 139 400 455 425 382 440 371 419 373 436 385 396 431 441 454 171 217 179 225 208 
112 92 143 296 68 194 87 287 77 197 187 220 180 227 162 173 64 210 228 204 163 214 210 144 285 0 431 64 208 77 110 176 397 118 300 279 141 160 133 200 128 148 96 266 74 176 244 343 192 305 254 382 285 147 204 191 119 238 135 146 273 207 113 341 166 370 374 369 355 395 369 364 382 363 378 383 383 360 396 384 125 135 172 169 140 146 174 146 164 191 151 188 224 202 143 195 127 181 145 194 168 173 182 203 243 286 278 269 267 299 
518 432 528 151 501 345 371 299 473 404 589 252 587 533 315 406 486 611 497 542 364 243 450 548 614 429 0 473 612 440 335 470 491 533 129 641 524 567 530 458 555 374 407 637 395 262 192 333 254 335 541 61 144 564 523 299 421 620 538 564 516 561 496 532 269 468 459 484 466 476 466 433 450 436 468 437 460 439 459 446 515 498 529 497 472 500 538 510 519 514 520 252 228 236 289 256 298 280 306 265 265 269 275 274 199 500 463 474 434 466 
97 65 124 334 49 236 104 325 65 237 191 281 145 241 176 212 50 202 248 219 172 274 198 121 269 57 464 0 202 65 136 209 442 85 352 283 131 115 109 182 105 151 101 252 104 225 296 408 229 350 280 421 337 139 229 206 159 218 92 96 287 217 64 386 210 423 400 422 396 431 400 392 430 402 434 411 411 408 416 415 143 146 168 181 155 159 176 144 180 196 150 225 261 232 195 229 169 208 169 227 201 221 207 219 273 321 310 305 317 332 
107 265 92 467 167 299 297 389 153 236 31 359 88 142 357 233 169 13 193 106 356 359 369 88 113 221 593 199 0 253 295 177 391 129 488 111 88 140 98 364 116 354 289 62 284 357 433 419 350 379 192 572 473 78 153 382 197 42 196 137 222 82 238 305 356 378 361 362 356 383 355 364 389 354 393 392 380 373 385 392 94 106 84 121 153 115 67 97 113 116 92 356 410 383 334 399 338 382 328 386 352 364 378 399 430 246 259 242 292 272 
152 16 185 297 109 245 72 346 126 258 235 281 212 307 130 250 111 264 290 264 104 254 141 180 329 89 431 79 264 0 111 264 472 157 319 352 194 175 179 122 172 107 48 309 51 214 255 404 210 373 335 396 284 194 276 161 196 280 114 161 339 271 74 413 187 443 440 436 421 473 445 419 460 437 452 434 445 444 452 448 205 190 231 244 208 221 233 211 237 253 228 195 214 215 153 195 151 174 141 190 175 197 176 188 245 360 342 350 355 361 
190 100 219 199 176 169 64 260 156 226 293 182 280 294 67 190 171 312 268 284 101 165 187 230 356 93 339 135 313 113 0 236 423 215 220 374 214 251 223 200 233 89 103 346 73 112 153 328 115 294 316 284 203 242 280 93 170 330 214 237 308 294 161 382 77 395 387 386 365 411 385 364 390 368 387 390 381 385 390 385 211 224 258 244 203 233 252 224 241 254 240 100 133 116 67 95 51 82 53 94 85 91 97 95 141 316 308 319 294 317 
143 259 142 332 206 146 258 219 151 73 165 216 218 82 298 73 200 195 55 95 325 218 381 196 147 196 457 217 171 252 239 0 246 191 364 180 122 244 174 388 195 321 287 199 240 224 333 260 252 212 105 442 356 179 62 311 91 207 285 218 99 117 282 174 261 237 211 211 203 245 215 216 238 210 239 236 223 213 234 227 121 107 119 55 67 92 128 114 91 64 106 244 329 294 248 315 255 290 247 301 247 258 293 311 316 96 110 102 124 130 
376 481 382 412 438 243 449 205 376 222 387 284 448 254 447 242 424 389 226 299 520 303 581 413 305 389 483 427 378 466 416 233 0 414 437 334 339 462 397 591 441 494 492 384 445 359 447 164 354 167 215 494 445 409 253 477 295 400 515 459 184 327 498 106 399 41 45 38 56 33 45 53 51 55 36 60 51 58 45 54 350 338 326 286 298 310 343 335 305 273 332 379 457 407 404 463 413 454 399 446 368 392 438 473 412 150 149 153 140 117 
56 148 53 392 69 252 193 367 72 241 113 310 71 198 252 224 51 124 213 156 258 308 257 30 215 120 525 85 112 156 208 191 418 0 416 200 82 53 41 257 36 234 191 164 176 285 358 404 282 376 247 491 402 52 174 297 164 150 102 45 255 140 134 344 270 406 382 401 379 414 397 390 421 386 417 404 406 402 420 400 94 97 109 140 127 120 103 91 122 148 113 291 328 301 263 296 234 284 256 307 273 286 296 317 358 288 297 285 300 313 
399 306 418 46 373 238 258 223 342 310 466 161 479 444 183 305 370 487 391 436 245 152 342 427 516 300 124 353 493 318 206 354 429 406 0 518 405 456 410 345 422 238 289 513 263 145 76 302 135 285 441 85 34 447 414 167 309 513 411 423 413 458 370 445 150 401 418 413 406 426 418 383 399 395 407 386 402 389 411 392 390 389 425 396 358 396 425 398 395 402 416 129 126 113 158 140 185 170 182 127 144 143 145 146 85 401 380 396 368 384 
189 347 159 512 250 318 356 389 227 251 106 382 169 106 422 247 243 105 166 107 439 394 453 189 36 291 644 281 106 344 363 179 339 212 531 0 162 218 184 450 197 423 374 71 355 394 489 401 408 367 132 607 519 187 131 455 226 83 299 228 173 88 320 255 403 343 324 320 303 348 314 324 344 315 334 349 344 338 336 340 150 154 125 139 174 147 118 147 143 121 133 417 469 441 394 450 375 438 395 443 395 418 431 450 463 202 241 206 251 238 
54 205 45 373 126 207 215 301 85 181 75 287 106 125 277 167 110 108 137 83 280 284 323 71 155 139 510 140 105 202 229 107 352 93 406 159 0 137 66 304 95 272 238 126 206 251 364 348 269 299 172 477 398 87 112 311 92 135 171 121 186 88 200 278 268 336 319 317 302 348 313 317 350 311 337 328 323 341 348 337 14 30 47 58 59 35 52 28 46 79 26 278 340 298 263 317 246 305 254 300 257 280 297 311 350 197 210 191 231 240 
105 176 98 430 81 308 212 404 112 275 118 373 52 228 299 279 97 133 253 206 267 349 274 58 228 157 572 116 139 177 239 247 474 53 444 234 132 0 67 255 36 263 194 185 202 327 388 465 327 417 274 522 437 66 215 310 208 146 91 32 304 189 131 396 312 453 427 451 427 457 449 439 463 424 463 445 461 454 465 456 124 148 141 182 182 161 146 135 166 201 134 326 367 347 288 338 282 317 290 332 304 329 331 334 387 327 338 310 352 357 
28 175 40 391 89 245 208 338 80 223 79 319 74 182 261 217 86 106 203 147 277 303 282 25 190 119 545 109 105 163 228 170 397 29 418 181 59 66 0 274 51 260 200 136 181 278 364 410 281 356 207 497 401 34 166 300 149 135 123 57 250 121 157 330 283 392 363 382 359 400 367 366 409 372 388 386 378 377 388 390 65 73 78 117 115 90 82 81 116 127 86 285 345 311 267 318 250 297 262 321 275 290 303 326 351 254 267 256 272 278 
265 123 289 346 209 354 141 448 248 392 347 363 304 418 175 361 214 360 422 380 122 341 14 279 452 199 461 180 358 125 197 386 591 260 351 453 322 257 273 0 267 127 115 410 158 289 279 504 287 460 450 406 320 295 400 181 301 384 185 251 464 381 143 551 245 562 562 555 541 577 545 549 569 537 566 556 550 553 567 561 314 321 355 356 319 338 342 313 338 377 325 274 237 262 226 213 212 212 224 235 260 253 216 219 281 484 463 467 455 486 
76 174 66 408 72 285 211 374 91 250 104 342 53 207 280 247 82 115 219 159 258 339 260 31 202 138 545 110 110 169 233 205 443 18 433 201 97 48 49 251 0 259 189 161 179 291 381 438 299 382 256 519 409 45 197 313 168 134 93 33 274 153 136 371 301 422 414 420 384 424 409 398 432 391 436 426 419 419 431 430 91 114 125 157 155 126 120 107 130 174 122 298 338 325 277 330 254 291 265 311 281 290 301 330 360 304 302 289 310 309 
237 93 271 249 182 253 61 331 202 292 321 247 297 355 72 284 200 336 358 349 18 234 106 267 407 156 364 151 356 110 85 320 491 233 247 426 271 263 261 122 263 0 62 393 78 183 190 416 175 379 391 312 227 273 331 92 245 382 216 240 399 350 154 471 130 484 459 476 453 486 457 457 475 459 474 459 475 466 475 463 277 267 299 301 274 294 308 275 307 322 292 156 135 160 131 122 106 97 120 127 147 144 110 119 177 400 381 394 389 410 
182 51 226 290 143 254 59 342 156 271 286 259 252 332 112 265 145 295 319 293 91 256 113 211 378 110 417 105 291 36 110 288 482 195 288 366 233 199 205 119 201 77 0 329 47 202 232 405 211 381 353 364 267 229 310 133 201 313 158 193 359 293 96 431 161 457 451 465 435 485 461 444 472 439 472 448 460 452 473 462 218 227 258 256 228 244 260 237 249 271 248 183 196 183 142 171 134 131 132 158 172 181 161 157 220 377 352 353 365 376 
167 307 133 497 226 307 339 391 195 265 65 385 135 137 398 260 212 63 181 119 414 401 429 128 79 261 638 244 56 307 336 199 374 175 517 61 138 165 136 411 162 385 334 0 327 376 486 423 396 380 174 607 516 138 140 419 218 38 247 191 217 95 279 297 399 375 359 357 353 374 364 380 380 353 381 390 384 375 393 380 136 137 100 155 165 152 109 131 130 132 122 409 461 431 376 426 374 415 377 422 372 406 426 443 462 232 256 239 295 276 
175 46 192 256 113 222 25 300 128 240 258 237 234 295 96 223 130 282 286 274 97 217 157 200 348 71 394 96 268 51 58 244 440 181 266 350 209 199 197 149 182 74 57 320 0 173 202 387 159 334 333 351 248 217 278 131 170 304 153 178 321 267 108 407 146 430 423 421 392 437 415 408 439 407 434 408 423 413 433 430 210 194 240 230 199 211 249 219 232 243 229 161 172 169 111 139 104 126 109 145 144 139 134 146 198 343 320 337 333 352 
257 197 276 121 234 115 154 160 218 174 338 95 347 306 106 176 231 344 260 302 194 78 286 294 378 166 276 219 357 209 99 225 348 286 145 379 252 325 287 281 301 175 203 388 158 0 104 243 29 205 311 233 136 315 275 135 173 381 296 296 292 305 266 336 45 324 315 338 311 337 315 302 338 310 339 325 320 302 335 315 260 260 293 257 225 244 288 253 270 267 279 30 101 75 64 109 69 105 74 103 29 43 94 113 100 287 266 273 258 282 
331 251 362 88 310 215 200 243 302 277 429 168 421 403 117 283 306 442 362 398 181 132 284 392 484 241 196 295 436 253 167 340 446 369 81 494 360 386 357 291 373 183 229 486 220 117 0 317 104 289 412 156 56 393 369 116 284 473 360 373 402 408 315 444 89 411 410 410 390 436 413 384 417 394 423 395 395 396 407 410 345 353 387 363 322 348 378 362 367 375 373 96 65 55 120 71 132 97 115 69 104 100 87 90 19 384 370 390 347 385 
381 404 387 273 398 171 380 95 352 190 415 180 450 313 349 197 401 424 253 340 429 182 508 423 376 340 325 403 432 414 325 248 171 405 293 405 360 455 391 504 434 418 409 438 385 254 312 0 241 56 285 328 310 426 300 358 266 440 477 452 235 366 445 215 285 143 156 145 134 159 146 124 136 132 141 120 119 126 139 132 347 333 362 304 298 322 363 341 325 319 339 256 328 291 293 335 317 350 305 328 270 276 341 361 297 219 180 216 151 184 
273 221 292 128 251 123 165 178 222 197 347 98 351 314 119 180 239 374 271 305 195 64 282 306 385 192 260 222 356 222 106 243 363 286 126 402 274 332 299 276 310 176 209 400 166 21 95 243 0 205 321 215 125 325 298 118 195 381 313 306 298 327 273 349 57 345 336 332 310 353 339 309 334 308 333 321 327 326 341 334 263 262 298 272 235 256 299 268 277 276 281 26 106 58 67 107 75 114 69 101 43 52 93 110 91 306 268 280 257 292 
324 363 330 249 356 130 325 63 306 151 362 134 398 273 305 153 346 383 220 282 381 154 464 374 348 303 343 346 371 364 282 198 178 368 273 360 302 414 358 467 383 366 366 397 339 211 274 50 217 0 250 339 299 383 248 338 221 403 437 392 201 318 414 188 265 142 153 140 141 156 151 115 136 131 130 114 124 111 134 128 307 293 307 255 250 269 310 291 272 260 303 235 309 257 268 301 276 319 268 309 240 240 287 329 263 188 152 179 126 149 
203 344 195 421 267 206 342 260 218 149 167 293 249 48 383 161 253 189 60 95 404 296 465 229 120 261 536 293 185 343 320 95 220 232 445 143 168 277 210 461 256 403 362 174 319 322 419 283 325 243 0 513 442 225 69 399 154 201 334 272 42 117 335 118 334 220 198 205 184 225 198 204 218 204 219 210 222 212 223 214 156 165 151 110 129 131 153 164 117 93 152 330 411 359 325 388 336 379 343 384 334 348 381 412 403 86 116 77 131 114 
470 389 504 105 447 319 333 295 429 382 550 236 546 520 264 372 440 581 479 512 323 229 400 519 590 378 54 434 576 392 291 448 492 483 81 595 470 529 491 408 509 328 370 608 351 220 152 330 207 329 517 0 97 529 480 241 394 586 491 504 490 531 437 506 223 453 460 480 455 466 471 440 451 445 460 437 442 442 471 443 474 467 512 468 436 463 511 482 477 481 482 221 190 187 256 216 252 237 253 206 237 215 217 209 145 472 447 461 429 460 
378 300 396 64 358 242 247 252 338 307 457 172 465 432 167 289 351 479 390 432 220 157 315 429 509 291 146 329 473 295 202 357 438 394 23 513 391 445 403 335 412 226 268 510 247 147 62 304 128 286 445 111 0 426 405 144 306 501 412 419 413 440 355 465 134 412 420 437 405 437 421 385 415 408 428 409 420 410 416 403 393 380 417 390 350 383 419 383 389 404 395 128 86 104 160 127 172 135 164 119 138 126 132 115 65 406 371 403 372 404 
72 187 54 429 103 268 234 362 105 232 72 339 35 173 287 237 88 83 199 134 293 327 304 20 185 152 553 132 85 189 246 198 414 52 450 180 87 74 41 286 35 284 214 140 213 302 390 428 319 373 218 523 435 0 160 317 164 111 118 72 252 124 173 345 295 406 388 385 375 412 398 397 423 387 407 415 402 400 406 400 74 101 98 142 127 116 78 81 120 136 101 317 354 336 291 337 266 319 276 328 303 304 318 350 386 264 279 271 297 301 
140 284 127 390 214 179 292 270 154 126 127 265 194 31 317 118 186 148 58 53 360 277 400 162 106 205 507 222 146 281 268 62 262 191 417 135 101 221 156 400 186 332 307 146 268 282 378 288 283 243 72 481 418 169 0 346 112 163 282 209 89 77 289 189 293 240 233 237 225 257 227 231 261 221 262 260 249 253 266 255 95 88 86 54 70 79 103 93 57 28 81 287 359 318 294 345 291 336 297 336 281 294 338 361 359 119 141 106 160 150 
284 164 315 183 245 242 117 293 241 292 358 212 347 383 41 267 233 381 355 362 89 191 183 317 429 188 297 216 392 157 94 326 463 287 179 451 298 325 310 189 295 91 143 430 116 127 119 374 129 322 406 237 156 322 347 0 255 414 284 301 398 374 218 452 88 440 430 453 416 468 437 424 448 421 447 437 447 436 458 438 308 299 336 326 282 304 345 302 316 335 321 120 75 96 84 38 74 24 84 40 98 98 40 44 117 399 373 379 365 383 
121 182 119 296 149 112 176 217 90 91 167 185 208 149 213 88 139 188 107 138 264 186 323 159 213 121 425 145 177 196 167 76 293 150 307 224 95 210 137 301 168 239 201 225 179 185 271 267 195 218 154 404 319 175 106 256 0 217 232 186 168 136 208 233 195 278 252 270 242 293 271 252 289 249 279 262 277 274 287 277 97 98 118 91 51 88 138 91 100 102 105 193 254 223 192 239 182 239 189 232 172 196 234 260 262 173 154 161 162 178 
143 300 127 489 206 312 318 410 190 261 56 399 97 157 380 259 184 42 206 118 382 397 394 128 112 239 633 219 46 285 334 194 392 149 513 100 129 150 136 394 145 371 313 41 305 373 477 437 394 403 191 599 509 103 161 412 208 0 223 164 226 92 261 314 383 402 375 379 358 403 379 383 411 377 404 388 387 395 391 400 125 126 113 157 177 147 101 123 139 148 106 387 434 409 371 432 360 410 357 429 368 380 403 425 463 260 283 248 290 290 
144 132 150 408 78 318 184 411 141 307 187 353 142 295 252 300 91 201 295 253 226 354 188 114 310 144 546 86 200 129 215 284 510 104 416 298 173 80 123 185 107 206 153 235 163 312 352 475 310 431 335 500 412 134 274 267 215 232 0 78 346 239 76 434 287 483 470 478 470 501 473 481 491 476 492 478 487 477 504 478 173 190 197 232 209 217 197 182 225 240 186 304 329 317 265 306 242 271 249 307 283 295 297 291 346 380 378 369 373 390 
97 147 89 419 73 296 195 394 99 268 125 338 66 228 271 255 86 131 254 201 249 350 259 61 240 148 551 103 144 149 224 221 447 54 432 234 123 27 61 247 24 248 184 174 177 293 384 449 322 392 272 506 426 55 212 295 188 151 68 0 290 182 121 377 298 434 417 440 415 450 433 420 459 419 449 442 438 449 455 434 121 135 132 176 164 161 133 141 159 182 128 307 333 329 275 308 267 297 276 327 288 300 316 328 368 324 329 307 336 337 
213 339 206 399 280 184 329 233 227 122 208 266 282 93 373 139 281 220 54 120 400 272 458 258 144 272 507 289 230 337 310 100 177 265 412 182 176 305 248 473 269 385 358 219 332 298 404 241 299 201 48 496 418 262 84 401 171 232 344 301 0 146 365 92 334 178 152 164 154 173 164 165 184 162 191 189 166 169 173 184 181 165 170 129 155 149 181 178 141 128 163 326 396 351 324 376 323 381 326 381 302 326 369 394 374 34 67 33 102 76 
130 267 103 426 184 233 288 320 163 182 71 321 134 78 339 183 189 101 118 44 360 320 402 127 78 206 565 209 81 278 280 122 309 143 455 95 80 171 127 382 155 343 308 94 275 313 411 349 321 320 110 528 444 120 82 364 153 85 233 174 142 0 271 233 330 312 296 305 289 324 297 299 320 303 320 311 318 322 317 304 94 73 59 77 103 78 56 70 53 62 63 327 402 355 325 380 310 356 310 382 326 339 356 379 388 173 192 179 215 197 
145 56 177 367 85 281 123 383 135 299 227 317 172 304 198 277 88 244 305 265 169 301 147 167 322 111 496 79 234 72 160 268 497 133 376 325 188 121 160 144 137 145 96 295 116 253 316 445 256 415 349 439 342 159 288 223 216 260 77 112 359 259 0 434 229 484 464 467 460 482 470 451 485 465 488 474 465 475 493 486 199 205 227 238 216 220 234 200 237 251 211 261 270 263 213 231 192 228 215 234 244 234 242 239 295 365 361 357 365 396 
310 425 313 423 364 228 421 240 321 182 286 288 354 175 424 187 353 312 141 206 486 318 538 334 227 358 529 383 295 431 386 178 105 360 448 249 271 402 323 542 364 465 451 294 407 338 440 225 344 203 125 518 456 340 181 454 248 303 438 384 102 231 452 0 380 113 87 98 99 96 87 124 118 106 115 114 105 124 104 104 275 272 253 209 233 247 260 270 231 197 251 358 436 395 368 446 377 425 392 423 371 382 424 439 425 86 99 99 107 74 
260 177 284 136 236 162 123 209 209 218 341 123 340 332 71 202 216 355 300 320 141 118 246 305 389 165 279 211 360 184 86 250 397 280 154 414 267 313 287 244 298 131 159 400 126 55 92 286 52 257 343 224 124 308 292 95 192 387 288 297 328 329 242 381 0 375 368 375 359 385 358 352 377 358 372 359 361 366 380 363 267 269 289 271 251 268 303 265 281 279 290 28 75 46 23 67 49 58 44 65 32 25 62 72 82 332 307 314 291 311 
370 450 369 378 423 234 421 182 373 202 366 269 432 252 422 221 397 387 215 294 488 275 574 395 311 379 455 428 376 441 383 220 40 417 414 340 330 457 386 554 420 474 460 386 426 327 412 143 342 139 220 453 409 412 251 447 280 394 498 444 170 310 477 101 374 0 35 26 48 17 24 25 18 24 25 35 28 30 20 9 327 316 335 267 284 290 333 331 306 275 318 346 418 371 378 423 371 424 370 412 357 376 420 433 391 137 137 159 120 118 
339 433 337 386 410 209 408 182 356 187 342 272 409 232 415 206 389 364 189 257 468 287 563 390 283 368 470 405 360 447 372 212 49 381 415 307 306 431 370 560 409 464 449 355 414 316 419 140 328 138 200 469 415 380 236 444 254 363 484 424 145 291 468 90 376 39 0 27 30 40 2 36 38 26 44 40 24 49 30 39 307 307 299 269 258 272 314 302 269 249 309 347 426 368 369 417 367 423 379 408 351 369 413 437 392 120 122 128 112 100 
356 448 345 379 409 235 434 185 346 198 354 268 418 238 416 213 404 388 204 267 493 280 554 394 291 365 465 404 366 444 386 215 36 387 417 313 312 442 372 555 405 467 466 354 424 334 413 151 333 141 199 473 430 392 232 457 265 385 490 439 167 289 471 95 384 27 27 0 38 29 14 47 38 31 31 34 30 47 29 33 330 314 308 257 279 288 318 314 286 265 303 357 432 382 370 436 389 425 377 424 344 371 413 448 390 126 109 145 105 92 
335 429 344 369 397 207 412 176 328 175 350 248 406 225 407 183 380 370 175 264 473 255 547 382 277 356 466 395 350 417 369 205 47 387 399 316 315 429 369 533 398 456 437 341 410 307 403 150 324 142 190 450 411 376 211 420 242 358 469 410 154 289 447 81 359 42 33 37 0 51 16 35 54 22 35 48 29 41 51 44 312 291 289 258 258 273 312 297 258 235 289 332 399 361 352 413 355 412 350 394 334 351 398 413 384 128 94 125 99 85 
366 467 373 383 433 228 445 206 375 205 378 272 437 254 442 218 415 396 220 293 508 302 588 421 320 392 469 440 387 456 399 235 14 407 431 334 348 455 387 579 425 488 478 390 435 334 418 141 359 144 226 475 442 417 263 459 289 389 503 447 175 321 502 116 386 22 25 33 40 0 34 47 37 50 31 41 28 52 12 32 338 326 337 288 290 297 340 340 293 282 324 369 447 396 390 445 393 430 392 432 367 371 426 444 404 143 141 156 134 117 
342 440 347 391 403 227 424 185 342 182 353 260 411 228 425 191 387 379 195 275 478 273 551 390 286 360 458 415 364 443 391 210 33 403 414 309 317 434 364 560 403 466 457 365 408 333 418 142 322 148 192 455 430 395 225 449 257 382 475 426 156 304 468 86 373 37 11 16 23 40 0 47 36 41 28 48 27 37 31 41 326 308 313 254 279 291 315 312 284 256 298 348 420 378 359 414 373 411 376 410 350 371 421 445 385 130 119 137 99 90 
358 430 350 355 403 198 398 165 339 174 351 244 410 244 407 200 394 383 188 282 467 263 536 386 313 355 437 408 370 421 372 207 56 383 374 338 316 430 371 551 412 454 433 374 393 302 377 117 300 108 216 429 397 382 238 414 250 390 476 430 175 307 455 116 345 28 39 49 38 41 49 0 41 18 38 26 17 30 36 26 326 310 318 255 276 282 311 309 274 262 318 327 393 357 349 395 350 409 350 397 316 342 391 421 374 137 119 144 109 97 
380 457 381 377 426 232 439 193 375 212 377 258 445 261 425 217 414 400 218 293 482 276 581 421 331 395 457 428 391 464 401 235 35 416 411 358 347 457 395 565 424 482 466 398 437 327 418 137 346 137 225 455 422 414 257 457 283 402 502 454 182 313 489 122 385 28 35 40 56 24 33 46 0 34 21 15 18 29 18 12 343 329 345 283 298 316 344 330 307 283 344 346 421 394 369 423 375 433 385 422 362 364 422 433 394 161 146 166 121 123 
348 436 334 367 390 202 402 171 331 174 344 241 416 239 404 185 388 385 198 259 463 259 541 378 289 352 450 396 365 428 366 199 49 396 396 317 317 425 372 539 402 446 431 361 399 309 387 131 311 120 207 433 408 375 236 415 258 375 463 423 164 300 455 98 342 36 23 48 22 51 23 29 41 0 42 40 31 28 39 39 317 291 307 261 259 280 321 312 265 250 308 325 394 355 347 412 347 407 362 397 324 340 392 414 378 138 108 142 106 94 
363 455 380 373 426 223 426 183 372 199 378 263 447 268 419 223 409 399 224 297 486 279 571 400 314 392 459 423 396 449 396 228 47 419 415 341 343 467 390 572 425 474 464 380 420 325 421 125 347 139 210 448 429 413 254 442 274 400 503 455 191 328 496 117 382 16 32 33 49 31 36 28 17 31 0 20 12 25 6 17 333 326 338 275 280 316 339 338 302 287 322 353 426 394 367 421 380 424 390 426 356 368 424 437 403 147 141 162 127 130 
371 449 371 369 414 207 423 161 353 186 363 258 429 266 418 209 391 400 220 293 477 264 551 396 328 374 441 417 377 450 381 221 47 413 383 341 330 459 378 553 412 459 446 382 414 322 397 115 324 127 225 444 407 410 253 431 263 404 476 444 180 314 477 125 365 17 31 43 49 44 48 32 32 41 32 0 12 6 32 21 331 325 322 277 276 300 331 322 294 265 328 330 403 378 369 409 373 419 363 403 342 353 411 418 369 155 124 158 123 115 
366 438 356 372 410 213 418 181 360 199 369 258 421 256 413 205 392 392 205 285 486 277 552 395 320 366 448 419 381 449 385 228 55 409 407 328 330 443 396 561 418 459 461 388 415 324 396 130 326 140 216 443 413 402 241 435 263 402 477 438 169 316 480 122 361 25 26 26 40 29 37 26 22 21 23 16 0 16 20 16 327 314 330 266 274 290 320 332 303 266 318 337 418 379 367 419 374 416 374 412 350 367 404 429 392 149 121 155 123 104 
368 448 371 361 404 201 417 158 363 175 369 244 422 262 406 205 388 389 214 289 464 270 559 406 326 376 441 408 375 448 387 222 49 396 399 333 325 447 380 549 423 465 447 379 420 311 393 119 319 119 214 439 406 392 253 436 278 392 475 447 169 320 472 119 348 36 51 38 31 41 43 29 22 28 38 16 25 0 39 27 334 323 320 282 289 300 329 322 292 276 327 328 401 360 363 408 363 412 376 397 339 349 391 431 385 144 123 151 123 118 
383 453 379 378 420 226 430 190 362 208 376 262 434 256 428 220 406 393 207 287 486 290 571 419 314 387 472 426 380 463 395 242 43 420 421 348 350 455 403 575 432 484 471 374 421 325 420 137 332 148 213 452 415 401 251 458 279 397 498 455 179 316 494 119 378 8 26 28 49 16 37 49 17 40 5 37 31 32 0 25 337 318 330 289 284 300 340 340 308 272 339 362 424 392 376 437 379 425 392 418 363 371 418 433 397 163 134 149 122 126 
369 453 370 380 417 223 421 182 366 196 375 253 420 257 419 211 399 394 199 293 477 274 561 399 320 378 451 414 375 451 396 232 37 403 402 347 337 447 380 559 429 459 460 377 424 329 414 131 325 123 207 461 412 402 259 437 265 403 497 452 171 320 482 109 360 15 37 40 44 28 27 39 30 27 17 18 13 12 13 0 334 315 319 267 281 297 321 325 295 265 323 349 416 374 365 430 380 409 368 406 351 361 405 441 384 145 139 150 119 109 
55 189 41 382 113 217 217 305 73 164 81 273 112 121 273 162 112 116 146 90 277 282 316 91 144 143 507 144 98 199 211 124 351 80 399 163 4 128 61 316 108 272 216 131 201 250 343 347 266 306 174 483 395 86 109 299 90 128 170 125 193 91 192 272 263 323 305 330 300 342 308 321 338 315 340 324 324 328 345 328 0 18 38 60 66 42 42 29 49 71 34 263 325 306 241 316 249 291 247 302 258 264 299 322 338 202 205 197 227 219 
68 191 56 369 117 200 226 281 88 161 92 274 120 111 277 140 107 103 137 77 284 280 325 93 144 129 516 148 99 195 217 107 332 106 399 149 18 148 75 325 110 269 238 142 209 257 352 331 260 283 164 468 383 102 90 293 80 134 178 132 167 88 195 256 270 323 296 311 302 337 297 304 334 306 329 331 320 326 338 319 22 0 40 55 60 28 47 10 34 71 26 264 325 292 255 308 238 299 242 307 260 259 283 303 322 201 211 185 222 216 
70 231 63 406 146 215 245 315 110 179 59 299 108 93 315 174 134 79 130 54 313 290 349 94 114 169 543 175 87 220 244 120 329 113 431 128 40 142 83 345 120 306 256 110 244 279 382 347 298 320 152 505 410 95 96 345 117 97 194 152 179 57 215 254 293 328 304 318 296 334 317 312 331 313 333 331 317 317 324 314 44 54 0 65 69 48 24 35 32 51 28 293 353 335 283 350 264 326 279 337 290 303 321 349 373 188 202 185 219 231 
102 230 100 375 174 190 240 257 129 119 116 249 154 81 286 113 162 138 69 51 317 252 374 144 138 164 503 182 127 239 240 67 288 153 388 150 63 184 125 368 166 309 258 136 244 249 356 313 274 252 106 479 393 133 49 315 84 147 228 176 136 75 251 217 267 277 257 266 253 279 265 273 296 258 278 281 274 267 280 269 63 64 51 0 37 39 68 68 32 28 62 280 328 311 268 329 246 308 263 327 254 276 312 340 331 146 152 133 181 177 
100 208 98 340 151 149 206 240 99 118 120 225 173 106 259 116 134 149 91 96 287 227 331 123 157 142 481 161 137 205 211 60 298 128 352 185 67 177 125 337 140 267 236 161 194 223 316 305 244 242 127 445 356 134 79 290 52 159 209 179 137 107 226 230 243 290 263 280 251 295 272 275 303 264 283 289 279 276 297 273 55 42 67 38 0 27 87 50 42 55 72 241 300 281 236 288 220 280 223 292 223 253 277 297 307 155 173 161 176 174 
83 215 72 362 153 191 226 271 106 147 95 260 139 89 266 137 124 120 112 79 297 252 335 108 135 142 494 164 111 208 223 76 303 126 379 151 47 166 90 332 143 291 241 136 211 249 341 326 259 276 130 475 384 125 71 298 81 141 219 148 149 77 223 236 268 303 272 282 263 303 284 274 305 278 309 300 304 295 315 305 37 25 51 33 25 0 68 32 36 43 37 261 323 291 247 306 247 287 244 296 254 271 295 317 332 173 186 173 195 193 
77 228 69 421 139 230 254 317 123 182 45 305 110 103 307 173 146 74 142 69 322 307 344 101 119 181 548 177 63 224 256 121 345 99 424 122 36 147 84 346 115 303 264 107 233 298 393 369 307 310 150 513 414 90 86 338 123 89 196 138 170 51 225 264 296 322 316 313 302 333 314 318 352 310 345 338 323 329 339 334 59 41 13 61 74 64 0 42 57 77 35 306 371 340 284 354 276 320 296 336 293 298 339 360 383 206 203 184 239 221 
51 207 50 380 124 217 216 307 77 158 75 275 122 105 268 160 113 94 119 89 287 287 318 78 148 140 519 137 103 200 222 120 345 89 410 151 19 129 65 313 111 275 237 121 208 271 365 341 275 294 155 483 396 97 100 301 104 115 190 121 167 81 203 257 271 326 311 316 301 328 317 315 340 311 332 333 316 327 336 320 26 15 43 69 64 28 46 0 35 63 22 269 330 304 262 315 255 294 250 305 249 286 304 330 347 188 205 184 228 222 
87 241 76 383 147 202 245 280 101 146 100 273 148 79 300 142 135 129 93 62 315 265 351 123 133 161 518 170 108 225 247 91 315 125 399 138 56 163 102 340 131 307 266 137 224 251 359 325 275 281 125 476 389 127 62 322 87 134 226 159 143 54 227 238 281 305 271 276 260 310 290 273 307 283 308 295 293 296 301 305 57 45 36 27 54 25 44 44 0 37 44 274 343 299 273 329 265 314 254 318 267 277 306 341 339 171 183 158 186 194 
126 258 116 390 177 189 263 280 144 133 119 281 166 61 315 131 171 138 81 31 326 271 389 133 109 174 506 197 113 259 262 67 285 153 411 139 71 203 125 377 171 317 276 141 260 279 361 317 286 264 93 491 404 136 37 335 102 146 240 199 129 60 248 209 279 272 260 266 251 273 266 255 295 263 282 268 275 270 272 263 67 64 61 34 59 42 77 70 37 0 59 279 360 313 281 344 269 326 279 328 270 300 329 351 345 148 158 139 166 176 
65 220 45 384 136 205 236 308 91 167 61 285 122 100 284 171 131 105 131 74 306 294 333 89 121 157 532 151 93 223 231 115 331 103 410 138 26 150 76 331 108 304 250 111 223 274 372 349 290 313 145 502 406 90 92 324 102 109 189 138 179 58 214 250 278 329 297 301 301 338 317 314 341 299 333 330 327 315 328 333 26 30 19 46 70 40 33 30 36 64 0 290 339 312 278 338 255 313 256 334 274 291 314 338 363 187 199 176 220 214 
263 197 293 113 247 152 146 188 232 210 344 105 352 317 91 191 252 364 291 316 170 76 269 317 402 177 263 217 370 213 103 257 377 292 139 402 279 329 296 266 299 172 201 402 164 30 83 266 23 223 338 214 124 321 300 118 197 398 297 301 326 324 266 357 29 353 338 351 332 356 346 323 354 325 357 344 334 344 352 338 273 262 307 270 238 265 311 276 283 286 284 0 95 40 52 92 68 79 73 76 28 31 74 102 83 317 279 297 282 302 
307 201 327 117 283 210 160 265 266 278 402 182 389 397 89 274 270 417 356 380 141 161 244 354 454 215 230 255 425 204 119 316 462 327 123 461 324 357 344 244 348 147 183 447 174 113 50 331 110 299 417 182 102 356 362 63 254 436 327 348 390 401 272 450 74 436 424 437 403 447 426 399 426 407 431 415 416 400 425 421 330 319 358 332 309 333 374 341 333 347 343 95 0 56 83 33 99 63 83 38 95 66 54 48 59 387 366 372 352 378 
281 216 304 114 273 174 151 227 248 236 359 137 375 352 88 228 249 382 327 344 150 111 247 321 415 205 241 238 383 215 118 284 417 306 115 436 295 341 310 252 317 151 184 433 172 58 58 289 63 255 377 198 100 346 319 92 223 413 325 335 353 365 273 391 32 389 385 392 359 388 388 365 376 360 384 362 369 356 379 366 288 303 334 313 267 298 339 305 300 328 307 43 64 0 59 52 75 73 70 48 47 42 47 64 52 351 324 335 318 328 
238 156 273 150 214 168 112 223 203 207 314 148 322 307 68 206 205 334 280 295 126 116 224 278 389 141 282 199 348 155 51 239 397 251 155 398 263 300 267 230 267 123 149 377 117 69 116 287 71 260 329 247 142 281 281 80 184 369 272 274 330 314 227 384 23 377 363 378 360 387 376 340 373 340 373 359 367 348 374 373 248 238 289 251 227 243 285 266 256 282 272 43 94 52 0 68 19 69 25 64 31 26 66 79 108 325 287 309 297 317 
281 179 320 145 253 217 125 274 243 266 376 179 361 378 47 270 263 399 339 373 105 155 217 321 442 198 268 222 404 178 102 312 455 306 140 456 316 332 315 225 326 125 153 445 147 103 88 342 107 300 396 210 122 345 361 51 249 425 289 308 382 373 237 443 65 436 416 425 401 451 430 408 422 415 425 412 414 403 434 423 318 300 332 323 286 311 339 321 327 343 339 97 42 59 64 0 82 40 67 18 83 60 30 14 82 375 350 381 348 385 
227 142 246 173 206 158 84 232 189 220 316 152 299 306 50 195 185 341 273 293 115 125 212 262 378 139 308 180 325 153 45 241 394 235 188 394 251 276 249 218 252 112 126 373 98 69 121 309 81 261 334 262 157 272 289 79 171 363 243 253 317 313 200 389 54 373 375 386 352 390 371 354 392 362 391 369 375 360 376 376 239 233 280 259 211 240 287 251 260 265 268 59 100 83 36 73 0 70 20 83 48 51 63 76 123 320 299 308 281 317 
282 169 296 165 234 210 118 273 233 258 364 179 341 355 41 259 226 374 340 356 92 175 200 312 435 170 278 215 374 162 73 301 458 291 157 437 305 313 301 196 300 102 137 416 125 99 90 338 103 317 382 236 136 320 339 39 228 411 266 293 372 356 221 435 73 423 428 428 401 442 425 408 431 394 423 417 413 414 437 412 301 285 316 309 274 291 334 303 306 320 315 95 51 64 68 23 60 0 55 38 90 66 16 34 104 378 350 365 348 359 
222 145 263 173 211 161 86 225 184 218 321 149 309 316 63 198 206 344 285 298 128 132 213 271 374 138 304 176 345 143 52 250 415 249 185 401 250 285 262 213 266 104 145 378 112 84 109 316 77 260 334 264 168 288 292 69 178 366 257 264 335 317 211 379 29 381 374 388 361 387 385 353 392 362 387 364 383 361 391 368 250 234 277 261 225 243 278 245 259 265 267 72 94 78 16 79 16 65 0 59 50 57 68 84 101 330 300 313 300 312 
295 183 311 144 257 211 125 263 258 267 370 167 356 383 47 257 245 394 337 362 112 149 212 320 436 196 262 236 393 185 100 297 440 305 129 450 313 342 305 221 326 122 166 427 154 111 79 338 89 303 384 206 120 334 341 54 234 424 301 327 382 378 242 426 56 412 406 423 399 428 410 403 421 390 426 411 417 395 426 411 312 306 334 314 287 305 342 310 323 335 321 69 24 45 59 25 66 40 63 0 72 56 22 34 71 366 345 374 330 367 
253 188 272 139 232 134 132 200 207 209 323 114 326 316 88 190 216 355 271 306 164 100 261 287 370 152 278 207 348 176 93 233 367 270 150 397 262 310 262 249 283 153 165 383 135 39 115 266 40 228 316 226 138 287 273 102 185 383 294 288 313 323 228 351 39 342 346 363 327 360 349 323 358 326 347 334 353 344 365 339 251 259 284 265 217 256 298 268 270 279 273 26 92 63 41 93 43 92 56 88 0 32 75 107 91 303 281 287 273 303 
252 179 278 131 230 151 138 217 230 228 348 121 346 339 89 197 229 373 304 316 147 110 248 299 399 175 272 224 364 191 81 269 400 279 137 411 280 321 281 262 291 147 174 405 145 47 88 284 41 259 351 225 133 308 309 101 200 386 284 308 328 337 245 390 23 376 366 372 338 374 372 351 361 353 361 350 362 350 380 362 268 273 312 277 248 257 306 268 289 283 298 22 78 31 41 72 44 61 42 52 33 0 66 90 68 324 291 308 282 318 
275 178 309 137 237 198 121 248 233 255 364 176 351 367 49 250 243 382 323 352 105 155 215 315 431 187 279 216 381 185 93 293 437 295 148 438 295 322 309 227 297 106 159 416 137 106 86 336 91 289 392 228 131 325 346 53 235 418 297 312 365 353 238 417 51 408 418 408 400 427 408 384 409 388 424 398 400 406 410 413 291 290 325 307 282 301 343 296 319 321 312 77 52 45 62 27 62 32 49 17 81 58 0 31 74 374 333 363 342 369 
306 189 325 143 263 221 139 288 252 284 377 192 362 381 46 272 266 397 351 378 113 177 202 333 442 204 269 221 392 180 109 312 471 304 142 458 325 329 314 209 332 112 158 446 157 113 93 346 113 329 399 217 129 342 365 45 253 426 294 329 386 374 246 451 71 438 439 447 413 453 432 413 451 412 451 423 432 428 445 441 322 317 350 330 303 323 354 316 325 341 341 108 31 67 75 19 96 25 86 24 108 85 27 0 88 398 364 376 355 376 
319 250 342 73 300 203 180 227 295 266 417 134 419 397 111 256 290 436 352 381 194 122 283 375 448 247 190 285 437 249 154 312 428 350 69 472 333 394 354 297 369 185 222 470 209 92 34 286 79 260 408 151 71 368 351 120 259 459 359 370 386 392 296 419 82 399 384 389 381 407 394 366 386 366 387 381 391 384 392 377 344 340 361 349 301 333 373 348 351 348 353 78 60 56 96 83 117 96 106 68 92 83 89 91 0 375 347 362 320 357 
240 363 242 374 291 173 340 219 239 127 241 264 301 110 366 143 289 256 85 156 420 267 482 281 180 289 495 304 241 360 316 105 152 290 414 204 216 337 264 475 297 406 371 240 328 300 382 209 302 193 71 477 402 276 118 398 182 247 380 324 44 168 368 70 318 155 132 140 117 152 133 145 169 139 156 160 144 150 161 151 197 192 187 149 171 165 190 204 173 137 187 319 391 343 322 382 322 368 333 384 316 322 364 399 364 0 37 29 73 44 
241 343 234 346 308 147 320 181 253 96 244 221 314 145 333 116 296 283 95 174 401 236 468 280 203 273 459 300 267 348 306 96 141 296 379 239 205 326 260 468 298 386 370 256 321 266 350 172 276 156 115 447 389 278 133 359 161 280 376 324 70 193 359 102 309 134 115 122 106 143 112 119 144 117 137 126 125 135 129 124 215 198 197 152 164 168 211 202 185 163 201 287 361 327 287 367 288 349 308 348 288 292 344 372 331 51 0 47 24 38 
234 344 228 378 287 178 340 197 230 106 234 254 286 116 361 112 275 257 72 153 399 253 475 259 184 269 477 293 245 336 314 90 148 280 404 207 198 311 259 457 294 383 354 242 324 278 388 209 293 176 70 462 410 272 103 380 153 263 366 316 34 178 370 89 312 141 133 136 130 158 126 148 163 142 156 147 151 158 165 142 202 189 180 146 149 171 193 184 163 132 191 299 374 327 311 370 302 354 322 357 289 319 354 376 355 17 47 0 69 41 
259 351 262 328 316 151 328 162 263 82 275 208 321 166 337 100 301 293 116 197 399 217 470 288 228 280 431 312 292 339 303 129 129 295 355 259 233 344 276 454 309 389 360 285 329 250 339 155 255 136 138 418 361 303 152 354 165 296 376 329 95 208 378 102 297 123 96 117 86 118 106 105 120 99 114 121 115 105 131 112 217 221 221 182 168 194 234 227 195 175 222 282 361 312 291 350 280 351 288 342 264 296 332 348 338 59 31 64 0 44 
257 359 271 360 326 171 354 189 273 108 272 233 332 142 355 123 316 287 114 182 406 257 492 296 218 281 466 321 276 366 311 118 118 300 380 249 239 344 276 481 322 395 372 274 336 289 376 173 291 144 111 464 386 306 150 380 179 293 401 332 77 209 385 68 324 113 94 106 87 111 92 101 127 103 117 118 111 118 128 116 237 217 213 177 175 197 220 223 186 164 217 309 377 336 308 384 316 370 326 377 307 326 359 395 356 49 21 43 36 0 

Depot information
307 404 1
154 402 1
332 413 1
89 114 1
243 425 1
274 195 1
137 349 1
282 97 1
273 383 1
338 222 1
388 435 1
211 146 1
339 485 1
434 323 1
96 287 1
324 233 1
250 415 1
398 459 1
410 275 1
414 353 1

Cust information
64 352 1
196 156 1
38 447 1
320 450 1
484 380 1
217 362 1
12 1 1
216 412 1
402 449 1
155 403 1
146 302 1
374 281 1
484 79 1
293 444 1
60 116 1
488 406 1
343 384 1
288 492 1
314 432 1
47 455 1
298 461 1
80 353 1
125 390 1
448 448 1
150 360 1
165 207 1
66 178 1
334 42 1
154 201 1
326 89 1
459 283 1
8 53 1
51 138 1
328 454 1
408 315 1
67 278 1
305 300 1
428 462 1
217 496 1
279 477 1
449 244 1
416 379 1
172 456 1
496 170 1
129 235 1
456 80 1
459 100 1
466 97 1
447 107 1
470 77 1
460 98 1
432 88 1
454 68 1
438 96 1
456 73 1
440 75 1
447 80 1
437 77 1
459 74 1
449 79 1
340 381 1
343 371 1
375 385 1
374 335 1
341 329 1
354 351 1
378 393 1
349 378 1
370 353 1
390 336 1
363 380 1
141 209 1
65 223 1
108 211 1
137 251 1
73 247 1
139 268 1
84 265 1
134 264 1
80 242 1
149 229 1
130 226 1
88 250 1
64 253 1
85 177 1
446 217 1
416 194 1
434 219 1
404 175 1
433 182 1
