Seed 123 - Instance: n90m20_1
n 90
m 20
Q 9999
L 3
U 23

0 294 335 370 53 417 118 190 408 260 406 455 68 70 403 274 430 231 435 387 398 255 90 238 346 299 328 366 363 386 380 168 480 64 266 60 50 214 585 171 520 308 252 551 362 342 218 339 436 125 365 529 500 505 411 474 313 418 336 207 337 252 145 456 542 194 149 131 160 131 125 169 162 179 212 131 174 146 133 101 77 94 82 123 73 112 103 84 105 94 85 99 389 356 389 395 398 403 369 354 373 357 395 398 390 402 401 331 354 342 
281 0 336 480 290 393 211 290 133 257 176 320 288 257 497 159 253 392 194 467 299 371 265 163 169 114 252 104 420 287 100 240 362 248 289 330 309 114 410 269 298 48 343 404 93 79 261 82 501 355 144 321 257 385 152 418 229 364 348 339 331 317 341 270 419 390 368 346 377 352 348 373 358 372 413 349 364 390 371 302 326 317 336 338 310 303 301 301 337 293 298 336 446 417 416 448 443 455 427 411 426 440 445 462 431 441 118 71 103 61 
331 339 0 172 365 111 360 168 395 113 289 178 271 364 174 186 254 178 319 150 136 132 254 200 217 258 129 343 92 125 378 185 205 281 79 382 307 253 315 188 318 376 96 289 422 402 126 342 177 276 295 312 334 208 450 138 137 116 40 152 13 85 246 258 248 231 268 246 244 268 283 237 247 240 254 269 232 285 288 256 285 256 296 268 283 256 249 288 292 255 287 281 113 89 87 108 110 114 117 105 101 123 103 129 117 117 404 336 331 349 
366 477 181 0 399 225 437 200 535 244 459 335 303 403 76 322 411 139 481 53 288 138 300 326 393 399 283 501 106 304 519 270 361 342 209 399 316 368 471 246 485 503 152 434 567 551 228 475 100 253 466 477 516 364 599 251 298 259 160 178 172 178 234 430 391 184 237 249 215 245 259 209 224 194 194 269 206 247 250 285 310 273 305 256 290 279 276 298 284 270 301 282 110 117 123 103 94 108 82 93 94 67 105 89 93 113 555 499 476 492 
60 294 377 402 0 462 101 226 412 294 430 474 119 45 450 298 455 281 444 440 429 304 131 259 365 314 360 383 398 423 390 206 515 90 300 44 100 229 606 215 528 327 299 587 368 346 252 362 474 171 387 558 505 537 422 509 339 453 360 245 369 292 184 498 568 230 189 181 203 174 167 205 189 221 250 153 213 177 163 146 116 145 108 164 129 145 147 123 132 135 116 128 431 409 416 441 433 434 411 389 406 407 445 434 420 438 398 339 373 359 
434 379 109 229 460 0 455 267 417 188 307 140 360 449 203 229 221 268 303 197 117 209 346 253 241 286 144 358 142 115 403 268 132 380 170 474 386 313 252 276 304 414 204 225 454 443 206 354 195 370 312 281 310 152 478 57 178 46 115 239 98 184 330 227 170 332 359 357 344 352 376 328 344 337 350 371 326 385 369 351 381 353 385 351 370 336 347 371 371 359 371 372 123 123 111 128 148 124 142 152 135 160 127 149 138 116 416 379 351 382 
109 219 367 427 106 455 0 238 312 270 343 436 149 63 466 252 402 319 379 458 400 316 142 210 307 251 329 307 407 390 306 201 483 109 289 129 146 177 565 218 467 225 311 547 296 241 238 270 496 212 321 491 452 503 335 497 306 444 360 263 363 286 238 433 532 291 246 236 258 226 226 256 243 280 295 228 266 249 245 174 174 195 186 213 178 190 180 163 189 187 164 202 445 401 433 452 447 449 418 416 426 421 457 459 444 444 304 259 294 266 
181 299 168 206 220 262 228 0 381 130 338 317 123 211 240 183 326 88 356 240 255 92 115 174 257 244 195 337 198 245 372 74 337 144 105 237 140 183 451 47 413 324 87 430 388 372 86 328 261 117 326 410 417 364 431 298 187 269 153 55 171 93 95 347 386 108 131 98 114 99 129 103 108 108 135 130 106 148 141 90 137 103 144 99 129 92 90 127 134 103 114 131 237 186 207 220 219 230 203 181 188 181 230 225 210 227 399 322 335 333 
400 121 392 535 413 414 312 377 0 319 138 310 382 356 540 233 211 478 138 541 325 441 375 232 176 153 293 72 470 291 40 332 343 353 351 451 417 213 369 366 228 112 406 360 73 105 322 80 559 447 106 257 195 368 79 447 273 365 411 419 382 384 450 244 399 482 486 440 486 466 460 468 476 476 514 450 460 501 478 402 439 416 445 450 422 413 414 413 435 416 404 434 495 471 465 483 492 487 495 483 484 500 486 511 491 483 35 84 74 67 
261 262 107 243 302 176 276 115 310 0 236 198 214 272 254 91 224 182 254 234 147 147 189 116 163 168 94 258 160 135 292 102 240 211 54 326 233 152 350 120 301 284 103 320 335 321 61 246 253 213 231 311 303 251 371 228 74 179 114 135 113 83 210 250 281 214 243 214 218 217 234 216 215 211 252 227 207 264 252 199 231 202 248 208 227 195 197 214 230 193 206 233 201 163 184 195 204 207 185 183 187 186 209 219 201 202 317 270 262 281 
398 164 289 450 412 310 342 343 123 243 0 197 369 386 463 167 97 408 29 448 204 361 357 187 78 107 192 75 379 189 121 287 228 361 274 450 412 202 247 315 141 188 344 256 187 201 261 99 444 426 41 169 108 250 203 329 169 264 316 347 298 305 418 124 274 443 450 411 431 418 426 421 428 424 468 430 438 457 435 362 413 404 428 401 394 384 386 397 422 387 387 415 403 377 366 389 404 396 385 390 386 405 386 405 391 390 149 129 87 123 
458 320 184 339 489 129 442 317 324 197 198 0 405 449 312 201 109 345 196 311 69 302 377 244 164 221 137 269 258 87 323 311 47 392 220 503 440 284 162 301 168 354 265 116 363 385 242 274 309 408 219 144 192 56 391 148 153 93 209 316 180 254 391 115 101 400 430 401 418 402 425 411 400 398 418 421 407 443 426 383 419 396 426 413 414 383 393 417 427 387 401 429 252 248 239 256 262 246 259 261 262 286 259 268 258 239 329 309 267 305 
77 278 285 309 106 361 155 116 379 197 365 391 0 101 344 224 396 170 392 333 334 197 29 209 301 277 281 354 304 331 366 108 435 53 206 126 36 196 538 114 485 305 202 504 362 339 165 336 360 78 359 492 461 439 409 414 254 355 275 150 280 190 96 418 485 140 122 95 129 100 95 111 113 144 169 98 114 120 102 41 42 52 55 78 43 45 40 46 71 40 24 61 344 292 312 339 337 330 300 286 293 296 329 325 315 345 394 318 341 326 
52 242 350 398 44 439 71 203 359 274 389 458 100 0 453 257 415 282 413 431 400 300 108 225 318 270 344 334 396 375 329 171 472 79 274 85 105 199 588 196 492 276 294 561 338 298 231 308 467 173 344 501 462 509 380 478 314 431 349 244 351 266 196 459 545 234 201 192 217 186 179 214 205 242 267 185 210 202 191 146 127 138 139 173 127 150 150 133 159 131 113 151 422 381 418 425 425 430 398 393 395 382 423 417 428 438 363 294 333 306 
419 488 176 60 443 192 474 238 542 253 457 319 355 457 0 346 396 177 466 33 275 165 335 347 384 413 279 498 96 284 528 296 331 378 215 459 362 385 431 269 468 530 180 402 572 556 253 496 21 308 462 459 496 331 616 216 291 244 146 221 166 208 275 398 355 248 290 305 278 288 312 272 271 245 256 316 259 310 305 327 360 319 347 303 343 322 327 341 341 319 352 333 71 95 100 67 73 72 78 81 86 68 75 61 60 81 556 509 490 505 
271 173 194 325 294 228 252 188 229 104 168 203 243 276 333 0 173 268 173 329 166 235 212 57 89 78 92 178 265 144 210 144 224 213 138 330 268 104 329 159 250 202 208 306 231 244 114 172 342 281 149 255 230 248 282 278 72 212 199 208 172 162 274 195 302 281 297 267 283 269 285 273 283 288 327 288 277 318 291 227 261 254 282 256 249 225 228 245 277 244 255 265 279 247 277 273 284 287 281 264 259 281 280 292 279 280 237 169 158 173 
430 248 242 420 471 221 397 327 219 214 105 121 402 429 393 180 0 397 99 384 146 351 362 215 113 157 155 164 330 117 225 301 131 392 259 495 425 232 184 320 86 262 311 159 269 287 263 192 401 433 136 92 93 155 294 247 142 183 274 352 236 282 426 35 182 431 442 418 438 431 433 431 430 432 459 450 423 471 444 397 436 416 435 413 420 386 401 420 424 408 416 430 328 329 321 341 351 341 348 346 334 362 327 354 344 328 229 209 175 221 
229 375 170 130 275 261 309 101 469 184 408 352 178 268 189 261 381 0 438 164 290 61 182 253 320 328 250 417 162 294 449 158 372 200 141 280 199 269 481 134 474 409 78 448 464 449 139 416 206 124 391 473 469 380 524 296 251 285 162 68 186 116 113 403 417 71 105 113 111 124 139 97 96 75 85 145 83 143 141 154 178 139 186 142 159 132 142 162 165 147 177 154 190 161 184 178 182 192 165 142 147 150 186 179 166 190 469 415 419 412 
424 204 302 474 450 307 367 350 136 257 28 209 403 400 459 180 84 437 0 457 211 386 381 208 106 144 195 90 378 189 139 324 230 385 290 485 421 233 231 328 105 193 367 239 194 226 285 119 459 446 65 149 79 239 200 325 200 270 339 374 300 320 429 124 263 467 461 444 470 452 459 457 446 448 497 460 444 480 477 405 441 411 444 435 416 412 396 423 433 416 416 436 399 388 380 408 409 399 409 394 405 414 394 429 410 396 148 151 104 155 
387 475 147 66 435 186 449 225 534 227 450 316 344 439 32 317 382 168 458 0 261 157 327 327 374 396 263 470 82 275 520 269 313 352 207 432 343 368 434 262 454 500 157 403 550 554 248 469 34 300 454 447 485 324 592 213 283 227 127 200 168 175 271 385 345 239 272 288 252 286 296 249 256 232 234 293 249 299 299 301 337 304 333 287 320 294 306 327 317 297 329 317 70 73 74 68 67 75 50 70 73 55 72 40 64 62 549 475 483 488 
405 313 131 296 435 99 407 255 317 140 194 71 338 400 276 162 137 281 215 261 0 249 314 189 140 193 84 253 201 38 311 256 99 333 168 455 381 244 203 240 206 326 214 176 362 357 200 273 265 356 217 191 227 106 378 126 98 58 164 250 119 183 346 141 148 332 366 344 346 348 359 343 358 352 361 376 337 400 381 336 373 352 383 343 362 319 323 347 363 340 345 357 208 208 190 202 221 206 224 217 206 245 214 232 207 200 336 284 263 289 
263 371 124 129 292 209 327 84 430 143 367 291 203 292 169 223 348 58 387 156 240 0 184 212 279 307 193 380 118 239 410 151 316 217 106 295 222 250 439 110 422 400 29 411 438 424 112 366 173 167 368 425 428 336 486 258 203 229 94 63 122 75 146 364 371 116 151 153 143 163 174 143 140 124 135 175 136 191 172 165 192 179 196 172 187 160 172 182 179 165 186 183 145 109 135 140 135 160 129 110 118 117 149 145 136 154 446 370 379 392 
89 259 264 303 117 356 150 113 370 195 348 383 29 106 339 220 376 188 380 332 325 194 0 169 272 238 259 339 286 315 348 81 402 37 179 136 57 163 520 83 442 297 178 498 355 328 151 310 365 87 333 458 435 424 394 389 241 349 243 141 255 173 103 403 472 149 140 103 132 116 100 133 134 135 179 113 134 139 114 52 83 70 92 97 54 63 54 61 88 57 57 83 318 283 312 318 317 337 307 281 297 281 330 335 307 337 360 297 311 304 
241 145 205 327 269 263 212 174 225 112 180 246 210 224 345 58 208 245 208 322 191 227 178 0 114 99 128 176 257 176 198 130 274 187 149 294 239 66 363 138 292 186 203 347 245 221 116 160 361 254 172 303 256 295 268 300 91 238 210 191 203 169 238 243 323 267 265 249 266 249 250 258 262 273 304 257 267 295 263 197 243 218 257 236 222 199 211 218 243 218 206 230 307 271 273 286 295 312 282 277 277 278 305 316 295 308 236 159 182 175 
343 158 215 374 356 253 312 252 177 154 89 166 301 336 385 77 110 327 118 367 150 297 279 115 0 60 118 117 305 140 169 231 194 286 203 400 338 134 268 233 181 185 272 250 214 212 192 135 386 349 86 194 161 220 242 281 91 202 240 281 218 232 343 138 257 360 362 345 371 348 357 358 347 366 396 360 361 388 363 298 333 317 358 337 325 298 305 324 357 315 327 350 319 290 297 329 334 332 317 303 304 339 323 340 332 324 190 143 124 153 
307 115 262 412 315 300 262 253 151 178 120 221 269 271 405 75 160 324 137 399 198 299 241 101 64 0 163 96 325 185 138 195 269 252 216 360 303 106 325 223 229 136 273 323 159 163 180 83 421 331 95 246 192 279 212 330 121 251 274 275 254 241 330 188 319 337 354 329 337 338 335 335 332 354 387 335 339 366 340 269 312 303 311 313 308 292 287 303 321 278 289 307 358 332 339 345 362 368 343 341 342 363 359 363 354 362 148 91 88 114 
336 245 121 289 365 145 328 193 274 86 193 131 271 338 277 105 149 253 193 273 73 206 251 131 111 159 0 231 201 65 267 196 162 269 122 389 313 180 272 194 239 290 184 233 311 314 126 228 281 291 201 223 237 177 351 185 46 117 134 213 117 153 276 167 226 293 319 287 311 297 301 297 299 301 332 310 297 328 328 266 313 284 325 304 305 271 276 300 302 277 293 312 218 200 196 216 211 217 224 203 207 223 218 227 225 212 295 234 231 259 
379 119 334 495 383 367 307 350 55 269 79 273 360 353 484 163 173 422 100 479 261 378 327 187 115 105 220 0 405 241 51 299 296 335 302 416 381 178 334 323 205 123 369 329 113 136 286 50 499 410 39 228 158 306 136 393 198 310 367 365 335 334 401 206 340 439 446 410 439 424 431 436 429 445 471 427 424 448 435 363 390 376 396 414 376 361 366 385 402 369 376 405 442 405 417 443 431 443 427 417 416 439 432 455 438 442 71 67 31 69 
368 410 96 101 393 133 409 190 469 176 364 256 301 389 94 247 324 161 393 87 194 105 295 272 291 318 197 401 0 214 438 235 269 319 134 411 326 309 389 200 390 439 106 342 477 478 169 403 99 260 377 391 411 277 517 163 217 168 56 170 85 131 248 339 289 209 253 254 237 253 266 238 252 221 227 270 239 291 289 267 298 279 319 271 288 271 268 300 299 282 293 293 56 15 31 51 36 61 28 26 25 38 42 49 50 53 470 420 408 415 
388 286 133 301 423 115 381 255 303 138 189 84 334 384 286 148 133 294 206 275 36 239 298 183 131 177 50 237 212 0 285 232 113 329 164 432 357 220 214 233 210 304 211 198 344 347 180 243 284 357 202 189 212 130 361 153 80 79 160 254 119 187 325 125 159 332 356 345 344 339 349 334 334 338 368 360 325 390 358 307 357 343 359 332 351 318 321 346 355 326 343 360 215 208 199 224 228 214 235 213 219 246 215 236 234 222 314 268 246 264 
367 110 375 523 387 409 306 364 42 294 138 305 356 343 541 201 224 453 136 506 295 409 335 198 164 128 276 51 456 291 0 314 347 338 336 420 398 184 372 343 234 87 397 366 69 97 302 59 526 431 89 270 186 369 88 439 251 354 384 403 380 366 433 235 390 453 458 428 446 443 436 451 450 457 493 434 453 460 444 365 409 393 405 413 399 382 377 382 408 378 377 406 476 441 465 465 486 468 480 455 464 474 484 485 480 468 27 45 46 36 
154 238 183 258 188 275 200 58 330 121 286 304 111 184 298 140 314 159 316 273 255 147 73 113 225 206 183 290 233 245 320 0 335 113 121 208 128 134 445 25 389 278 122 409 331 305 61 275 313 132 276 389 374 354 371 324 159 277 185 100 194 105 120 334 403 166 152 141 155 131 147 143 149 145 190 153 149 173 152 91 143 106 150 129 120 99 98 114 127 95 104 132 270 227 258 269 261 279 249 224 242 240 271 260 259 271 335 281 282 283 
487 353 201 346 512 140 477 349 354 230 231 50 432 490 331 223 136 359 228 306 87 324 404 273 197 271 155 294 254 114 350 340 0 428 237 536 459 311 127 329 179 380 292 89 387 407 270 307 323 453 246 147 214 25 417 147 171 94 234 346 190 273 428 114 71 427 450 433 436 441 447 432 428 423 459 448 435 476 470 407 456 422 473 436 440 404 419 434 457 425 431 447 252 262 250 267 269 263 272 268 270 293 256 278 258 253 350 320 307 342 
53 254 280 336 93 374 125 146 361 219 358 403 34 84 385 218 381 217 381 361 343 221 50 178 297 254 273 331 318 329 332 101 438 0 217 109 74 170 530 126 471 290 206 503 343 303 160 300 391 106 337 470 431 441 379 427 256 370 288 165 285 216 125 407 486 182 147 132 156 138 119 153 154 164 197 128 152 157 128 79 74 86 88 108 70 90 81 73 95 69 54 83 364 328 337 345 345 351 327 310 327 330 359 353 354 371 353 302 314 296 
264 289 78 211 309 180 291 102 360 53 268 213 210 281 216 142 257 154 304 209 162 98 196 141 194 201 123 299 138 150 326 112 246 216 0 326 238 185 358 110 330 323 72 330 373 346 46 286 217 197 282 342 341 254 401 210 117 169 84 107 91 43 181 262 297 189 215 195 194 197 211 184 203 188 229 220 194 247 218 180 222 206 229 201 205 189 191 202 230 198 198 221 165 133 160 177 182 181 161 139 146 166 172 188 157 169 360 306 282 297 
67 322 389 393 41 483 138 225 449 325 446 496 128 88 449 339 497 279 475 436 456 306 134 296 392 360 390 433 412 433 410 216 533 128 318 0 86 256 643 218 578 347 305 624 409 377 276 390 471 158 431 582 543 556 453 518 368 469 381 252 395 313 191 521 592 231 181 167 190 161 157 193 184 216 223 148 192 170 147 152 119 141 113 155 130 145 145 121 120 142 125 122 452 405 422 431 441 455 423 412 408 400 454 433 432 451 432 386 409 391 
60 309 299 319 104 387 153 153 416 237 414 429 40 109 360 276 437 187 433 352 370 223 65 238 335 299 322 381 309 361 399 130 450 63 230 100 0 221 569 136 501 332 218 536 403 354 184 364 384 65 372 513 488 471 437 437 288 399 299 161 296 213 109 447 527 136 104 90 118 101 81 107 121 131 160 76 123 110 94 52 26 65 26 63 35 68 66 30 50 60 43 48 352 319 339 344 342 353 332 306 320 313 357 361 351 358 421 353 372 361 
215 112 254 372 236 322 174 194 210 162 191 274 184 203 391 93 245 283 228 385 247 265 172 67 140 106 184 165 312 221 178 139 307 173 193 262 219 0 399 170 323 156 231 385 201 189 138 140 392 247 166 318 287 349 254 352 159 290 270 217 250 205 258 273 387 273 274 243 284 265 263 261 276 282 323 259 269 294 277 199 231 224 230 241 228 197 210 208 237 209 203 239 352 313 332 349 338 355 323 325 325 330 352 364 347 343 216 152 153 150 
593 407 330 464 614 259 564 449 371 352 260 142 534 585 447 330 181 493 249 437 204 431 513 349 269 328 256 335 382 219 371 444 123 526 366 642 577 406 0 439 135 421 405 38 422 436 387 348 432 555 298 116 184 117 428 235 291 224 350 448 315 380 536 150 105 530 576 548 545 563 569 554 560 533 573 567 536 599 588 520 577 543 579 555 556 527 531 562 572 525 552 561 374 380 369 372 385 380 387 403 395 412 366 388 390 376 388 377 335 377 
168 256 186 232 207 278 216 31 355 102 312 301 98 183 265 164 322 136 327 254 245 115 98 139 245 216 186 310 200 237 327 44 327 117 112 214 140 150 450 0 407 304 114 418 356 339 72 294 294 115 291 407 380 344 390 300 187 264 181 83 181 89 109 343 390 127 133 123 138 121 140 135 128 140 170 142 129 155 152 96 129 115 132 119 122 91 84 113 138 99 118 130 259 202 238 239 236 255 229 206 208 210 242 245 245 253 351 300 302 309 
520 303 323 485 531 299 470 417 229 317 128 171 466 500 467 243 101 468 111 464 202 429 449 290 178 229 238 201 393 196 237 379 180 454 331 561 510 313 134 396 0 314 405 149 292 315 351 231 467 506 176 41 50 182 290 293 238 252 360 427 314 364 493 82 191 503 520 513 528 517 524 516 512 523 551 522 519 556 535 472 518 492 516 510 509 483 479 492 517 474 489 509 401 389 395 397 417 412 424 422 409 424 398 432 415 413 246 256 218 243 
312 49 374 510 323 417 221 331 105 283 189 341 303 276 528 191 274 411 192 510 324 404 283 189 185 131 278 118 446 319 79 283 390 272 328 353 335 155 421 307 306 0 374 422 67 33 285 83 543 376 139 340 270 411 108 455 263 380 401 373 373 332 374 293 432 411 417 373 417 386 383 408 407 425 440 393 410 411 393 326 348 349 360 369 352 327 343 332 375 340 325 370 482 442 464 478 485 474 457 450 451 463 483 479 483 470 101 54 106 68 
261 340 101 140 292 198 316 86 406 111 337 265 186 281 184 204 319 86 356 155 217 34 178 193 257 278 166 356 118 210 390 124 289 218 72 311 220 237 417 116 399 383 0 382 416 411 97 351 181 185 327 399 408 302 456 230 189 212 82 57 114 46 144 332 344 128 163 173 155 164 175 158 163 147 166 194 146 195 194 161 207 180 208 164 196 170 175 192 200 176 196 202 151 121 131 139 150 150 115 115 108 114 151 147 131 149 415 347 361 365 
557 404 296 436 598 228 550 422 376 324 259 123 519 563 404 309 169 456 242 407 188 398 497 348 264 324 236 319 337 189 362 416 99 503 340 612 550 390 43 412 161 426 390 0 423 441 363 345 389 529 287 118 194 85 441 205 267 181 323 436 297 363 506 132 59 516 528 530 526 518 534 522 517 520 539 536 520 564 560 505 537 507 556 530 521 495 501 521 536 496 511 528 339 337 329 334 359 338 372 366 351 375 329 354 348 342 376 370 326 363 
368 92 412 562 379 443 293 389 62 337 179 366 372 341 564 242 269 476 197 562 355 450 355 240 214 169 306 109 479 333 60 338 383 336 359 418 387 210 429 359 290 75 418 420 0 59 346 83 577 445 155 328 246 413 53 480 285 410 427 425 403 381 431 294 442 476 469 432 477 440 438 465 449 471 505 440 456 473 454 394 403 401 424 419 408 397 392 405 425 387 395 412 510 491 487 507 526 510 508 489 491 521 517 533 509 519 52 87 109 71 
337 79 412 555 346 455 250 358 103 330 202 366 330 292 556 237 289 459 207 542 366 421 316 213 215 161 305 125 485 339 91 318 398 306 355 367 362 178 444 342 318 43 415 450 50 0 331 102 575 413 158 338 274 424 85 490 284 421 422 404 396 382 408 316 460 450 437 406 436 425 415 424 428 441 487 425 439 446 425 357 386 379 384 389 372 363 364 364 401 359 350 397 514 473 500 507 513 518 492 486 488 506 500 524 510 507 80 93 119 91 
217 243 133 234 260 209 245 89 336 49 277 248 156 230 248 114 269 148 298 248 190 128 149 117 196 194 137 273 168 170 310 62 272 178 57 281 193 146 383 66 349 283 93 355 331 322 0 265 275 184 261 356 331 296 368 264 119 205 129 95 126 65 175 292 338 176 192 172 180 178 189 170 180 175 211 187 182 207 193 140 187 166 199 165 170 157 156 180 196 157 170 185 216 170 206 210 208 217 204 182 183 205 221 211 209 221 331 267 271 273 
339 74 326 474 362 360 275 333 66 247 112 274 320 321 488 161 190 403 127 473 277 383 305 163 136 87 239 41 417 256 47 266 303 303 283 388 361 159 354 305 226 73 347 346 101 103 260 0 485 391 70 264 189 326 118 404 205 332 346 358 321 308 391 219 373 417 407 392 424 398 390 397 405 407 442 408 418 437 410 336 368 366 370 378 350 341 355 365 378 339 337 376 431 415 407 432 434 429 425 428 426 430 437 449 432 427 78 19 36 42 
438 501 171 95 477 188 488 257 559 257 449 306 377 466 34 352 391 204 475 43 272 183 365 365 388 410 278 502 109 272 537 304 320 400 226 478 388 395 417 284 464 526 190 398 577 560 269 493 0 339 457 441 489 315 620 189 304 229 159 238 174 204 295 392 347 271 304 312 297 306 333 283 288 275 266 341 289 340 335 340 360 330 365 334 364 327 326 363 343 341 373 346 62 92 98 73 61 80 79 82 88 87 64 52 75 68 570 503 496 508 
116 344 262 252 160 363 208 121 454 213 413 411 79 177 305 269 425 127 441 302 354 164 92 247 345 316 300 412 272 351 434 129 452 125 205 160 80 251 561 123 513 372 175 529 443 412 174 391 335 0 403 509 504 466 473 404 288 363 248 128 273 191 37 454 505 74 45 25 63 31 16 49 49 78 99 26 60 50 31 55 49 33 60 14 61 55 60 46 24 47 74 39 304 277 306 310 297 304 287 267 268 252 309 309 294 322 448 392 391 396 
372 130 307 473 394 326 312 327 104 244 52 231 340 359 467 139 131 397 61 458 229 356 333 172 80 86 197 57 374 196 90 272 258 327 275 424 378 175 286 295 164 153 346 294 155 163 261 78 466 404 0 206 140 284 160 348 183 276 318 354 309 308 402 153 300 418 436 391 417 418 404 420 409 413 448 415 412 450 433 352 387 379 399 383 382 352 360 378 391 366 365 384 402 379 383 402 414 397 409 383 393 405 400 426 404 397 109 89 51 87 
528 313 315 490 559 270 487 412 257 299 168 160 491 503 461 261 91 472 146 451 199 422 465 303 188 252 239 225 390 191 280 397 143 469 328 576 525 319 108 407 31 331 391 126 313 340 342 267 451 515 203 0 91 162 326 282 226 231 345 426 305 355 498 66 156 512 527 514 530 526 527 506 515 514 546 524 511 558 532 480 512 498 533 517 499 471 482 509 515 480 504 518 382 377 382 384 409 394 403 409 387 413 384 420 391 385 284 268 242 274 
489 268 331 498 502 308 445 420 198 305 102 193 458 474 490 242 106 465 71 485 222 428 442 264 173 209 236 168 403 210 196 378 210 436 347 540 487 277 183 391 49 271 408 204 256 268 339 198 486 499 144 82 0 216 244 327 235 279 359 427 329 373 494 103 236 510 514 503 513 495 501 497 508 515 534 517 506 550 532 457 496 473 506 497 494 458 472 486 497 463 461 490 426 420 420 430 427 423 431 431 429 449 422 443 437 421 207 204 172 215 
511 380 212 373 526 144 507 354 375 251 241 55 452 501 336 252 153 385 231 324 120 333 420 298 231 293 173 321 269 125 358 364 24 441 267 557 478 332 125 348 179 399 313 83 421 435 293 337 312 462 272 167 228 0 438 141 200 107 236 357 204 281 437 144 52 442 465 441 451 458 469 448 459 448 459 475 446 498 475 438 466 452 480 453 454 426 434 465 471 433 454 460 259 259 263 268 267 253 274 283 275 295 257 291 268 254 383 354 313 356 
407 139 454 595 411 477 320 423 80 366 204 390 411 379 602 276 280 507 199 599 389 479 392 279 247 201 350 126 531 371 79 380 417 388 414 448 435 242 437 407 303 123 453 423 57 84 370 120 619 486 175 334 248 441 0 511 316 434 461 460 454 432 485 304 467 526 520 490 517 490 479 503 510 525 541 485 516 524 505 423 449 453 464 462 454 442 444 433 468 443 434 459 542 516 529 550 558 548 540 534 530 543 544 563 557 555 55 113 139 108 
470 416 152 256 502 49 496 309 441 227 314 149 399 478 204 266 249 302 328 197 128 244 396 297 273 321 193 384 155 143 433 314 144 422 222 514 435 358 246 315 302 448 235 214 480 473 254 402 186 400 338 277 320 131 501 0 211 81 149 288 139 227 388 241 161 356 393 379 381 391 403 380 386 368 376 402 364 421 406 384 424 394 444 392 405 379 393 411 408 388 402 406 158 152 146 156 166 140 164 170 175 198 154 165 168 152 450 414 383 419 
308 227 129 291 343 169 310 187 260 91 168 139 265 308 294 67 151 260 195 278 93 209 236 103 98 133 45 206 220 89 246 176 191 267 107 377 296 147 285 183 246 245 186 250 287 283 114 214 308 282 183 229 231 209 325 214 0 156 152 207 138 135 270 177 245 285 298 274 296 294 295 292 291 288 314 309 294 321 321 245 298 266 298 292 285 259 255 277 301 257 276 288 236 219 230 226 235 238 227 216 233 252 237 250 239 247 277 223 196 232 
423 354 116 256 451 60 425 269 367 165 252 91 354 426 232 211 177 285 253 218 60 240 348 229 204 263 118 317 160 76 356 281 107 372 171 470 388 294 224 273 242 378 201 193 397 405 202 319 224 362 272 239 278 114 433 74 155 0 145 255 111 198 337 182 142 348 373 362 368 354 369 358 348 339 367 375 342 403 387 339 387 362 403 366 368 354 347 378 373 344 377 382 171 157 164 160 179 173 194 192 185 206 167 183 183 163 379 339 310 352 
323 348 40 161 360 115 373 152 411 119 328 221 269 354 156 201 287 154 341 140 158 110 243 206 248 281 150 364 72 169 403 191 226 276 91 384 300 265 347 179 349 387 77 324 425 417 140 354 158 257 319 349 370 240 476 149 159 150 0 148 47 81 230 282 270 204 244 249 236 241 259 229 242 209 227 256 222 266 259 250 272 255 297 256 275 230 243 267 279 244 269 259 91 63 75 89 89 99 92 80 80 98 99 114 102 90 419 353 358 365 
214 325 162 163 250 258 270 46 419 131 366 308 154 249 211 204 356 73 381 200 266 61 134 194 285 270 201 369 153 245 396 92 342 171 97 257 160 224 453 77 420 355 54 431 424 398 93 357 232 119 349 430 423 352 467 282 204 253 143 0 168 79 105 357 392 101 123 111 111 121 136 99 112 104 115 124 92 143 140 115 149 126 158 131 135 125 114 145 139 112 150 145 195 167 180 196 185 196 160 152 169 158 193 191 190 210 415 346 361 372 
335 349 13 178 385 94 378 176 394 102 282 187 283 361 167 182 241 183 305 161 127 133 263 205 219 251 112 342 84 133 376 197 192 282 82 383 299 252 309 189 326 366 114 278 411 411 125 337 167 264 299 321 326 212 449 133 124 111 36 160 0 91 244 250 251 235 269 259 262 270 272 248 244 251 254 275 250 304 293 255 294 273 306 277 283 253 256 288 292 253 273 288 116 86 103 118 119 108 112 111 102 113 105 117 113 111 403 346 325 342 
247 305 96 176 288 187 297 84 379 80 304 244 182 270 203 164 274 124 319 191 189 67 183 167 235 244 134 319 123 172 354 107 278 210 40 294 221 200 396 90 368 332 52 357 392 372 71 324 201 187 304 367 378 287 423 217 151 200 76 87 100 0 173 293 326 162 179 167 169 178 199 161 176 166 189 203 164 214 204 161 200 190 223 175 191 161 173 198 193 182 198 193 156 123 144 161 164 160 139 127 125 140 171 177 161 163 383 327 322 338 
148 360 253 231 178 347 239 95 456 215 419 403 98 196 275 261 409 103 440 269 339 134 109 251 329 315 285 404 241 325 422 136 427 130 182 183 90 249 540 117 507 376 148 521 436 413 173 398 294 42 407 513 495 448 486 379 277 346 232 99 238 164 0 436 471 55 34 20 26 26 36 24 26 43 79 53 40 55 48 63 75 52 75 50 85 57 70 79 53 69 94 53 276 254 266 278 264 285 250 234 248 244 284 274 262 297 460 381 408 395 
452 272 261 419 496 235 423 344 240 236 134 95 412 440 412 190 35 401 115 388 140 362 388 226 130 186 173 193 324 124 249 335 110 399 276 507 457 271 137 328 82 294 327 146 287 324 276 223 399 454 163 83 106 142 304 234 164 172 287 366 255 302 430 0 168 436 467 448 462 444 456 439 457 442 479 457 441 490 477 418 452 440 463 440 434 423 426 441 450 426 426 447 333 324 333 330 338 349 341 354 343 366 331 366 342 333 267 244 206 246 
545 415 248 393 578 166 529 390 381 288 277 109 496 546 351 297 191 421 266 346 164 371 463 332 256 316 216 335 301 164 395 390 71 495 294 592 512 377 94 384 200 424 349 58 435 458 338 370 332 497 304 160 239 58 457 149 232 138 283 396 255 332 478 153 0 475 500 484 495 487 516 488 496 472 504 520 476 522 511 470 514 480 525 491 497 468 477 501 502 477 504 507 297 294 274 295 306 283 304 313 303 322 294 303 291 295 403 391 342 379 
204 380 233 183 227 329 291 117 473 217 442 396 141 233 237 295 425 64 452 240 342 119 153 262 356 338 285 429 224 325 464 146 425 173 189 231 146 277 538 131 519 414 140 502 475 450 184 415 265 79 416 504 500 444 517 366 295 336 206 103 234 156 63 446 464 0 45 71 36 69 72 37 47 29 50 93 38 84 89 109 120 97 122 87 130 107 100 131 98 111 139 118 253 217 251 252 238 262 219 218 212 206 247 253 240 263 484 409 422 429 
149 383 276 229 197 360 263 131 489 226 448 430 123 218 286 286 445 118 464 269 361 152 135 265 371 347 304 450 257 358 462 166 451 159 220 180 120 277 575 132 522 409 163 531 471 437 198 419 300 38 426 539 515 476 517 399 297 363 241 115 270 178 32 472 512 44 0 41 26 30 40 28 17 43 62 40 39 40 43 90 91 72 92 61 94 92 94 100 66 92 104 79 298 267 285 289 280 298 260 240 268 245 284 292 271 292 479 413 431 429 
143 353 258 251 170 354 233 99 442 207 427 411 98 182 298 266 433 114 433 283 359 150 105 245 347 328 285 419 264 337 427 131 436 131 191 177 81 246 546 118 516 388 158 522 446 406 172 380 305 18 400 519 495 441 475 399 277 354 247 120 260 171 32 440 482 66 41 0 49 8 34 35 43 52 79 39 40 58 48 76 77 53 76 32 57 62 57 68 39 49 82 58 303 256 284 286 277 305 258 258 249 258 302 287 277 291 455 393 405 403 
177 380 248 221 206 351 254 109 483 221 443 406 115 215 270 279 447 95 453 271 348 148 132 262 353 355 303 446 249 348 455 159 429 160 206 197 128 277 547 127 516 420 158 527 475 432 175 420 304 54 429 515 505 455 519 379 298 366 234 104 253 183 45 449 487 44 16 42 0 45 41 9 22 34 53 56 14 49 57 91 99 88 90 67 92 89 96 90 80 93 116 75 290 255 265 271 277 278 242 237 245 225 289 277 262 284 480 410 427 423 
137 354 261 237 173 345 224 105 457 213 420 404 92 198 288 273 429 121 441 273 347 154 117 251 344 342 304 428 264 355 428 134 448 125 203 171 103 266 562 130 517 383 171 519 455 429 173 407 309 30 415 522 502 448 492 403 293 368 250 117 257 189 27 441 495 72 27 24 27 0 29 35 29 47 88 29 46 52 26 66 65 62 64 37 62 69 54 76 42 64 75 60 299 256 276 287 286 306 260 256 253 256 303 296 285 309 455 397 417 411 
131 353 282 262 157 362 222 125 449 222 431 430 82 185 302 276 447 132 450 294 360 166 98 255 347 334 318 422 266 351 442 150 450 129 216 159 83 258 562 121 530 385 176 547 435 407 186 405 323 27 418 533 502 460 479 417 304 381 259 124 269 190 43 457 504 90 52 19 49 27 0 42 42 63 94 9 66 51 21 67 64 37 64 33 53 68 54 56 32 58 62 43 310 274 309 309 298 314 287 259 282 268 317 306 301 311 458 391 407 397 
176 376 240 223 214 341 260 94 475 225 420 399 118 210 267 274 432 88 458 267 350 140 130 263 357 332 284 429 231 338 449 153 422 162 185 201 126 259 536 122 518 396 152 508 461 442 167 402 280 47 404 511 495 455 510 374 288 348 218 103 250 177 21 446 493 31 21 44 15 41 42 0 22 28 51 50 18 63 54 94 104 75 107 47 103 82 74 92 77 94 100 81 271 235 258 266 260 269 237 227 246 233 265 258 262 290 465 401 423 415 
161 371 241 224 199 335 246 117 458 209 423 416 112 213 274 290 421 111 463 265 350 140 125 267 348 348 303 425 240 335 451 154 442 149 196 189 106 259 550 133 525 408 164 516 457 433 180 398 296 39 413 508 510 445 512 392 281 361 226 110 259 169 21 458 483 48 27 33 10 21 46 6 0 38 65 55 26 48 51 91 100 76 100 51 83 80 88 96 70 87 90 78 283 237 268 276 281 290 243 227 240 231 279 270 273 294 471 406 416 424 
187 386 236 199 234 320 274 105 488 207 441 404 144 224 259 291 427 69 446 246 349 124 141 264 357 346 300 434 224 337 454 155 431 169 182 220 137 285 548 132 512 409 149 518 461 456 187 405 263 78 427 511 510 444 525 359 292 349 207 96 232 168 43 443 487 29 36 55 42 56 74 37 31 0 50 79 17 67 75 117 126 87 109 81 111 103 100 112 95 112 115 93 266 235 250 258 257 266 237 222 227 205 266 258 238 263 471 418 432 431 
213 423 267 188 240 339 306 136 510 239 476 416 156 257 257 325 456 103 482 245 361 146 180 294 389 389 315 465 238 366 496 185 439 205 220 241 159 321 577 175 538 444 173 543 514 477 201 459 268 96 448 546 549 467 556 390 322 363 239 131 255 183 84 475 509 52 63 77 48 80 95 55 53 50 0 90 58 82 92 149 139 133 146 114 147 128 123 133 129 133 158 121 265 244 259 255 265 269 235 233 226 209 258 251 262 266 523 444 455 466 
121 352 280 254 165 382 220 126 453 241 428 426 82 172 324 283 448 137 456 298 369 178 102 253 361 329 307 424 269 360 446 147 463 122 216 144 76 255 576 145 525 395 195 540 448 420 197 403 326 28 420 533 509 477 490 410 303 389 257 127 286 192 43 472 514 83 37 43 61 31 9 62 54 70 98 0 72 33 15 80 56 45 59 32 65 61 63 53 31 66 66 30 323 287 307 314 300 315 285 269 273 271 323 320 312 321 465 399 406 407 
167 378 240 202 219 327 260 102 480 216 436 406 129 213 268 286 437 80 453 246 344 126 142 266 350 332 301 419 231 328 448 151 435 148 201 207 127 268 536 133 504 402 147 524 462 440 179 407 275 59 414 510 494 440 504 374 277 348 232 90 242 173 30 446 489 40 29 45 25 51 64 25 29 21 48 60 0 58 68 93 112 78 108 54 103 83 96 95 94 89 112 94 269 236 256 263 257 262 242 234 240 225 263 256 254 283 471 408 411 423 
143 397 288 262 189 376 252 155 499 254 454 449 121 201 319 317 468 134 480 305 381 184 142 286 380 371 340 463 283 392 459 178 472 162 244 163 108 290 591 163 551 412 202 572 489 445 216 435 337 55 453 553 543 502 521 433 324 405 269 147 307 216 58 491 531 76 41 54 54 42 41 53 58 64 65 38 71 0 39 111 81 84 84 64 81 95 101 90 70 99 112 68 320 290 306 323 303 331 282 268 286 273 329 312 316 327 487 425 443 429 
132 373 294 253 176 377 238 136 476 251 451 426 110 182 307 306 443 136 474 292 373 174 123 276 376 341 326 428 277 370 451 164 469 132 226 163 96 273 572 138 540 409 185 551 463 422 200 416 339 26 426 538 522 488 510 425 310 387 275 134 284 204 54 475 514 74 26 33 55 39 27 52 50 78 76 33 61 24 0 79 71 63 65 37 61 74 72 84 40 83 94 54 327 282 311 304 310 316 276 281 291 269 309 302 300 327 463 408 421 413 
102 304 259 284 135 353 169 84 400 199 371 384 47 143 327 225 398 148 393 312 328 165 37 209 307 284 262 352 267 322 381 88 404 73 191 151 55 203 531 79 477 316 166 507 383 361 150 346 333 67 358 466 464 430 429 382 258 351 241 125 247 163 69 402 469 112 105 72 99 83 62 100 87 115 132 64 107 104 76 0 59 38 63 62 33 26 9 29 50 15 43 43 318 275 304 310 298 303 289 258 269 275 298 305 297 307 405 324 360 337 
84 324 283 290 126 388 178 127 432 244 401 425 61 134 346 267 437 179 438 332 377 211 75 247 332 323 306 395 309 368 405 127 449 85 225 122 36 221 573 135 518 352 200 539 410 377 194 364 367 63 395 514 494 473 459 419 290 387 288 156 295 215 80 464 507 126 81 75 100 65 63 88 89 126 139 50 100 92 69 61 0 39 23 59 17 53 49 26 27 56 35 38 336 304 326 339 347 340 312 299 317 301 342 339 335 354 427 367 374 375 
95 322 266 278 140 360 193 112 430 218 399 398 43 139 320 253 410 155 425 299 348 171 74 227 317 293 281 396 276 336 390 103 430 84 197 150 66 231 535 113 490 356 172 519 402 382 166 355 347 36 373 504 483 440 447 389 265 364 241 129 276 182 46 442 481 104 85 46 70 44 36 69 70 100 120 47 87 91 71 24 41 0 39 25 36 25 24 36 25 15 41 35 310 283 308 310 305 322 279 270 269 262 313 309 306 324 412 357 365 371 
87 320 308 311 113 390 182 134 443 240 430 434 66 135 355 284 445 174 442 343 387 203 78 252 357 314 312 409 317 368 414 141 455 89 229 113 45 238 575 147 514 362 221 555 414 386 201 374 380 53 392 532 495 475 461 428 304 400 283 158 305 221 72 464 533 118 82 67 88 78 53 97 94 114 143 57 113 82 57 53 13 45 0 42 25 68 60 24 30 63 34 24 352 318 335 351 334 342 315 305 314 297 341 335 342 362 435 379 398 389 
119 341 263 267 153 359 204 99 438 208 411 411 81 167 316 261 427 130 440 293 362 156 97 232 333 317 294 411 261 344 421 130 434 98 198 151 74 238 551 119 507 362 184 524 431 402 177 371 320 28 393 509 490 461 469 396 281 363 257 119 270 185 32 436 486 79 55 33 52 27 22 47 48 73 105 25 65 52 35 62 55 20 59 0 43 47 51 58 22 47 54 40 319 278 298 312 305 310 285 270 283 257 307 307 288 324 441 368 391 378 
80 315 292 288 121 366 177 118 416 219 402 408 45 137 346 252 408 170 426 333 362 182 67 229 328 305 295 382 298 352 386 132 437 84 218 113 25 215 554 128 501 335 192 527 409 379 186 364 352 56 380 510 492 469 451 418 292 375 275 134 285 190 74 445 495 130 91 61 101 69 62 93 83 106 140 53 109 98 61 37 30 39 30 36 0 44 36 7 29 24 22 26 340 300 325 333 332 331 309 287 296 289 333 330 322 338 422 363 366 359 
98 300 259 261 152 349 192 95 406 199 388 388 48 141 306 227 387 143 402 303 330 158 61 207 305 279 272 364 261 324 379 90 408 74 179 155 61 214 522 90 466 337 155 496 398 360 157 346 340 51 351 486 465 435 446 379 256 337 236 123 245 177 70 412 469 107 81 66 83 73 61 74 82 92 132 66 92 91 76 21 61 20 69 55 41 0 16 41 46 18 33 39 299 271 296 292 294 303 275 259 261 262 301 294 287 308 412 349 362 343 
100 305 262 277 154 348 186 91 413 203 385 388 56 139 307 235 401 148 406 298 338 174 47 211 311 278 281 378 268 323 374 108 418 70 188 143 52 199 525 86 478 339 163 499 385 374 148 348 343 53 353 477 465 441 430 394 267 337 238 108 264 174 53 427 482 108 92 50 95 61 64 79 71 100 126 69 91 103 78 11 59 29 65 34 28 15 0 45 40 7 28 34 308 262 290 304 293 311 287 263 281 264 298 294 286 322 413 340 362 360 
73 316 289 299 125 368 170 111 417 212 401 412 36 117 335 261 420 163 413 319 360 194 68 230 329 306 286 373 298 340 388 120 444 60 215 110 36 211 545 111 507 347 203 525 394 364 183 358 351 57 374 494 486 458 437 417 289 380 273 149 293 192 85 439 493 130 99 71 106 65 61 105 98 124 153 61 98 96 74 38 17 39 27 56 20 44 29 0 43 24 30 31 336 300 328 333 318 340 311 293 304 287 329 324 322 344 416 352 365 363 
109 326 279 274 135 379 205 121 433 239 428 428 56 153 339 277 423 155 452 319 374 196 93 247 356 315 299 396 301 363 419 133 461 97 221 133 57 233 565 138 514 358 194 547 425 400 196 376 342 32 398 521 500 468 475 425 294 375 265 139 289 205 58 464 510 106 66 53 83 55 29 75 77 104 110 43 86 66 55 57 22 23 23 33 37 52 56 31 0 38 49 19 335 300 312 320 317 331 308 278 296 285 334 329 324 326 444 371 404 394 
102 309 248 276 132 350 173 89 407 200 379 386 47 138 327 241 391 158 409 314 327 161 59 204 320 289 267 373 278 334 384 93 421 73 199 146 58 198 536 99 471 325 176 496 403 365 149 338 346 57 372 478 459 448 445 391 255 362 252 125 251 183 71 418 482 109 87 61 82 72 58 82 92 95 125 56 101 101 78 21 51 14 54 43 28 7 12 36 36 0 24 40 320 267 302 311 312 319 277 269 275 261 305 302 292 322 416 344 370 361 
75 304 275 298 114 367 167 125 406 223 394 414 19 110 335 236 412 173 420 327 350 186 50 222 324 297 292 376 292 342 373 105 433 66 207 124 33 195 537 105 492 332 185 517 390 361 166 350 358 73 374 485 477 461 424 408 263 366 271 144 276 201 89 433 498 138 103 69 103 80 65 104 102 120 148 63 116 103 78 28 26 39 43 61 28 38 46 29 38 40 0 34 333 299 312 339 319 331 309 298 294 299 325 332 326 337 395 343 351 342 
104 328 279 292 135 380 184 113 426 233 406 422 63 150 343 267 434 167 448 318 374 178 84 243 348 323 295 403 280 354 418 138 456 95 220 121 57 232 558 118 517 364 193 536 425 381 176 369 348 31 387 519 491 463 469 408 293 385 273 131 281 189 59 447 505 103 80 50 72 51 39 70 72 91 129 42 95 78 52 53 32 28 34 42 18 42 54 40 23 34 33 0 323 292 326 325 330 336 304 292 286 283 319 324 319 341 442 370 383 374 
406 450 108 117 438 138 444 226 491 193 392 261 336 439 71 295 347 197 397 65 202 157 322 293 324 361 218 440 52 218 486 263 262 351 183 445 350 343 376 243 419 483 146 347 521 519 215 428 68 301 395 402 430 257 555 144 249 177 100 200 109 162 281 344 292 248 286 295 278 301 316 271 291 254 268 315 275 322 314 307 350 308 352 305 330 302 313 331 326 314 342 323 0 53 27 14 25 13 52 52 39 53 9 34 31 17 507 453 432 456 
359 415 93 102 408 142 402 182 471 173 370 256 288 394 88 251 316 152 384 80 191 106 284 270 303 319 191 401 4 210 440 225 264 325 146 410 324 308 384 200 393 450 118 352 479 475 175 416 109 281 371 391 420 267 523 151 201 161 72 155 89 133 251 332 288 216 268 265 238 250 283 241 253 222 244 284 233 287 281 279 303 275 308 281 287 274 261 299 292 278 306 285 41 0 40 49 54 59 27 19 32 54 55 48 47 51 462 417 397 424 
392 432 100 126 427 121 430 212 470 174 381 241 315 419 88 268 322 180 387 71 202 149 316 274 298 344 193 420 41 196 460 254 257 337 148 425 355 324 355 230 397 456 140 335 506 490 190 410 79 306 378 372 401 248 542 150 217 168 86 184 88 154 266 333 274 243 290 292 270 276 302 270 275 241 257 316 267 310 316 294 331 297 342 305 313 287 290 327 322 305 322 321 20 31 0 34 23 24 40 46 40 57 22 46 28 21 479 434 423 427 
397 434 100 117 444 140 442 218 498 199 397 248 326 420 70 280 334 190 399 61 206 155 313 306 328 363 226 428 38 228 478 256 267 356 166 441 363 346 368 242 407 468 151 349 520 515 206 436 65 297 391 398 415 266 543 144 241 164 95 185 103 159 268 346 285 239 290 297 279 285 310 275 286 254 255 316 272 317 322 314 339 316 335 299 331 307 309 325 332 303 331 317 24 36 33 0 18 28 31 50 46 51 21 20 24 18 498 447 420 446 
393 441 110 107 426 138 438 227 500 209 400 269 337 424 72 287 333 177 410 65 221 147 320 298 337 357 224 440 54 225 478 256 263 351 170 447 352 352 387 253 418 483 137 347 513 513 205 438 58 299 412 398 441 270 560 160 246 184 99 198 117 165 282 344 296 251 291 281 270 282 305 267 262 245 259 307 252 310 304 309 327 307 336 311 324 308 301 321 327 308 329 316 15 49 21 20 0 21 33 56 37 48 16 25 20 34 495 450 432 453 
394 437 108 115 435 128 445 227 499 207 403 258 340 424 71 290 334 187 404 65 206 148 329 303 334 368 214 431 50 230 483 278 247 368 173 459 352 344 376 248 404 484 147 337 509 514 214 427 72 315 402 393 426 271 561 155 231 169 90 205 119 170 293 349 283 248 303 306 292 310 316 273 284 257 266 320 267 327 321 303 353 309 344 310 333 306 311 337 331 315 338 342 22 58 38 16 15 0 44 57 44 55 5 27 32 5 496 455 425 454 
371 423 106 89 410 147 429 197 477 191 398 263 302 411 80 287 339 163 407 62 211 126 297 295 326 340 212 432 32 220 478 246 274 339 163 416 323 341 403 232 429 470 127 352 510 490 204 431 84 279 393 413 439 287 538 167 233 187 93 171 119 149 260 344 306 217 269 265 252 254 271 232 258 228 227 289 231 280 282 270 316 279 322 278 314 284 271 301 293 289 306 299 45 23 35 34 37 36 0 29 16 33 47 41 20 55 487 431 421 457 
351 423 95 94 393 158 419 178 473 183 386 266 302 385 74 275 349 148 402 67 211 119 294 276 315 335 203 419 23 218 455 239 281 318 144 404 305 313 397 206 421 460 115 358 506 484 182 419 94 255 386 411 436 280 527 189 230 195 77 150 106 139 240 350 310 212 243 248 245 253 260 238 239 209 227 275 224 285 263 257 291 276 300 257 284 258 274 284 278 262 290 287 64 35 53 57 53 53 19 0 22 25 57 40 44 67 488 433 426 447 
370 422 99 97 412 134 424 192 481 170 373 251 295 385 92 270 335 160 401 62 219 113 297 271 317 348 210 421 11 226 459 235 274 321 153 402 325 330 397 209 409 464 108 360 498 481 187 412 87 267 399 399 421 274 539 166 232 176 67 163 104 140 238 329 301 216 269 256 236 257 287 232 247 233 239 276 223 276 281 272 300 288 317 270 298 269 269 306 294 272 290 287 37 14 28 37 46 40 11 20 0 35 40 39 27 60 486 418 408 434 
356 435 121 63 399 177 416 181 483 201 395 284 289 399 66 284 365 133 420 56 236 103 298 294 326 356 231 432 43 235 471 230 297 325 157 406 317 323 421 209 432 477 127 374 502 491 186 436 83 259 406 417 450 306 558 201 242 211 93 162 131 140 242 365 332 201 240 244 228 250 270 231 229 215 218 273 215 279 270 276 302 267 298 260 290 265 264 284 288 267 289 274 59 52 51 50 52 56 37 34 43 0 60 45 54 66 503 451 426 445 
403 438 109 125 438 126 441 221 490 201 396 253 338 426 86 286 340 184 405 62 216 145 328 292 322 362 221 430 51 215 484 257 262 348 173 454 360 354 367 239 402 469 147 346 508 499 225 440 68 308 405 391 429 255 545 148 235 159 99 198 114 158 285 328 280 261 291 302 284 295 306 268 274 266 261 314 261 321 322 309 336 306 340 298 326 305 313 336 333 317 332 328 11 40 18 8 16 9 33 64 41 72 0 25 14 11 505 447 424 463 
397 443 123 104 431 139 457 229 496 214 403 261 327 433 64 306 363 171 416 43 231 155 333 317 345 367 237 444 43 237 498 260 269 361 188 436 346 346 389 259 423 491 145 352 529 510 225 447 51 308 407 413 436 277 560 160 250 190 107 203 132 164 270 351 304 236 289 289 265 285 315 277 276 241 257 301 256 318 301 295 337 315 337 305 331 309 295 328 320 299 341 319 38 43 35 29 16 22 40 43 34 42 40 0 19 41 507 450 441 469 
381 441 105 111 420 142 438 210 488 200 395 251 317 415 65 288 346 166 418 53 217 131 327 289 317 355 218 428 45 230 484 255 269 343 159 432 354 343 393 242 422 464 143 351 509 507 218 444 64 300 401 393 421 281 555 158 233 175 89 182 107 150 269 343 301 230 281 279 271 289 293 265 276 236 245 311 257 316 312 300 333 307 345 290 332 299 287 321 315 292 313 317 29 49 39 23 21 30 28 37 36 44 19 13 0 30 503 452 423 450 
400 445 119 128 439 125 447 231 499 211 396 245 345 424 79 278 338 187 402 79 216 161 325 298 316 355 224 435 46 225 473 265 258 370 175 450 366 340 366 254 404 480 151 331 514 502 213 437 75 323 395 382 431 253 557 139 249 162 89 198 119 163 292 339 277 260 298 301 288 299 318 289 288 255 267 327 268 316 315 312 352 321 364 307 332 305 316 342 326 312 338 344 23 63 37 18 20 4 56 63 50 65 6 27 31 0 492 456 432 459 
403 113 392 553 400 434 310 384 25 313 152 342 395 350 563 224 228 473 146 543 323 433 366 240 188 155 303 79 465 308 25 331 364 353 366 430 407 221 375 359 263 91 428 387 54 97 338 83 566 447 120 291 200 376 67 459 266 379 420 415 399 383 442 263 403 485 469 448 468 464 454 474 473 474 518 456 478 495 472 403 432 430 442 444 408 396 409 404 446 408 399 431 509 475 481 502 495 509 498 496 477 492 498 522 504 496 0 73 71 59 
336 73 339 490 345 371 272 315 85 260 124 305 317 310 495 170 203 405 155 493 293 373 295 178 151 89 244 51 413 258 50 279 327 305 292 388 342 145 372 292 247 56 351 367 73 96 269 25 513 375 95 274 205 354 128 402 223 341 366 360 338 316 392 238 386 419 419 394 411 388 394 411 402 420 443 397 416 426 418 326 371 348 375 371 352 350 346 346 372 333 346 376 454 406 421 439 439 449 436 428 426 447 445 458 453 438 69 0 48 15 
364 101 341 486 376 361 293 329 66 252 94 268 339 322 493 173 169 407 103 470 263 380 327 172 122 92 235 14 404 252 53 291 295 327 295 407 372 157 333 311 205 94 349 337 103 117 282 36 496 406 58 242 163 319 129 374 199 321 351 368 328 313 396 197 352 432 431 396 429 403 399 422 408 416 454 415 426 444 418 355 390 372 391 382 365 361 358 374 402 361 365 384 438 414 410 433 426 430 422 421 424 434 439 444 428 428 81 49 0 48 
351 65 346 492 344 378 279 334 66 278 134 307 340 308 512 181 215 418 143 491 288 385 300 170 160 99 242 63 435 265 40 277 341 301 297 393 351 152 367 303 242 75 368 364 67 90 288 39 508 387 89 282 219 360 117 426 233 351 370 360 355 337 404 246 385 427 430 395 414 409 398 406 414 418 455 412 407 441 426 352 372 368 391 380 364 351 362 365 385 353 342 388 455 433 441 449 458 447 450 439 446 454 452 462 463 458 69 15 47 0 

Depot information
71 430 1
346 406 1
175 121 1
12 80 1
70 471 1
229 45 1
161 480 1
98 261 1
456 378 1
199 213 1
424 261 1
347 88 1
78 368 1
113 461 1
45 29 1
276 263 1
410 173 1
31 205 1
447 249 1
52 44 1

Cust information
297 117 1
76 181 1
101 360 1
254 294 1
347 248 1
334 307 1
269 177 1
422 334 1
109 83 1
298 136 1
432 379 1
141 298 1
358 57 1
105 390 1
167 196 1
32 471 1
50 386 1
257 347 1
473 21 1
122 281 1
492 154 1
374 427 1
103 184 1
440 21 1
433 431 1
398 451 1
166 242 1
397 357 1
56 11 1
20 328 1
410 297 1
483 124 1
494 203 1
363 35 1
476 442 1
242 5 1
271 205 1
268 69 1
147 121 1
78 230 1
180 121 1
136 195 1
22 300 1
422 147 1
386 3 1
0 259 1
-7 302 1
20 313 1
-2 290 1
12 312 1
11 329 1
7 287 1
6 293 1
1 268 1
-33 258 1
8 333 1
6 280 1
-24 323 1
-5 328 1
70 339 1
37 369 1
46 340 1
29 372 1
28 330 1
47 361 1
63 334 1
61 336 1
51 362 1
26 352 1
60 341 1
62 364 1
31 352 1
109 42 1
111 82 1
120 58 1
109 47 1
101 48 1
111 39 1
91 70 1
92 83 1
100 77 1
74 81 1
111 43 1
91 44 1
100 53 1
113 38 1
453 394 1
391 375 1
410 340 1
401 379 1
