Seed 123 - Instance: n95m10_1
n 95
m 10
Q 9999
L 6
U 20

0 100 163 94 349 211 241 238 272 403 450 138 429 99 412 248 145 74 437 180 287 206 223 208 437 238 445 195 396 229 183 75 221 440 221 194 114 317 447 232 259 133 437 460 129 307 198 456 243 426 256 170 445 313 441 346 256 135 106 132 98 176 145 132 142 107 83 121 90 112 90 108 80 103 95 142 110 93 124 224 242 221 260 256 268 278 261 239 159 146 153 123 158 111 161 108 136 274 295 322 317 348 318 330 268 
109 0 125 17 349 115 321 212 228 330 436 84 371 38 380 148 151 138 430 181 350 275 141 173 429 182 454 191 328 228 128 174 128 416 224 103 99 251 376 184 206 130 427 384 49 301 132 454 252 398 240 169 455 242 431 243 295 43 35 87 70 77 91 59 70 61 76 73 169 180 171 175 160 171 167 196 189 179 199 181 181 163 199 182 217 209 175 177 247 224 253 222 245 184 246 196 219 189 199 238 233 270 228 239 192 
161 127 0 113 245 161 329 107 114 251 326 188 277 150 276 183 67 147 327 114 321 248 158 63 308 92 367 115 252 120 251 226 166 304 132 175 199 148 290 94 90 45 331 303 73 195 39 353 153 287 123 94 346 177 328 225 229 144 121 198 179 181 217 148 177 183 187 186 172 191 179 187 170 165 168 175 188 177 202 77 91 77 110 113 108 123 113 90 249 258 265 243 242 212 252 224 263 168 184 194 227 235 193 198 160 
89 19 120 0 341 126 313 215 218 328 424 83 352 43 377 166 132 130 435 181 331 263 148 163 410 175 456 186 328 212 146 153 137 399 226 118 105 247 382 175 194 128 425 384 61 289 146 450 233 396 234 160 441 242 433 249 274 56 38 98 73 96 103 58 89 63 84 89 163 171 150 180 149 157 164 187 186 165 202 166 190 178 197 194 215 205 179 174 220 216 239 200 223 185 234 192 222 191 198 237 236 273 237 253 183 
362 348 241 352 0 404 343 158 212 274 132 436 308 388 172 401 224 295 90 191 275 295 401 209 122 248 124 165 288 151 469 382 418 124 139 419 437 226 297 250 224 246 106 369 321 71 245 116 133 113 174 191 100 287 103 391 161 393 358 449 411 432 451 393 424 401 403 417 289 299 298 283 300 275 276 276 301 307 298 241 245 235 233 281 220 259 272 251 314 351 344 358 343 321 346 351 376 375 399 362 403 406 373 373 360 
201 117 160 131 394 0 442 254 219 305 450 133 316 132 384 50 227 256 476 264 451 369 24 186 450 175 509 265 294 270 140 269 16 419 272 39 165 235 343 173 215 203 470 308 138 336 171 501 307 425 251 241 491 197 475 167 374 95 99 133 153 73 116 78 101 137 161 119 260 288 284 293 268 271 261 291 304 280 315 188 199 168 191 161 202 180 161 188 339 348 341 327 337 301 351 308 319 105 108 165 131 174 138 158 114 
240 319 316 309 348 440 0 325 404 530 471 359 563 329 484 474 254 188 405 265 94 85 445 340 463 393 379 268 530 306 409 195 443 465 294 418 345 449 563 398 387 283 452 608 316 322 340 450 270 455 365 263 403 475 445 529 191 366 336 363 328 402 386 380 367 338 307 358 175 144 174 160 166 174 180 147 145 174 130 379 395 387 401 422 402 423 409 397 106 104 106 137 111 147 94 151 132 491 498 507 526 552 516 531 475 
232 210 102 212 147 257 333 0 99 214 229 294 261 244 202 263 107 198 225 84 281 250 246 77 210 99 266 85 213 16 342 273 268 206 53 265 307 128 249 114 82 110 215 299 182 97 103 252 75 192 53 85 235 186 220 273 177 240 229 304 282 288 312 247 272 266 270 287 208 234 210 198 203 191 192 187 216 220 222 104 110 119 97 146 99 147 143 114 268 276 292 279 283 236 275 278 301 233 266 246 281 298 260 251 223 
268 216 115 216 217 215 396 103 0 142 236 279 176 253 172 215 148 266 277 161 378 324 214 72 223 60 325 159 150 103 331 322 219 199 136 235 313 40 192 73 28 137 253 214 185 146 84 273 155 208 53 150 289 97 247 192 249 237 234 293 278 271 310 247 277 272 301 277 268 284 258 273 269 246 249 275 289 268 286 52 54 71 42 77 23 54 79 64 326 345 361 340 348 302 358 340 347 171 183 170 213 218 179 173 171 
396 330 254 342 273 303 537 223 146 0 245 385 35 374 146 271 282 385 326 287 496 453 275 208 228 163 373 293 6 228 432 459 298 201 264 313 419 97 67 164 149 286 271 96 295 252 218 300 281 217 188 279 323 99 276 183 367 350 336 400 398 358 412 334 370 381 408 390 404 428 388 411 398 384 382 400 425 399 416 172 156 169 147 167 150 136 155 173 467 477 483 475 465 430 486 458 492 199 228 157 212 210 194 173 215 
452 439 335 426 133 452 472 227 256 243 0 504 270 463 119 438 313 406 123 277 397 408 444 283 29 300 180 269 264 241 550 482 454 48 234 478 527 233 241 296 264 330 43 326 382 169 309 67 236 53 211 306 108 308 36 419 292 459 449 526 494 499 537 473 508 489 491 510 414 414 405 403 405 396 385 393 420 415 418 276 284 290 267 320 273 287 312 284 450 473 468 472 450 436 453 474 494 407 422 383 427 425 400 398 403 
135 79 186 84 427 127 371 287 290 385 519 0 415 61 460 174 221 198 508 267 389 314 143 230 488 249 525 273 396 296 58 190 131 469 300 104 39 327 432 234 270 207 502 431 138 368 216 532 316 463 306 248 520 296 516 271 348 59 78 27 48 54 22 57 23 27 50 10 206 228 224 231 214 225 219 245 225 221 250 243 259 230 271 248 266 262 240 244 267 272 263 231 271 219 285 229 251 229 220 279 255 278 266 274 221 
424 371 281 366 310 312 560 258 183 39 271 423 0 391 166 278 318 424 357 323 527 502 296 233 263 196 416 316 39 272 458 495 318 225 283 340 436 130 58 205 198 308 301 66 314 271 245 326 302 250 222 312 356 132 286 192 408 371 365 419 431 385 425 368 402 405 442 415 419 461 430 431 435 424 419 432 446 437 466 200 187 218 177 191 187 159 193 204 492 515 516 503 498 472 519 507 527 224 227 183 236 193 202 184 225 
89 48 159 45 395 138 337 253 255 372 472 48 386 0 417 164 170 151 477 207 364 289 146 202 457 218 478 220 359 251 107 161 149 435 265 122 62 291 411 209 239 153 472 415 91 321 174 491 263 441 258 191 465 277 459 278 309 53 43 71 35 87 71 64 51 26 56 59 177 198 181 193 166 175 176 204 185 176 201 222 215 213 244 223 245 238 215 206 229 225 236 200 242 193 254 188 203 212 229 266 249 288 254 260 211 
418 385 268 378 184 389 497 190 169 140 122 444 154 417 0 365 300 383 217 257 443 428 359 224 107 215 268 259 152 194 489 472 380 86 228 407 464 160 136 234 204 285 149 210 333 168 258 162 236 99 160 261 196 214 142 321 307 408 384 458 443 434 469 396 434 432 453 457 396 399 379 394 399 379 372 379 413 410 412 215 215 227 185 238 189 215 228 222 448 459 481 468 450 432 455 473 487 322 319 276 332 330 311 297 313 
253 148 175 157 403 53 476 254 200 270 440 175 289 176 354 0 245 283 481 274 482 412 34 203 432 172 502 287 260 263 193 315 53 411 292 68 214 215 306 159 193 214 460 286 146 342 164 477 315 406 245 251 477 177 463 126 396 127 140 189 186 125 163 134 150 168 214 157 301 330 299 326 300 305 298 320 334 313 340 177 180 157 195 147 183 154 147 165 372 383 394 361 380 339 379 349 368 74 61 121 97 121 102 113 76 
138 142 83 146 224 227 264 110 149 288 316 206 316 165 280 232 0 118 303 52 255 191 231 93 304 138 319 61 298 96 264 183 234 298 94 223 218 198 325 130 140 29 303 354 112 161 92 325 116 290 123 32 311 228 323 286 162 181 165 222 189 218 244 184 209 187 195 213 108 144 114 125 116 114 100 128 141 127 147 134 151 141 155 171 147 175 165 143 185 189 204 187 198 148 194 191 209 239 265 266 291 304 270 272 237 
71 142 161 143 292 260 193 203 254 378 405 188 412 151 393 275 104 0 367 143 216 146 260 184 395 226 378 135 392 196 242 92 257 389 189 250 168 288 437 232 233 121 403 456 144 256 187 420 193 381 227 133 386 310 401 363 183 186 162 194 159 212 203 192 206 168 149 187 35 45 29 53 35 38 36 76 56 27 71 220 229 212 238 245 252 259 246 230 96 103 120 87 98 50 118 95 109 307 326 330 350 371 342 345 286 
428 445 331 431 91 482 390 226 292 341 121 500 365 472 214 479 304 375 0 264 306 340 484 309 117 328 68 253 339 228 560 453 481 151 220 500 518 290 338 321 304 327 87 405 391 151 329 83 213 114 241 271 23 355 81 468 214 478 448 518 486 497 523 476 503 479 486 516 372 376 370 348 369 359 360 345 363 379 376 315 320 315 299 360 304 337 340 318 392 410 408 426 386 396 398 419 433 446 457 432 498 494 443 443 438 
193 182 99 191 172 257 263 83 158 275 281 261 327 207 273 264 56 131 270 0 223 192 256 99 261 158 272 17 279 79 304 224 266 272 46 256 267 189 328 152 134 68 280 347 155 130 109 292 61 245 119 21 277 241 267 312 134 221 196 270 233 266 290 237 259 230 241 248 144 158 143 131 136 124 127 127 156 139 151 139 158 141 160 192 163 181 185 140 197 213 225 222 201 173 213 210 228 269 279 284 312 324 295 290 246 
277 356 324 340 274 451 99 288 381 488 397 407 521 370 434 478 257 211 317 224 0 88 446 326 399 376 292 228 496 275 438 250 453 399 255 439 382 411 528 370 369 283 377 570 339 265 332 376 234 374 321 248 317 460 372 524 121 397 364 403 360 437 422 389 412 380 348 399 192 186 198 182 194 183 192 157 167 202 155 368 363 371 385 400 388 406 396 372 139 156 173 192 162 193 156 208 211 471 506 499 539 556 515 519 462 
195 283 257 269 289 380 74 265 337 456 403 320 505 288 422 412 200 137 351 190 94 0 377 286 400 328 336 193 456 253 362 173 396 397 224 374 298 364 493 332 328 218 384 542 261 269 279 404 212 381 301 203 349 415 384 477 137 321 282 322 282 341 347 315 329 298 272 321 117 110 117 109 123 119 124 82 89 122 89 317 320 309 327 360 337 362 341 331 68 77 79 102 72 107 72 131 116 424 428 453 465 495 447 454 405 
232 133 155 132 402 40 442 251 214 269 442 150 288 146 361 46 224 268 477 248 466 375 0 191 432 169 516 272 272 252 172 291 31 405 287 54 190 223 323 154 188 198 450 301 140 340 152 489 304 408 242 232 482 176 455 138 382 111 128 151 172 101 140 97 133 145 191 146 274 310 289 291 278 274 277 305 299 289 323 175 170 156 196 154 189 163 153 169 345 357 358 341 366 299 364 315 333 80 98 146 107 160 135 137 85 
210 167 50 165 216 188 343 65 77 205 280 228 246 196 232 184 93 189 298 98 332 288 189 0 270 56 328 110 209 73 278 260 195 248 114 215 262 112 253 62 51 90 278 271 119 162 46 317 130 245 74 91 312 134 285 221 231 192 166 245 220 213 251 193 221 213 244 244 202 234 201 201 219 192 197 209 222 207 226 49 59 45 64 93 74 84 90 49 276 278 287 282 283 233 288 262 296 167 203 182 229 229 196 205 168 
438 414 314 411 131 436 453 210 231 227 33 490 264 454 93 422 294 398 130 261 394 392 434 271 0 263 176 249 244 211 531 472 434 43 214 464 504 211 233 273 238 303 36 307 362 158 298 83 224 33 205 273 117 295 52 402 272 439 430 499 474 485 499 448 483 480 486 481 395 401 390 387 400 377 372 369 412 398 409 273 253 286 258 281 250 274 285 263 428 457 468 468 435 415 439 460 472 379 403 372 410 414 372 372 371 
238 190 82 187 238 176 396 103 53 171 293 249 209 219 220 175 146 230 312 157 381 326 159 59 276 0 353 147 183 110 298 298 179 258 137 194 271 93 214 15 31 120 289 224 145 181 54 318 176 246 92 136 316 108 304 177 254 189 179 248 245 219 255 197 228 222 257 232 240 273 241 254 257 233 231 240 258 241 281 13 26 24 36 38 31 61 46 12 321 318 343 307 323 269 331 312 333 145 159 138 191 186 160 157 136 
440 463 368 446 133 515 376 272 330 372 163 525 398 476 258 507 324 383 63 284 287 339 500 331 172 354 0 265 393 256 578 459 524 198 242 515 524 329 382 374 340 345 136 458 424 179 367 122 219 185 270 302 61 410 131 517 203 489 479 546 507 528 551 507 521 514 504 532 365 381 374 347 384 348 359 334 365 383 359 354 354 367 336 379 343 369 386 363 365 410 409 414 382 382 385 428 428 485 506 475 535 516 488 484 486 
187 194 110 197 177 276 252 74 156 287 278 277 327 218 262 283 69 153 258 14 219 197 266 113 259 146 267 0 292 58 327 220 272 249 54 273 281 183 312 150 142 74 269 365 155 120 125 292 62 250 110 38 256 233 274 318 126 240 215 284 244 281 297 249 256 253 239 264 145 166 137 133 144 135 119 140 154 145 162 137 145 157 156 184 163 185 172 149 186 219 224 209 211 177 211 217 232 266 285 299 320 331 299 291 261 
399 331 248 345 278 287 527 228 137 10 256 400 35 371 139 263 295 388 339 295 510 462 280 212 248 182 381 279 0 228 434 453 300 207 257 323 411 114 60 178 166 273 271 84 287 243 219 301 279 225 177 276 328 111 270 182 385 335 329 410 400 347 398 337 373 388 407 381 401 428 406 409 404 387 389 398 414 404 428 189 168 179 152 156 141 142 160 178 459 473 492 466 474 426 479 473 488 204 217 175 226 202 184 165 205 
227 224 117 213 148 276 306 17 115 230 238 288 257 244 196 264 94 198 224 75 269 239 250 77 212 125 247 57 230 0 349 280 275 204 46 268 302 128 261 118 102 118 231 311 179 86 105 255 66 206 58 75 239 191 217 279 163 245 227 313 278 282 320 260 295 272 273 297 188 221 197 196 197 183 188 197 224 212 226 113 111 115 126 162 113 157 144 123 258 279 275 268 273 224 264 267 297 248 274 265 292 304 258 272 238 
172 134 246 131 478 139 401 332 325 429 554 58 458 111 492 201 269 244 565 311 447 350 172 289 537 289 571 328 423 341 0 217 152 524 354 137 73 361 485 285 318 250 560 462 169 412 255 586 366 522 341 289 576 337 567 288 407 92 131 60 96 76 44 111 60 78 101 72 259 262 253 280 257 271 264 287 277 255 285 288 291 278 306 286 316 315 290 284 312 311 299 282 305 269 306 250 274 253 243 292 276 296 286 307 252 
71 157 217 159 388 277 188 277 319 465 497 173 488 147 467 315 182 89 447 212 249 164 288 266 465 300 460 222 461 268 213 0 293 473 262 255 153 370 511 299 318 191 470 516 191 332 256 499 272 457 301 209 458 381 478 406 258 186 176 190 153 231 190 195 204 160 141 177 88 99 99 110 95 117 117 136 93 91 113 301 305 285 315 321 320 329 305 289 117 105 104 64 104 79 122 64 69 345 364 390 393 420 392 385 332 
234 130 184 140 406 31 457 266 230 300 463 131 313 137 390 40 237 264 494 267 454 388 30 191 452 188 519 275 294 282 147 280 0 435 295 49 175 245 344 167 200 200 467 307 150 349 164 490 314 420 253 255 484 199 466 141 391 101 128 146 170 79 144 105 108 150 177 138 275 311 277 300 290 292 288 307 319 295 328 199 195 181 208 167 211 175 174 173 360 359 366 336 354 318 366 324 338 104 97 154 120 159 134 150 91 
426 400 306 409 127 424 469 194 207 207 54 479 223 448 69 407 306 399 147 256 402 411 403 257 35 256 206 262 207 214 526 477 428 0 211 439 502 188 192 261 221 296 71 289 364 143 281 106 220 44 198 276 150 255 75 360 293 435 407 498 467 458 490 431 477 462 465 479 394 404 377 379 396 367 367 369 394 408 396 250 248 253 233 281 235 262 271 247 426 449 470 465 437 411 450 468 483 365 370 331 384 376 351 348 364 
225 220 135 226 143 280 293 40 140 261 247 289 278 256 212 286 105 191 228 51 259 229 279 109 226 135 241 45 268 31 351 260 281 212 0 287 296 166 292 141 122 105 221 336 175 83 123 249 37 197 92 78 238 215 231 310 144 262 230 313 285 287 312 258 298 275 274 302 186 190 182 184 200 166 161 162 194 203 204 140 138 135 147 186 149 169 168 145 233 255 251 253 235 215 246 252 268 268 289 272 314 326 289 289 270 
202 103 164 121 418 34 435 272 237 310 467 114 347 122 397 78 233 246 502 268 458 371 47 203 450 195 523 263 324 284 133 271 40 447 295 0 144 261 367 195 216 200 483 331 124 349 174 501 314 433 261 234 500 210 488 191 385 85 85 127 130 56 97 66 85 122 158 102 254 292 262 274 264 260 269 293 288 270 310 198 210 189 221 177 211 196 182 186 346 342 346 304 336 282 341 307 321 132 128 186 146 185 177 175 134 
109 92 208 109 435 163 344 293 309 425 529 50 436 59 473 211 214 178 518 261 388 297 174 252 508 271 536 265 417 307 77 154 168 495 299 138 0 343 462 260 285 205 522 448 149 368 229 539 326 483 319 251 514 317 519 309 338 81 104 33 26 93 62 104 76 38 44 43 199 201 194 215 194 214 213 223 204 185 228 272 285 257 282 271 294 287 266 266 245 239 251 223 244 202 249 203 219 247 263 302 280 318 294 318 246 
319 254 149 262 215 240 431 123 43 108 230 314 140 291 147 215 195 296 287 200 398 366 218 110 219 89 335 193 117 128 367 369 242 196 173 266 346 0 155 100 61 177 239 173 208 182 139 270 192 209 94 195 302 78 244 180 289 280 250 326 308 284 340 276 297 314 335 315 309 319 305 305 303 287 286 299 327 310 329 79 75 92 66 93 62 63 80 86 376 385 398 370 372 335 388 369 401 182 200 148 203 196 168 158 166 
442 386 287 386 293 354 558 261 182 59 229 449 44 421 128 308 321 432 340 327 520 501 334 252 221 224 390 324 65 265 471 505 336 198 281 376 477 148 0 219 203 324 257 86 334 256 274 283 307 226 221 312 322 157 255 235 392 393 380 445 441 409 452 382 420 439 465 443 429 466 429 451 450 433 422 441 463 455 465 230 201 222 199 212 182 193 212 227 510 525 537 515 513 480 527 515 530 254 269 209 266 243 237 219 265 
238 183 94 167 259 173 393 125 70 168 300 229 207 206 234 158 141 232 339 161 372 320 154 56 286 10 366 155 178 129 286 287 181 264 155 195 252 99 219 0 45 130 310 236 122 193 59 335 164 272 90 136 337 95 299 165 272 181 177 248 239 206 244 198 224 220 244 235 246 255 248 258 254 242 235 260 269 260 282 20 19 16 38 46 42 57 41 22 322 325 330 325 327 272 339 297 329 139 146 150 173 184 157 156 128 
261 196 98 193 218 202 388 94 29 153 273 260 191 225 204 191 146 243 296 141 369 315 203 52 243 38 343 139 154 101 309 315 207 238 125 210 291 66 201 42 0 128 267 217 149 152 82 293 143 223 72 135 291 96 273 202 248 221 212 277 267 247 281 227 249 244 263 258 244 278 237 263 257 239 235 260 265 249 279 40 20 49 19 67 30 53 58 39 317 323 332 329 318 284 333 308 334 166 179 160 206 205 162 175 144 
140 136 61 125 231 207 290 113 137 276 324 194 301 165 296 212 27 123 328 81 285 210 206 93 311 120 338 89 285 112 250 194 214 295 117 193 203 181 317 126 124 0 323 343 77 190 84 336 122 303 137 54 332 216 326 272 182 163 134 218 189 208 225 172 202 171 186 204 132 144 127 145 134 126 111 129 146 142 155 104 129 111 141 143 150 162 137 124 200 210 222 199 202 161 223 197 212 226 238 243 255 279 249 242 204 
454 441 320 429 103 472 446 226 249 275 36 495 284 475 131 460 303 394 91 274 364 400 444 290 46 300 132 266 271 218 560 475 468 78 216 473 518 243 253 295 266 324 0 336 382 153 320 50 214 51 213 280 86 310 15 430 274 470 441 515 494 484 529 455 498 484 484 499 396 400 394 387 408 376 371 374 399 398 401 285 283 299 278 307 270 301 310 289 410 438 454 461 426 415 451 461 475 412 430 392 449 437 409 403 400 
457 368 304 377 356 327 610 284 201 92 311 430 60 416 222 278 359 454 404 358 578 533 307 266 315 219 462 362 79 310 449 514 313 274 324 343 461 174 91 239 222 334 334 0 339 333 268 364 341 308 264 349 414 140 345 178 458 371 368 427 442 385 432 375 411 422 451 414 449 487 468 474 464 444 446 465 479 461 487 241 218 246 211 201 212 196 216 221 524 535 554 533 542 491 539 528 544 214 227 167 218 188 184 175 226 
130 65 73 51 314 130 326 180 171 288 388 134 318 81 334 152 109 148 392 158 329 264 128 122 382 132 418 154 306 170 182 179 145 353 176 121 136 206 344 122 158 91 380 338 0 242 85 417 197 353 181 130 406 211 399 234 258 94 70 143 116 126 138 92 121 113 126 122 159 177 162 177 166 147 147 185 176 173 195 133 138 128 155 136 163 164 146 144 236 245 243 219 233 187 247 218 225 168 188 209 214 249 209 212 158 
307 291 185 289 78 349 322 87 162 246 160 361 282 321 167 345 165 252 149 132 269 274 343 153 155 191 173 117 250 92 418 346 341 154 82 351 366 178 266 199 152 179 145 319 241 0 196 173 69 140 112 134 151 240 164 336 160 336 308 389 361 356 395 331 360 348 358 366 248 266 240 238 264 226 245 220 273 267 266 176 174 193 176 225 162 217 209 175 280 304 324 321 307 278 310 327 335 315 341 311 349 356 332 327 300 
184 149 31 144 257 165 348 97 85 211 321 206 257 179 244 165 89 177 326 108 343 282 168 41 301 47 360 127 213 114 263 249 175 285 139 179 224 139 258 60 78 70 317 272 91 194 0 343 157 268 97 105 323 147 323 208 243 156 155 224 197 181 220 173 193 193 219 212 191 209 192 216 193 188 184 214 232 207 226 59 71 48 83 83 85 85 70 65 275 269 297 270 284 241 289 269 291 147 167 183 206 221 185 179 147 
470 465 344 461 121 484 454 251 284 295 72 537 311 487 168 483 341 412 87 301 388 392 472 303 70 328 125 288 302 253 573 496 501 103 245 496 536 269 298 335 294 355 33 373 412 176 335 0 248 91 242 317 75 350 40 455 270 489 465 549 518 517 551 490 521 520 516 531 418 416 409 409 415 400 403 376 427 420 404 305 321 325 298 336 303 327 334 313 438 464 470 480 454 435 462 480 479 448 466 423 473 479 438 432 427 
234 251 156 242 126 304 287 72 146 273 224 313 313 265 220 300 111 179 211 62 231 216 301 122 206 172 227 64 277 69 366 272 306 221 26 319 316 184 292 181 155 115 225 356 200 87 141 238 0 195 98 73 213 245 215 334 109 289 245 332 301 306 326 271 309 282 283 314 185 204 181 183 200 163 173 166 197 188 195 147 170 172 170 202 156 206 194 172 223 246 258 253 240 209 251 246 273 287 304 307 333 359 310 321 293 
419 413 281 395 103 420 456 205 206 226 56 468 243 439 97 412 278 374 115 252 387 378 414 237 21 247 179 238 224 188 525 467 421 36 201 430 475 208 210 258 225 301 63 294 345 136 283 84 191 0 182 257 111 271 57 385 256 421 400 494 472 457 492 433 456 454 458 474 383 387 372 361 381 352 354 351 386 388 391 248 237 256 224 280 237 254 264 247 418 444 447 436 428 404 424 449 458 379 396 358 399 400 360 356 356 
251 222 125 227 158 259 364 37 65 177 223 290 213 254 168 250 125 232 248 122 319 298 251 75 197 85 282 123 187 52 352 317 262 197 91 265 307 87 208 101 62 128 224 254 189 110 104 247 113 182 0 113 243 156 226 255 204 247 245 318 288 289 326 246 291 277 300 296 237 255 244 248 251 225 214 226 265 249 253 87 71 99 75 118 67 120 122 78 302 306 321 317 312 273 328 313 338 228 237 214 253 257 224 223 206 
173 176 94 163 194 241 264 89 139 284 299 248 308 195 271 248 38 132 284 25 244 200 243 94 278 126 296 34 282 88 292 202 249 270 75 249 244 190 327 135 134 51 284 355 119 147 98 315 92 257 118 0 282 235 293 298 159 198 192 256 227 242 251 213 244 215 220 244 121 142 140 127 146 119 122 129 163 146 161 116 140 123 151 171 148 176 166 135 188 205 221 218 205 174 222 201 223 256 264 274 291 319 274 275 241 
436 437 334 427 92 491 400 239 279 332 118 525 358 475 202 492 307 382 25 268 336 348 476 298 124 335 59 267 329 244 564 460 504 147 235 497 519 288 334 337 310 338 73 404 389 160 340 72 214 114 250 291 0 361 70 478 229 475 446 529 495 518 539 490 511 485 492 510 370 384 361 362 390 348 361 343 388 382 370 317 321 333 315 361 307 331 348 328 402 422 427 434 410 399 413 435 457 459 472 438 497 491 450 455 452 
307 241 164 246 302 193 481 177 95 103 312 298 122 282 214 170 229 320 372 230 454 407 190 137 279 93 400 231 113 193 334 376 198 258 229 224 316 86 151 88 96 221 328 148 217 243 145 347 237 272 144 230 370 0 330 113 340 249 241 302 303 249 303 236 279 292 311 301 339 358 335 343 337 320 329 336 362 334 360 111 88 104 90 64 90 50 72 90 393 419 414 411 412 370 430 405 416 114 136 83 147 137 111 93 119 
440 444 324 428 114 467 442 234 247 281 35 508 289 467 141 451 308 400 94 269 381 398 458 292 56 303 131 269 288 228 554 474 474 74 219 484 513 257 270 310 278 316 17 335 382 148 311 31 219 49 219 282 76 322 0 421 276 472 454 522 489 489 536 475 509 487 498 506 397 415 388 392 395 377 368 361 406 402 396 291 280 311 275 309 274 302 308 287 415 453 444 450 439 409 448 455 471 418 441 401 439 433 419 397 415 
346 246 227 254 396 163 548 273 205 182 404 273 199 265 316 127 287 352 467 313 534 468 145 211 397 175 519 319 195 283 302 410 141 365 314 186 304 182 243 176 199 267 422 172 225 338 213 455 342 384 243 295 463 110 425 0 426 240 239 293 306 228 286 239 266 279 320 276 383 389 388 381 384 380 369 401 402 375 418 190 181 171 190 140 188 140 140 173 462 449 457 434 448 413 458 433 452 78 67 41 46 37 38 36 81 
247 289 216 291 157 368 196 174 248 379 299 360 408 303 304 383 167 181 219 125 131 140 376 223 286 259 213 123 373 153 398 261 390 285 130 379 347 292 404 269 249 183 258 442 255 153 232 269 107 270 200 148 225 347 268 421 0 326 315 364 322 362 381 327 352 326 318 348 169 178 176 156 179 159 164 137 164 186 165 257 262 254 267 306 278 295 288 260 173 195 197 215 194 179 202 222 234 388 400 403 432 456 417 410 371 
134 53 157 64 389 99 373 249 240 338 474 63 377 48 413 137 193 179 462 223 390 321 115 187 443 191 504 229 339 250 104 189 99 427 269 69 86 270 390 194 215 154 458 378 89 328 158 482 272 429 264 206 473 256 469 237 330 0 30 69 78 46 74 24 50 57 79 56 204 232 213 226 205 214 217 248 236 202 244 203 199 198 227 190 222 222 204 203 265 263 286 259 273 232 274 237 245 179 178 233 222 249 225 224 168 
119 34 118 29 357 94 336 224 227 335 441 76 364 37 395 148 154 151 458 204 365 299 122 174 435 174 472 219 330 235 124 185 124 424 237 98 90 256 388 175 202 132 434 382 74 315 136 467 260 414 239 183 465 240 441 246 296 39 0 82 69 69 83 44 61 70 73 62 186 193 195 204 184 186 187 219 205 182 224 189 184 182 205 181 210 214 187 187 243 245 265 229 252 195 256 218 225 173 202 234 224 259 222 241 177 
137 89 205 104 430 127 369 293 311 408 533 14 418 68 464 186 228 189 513 273 407 313 162 258 494 260 530 277 409 299 54 174 143 485 313 121 39 329 462 241 279 214 510 446 144 380 228 538 333 492 310 246 522 310 519 298 363 69 80 0 48 60 29 68 52 52 70 24 208 231 227 243 219 219 219 265 248 217 248 258 277 251 276 262 281 280 264 256 286 259 265 246 273 231 277 224 237 230 238 284 258 289 264 277 233 
96 62 172 72 415 142 323 270 280 407 509 46 420 33 444 202 191 157 489 241 376 289 158 226 472 244 503 244 394 283 91 143 154 460 281 139 31 310 441 233 265 187 485 430 124 364 206 520 286 456 299 223 502 307 490 292 321 61 72 56 0 89 65 71 49 30 15 39 177 203 195 205 186 189 178 229 207 184 212 250 245 226 263 256 262 264 247 245 237 230 235 217 235 201 237 194 214 231 246 290 268 306 286 282 243 
168 89 175 90 427 65 402 275 273 361 501 54 374 73 432 116 215 226 505 265 423 349 105 227 468 221 536 275 354 294 76 228 93 462 296 62 109 294 411 204 233 188 486 391 124 371 196 524 322 458 291 241 504 250 485 233 363 47 83 70 93 0 59 48 42 79 99 69 249 251 244 268 233 238 247 276 256 252 278 230 231 211 233 208 256 237 213 229 310 313 306 290 302 264 308 257 286 183 178 221 208 227 214 218 166 
146 99 200 112 452 126 377 319 304 410 530 25 432 72 466 178 237 212 537 286 425 336 145 246 500 251 556 290 395 302 36 190 139 506 311 101 65 340 443 257 277 214 519 423 146 394 227 543 331 502 311 253 531 312 522 281 383 62 100 33 72 69 0 72 31 64 76 40 225 246 233 262 227 236 246 276 246 234 264 253 273 242 280 265 291 269 246 269 299 288 281 250 297 249 307 251 252 232 236 274 250 291 255 275 215 
137 52 151 57 402 78 379 243 239 340 462 51 363 58 410 130 190 187 468 231 393 320 92 190 440 190 498 233 346 245 100 195 99 424 272 68 98 277 398 196 227 175 462 375 90 336 172 484 278 422 247 207 478 252 470 227 337 8 31 70 88 40 71 0 49 56 85 50 202 224 214 235 209 222 204 252 229 224 256 200 209 197 215 202 214 210 201 194 285 286 277 251 275 242 281 248 260 174 178 229 215 241 215 231 170 
143 80 186 80 419 112 381 281 272 381 506 31 402 50 442 142 212 202 506 253 408 320 114 226 485 226 531 260 376 295 75 194 113 462 292 89 69 296 426 232 250 201 490 411 127 364 195 525 300 465 278 242 517 271 505 253 366 51 66 41 51 32 48 54 0 55 77 30 215 243 234 237 222 222 234 264 247 214 253 222 246 212 259 221 261 239 226 223 287 274 275 253 274 236 299 234 255 191 207 258 237 271 247 261 188 
99 56 178 76 398 142 346 268 273 380 494 34 416 31 443 185 202 162 485 241 379 292 148 227 482 229 501 246 381 274 84 154 143 469 278 118 34 314 432 223 246 185 477 429 109 345 193 512 297 457 279 213 500 286 480 284 326 66 67 54 17 86 60 52 38 0 40 27 182 194 196 207 177 189 186 234 213 187 229 236 236 216 253 236 263 248 235 239 259 245 248 216 241 208 259 190 214 217 230 284 260 291 271 271 218 
80 77 183 76 405 154 310 283 283 414 500 58 423 44 457 212 193 157 487 231 357 278 190 244 477 254 499 255 407 270 93 130 170 478 277 156 33 316 460 249 262 189 485 440 120 356 215 508 300 457 303 226 504 320 497 307 324 81 84 55 21 99 79 89 79 37 0 54 170 178 178 193 158 184 175 214 183 174 213 245 253 244 274 257 286 271 253 258 220 207 222 189 221 179 232 169 188 246 265 295 281 316 281 311 240 
121 68 188 83 426 132 361 296 292 378 507 20 411 40 449 173 202 187 504 255 389 313 135 240 490 242 528 276 387 294 70 174 134 467 289 102 52 319 448 225 255 203 495 411 119 363 196 537 319 470 293 232 519 292 496 278 348 44 79 26 38 63 45 53 28 36 59 0 217 228 220 235 205 226 222 241 225 204 250 247 247 235 253 244 273 253 241 231 276 270 271 235 261 232 270 231 250 218 223 259 244 275 264 260 211 
90 161 169 151 301 259 167 201 265 397 404 215 435 167 388 294 124 31 376 144 203 115 269 206 395 241 366 133 409 196 267 94 280 395 188 263 193 303 432 232 245 131 397 464 161 258 190 408 172 370 238 141 368 338 391 385 165 213 189 216 185 236 233 218 217 191 169 214 0 34 7 35 16 26 22 50 32 16 47 229 239 243 256 257 254 283 258 233 94 97 99 91 96 40 95 91 100 322 335 362 358 381 354 364 308 
114 187 195 176 301 285 145 221 287 417 420 228 441 184 400 326 131 55 382 159 194 96 301 231 404 273 384 164 414 208 269 82 307 400 210 276 203 323 466 272 262 148 399 488 174 259 218 413 191 383 251 149 389 344 413 395 163 230 205 222 202 262 251 237 236 208 184 218 36 0 37 21 19 51 38 41 11 32 28 256 266 248 286 283 279 303 279 267 62 73 86 73 75 23 72 62 89 348 355 388 380 422 383 387 333 
92 169 170 150 294 266 170 200 267 388 412 226 435 168 384 294 116 39 373 144 190 114 280 212 391 239 371 134 393 189 263 98 284 393 180 259 191 309 446 251 240 130 386 454 163 246 197 397 173 378 240 141 375 341 385 380 166 201 175 217 190 246 240 221 230 181 182 208 12 40 0 22 16 18 13 44 29 26 54 228 238 237 264 265 259 278 259 243 78 84 96 88 90 46 92 76 108 330 347 364 375 389 353 356 319 
111 185 174 165 282 294 149 214 273 395 407 239 438 186 396 317 117 42 349 136 170 98 298 210 390 248 361 143 415 200 285 118 308 389 188 292 224 308 450 246 257 139 378 477 167 240 201 390 180 371 238 128 357 335 387 398 162 221 197 242 205 264 258 228 237 200 182 220 34 23 29 0 27 33 21 37 22 33 37 240 261 252 257 284 268 289 265 258 63 84 94 83 74 38 100 92 110 328 349 378 378 409 364 374 319 
93 168 172 151 293 278 177 205 268 395 411 213 446 171 392 298 118 24 367 136 204 110 278 201 402 254 372 145 406 197 260 99 276 389 195 274 192 301 439 245 264 134 394 466 170 253 204 420 181 379 237 144 373 339 402 390 180 202 191 225 179 231 228 212 228 189 159 206 9 37 17 35 0 27 38 45 37 20 47 238 262 235 262 278 266 285 269 252 83 84 103 88 81 28 99 82 91 320 330 360 376 403 367 365 325 
115 176 157 162 285 282 174 195 250 379 385 212 421 184 376 292 106 47 343 115 199 124 272 200 375 226 362 119 397 188 274 115 277 373 166 269 215 280 433 238 234 110 382 443 147 232 184 398 167 352 225 115 367 328 372 361 151 212 177 225 191 251 251 216 217 185 180 213 35 48 19 22 32 0 8 39 40 31 63 231 236 217 242 253 241 261 261 229 87 95 104 94 94 52 106 89 109 323 333 352 370 379 340 358 310 
98 159 156 167 288 269 168 197 259 380 398 210 424 171 383 296 95 37 356 118 199 108 270 181 366 227 349 139 393 186 257 111 277 368 176 265 203 293 418 236 236 129 371 444 164 241 191 395 159 366 231 118 355 318 370 375 159 201 174 223 192 247 246 207 220 183 168 206 33 44 25 32 27 23 0 33 43 34 63 226 240 227 243 257 259 264 256 231 100 111 110 99 99 68 107 96 120 321 322 352 354 387 336 362 296 
135 191 184 194 257 305 151 196 264 406 390 246 440 204 374 329 118 59 340 133 164 95 304 206 360 247 337 137 391 191 292 126 313 369 171 289 243 304 435 251 254 147 356 464 178 238 203 374 159 354 224 118 345 335 371 398 131 235 223 251 225 284 271 244 250 228 219 245 54 50 39 25 60 48 49 0 35 58 43 245 261 252 253 272 259 293 283 258 83 96 109 104 76 52 105 98 112 341 359 376 384 416 366 378 335 
109 185 184 175 298 298 144 229 289 413 411 235 457 193 405 324 147 61 362 153 181 101 312 225 412 262 370 167 433 227 282 89 301 394 189 282 212 324 471 272 279 159 402 495 176 273 217 409 207 380 263 145 374 352 407 408 158 228 199 248 201 263 254 239 251 205 179 225 46 7 40 26 35 47 45 41 0 32 23 249 261 260 287 288 285 313 297 260 56 67 82 59 68 34 83 61 76 353 361 385 387 427 386 394 346 
84 172 183 163 299 282 162 212 279 405 406 217 446 170 410 304 130 30 382 149 200 108 283 218 406 248 386 149 402 199 258 97 293 388 195 269 203 304 453 254 259 129 403 462 172 269 206 415 198 387 249 132 381 335 401 387 177 205 177 210 184 244 232 206 228 179 175 215 29 29 24 30 20 42 34 47 30 0 37 239 261 241 267 271 278 286 267 259 78 85 89 82 88 42 101 64 100 318 345 372 373 395 362 361 319 
133 204 196 196 300 311 126 228 291 416 425 239 460 207 411 344 143 79 366 160 169 72 328 244 395 268 353 161 432 229 293 112 331 395 197 300 219 333 474 273 284 157 394 489 195 269 227 422 199 384 255 161 374 357 403 405 152 247 212 255 213 270 267 250 251 227 203 252 55 21 53 27 56 45 44 52 28 38 0 275 274 278 279 303 298 318 294 264 48 64 65 60 52 28 63 75 92 363 376 387 411 424 384 396 352 
227 180 77 171 238 189 385 103 54 181 290 248 204 212 212 168 120 217 305 144 368 312 183 47 257 31 338 133 172 101 286 282 187 241 135 203 275 95 228 28 37 121 290 247 132 179 60 319 159 248 81 124 319 113 297 179 246 205 180 253 249 219 261 187 233 222 252 248 226 254 227 245 238 224 228 243 262 242 255 0 26 22 40 65 46 70 53 31 295 312 326 300 317 274 328 298 328 152 179 157 206 206 161 176 140 
235 197 85 194 241 181 389 95 36 158 287 244 198 217 200 170 143 238 319 158 364 319 171 46 261 18 349 152 175 120 293 307 196 252 145 199 273 77 219 35 22 129 281 224 149 174 53 308 158 238 71 128 314 102 280 187 255 198 201 276 261 229 272 209 242 233 268 252 236 260 244 261 249 233 229 251 281 262 270 21 0 18 22 49 35 49 49 24 313 331 335 317 321 284 327 318 343 144 169 150 192 201 154 168 140 
239 168 82 165 241 167 375 105 66 189 306 226 219 198 219 160 140 217 316 139 368 317 157 55 275 18 354 154 186 129 283 299 187 262 146 178 263 85 217 28 38 122 294 245 132 187 56 331 163 263 93 126 321 111 296 182 266 189 183 249 232 202 247 180 218 231 251 240 223 254 225 250 235 222 234 242 251 242 268 18 26 0 38 50 44 49 33 18 304 326 321 304 306 279 334 298 326 133 153 139 189 196 146 162 122 
250 198 102 191 229 207 395 106 38 149 260 256 173 230 186 181 155 238 301 153 375 325 194 69 254 34 337 155 162 125 322 322 208 222 144 218 298 69 187 45 32 136 268 205 157 172 69 302 170 232 76 144 305 84 287 183 262 227 205 289 274 237 285 218 257 248 282 258 247 274 267 254 271 255 242 253 280 268 283 27 31 32 0 56 13 52 45 33 317 346 358 338 329 292 347 329 352 154 172 154 184 194 160 152 147 
257 194 103 183 274 159 416 146 83 152 310 238 185 227 222 135 167 256 359 172 413 355 142 79 298 45 381 185 154 150 282 325 164 265 178 182 271 83 214 29 69 140 316 210 153 224 73 345 204 278 127 179 363 79 316 150 304 194 183 264 255 201 249 198 218 232 264 246 275 282 278 284 276 257 254 286 296 282 298 57 51 51 61 0 55 21 10 55 347 351 353 339 338 298 357 325 363 111 126 122 153 149 118 121 89 
257 200 117 201 232 208 412 109 24 143 275 270 181 235 189 199 158 250 302 161 373 341 183 78 239 50 336 169 140 114 316 329 197 229 136 230 287 51 197 45 30 151 265 203 167 167 75 304 173 237 68 158 312 79 277 172 272 230 213 294 269 245 290 220 252 270 282 262 254 281 256 273 266 244 247 265 289 281 301 52 29 50 26 58 0 54 43 40 334 334 356 332 349 302 346 324 362 162 176 151 204 195 151 161 153 
264 211 135 201 271 176 423 149 58 142 285 264 172 249 213 170 172 263 336 186 416 363 162 103 273 51 387 199 140 161 303 331 190 251 183 210 291 71 183 50 64 160 310 193 176 208 90 323 196 252 117 168 350 64 298 140 306 218 199 276 259 227 278 223 240 247 282 264 285 302 274 299 288 278 278 300 301 298 310 63 40 65 43 30 47 0 28 42 346 354 369 361 351 315 378 347 377 131 140 111 158 172 126 119 111 
250 179 112 182 262 160 419 132 81 158 312 245 192 210 229 138 158 249 352 185 400 346 150 74 295 38 375 176 169 153 276 314 163 267 167 187 262 89 220 30 56 141 312 219 145 207 71 352 204 268 117 167 352 84 326 139 302 202 188 261 252 205 255 198 221 242 249 247 258 283 269 268 273 256 258 270 299 274 298 51 49 53 56 6 50 33 0 47 345 350 354 329 338 296 365 328 359 121 128 113 159 152 131 133 110 
244 181 90 174 249 186 386 118 44 160 284 244 210 216 208 176 147 230 312 137 380 322 175 54 270 8 346 145 163 114 283 301 187 260 135 205 272 92 217 13 42 120 283 228 127 176 50 326 165 244 77 136 325 101 299 169 271 198 187 262 253 227 266 196 227 242 248 237 236 264 240 245 247 234 224 258 265 248 282 26 22 9 27 35 41 47 39 0 312 328 329 317 322 280 326 309 323 142 152 144 187 193 152 151 140 
159 238 243 236 323 344 108 266 331 471 433 270 490 240 447 382 186 108 393 192 145 53 352 262 435 310 377 190 468 261 308 122 353 429 233 330 258 368 495 316 325 201 419 527 231 288 273 444 219 409 292 187 398 396 429 444 163 269 245 289 245 309 304 275 288 244 222 284 79 66 78 66 74 95 88 68 69 82 39 294 307 315 330 339 336 350 335 307 0 45 50 64 32 57 24 68 70 390 421 435 447 475 434 440 395 
144 234 246 227 343 334 112 270 354 474 470 265 518 228 465 378 193 99 410 202 165 93 357 289 443 333 396 205 486 269 295 97 364 450 254 339 248 389 522 320 332 206 450 537 239 306 270 453 247 436 307 208 410 418 438 447 188 279 241 263 235 313 289 285 270 237 209 258 102 70 96 85 88 110 96 83 60 73 65 305 318 308 348 351 341 364 343 334 39 0 25 32 30 60 16 55 42 402 412 429 440 468 432 444 401 
144 252 258 237 347 345 110 282 358 485 463 262 529 232 465 384 217 127 417 218 168 99 360 288 454 342 413 230 501 278 314 96 363 458 260 350 237 398 519 325 342 221 453 546 248 328 282 461 246 442 322 229 427 415 456 461 197 273 259 283 246 303 284 274 284 237 227 272 112 70 111 104 94 110 114 94 84 96 75 331 335 327 346 351 364 370 355 335 45 13 0 47 39 69 25 67 55 402 432 445 445 475 442 445 394 
118 206 235 198 364 313 144 282 337 477 479 232 516 204 460 362 199 90 429 206 191 111 344 289 463 321 417 220 484 276 267 75 346 466 251 308 209 377 521 322 319 205 445 542 213 323 280 461 263 444 315 205 432 401 449 451 204 253 233 235 197 278 264 252 263 218 196 238 77 69 94 93 70 98 90 89 75 66 59 299 331 305 329 341 337 353 328 326 68 33 46 0 42 53 42 23 22 389 390 419 435 467 413 428 374 
153 244 248 238 331 348 92 266 331 482 463 271 502 229 451 378 183 102 401 198 152 66 350 277 445 314 387 215 466 255 309 115 369 436 253 347 243 384 519 324 322 198 433 548 236 294 268 448 241 425 315 213 412 408 431 451 185 271 256 265 236 314 284 274 284 257 225 267 85 62 99 75 86 95 94 84 68 90 66 318 327 318 337 357 331 364 346 310 20 24 35 53 0 61 29 73 65 404 414 437 449 469 430 450 386 
106 198 196 180 313 293 150 242 291 440 436 221 474 183 432 323 159 63 391 174 178 99 309 244 425 283 383 168 433 222 273 86 314 428 221 296 210 341 466 270 283 174 409 499 182 271 232 433 205 397 276 163 406 363 416 412 180 225 208 232 200 251 249 237 245 203 176 227 52 32 50 53 46 59 51 53 37 33 33 260 271 273 287 294 293 316 301 273 51 55 66 41 67 0 60 49 57 360 369 395 395 416 392 391 342 
152 244 255 240 340 362 103 287 346 486 462 270 524 253 470 395 205 113 396 208 147 74 357 295 450 333 384 214 484 264 319 119 377 455 261 343 251 398 529 340 333 226 438 546 248 321 292 447 255 436 312 209 410 417 443 465 189 292 271 277 236 309 288 296 294 247 224 270 104 85 99 98 106 101 117 103 67 97 71 321 337 318 340 350 354 382 362 330 33 19 16 45 14 76 0 74 64 407 426 452 454 487 444 443 402 
103 202 239 183 362 310 145 273 338 469 473 223 501 188 455 347 192 88 421 207 218 130 313 264 460 316 423 214 462 281 248 54 329 450 253 298 191 367 504 303 311 192 450 528 209 319 264 469 261 443 303 199 429 401 470 439 214 231 220 223 198 253 247 245 240 190 165 230 82 70 82 75 74 106 94 105 73 82 65 289 306 305 316 335 327 340 329 314 74 60 49 31 56 50 61 0 39 365 390 406 421 451 409 421 368 
131 225 255 215 372 329 146 294 360 488 482 247 523 207 471 369 198 107 442 226 201 114 337 286 479 333 432 226 480 283 272 76 352 485 268 328 202 401 538 328 339 214 480 554 233 338 275 478 279 470 328 226 450 426 474 447 241 253 238 243 211 286 255 260 251 220 200 246 98 83 103 105 97 123 119 125 74 88 87 316 332 315 347 363 345 361 342 331 77 45 39 18 52 67 66 41 0 404 414 438 440 472 420 430 389 
287 196 180 192 378 112 491 239 170 213 407 213 226 220 322 68 236 297 457 273 490 417 81 175 386 147 488 262 198 252 251 347 99 371 275 121 247 172 257 142 160 215 416 221 165 311 163 452 304 378 221 241 461 125 410 62 392 184 189 237 230 176 223 162 207 222 249 211 313 343 326 340 324 306 307 340 348 334 366 148 153 147 147 112 149 126 110 145 395 410 404 384 410 354 409 376 401 0 34 69 59 77 43 67 19 
301 197 195 202 383 107 493 264 197 221 412 217 239 232 337 66 255 323 464 294 504 444 98 198 400 166 509 291 219 272 249 365 98 386 297 126 260 191 264 151 175 226 434 213 188 331 185 450 317 388 240 264 471 119 436 58 411 178 189 235 249 175 229 189 201 231 269 231 327 364 333 361 349 339 338 368 362 334 383 172 162 150 174 132 168 143 123 160 406 424 430 398 411 374 424 395 413 35 0 70 42 76 45 62 48 
321 234 205 242 374 171 509 248 161 164 381 274 172 256 288 122 262 335 448 291 513 447 147 199 372 147 482 298 167 246 303 397 162 334 280 185 297 165 220 131 172 247 391 176 209 318 179 423 294 354 226 261 445 83 390 38 407 222 221 288 279 235 271 218 251 283 293 272 360 372 365 360 368 342 353 367 372 363 382 164 153 140 159 115 150 111 119 151 426 439 451 434 438 391 445 419 444 69 64 0 67 64 38 27 73 
320 237 217 245 418 135 521 282 208 220 433 241 236 256 339 90 297 358 484 317 521 476 122 214 425 185 530 315 218 295 264 385 129 386 325 152 282 203 259 178 198 266 454 206 209 358 195 478 347 412 264 294 485 142 442 41 444 219 224 263 271 204 255 199 230 253 290 256 356 384 370 377 371 356 368 383 384 364 398 199 197 187 196 141 197 151 149 180 445 450 449 438 456 399 450 425 443 54 48 70 0 42 44 52 69 
356 266 249 268 416 162 561 291 215 197 428 293 197 289 334 125 297 368 492 319 556 478 157 234 404 203 536 336 193 304 302 428 152 392 333 192 322 204 244 193 218 293 430 187 243 349 230 462 345 403 258 306 494 127 438 27 455 241 251 291 306 232 277 246 258 299 327 283 400 417 386 411 395 390 393 403 419 407 439 210 195 204 194 149 203 154 167 202 463 470 477 448 481 414 483 453 456 87 69 50 36 0 59 42 80 
318 232 212 242 372 157 512 246 170 177 389 267 204 263 292 108 267 342 449 279 516 443 131 185 373 161 502 292 183 267 279 375 140 365 292 159 302 177 236 155 182 246 406 195 210 316 173 434 306 371 232 274 453 96 402 39 413 226 210 280 285 209 257 200 240 264 295 257 360 383 349 361 348 344 349 364 387 370 399 163 167 152 163 110 160 133 119 149 421 431 442 420 443 382 443 400 420 40 46 18 51 54 0 20 48 
325 237 202 249 366 164 512 242 173 182 381 267 178 271 294 121 268 341 436 297 504 459 143 192 369 165 487 291 170 268 292 396 144 346 291 176 317 159 211 152 162 250 393 167 222 311 177 433 302 361 222 280 452 100 395 27 410 224 229 275 282 234 273 218 260 266 300 270 370 384 357 377 363 356 353 388 381 373 391 173 155 155 153 124 167 118 114 146 439 443 460 425 439 387 456 421 445 55 69 11 66 55 17 0 66 
279 186 175 196 352 111 477 223 169 200 392 212 213 201 308 66 220 293 447 259 481 405 88 161 370 123 468 254 195 245 245 344 99 347 254 128 253 167 255 130 146 201 396 223 161 314 155 442 279 368 218 232 437 110 414 78 371 175 180 224 241 170 222 170 200 226 256 209 314 338 311 315 313 312 295 322 344 311 340 144 140 122 135 106 144 117 104 138 386 382 406 374 383 345 408 368 377 14 42 61 68 93 55 68 0 

Depot information
449 209 1
394 134 1
297 190 1
392 144 1
154 385 1
342 39 1
489 438 1
227 262 1
187 187 1
68 129 1

Cust information
32 366 1
446 87 1
42 107 1
426 125 1
41 260 1
299 23 1
321 249 1
420 266 1
103 450 1
293 284 1
408 475 1
434 395 1
321 37 1
249 200 1
46 353 1
226 163 1
128 496 1
287 292 1
67 123 1
233 272 1
479 47 1
500 250 1
333 28 1
44 326 1
248 295 1
362 39 1
476 111 1
151 173 1
18 141 1
230 155 1
208 182 1
319 225 1
54 389 1
34 57 1
351 157 1
184 332 1
270 178 1
44 418 1
250 318 1
61 344 1
199 237 1
301 265 1
93 449 1
161 100 1
53 392 1
194 0 1
309 404 1
399 94 1
392 119 1
460 83 1
455 120 1
405 57 1
455 66 1
395 88 1
428 78 1
442 112 1
464 133 1
443 88 1
420 287 1
438 303 1
419 292 1
418 307 1
429 287 1
404 294 1
406 291 1
404 323 1
437 310 1
431 290 1
436 324 1
229 175 1
217 168 1
234 163 1
203 170 1
217 129 1
197 171 1
196 135 1
219 133 1
225 164 1
463 352 1
486 339 1
495 344 1
493 314 1
476 347 1
453 303 1
485 353 1
493 295 1
510 310 1
243 33 1
243 14 1
191 30 1
227 -12 1
191 -17 1
206 20 1
191 22 1
244 44 1
