Seed 123 - Instance: n95m5_0
n 95
m 5
Q 9999
L 5
U 25

0 314 177 481 360 386 201 427 219 382 235 588 320 298 31 407 113 437 355 134 96 195 484 317 360 342 112 191 508 89 68 142 379 181 363 185 100 272 411 74 146 500 218 428 97 445 340 349 291 41 287 94 347 317 361 358 338 304 348 329 340 314 446 479 463 472 456 437 485 476 466 451 457 455 464 159 141 151 166 144 149 169 156 149 156 163 181 167 169 161 410 374 368 417 410 410 403 365 370 379 
321 0 215 178 229 159 182 168 116 68 103 308 251 310 326 406 273 126 125 215 259 182 451 64 314 157 371 172 286 270 344 187 193 195 62 211 268 309 375 363 314 217 149 153 284 271 150 296 75 311 188 236 87 79 122 134 97 97 137 122 74 52 367 377 360 373 370 355 387 392 367 371 358 359 362 167 192 189 178 199 186 166 177 185 179 183 174 153 163 191 326 341 317 307 347 339 328 339 280 343 
177 218 0 375 381 244 227 283 129 282 115 429 161 166 163 282 68 305 308 45 85 231 349 248 209 197 189 184 337 97 169 72 208 31 253 221 84 131 276 182 102 359 231 347 112 291 200 200 238 158 295 157 210 212 218 206 198 173 194 171 225 205 293 320 292 316 306 296 327 334 316 295 301 297 308 165 164 169 177 160 166 169 129 159 153 158 185 151 159 155 257 214 229 260 270 245 266 212 197 240 
481 187 366 0 299 204 349 176 269 117 256 188 355 425 494 508 433 93 193 380 427 352 526 184 405 225 549 336 275 443 512 353 248 368 138 362 427 447 469 534 471 114 310 110 453 294 235 393 213 476 316 403 197 188 183 209 192 230 220 224 160 188 418 414 428 416 426 416 431 429 414 432 427 405 410 329 354 348 356 350 361 331 337 345 354 358 334 326 336 352 385 412 424 371 421 408 412 440 360 435 
376 243 367 317 0 396 181 390 281 231 299 475 451 516 385 617 394 310 130 356 371 187 687 191 533 387 468 211 519 378 421 313 409 362 245 186 367 495 592 446 449 389 169 202 404 503 381 520 166 387 89 292 316 292 363 356 345 321 375 345 308 293 584 599 596 594 591 591 600 619 602 608 590 573 595 240 240 235 229 252 249 240 264 235 240 231 212 243 241 244 539 545 541 551 576 560 565 550 514 561 
388 157 247 197 388 0 322 33 172 185 157 200 177 250 394 325 300 133 282 273 314 335 336 224 225 47 417 302 147 332 409 263 73 229 143 353 321 278 284 416 325 141 287 238 331 119 69 209 232 378 348 345 74 98 35 60 64 107 61 86 110 119 224 228 249 243 232 226 257 256 239 236 237 228 244 290 311 317 313 311 306 282 282 309 286 293 295 266 282 297 214 245 235 183 235 223 221 237 192 238 
193 179 216 350 179 326 0 345 170 238 189 473 339 373 209 478 242 301 169 205 199 16 543 157 407 308 289 41 463 215 242 157 337 201 218 34 207 354 468 270 281 389 51 272 229 418 293 385 141 229 107 116 250 239 290 289 273 237 286 273 237 225 483 497 493 489 476 464 509 499 495 480 484 472 488 63 72 68 74 83 67 74 93 62 76 82 47 88 74 75 425 410 409 425 442 435 456 421 386 425 
410 168 278 177 395 47 337 0 195 178 188 183 198 276 412 349 329 106 272 300 346 351 359 213 258 84 440 312 129 363 435 291 80 258 156 361 335 299 309 456 350 97 303 220 359 132 95 228 230 417 353 354 105 112 67 78 90 122 82 105 102 124 254 237 251 251 257 235 276 270 236 266 252 234 244 305 321 327 322 333 325 311 303 315 316 310 326 283 300 310 227 254 248 217 257 254 247 270 204 261 
220 116 128 281 291 180 165 212 0 179 23 353 192 229 225 334 173 218 200 128 156 170 409 146 260 139 281 147 310 171 248 95 186 104 140 187 170 224 316 279 202 284 161 244 195 262 151 242 133 228 222 163 113 104 157 128 115 79 150 108 120 106 321 333 322 338 323 313 334 345 326 342 326 321 329 127 140 141 130 124 127 117 97 122 128 125 143 93 119 135 271 260 269 279 298 280 300 267 236 282 
367 72 292 125 221 187 232 165 168 0 179 273 294 364 377 452 335 104 112 288 319 228 489 80 359 191 436 221 297 330 396 263 226 264 57 257 339 362 423 425 365 175 191 88 371 293 201 354 98 382 211 294 130 104 158 161 148 140 171 171 106 106 397 401 399 396 401 384 413 416 406 398 399 390 396 224 238 240 238 252 243 214 233 242 233 233 231 206 223 249 357 389 371 353 383 376 368 379 331 387 
244 96 118 254 299 171 183 193 30 179 0 341 169 233 253 342 182 189 198 139 183 196 398 152 256 124 289 155 281 179 255 119 154 108 134 205 172 219 321 287 217 266 153 241 212 240 126 227 146 233 231 175 110 85 133 130 104 73 134 87 98 89 299 331 321 316 309 301 328 327 326 314 309 311 325 131 143 153 159 153 153 137 121 153 130 151 146 120 137 152 254 271 266 257 286 276 284 264 219 274 
573 297 437 187 480 207 478 174 360 263 354 0 359 427 573 466 511 181 368 456 513 492 457 346 376 261 616 462 179 513 601 460 235 422 261 503 503 444 410 615 517 91 444 286 526 223 253 373 357 579 465 525 253 264 227 250 240 296 251 274 259 269 349 323 363 339 350 347 354 345 338 361 345 338 334 463 467 480 475 480 464 464 448 478 463 477 475 437 450 480 349 384 383 326 379 365 362 400 337 398 
322 248 166 353 456 166 336 205 193 291 176 339 0 93 304 183 210 269 366 183 234 338 230 294 94 126 303 304 215 234 311 225 112 154 248 361 219 109 145 319 204 287 330 359 230 166 115 56 295 285 394 301 182 193 165 156 162 156 127 141 212 199 156 186 149 167 160 150 169 184 163 160 162 153 169 287 277 293 301 286 284 278 257 281 272 288 299 270 280 289 106 106 102 106 122 100 108 103 53 113 
309 318 151 436 513 258 377 272 230 370 216 421 80 0 292 131 185 352 418 181 209 373 204 356 81 215 273 330 280 231 266 240 207 161 332 388 219 56 116 288 178 371 360 440 207 232 207 58 360 277 436 304 253 258 253 241 242 238 219 223 279 275 172 192 170 177 177 162 186 188 190 171 170 161 193 304 307 307 325 300 316 318 289 311 302 315 325 292 295 301 125 75 93 136 118 117 139 75 104 97 
27 327 159 486 390 383 220 422 221 389 244 578 296 274 0 392 100 436 373 133 88 226 462 332 340 335 87 209 486 66 43 136 354 167 363 197 93 235 402 52 119 494 253 433 79 447 341 322 304 16 319 118 338 320 371 338 344 302 346 321 342 317 446 459 434 454 427 431 458 460 450 447 435 435 456 179 154 165 181 156 158 177 168 166 163 162 179 179 196 166 382 351 352 402 394 382 406 349 339 371 
399 419 283 517 630 317 490 351 350 459 330 478 171 132 376 0 284 430 536 307 327 481 101 474 111 277 361 453 318 336 362 336 260 277 433 501 332 148 65 371 269 436 477 537 322 254 277 113 473 374 557 408 343 372 333 318 332 318 298 316 379 367 144 180 133 155 127 148 149 148 163 137 145 136 158 431 424 419 439 431 424 420 398 439 409 429 437 417 410 418 122 84 100 152 97 115 111 94 152 93 
130 263 80 444 405 302 241 341 180 332 181 511 211 187 111 291 0 376 357 47 50 235 380 286 246 268 127 208 410 42 99 108 274 78 304 231 35 153 298 123 52 426 253 400 52 356 261 231 290 98 317 145 260 257 285 275 273 241 258 234 278 263 333 366 339 357 340 335 356 376 355 341 335 341 367 185 174 171 172 159 177 183 158 185 167 168 194 182 182 161 293 264 266 293 308 285 292 239 244 262 
429 124 306 74 324 125 302 114 200 93 198 189 285 364 422 429 372 0 196 324 361 316 465 169 347 164 486 288 222 375 450 300 168 301 94 345 360 368 399 464 401 106 266 130 394 227 169 313 182 430 305 366 113 106 109 137 129 143 157 160 100 115 355 342 355 348 352 340 361 376 348 358 356 336 343 288 313 320 306 317 301 282 296 307 303 312 290 276 272 313 332 340 343 307 356 338 336 353 305 358 
364 120 298 194 138 274 187 272 201 121 214 357 359 429 374 527 357 204 0 303 323 187 574 75 429 279 438 193 407 342 393 262 296 284 145 198 333 418 504 417 381 273 131 103 354 385 266 415 71 376 126 281 203 180 245 255 227 226 268 240 191 170 478 478 493 482 482 469 503 513 485 494 485 465 491 209 211 215 217 212 212 196 227 203 219 218 185 194 197 206 432 453 436 435 473 463 467 457 405 448 
130 216 47 381 370 268 203 295 138 285 130 459 195 188 126 305 56 333 307 0 47 209 388 247 253 222 169 179 367 70 139 64 241 50 269 211 48 166 295 165 94 376 209 345 89 318 217 214 246 113 291 119 222 221 252 225 223 181 229 207 226 209 321 354 338 335 326 325 348 362 344 336 338 322 346 137 131 141 141 147 139 146 124 151 135 138 154 140 143 133 284 250 250 282 297 276 296 246 235 257 
99 262 91 425 369 320 207 340 172 326 171 513 225 206 91 327 39 364 323 56 0 207 415 284 276 268 128 182 410 18 101 85 277 76 287 213 23 187 323 119 78 414 208 383 44 364 261 244 255 71 292 101 271 252 283 279 271 236 264 239 281 247 359 381 364 372 360 353 376 399 375 376 362 355 390 157 141 144 159 145 141 142 129 145 137 137 162 151 147 146 309 290 284 317 317 312 327 265 271 296 
202 191 221 344 188 338 22 354 164 245 184 488 332 376 208 477 233 304 175 204 211 0 544 158 406 302 276 34 451 209 250 160 335 204 225 42 205 338 475 261 282 403 60 263 226 428 299 394 139 233 98 108 261 230 299 299 279 233 294 268 246 224 471 487 478 490 475 471 510 516 498 495 489 476 487 83 79 68 61 82 78 67 97 57 84 77 45 85 84 74 429 413 425 424 455 430 448 412 378 432 
493 451 348 530 685 343 554 361 397 490 394 446 237 191 476 100 385 449 581 379 405 551 0 511 145 325 449 528 282 412 455 427 293 367 460 570 403 234 81 452 366 434 539 571 412 247 314 184 526 451 625 489 386 402 355 357 372 361 325 339 415 405 120 138 103 113 103 116 115 111 131 100 125 127 128 482 496 492 507 501 510 484 459 496 483 493 520 485 489 500 154 139 143 147 128 131 126 138 191 125 
322 62 250 187 190 218 153 218 145 80 134 331 300 353 327 454 306 162 69 252 283 159 510 0 374 207 380 157 347 295 359 200 239 238 95 182 285 351 442 369 327 259 121 126 322 315 223 357 41 324 139 230 152 121 180 189 159 159 205 185 124 123 419 425 420 415 423 408 439 446 426 423 421 413 419 171 175 175 171 180 179 154 168 179 168 170 169 156 143 181 386 396 383 364 399 396 398 388 330 393 
354 324 213 420 526 228 407 248 252 359 246 383 89 77 349 97 259 337 429 240 273 415 162 374 0 185 332 388 241 287 337 282 166 211 326 415 269 120 80 342 247 343 390 439 292 174 197 34 368 339 468 356 247 274 227 210 239 233 209 217 274 270 97 123 98 114 99 88 129 132 129 114 100 97 115 353 347 368 358 346 361 341 319 355 350 362 369 345 339 347 55 14 16 68 61 55 54 37 55 27 
353 149 198 234 390 64 304 87 156 181 122 244 118 198 335 295 251 159 273 231 273 313 316 207 185 0 369 277 159 289 361 229 51 182 155 328 270 221 251 382 287 182 281 262 286 121 11 181 234 339 339 297 75 91 51 42 58 71 12 49 98 101 208 231 217 232 220 209 229 231 211 226 225 209 223 249 280 271 280 282 267 261 232 273 252 271 272 247 244 273 182 195 185 180 206 207 203 207 148 214 
96 372 190 537 452 416 278 456 270 449 291 621 319 278 75 346 117 480 439 167 127 291 454 386 343 370 0 260 512 109 58 199 394 191 412 275 122 232 371 37 111 543 305 496 83 448 377 314 380 79 389 176 367 380 401 390 369 345 379 352 386 369 434 455 435 439 433 421 457 449 447 434 421 432 446 249 236 236 245 229 228 249 219 240 241 228 249 256 255 234 392 353 349 401 384 380 389 324 337 352 
192 164 195 331 206 314 41 315 138 231 154 457 301 339 192 443 198 284 175 175 171 51 521 156 374 276 268 0 428 186 227 122 304 168 223 60 173 322 433 258 240 372 50 257 200 391 266 348 122 195 120 107 237 217 273 261 247 219 269 236 224 197 443 461 450 451 457 434 474 472 462 467 441 435 467 49 44 46 35 41 40 42 71 27 37 51 30 60 45 50 401 392 394 408 431 404 409 381 365 407 
498 290 338 284 509 138 460 141 304 294 297 174 229 289 502 310 412 214 403 367 425 466 302 338 233 171 506 435 0 427 511 376 147 340 264 483 427 331 265 522 412 160 435 337 444 68 173 228 370 490 481 462 210 226 170 174 212 228 173 203 229 240 180 164 203 180 193 174 190 187 163 185 193 185 172 412 436 445 438 432 434 415 408 436 411 422 440 404 414 434 195 244 234 163 210 206 191 257 209 236 
87 278 103 440 369 324 203 346 169 336 192 515 245 215 80 336 54 370 329 75 25 216 417 284 295 289 105 190 429 0 87 100 293 91 307 206 12 180 342 113 90 434 230 397 46 374 281 273 270 60 301 104 275 262 307 296 271 234 279 253 281 272 371 404 375 384 365 374 405 400 395 381 366 380 385 160 146 136 150 145 144 152 137 147 135 143 164 162 156 142 336 287 293 326 332 324 330 291 278 312 
57 338 169 511 410 407 247 428 247 400 257 583 311 272 39 370 117 445 395 141 98 237 464 348 343 346 63 220 506 75 0 147 370 169 378 238 93 246 393 29 107 504 271 448 63 454 358 322 322 27 326 128 359 354 385 366 358 311 358 322 355 332 423 469 432 450 428 433 461 467 458 445 429 422 457 203 180 189 189 188 181 201 192 187 193 193 212 207 211 192 389 357 342 391 393 371 390 328 339 351 
147 179 82 363 312 272 149 286 92 252 117 445 218 230 133 347 95 309 267 65 82 143 420 206 280 220 194 112 381 84 162 0 255 69 231 155 88 205 342 173 138 360 156 324 116 332 225 247 199 130 230 92 214 208 233 218 215 170 227 204 220 198 353 381 369 366 365 361 378 382 373 365 358 344 375 90 98 97 99 90 98 93 69 90 88 95 105 75 94 85 306 297 291 322 328 312 321 283 268 289 
379 196 219 246 408 69 328 87 187 219 154 253 111 188 365 273 268 182 312 247 279 330 291 253 163 47 380 311 144 303 378 251 0 214 180 366 288 229 219 390 284 185 310 283 304 98 35 151 252 355 372 328 95 127 73 68 92 105 54 85 133 135 186 198 206 192 200 171 208 218 189 191 199 182 204 289 299 295 310 292 308 296 262 292 295 301 307 268 285 296 162 191 173 139 189 166 167 200 124 195 
179 201 15 360 368 228 203 271 114 265 110 439 161 172 167 278 88 294 288 38 75 207 359 234 219 199 189 166 334 93 178 76 211 0 234 212 97 143 281 201 106 342 201 337 107 291 186 200 226 153 291 148 196 198 224 198 199 163 185 179 204 195 299 323 313 317 304 288 325 338 323 314 307 294 318 138 147 151 159 141 143 153 128 145 144 152 165 145 140 142 252 239 222 269 277 245 267 218 215 248 
347 61 254 140 256 153 230 145 133 45 131 256 255 333 365 433 306 81 137 271 288 224 454 87 322 147 411 221 276 309 387 229 186 246 0 256 294 323 388 400 335 182 188 121 327 265 158 314 111 350 216 279 94 72 115 117 95 115 132 129 73 73 366 365 366 370 377 344 381 383 358 381 363 344 362 204 232 242 235 231 225 209 221 221 225 233 211 195 203 223 334 349 331 306 354 338 332 346 293 351 
175 223 226 375 198 352 41 365 193 256 200 499 356 373 208 497 232 337 197 208 210 34 575 181 414 325 285 59 488 195 230 169 347 228 252 0 213 362 485 263 277 412 67 282 239 439 329 401 162 223 115 106 284 255 326 304 295 261 315 292 267 252 493 513 502 517 496 491 525 530 519 516 501 482 508 90 79 75 68 76 84 87 112 70 92 87 62 107 89 71 443 438 438 447 459 463 468 434 403 438 
100 260 85 426 369 306 200 346 169 321 184 510 236 219 85 324 44 370 338 63 8 208 408 282 268 260 116 182 424 15 100 87 278 87 308 213 0 177 322 106 78 433 216 392 41 368 262 257 272 73 293 110 265 253 295 281 260 230 268 249 284 265 370 381 365 372 360 351 386 386 392 371 374 366 386 161 146 157 144 131 147 165 133 144 145 137 174 147 162 136 308 286 287 332 325 303 335 278 282 284 
259 316 137 442 496 274 347 303 225 377 217 455 114 50 235 151 142 357 426 161 183 354 238 360 126 233 240 308 318 186 231 198 220 152 331 361 181 0 160 241 138 389 346 436 174 256 219 113 360 222 429 283 257 276 258 239 263 239 239 234 275 284 209 236 199 233 203 199 230 232 230 225 208 213 239 282 288 285 292 285 294 289 269 288 284 295 301 273 284 287 167 117 121 184 163 153 175 114 143 132 
411 385 279 467 603 279 463 299 324 429 314 417 157 112 398 61 308 388 501 304 320 472 82 428 76 256 385 441 252 328 385 342 233 288 390 491 331 150 0 390 273 395 456 490 330 215 246 99 440 376 534 414 314 332 284 273 295 300 268 263 334 326 93 131 88 107 80 82 107 113 126 90 93 99 99 411 417 428 433 421 424 421 386 422 411 413 436 388 407 406 85 55 65 110 57 52 73 71 100 58 
92 355 174 523 439 414 260 444 274 438 281 605 308 288 62 366 112 478 418 155 118 277 453 376 339 378 27 239 505 109 30 185 395 188 400 254 109 240 394 0 111 526 290 475 79 451 380 339 351 67 352 157 371 360 397 381 375 333 379 342 387 360 431 466 439 447 429 425 462 465 463 446 449 445 456 231 221 208 230 213 221 225 206 223 213 221 244 236 242 214 399 354 361 403 393 389 389 336 345 354 
135 306 91 471 434 332 278 360 209 378 214 515 211 165 117 263 44 390 383 87 78 281 359 327 234 270 115 244 423 85 117 141 295 121 332 275 82 125 286 112 0 445 278 426 61 366 276 218 316 107 358 172 291 295 317 291 299 252 274 264 316 300 320 361 323 344 318 320 359 351 357 340 333 327 359 225 208 210 221 207 216 216 182 227 219 219 230 218 219 210 277 253 256 306 291 270 290 231 255 250 
488 211 362 110 399 130 396 112 270 176 256 98 295 370 505 429 432 103 280 377 420 394 441 250 331 184 535 385 166 439 501 369 187 360 165 420 435 386 395 533 449 0 363 213 460 186 194 323 273 486 387 432 178 185 140 170 174 197 179 197 175 185 316 319 330 324 329 324 350 341 317 335 330 318 333 376 380 390 387 389 394 367 365 390 375 387 375 346 357 374 324 355 342 293 340 328 318 366 300 356 
218 154 229 304 173 297 40 306 146 192 165 438 322 367 243 483 247 273 142 203 223 42 543 120 395 285 303 50 428 221 276 149 317 208 198 76 226 351 459 292 283 349 0 232 252 389 275 377 101 240 97 134 220 201 268 266 233 212 262 236 201 191 451 473 458 464 475 455 491 479 478 480 466 464 477 74 85 83 76 102 94 82 101 78 84 97 73 90 81 91 417 414 409 409 436 415 440 401 382 427 
427 134 355 115 217 230 262 222 229 83 243 282 354 425 444 522 393 133 111 349 390 267 561 125 433 259 495 263 340 393 457 315 290 342 127 290 392 444 502 492 442 197 223 0 424 333 265 414 138 436 210 343 206 171 208 221 209 223 251 238 173 174 460 447 463 454 473 462 478 478 447 478 459 454 457 271 288 301 274 300 284 274 284 283 291 277 279 266 260 287 434 445 442 415 452 439 450 450 399 459 
90 298 116 469 396 335 233 376 189 369 216 529 246 214 71 327 36 396 356 80 45 225 413 324 281 305 94 213 440 42 72 122 309 119 333 238 45 180 334 77 52 462 256 415 0 384 296 267 304 65 326 127 295 294 326 295 304 271 307 272 297 294 370 408 365 377 373 366 391 394 389 380 368 376 393 174 178 167 182 175 172 184 157 178 175 173 196 174 183 168 330 287 292 325 340 311 334 266 277 305 
444 265 294 287 507 110 431 125 272 281 240 215 156 233 451 250 344 232 372 324 365 416 257 328 186 126 468 392 77 370 441 334 99 290 256 439 358 257 207 453 349 186 391 338 385 0 139 174 344 427 448 414 181 198 142 148 165 206 135 176 206 223 132 128 163 142 144 133 154 154 125 161 137 143 134 379 396 387 393 382 396 367 353 392 387 380 400 352 375 378 145 185 180 120 166 153 155 194 141 194 
342 166 205 235 381 54 293 96 157 191 121 262 124 195 339 278 257 151 265 228 255 300 318 215 190 12 375 273 159 277 362 227 48 191 162 322 273 230 255 367 276 179 272 252 292 126 0 180 234 339 337 310 81 88 49 34 70 72 31 46 96 109 210 229 232 214 230 202 228 243 224 222 226 209 223 261 274 265 278 265 262 252 238 269 269 266 273 246 256 272 188 195 202 161 212 196 191 207 149 201 
334 292 186 388 506 211 389 245 240 342 233 374 65 60 325 125 225 332 424 217 261 396 175 345 38 168 321 351 237 269 329 256 148 201 304 395 250 110 89 333 229 332 366 410 260 172 170 0 362 308 453 328 231 255 225 207 226 205 182 193 260 254 121 157 114 141 112 112 131 153 141 125 123 103 139 318 342 336 336 336 337 322 301 330 322 331 350 306 314 334 74 40 35 79 72 56 74 36 50 62 
304 90 238 218 178 243 147 243 126 101 139 355 291 363 312 474 278 178 71 235 268 131 514 34 379 223 365 138 373 271 325 198 251 226 113 163 275 340 444 360 312 276 96 143 290 337 224 362 0 307 117 207 163 133 197 197 170 154 220 198 143 127 429 428 441 428 441 415 457 454 429 443 429 412 438 133 162 167 154 159 148 143 148 143 154 157 143 131 142 144 395 395 377 374 400 393 396 389 334 399 
51 320 147 476 398 377 231 404 224 373 242 561 292 264 33 369 103 435 379 125 74 223 454 320 338 332 82 211 492 59 25 136 348 150 349 220 67 230 387 47 114 483 239 427 60 423 337 311 314 0 308 115 337 327 368 346 323 288 330 310 328 313 412 450 420 442 412 408 444 452 451 437 418 427 448 180 160 170 185 165 167 189 164 168 170 171 192 184 182 173 382 338 332 375 391 370 372 326 342 342 
301 206 293 306 87 343 105 355 214 206 242 478 396 437 317 555 331 297 116 291 296 109 611 157 464 337 379 122 475 302 333 235 376 290 233 123 307 431 541 360 361 374 90 220 330 452 344 456 119 319 0 213 285 263 328 320 290 277 321 298 263 237 539 552 539 538 538 515 555 549 535 550 539 529 549 152 153 168 155 166 155 159 189 147 159 158 140 152 146 151 480 492 477 475 518 497 494 475 447 482 
86 240 164 416 291 346 124 361 172 304 191 513 291 301 110 413 146 348 266 135 104 120 495 245 361 302 182 98 455 106 135 87 320 152 282 100 113 276 423 159 185 429 143 354 123 404 299 345 213 119 220 0 278 265 303 303 277 253 297 260 269 259 439 464 436 442 436 423 456 464 452 446 444 434 457 79 71 69 76 52 71 88 71 71 65 71 80 91 92 77 399 366 370 402 400 393 404 363 343 382 
340 97 196 188 330 88 268 87 124 134 101 252 186 252 336 344 269 125 205 231 254 255 380 158 242 77 371 246 201 275 348 215 101 189 99 275 269 269 311 365 282 171 227 207 289 186 68 221 176 338 279 280 0 31 56 50 26 39 51 55 44 43 285 287 277 273 281 277 308 291 285 281 281 265 278 215 231 237 239 244 243 220 221 238 218 237 233 193 221 243 242 265 254 231 263 257 261 267 200 261 
317 65 200 177 292 111 237 124 113 115 101 264 192 276 335 353 261 108 188 212 269 238 409 120 269 98 368 210 234 265 340 190 122 196 74 256 270 272 321 369 289 172 212 177 283 199 107 243 138 332 263 256 35 0 72 64 55 58 82 72 25 24 297 297 314 315 311 294 322 329 296 317 295 290 309 201 214 229 216 229 219 194 200 219 206 216 223 187 196 206 274 277 276 261 301 278 279 293 227 296 
376 133 236 190 359 35 288 67 152 155 135 215 161 252 376 323 280 122 242 248 291 298 349 178 238 51 412 266 175 302 369 244 87 210 119 327 301 260 298 391 304 139 260 219 322 156 60 215 209 361 324 302 40 70 0 21 30 84 40 66 69 78 249 253 255 263 260 238 278 270 252 265 249 238 267 264 266 269 267 268 267 267 239 279 262 278 274 245 249 271 233 251 242 207 260 239 234 254 204 248 
355 124 200 213 360 52 292 85 132 151 130 237 158 232 356 317 278 133 250 231 277 286 342 191 212 49 383 257 192 276 368 226 80 200 114 312 282 253 278 379 295 156 247 225 298 156 37 199 206 332 308 294 32 77 35 0 34 51 32 44 66 67 236 248 261 241 257 249 273 261 251 262 258 246 246 241 261 258 260 266 261 240 236 267 259 252 268 223 245 264 211 231 219 203 231 221 233 230 186 241 
338 109 202 187 333 71 267 94 123 149 111 258 169 241 336 341 275 115 224 219 257 269 364 161 244 56 373 234 211 270 355 214 87 201 110 294 278 254 295 364 296 162 241 198 290 177 59 229 167 326 289 291 12 54 30 23 0 41 58 37 52 61 268 265 282 272 275 259 295 282 281 287 281 257 285 236 240 246 240 237 236 226 215 236 232 229 247 200 220 239 231 251 236 222 251 242 249 247 207 248 
310 102 177 228 312 104 232 123 85 154 69 294 163 230 308 328 226 140 209 190 234 237 370 161 225 77 342 211 243 250 309 178 119 163 102 268 224 233 287 343 255 202 209 207 261 192 67 214 161 294 279 247 37 55 82 60 42 0 77 43 65 47 276 278 291 283 276 265 300 296 285 291 282 279 289 200 203 213 220 209 205 188 184 215 207 211 216 169 183 196 240 252 238 238 269 258 250 254 191 248 
355 154 208 220 378 50 289 73 135 184 119 243 143 223 346 294 268 141 260 234 259 290 337 199 209 12 374 281 179 283 354 227 58 199 139 312 282 241 253 384 288 178 264 241 288 127 21 180 207 329 323 308 52 78 38 37 57 80 0 45 91 103 227 235 228 241 243 213 242 258 240 240 237 217 241 256 257 280 274 275 270 260 240 255 265 269 261 231 248 257 186 222 196 194 212 215 208 223 153 221 
318 129 175 216 355 74 262 99 122 164 91 270 147 214 327 315 241 156 245 196 249 271 354 187 202 44 354 249 203 268 334 193 86 176 123 279 258 218 264 341 265 200 236 233 281 160 43 188 180 308 302 259 41 57 53 36 33 50 43 0 77 75 249 251 253 258 263 245 279 268 260 252 244 234 252 230 236 238 248 242 232 215 202 236 220 226 230 207 211 229 205 218 219 202 233 229 227 229 178 237 
333 78 208 169 294 107 240 110 113 96 100 245 209 281 346 376 274 101 189 225 278 246 404 134 265 97 383 215 231 283 367 206 123 209 72 277 272 290 346 382 305 161 201 168 304 211 110 261 142 335 261 266 41 13 75 73 40 52 99 75 0 28 314 311 313 313 320 295 330 325 300 328 309 310 305 211 221 224 222 237 228 218 216 236 226 235 221 186 198 236 275 286 290 270 297 282 278 295 227 294 
320 67 202 177 298 122 234 130 92 103 79 271 209 277 329 368 270 113 190 219 250 239 404 114 279 103 364 215 239 264 332 187 145 179 64 251 267 280 333 369 295 184 198 178 281 211 101 252 141 318 249 259 43 14 78 79 54 50 97 71 34 0 301 321 316 314 308 296 328 323 310 322 317 310 316 193 214 218 204 217 213 192 196 201 210 215 206 171 190 216 275 289 284 258 291 292 296 286 239 286 
456 366 297 416 587 229 470 255 311 401 312 351 156 181 434 150 345 350 482 328 367 473 118 418 103 223 432 453 174 373 426 359 174 294 367 498 361 216 97 441 337 322 458 459 380 146 214 111 415 427 524 445 282 297 248 237 256 267 223 239 308 302 0 50 20 33 34 11 45 48 38 17 27 6 34 415 433 432 433 439 440 427 396 439 412 436 449 400 410 431 65 93 93 51 60 65 42 110 99 105 
472 365 328 413 592 238 493 237 334 398 318 322 177 197 458 175 359 332 489 351 382 507 139 434 131 212 460 469 166 405 462 389 193 329 362 518 399 245 120 478 357 319 474 457 401 120 216 153 441 455 540 462 281 303 262 248 275 280 223 260 308 322 42 0 42 25 54 42 46 47 15 50 41 51 20 430 452 452 451 453 457 432 413 456 446 438 449 420 435 445 84 137 130 71 86 103 92 150 130 128 
462 369 306 435 591 239 480 255 317 412 316 364 160 167 441 129 333 359 483 322 370 479 116 431 108 216 424 452 190 377 430 363 203 295 379 494 372 207 90 436 321 343 467 475 371 158 220 111 437 413 528 436 287 307 269 252 280 291 227 262 322 329 22 58 0 41 11 24 38 45 39 22 23 36 40 423 429 437 430 443 429 431 407 429 423 436 453 409 427 441 57 103 87 58 42 70 43 115 104 87 
458 361 315 415 601 240 495 251 323 397 328 341 174 175 442 147 359 347 493 336 368 483 120 423 111 212 439 456 180 381 453 373 186 317 368 503 384 234 102 444 346 328 469 462 380 148 216 140 425 432 537 458 289 302 261 254 264 275 228 246 320 324 29 34 41 0 28 28 22 34 22 35 33 27 14 439 449 452 457 444 447 437 415 435 434 449 451 416 421 443 76 113 116 68 63 88 55 132 108 103 
442 373 302 425 594 243 473 257 329 407 306 349 158 157 434 131 343 348 480 328 369 491 114 429 88 221 435 455 195 378 425 354 190 308 364 505 356 203 80 445 323 343 461 475 373 160 214 112 423 429 538 442 294 314 254 246 286 275 232 263 315 312 21 57 11 28 0 32 37 46 54 17 16 21 37 424 426 438 429 435 429 435 403 431 417 441 443 416 429 440 70 98 92 58 51 72 45 116 110 79 
436 357 293 405 579 228 469 239 323 400 307 337 156 164 435 136 324 333 465 330 354 467 120 414 85 208 433 443 178 368 429 362 191 294 345 498 360 214 81 427 316 332 452 454 371 145 201 117 419 424 534 441 262 303 258 245 265 261 225 248 295 312 6 46 15 28 21 0 38 50 49 36 29 4 27 406 431 425 429 425 417 415 398 420 410 416 428 389 412 419 52 95 89 59 50 54 42 103 97 95 
467 382 317 440 603 247 504 263 352 407 342 351 183 188 461 141 371 359 503 346 382 505 105 440 113 243 444 480 184 403 446 375 207 328 386 514 381 229 98 451 355 342 495 475 398 156 243 148 454 443 557 453 291 329 274 257 280 299 240 261 324 325 41 41 23 33 23 40 0 19 36 33 40 35 30 443 456 462 470 456 463 453 418 465 454 460 473 436 442 450 88 123 118 71 71 84 77 139 128 122 
485 380 323 424 616 241 506 260 351 424 337 353 187 201 469 145 361 367 496 358 381 502 123 434 136 237 464 474 197 395 465 392 206 329 378 521 390 227 112 471 355 345 497 477 394 149 239 145 459 449 568 476 306 319 271 258 292 303 242 265 336 339 42 40 41 26 31 34 21 0 26 28 33 48 21 445 466 468 464 465 462 443 431 450 439 457 461 440 437 456 85 124 111 89 76 100 80 139 132 107 
470 362 325 411 598 226 491 236 342 393 311 330 181 200 460 176 367 338 491 347 389 498 131 423 136 216 453 459 170 399 460 384 190 314 370 515 386 236 109 475 366 322 471 463 387 127 229 133 429 443 539 459 287 316 264 243 266 282 232 253 304 306 34 22 41 33 53 38 42 30 0 30 49 34 28 441 439 451 454 448 440 438 426 451 431 434 457 412 426 448 84 122 121 66 74 91 71 142 116 115 
470 365 310 434 590 241 490 251 323 406 321 346 172 179 447 146 352 354 490 329 368 500 120 439 113 221 447 449 193 387 435 360 197 310 367 513 376 215 87 453 344 335 481 472 378 154 229 124 439 427 547 440 296 319 270 261 287 296 243 259 309 320 16 45 24 31 9 19 28 38 42 0 17 27 24 421 444 453 451 431 449 429 419 450 432 444 456 426 427 433 61 93 93 63 54 61 60 120 113 100 
456 368 292 411 599 237 475 252 329 403 320 353 160 173 435 149 343 350 474 335 359 483 109 427 95 227 427 441 196 369 431 369 199 312 366 506 371 201 78 438 332 337 470 468 379 151 221 110 430 431 544 448 280 302 266 249 265 274 235 258 320 319 13 54 22 21 22 18 31 43 41 14 0 26 26 426 431 436 437 429 433 423 402 440 426 421 433 406 424 429 69 95 96 68 53 65 42 105 108 97 
455 352 293 401 591 226 472 238 308 385 296 343 138 162 427 136 335 333 473 312 349 482 117 415 91 209 434 446 191 373 438 360 180 304 355 491 358 215 96 433 319 316 465 450 366 137 198 115 409 409 525 423 265 295 252 247 272 275 228 248 299 312 6 46 34 19 16 14 36 54 44 26 16 0 45 411 423 435 423 433 421 422 386 428 412 418 427 402 415 424 50 105 79 40 45 56 48 117 103 84 
465 378 307 422 592 241 502 260 337 400 318 331 167 197 447 155 361 352 499 352 382 503 131 431 120 218 446 459 173 397 452 367 198 328 358 509 392 228 114 463 347 332 470 460 388 141 217 144 427 434 540 457 289 302 261 253 270 293 229 251 322 318 31 30 40 11 41 46 21 27 28 30 33 28 0 435 455 448 443 449 448 448 422 444 441 448 461 412 430 441 89 115 115 78 79 75 63 139 121 117 
159 173 169 342 241 295 66 304 129 221 130 460 274 312 181 429 185 297 202 143 142 65 494 165 359 247 246 35 416 163 195 82 276 137 212 76 148 287 417 232 215 376 86 275 180 378 257 322 149 189 156 88 225 202 253 254 220 191 256 229 203 195 412 437 425 425 429 412 448 447 447 433 425 424 433 0 28 21 33 40 34 18 44 15 14 17 21 36 25 30 373 350 356 380 385 385 391 360 337 374 
150 187 158 364 242 296 75 317 135 235 145 471 281 304 163 421 166 298 217 147 138 71 495 190 356 279 221 55 423 149 179 82 303 151 236 87 143 280 422 220 206 379 94 294 172 381 268 336 152 176 164 74 247 225 278 268 239 208 273 231 220 216 428 455 428 441 434 417 453 460 454 443 441 424 452 31 0 15 17 3 7 30 42 22 18 15 28 41 41 22 372 375 374 380 408 383 397 366 327 371 
139 184 163 356 238 302 60 336 141 240 155 476 298 320 174 424 177 312 214 149 143 64 501 172 351 281 224 43 432 136 179 89 310 148 228 84 151 292 422 208 219 383 99 287 164 390 280 330 164 163 161 67 232 214 268 260 252 205 263 242 236 213 426 447 436 449 435 433 464 457 453 447 433 423 451 21 20 0 12 15 13 34 41 16 32 21 30 50 36 14 385 365 369 398 408 397 407 370 351 384 
148 192 167 342 235 300 56 318 134 250 159 473 285 317 179 430 181 306 215 149 141 55 513 171 356 267 249 38 432 161 190 97 304 160 230 61 157 285 418 230 213 391 72 288 179 398 274 345 151 178 155 71 229 210 271 253 245 200 264 238 235 204 428 455 446 457 437 435 460 470 456 444 446 419 444 18 14 27 0 14 21 19 53 8 17 28 30 54 38 18 395 373 363 383 406 384 403 366 352 384 
146 193 149 361 246 302 79 321 134 242 145 467 278 301 168 431 170 304 210 145 129 76 498 180 355 262 224 40 421 146 180 83 298 155 241 89 140 276 414 220 198 388 84 297 164 387 276 327 152 167 169 60 234 231 278 270 246 201 270 230 236 219 427 442 435 445 439 414 461 456 452 444 422 421 452 26 15 17 20 0 11 34 39 28 22 25 28 55 47 10 382 363 356 378 407 390 395 354 337 379 
157 195 173 353 249 301 79 324 125 242 148 484 283 306 165 424 170 314 208 148 144 75 498 185 352 266 230 50 429 149 186 89 299 148 225 68 146 291 424 227 210 384 77 290 178 390 277 332 147 179 157 77 232 209 278 252 245 207 270 246 219 219 434 450 436 439 431 421 461 454 448 450 424 425 445 29 13 13 13 26 0 21 37 6 19 11 31 40 39 21 385 363 372 396 395 391 394 363 348 379 
162 163 158 336 237 278 64 315 117 229 140 462 272 316 185 416 172 282 197 136 162 81 488 152 359 251 241 32 410 166 202 89 283 152 202 88 150 284 414 239 230 376 80 273 188 374 250 328 134 190 162 88 218 193 251 242 231 198 242 220 209 182 413 431 430 433 424 407 445 453 445 436 416 409 441 18 32 26 28 31 21 0 42 14 33 27 21 30 25 18 383 353 353 374 394 385 395 353 328 364 
152 168 131 334 261 280 108 288 113 226 114 456 248 285 166 391 143 283 213 110 125 103 476 168 316 246 226 76 409 132 182 74 270 124 220 115 124 256 380 217 187 362 95 284 155 357 244 294 160 168 186 78 206 200 248 235 214 180 242 205 203 181 400 412 395 416 396 395 427 425 417 401 407 399 406 39 44 37 51 50 36 31 0 34 26 38 46 44 34 31 347 331 337 348 359 349 356 329 311 354 
149 179 168 353 236 298 67 312 139 242 138 474 299 318 175 433 180 293 199 152 153 74 494 179 351 275 238 29 435 157 197 98 299 160 216 69 147 285 415 213 223 386 84 284 173 395 278 344 159 184 151 75 233 211 272 268 246 206 260 227 230 201 438 453 435 448 434 415 465 452 447 451 432 432 446 18 11 13 15 17 5 29 52 0 13 11 15 35 30 5 388 374 373 385 395 389 404 364 344 368 
159 180 147 347 233 300 85 308 121 234 138 456 287 313 166 412 170 294 215 129 148 76 499 175 340 250 238 53 429 146 193 88 287 143 225 89 138 277 401 222 209 366 79 275 162 374 270 318 153 165 171 62 231 215 258 242 239 193 262 235 221 200 425 447 426 441 416 407 452 441 437 426 426 408 442 25 21 24 25 12 29 31 26 14 0 15 44 34 21 23 374 362 357 386 388 381 382 357 322 367 
149 184 157 347 239 304 70 314 139 249 150 461 292 307 157 421 165 300 215 136 133 80 492 184 362 264 225 52 430 135 194 87 286 153 220 72 136 296 415 213 206 371 82 296 164 375 275 327 149 167 163 65 242 216 273 252 233 198 252 236 223 209 422 446 429 443 437 421 447 460 437 428 423 428 437 21 10 29 26 22 16 36 30 15 19 0 31 35 29 18 388 356 366 376 393 379 393 359 340 378 
162 180 178 342 216 305 48 315 137 238 145 466 309 333 177 446 202 289 189 158 170 57 510 154 376 271 252 28 426 170 215 101 308 174 226 56 157 312 438 241 225 376 72 280 197 386 268 346 149 197 134 84 228 212 266 256 247 209 274 238 227 213 447 457 440 460 436 437 457 470 463 457 451 436 456 38 38 42 29 44 21 27 55 25 33 32 0 35 26 20 392 387 374 402 419 394 400 378 357 394 
172 143 159 318 237 260 84 287 109 217 107 430 257 299 185 413 176 267 196 136 145 78 488 156 325 239 252 59 397 163 208 83 276 138 185 110 148 282 393 230 214 348 88 251 186 350 244 313 120 185 152 102 194 180 231 217 215 182 225 202 194 165 406 420 412 420 405 406 439 431 420 412 412 395 423 38 36 58 45 43 43 23 39 35 38 40 43 0 22 48 354 349 350 362 385 365 376 336 307 348 
181 165 157 319 222 270 75 305 119 215 138 438 265 298 193 419 185 287 193 149 149 74 486 146 343 245 250 47 401 154 219 81 289 139 200 95 166 289 398 241 230 355 74 269 178 372 243 333 127 187 161 100 214 184 243 239 219 188 242 207 195 190 412 435 422 419 415 411 449 445 424 434 420 419 429 19 39 40 38 41 44 14 35 34 32 23 42 13 0 25 375 367 349 381 396 365 373 349 324 371 
158 179 170 347 239 297 77 320 131 237 147 468 288 308 161 425 174 312 210 137 145 82 500 176 364 273 236 52 432 153 202 84 305 143 230 69 136 284 411 227 206 376 88 277 165 381 270 335 159 172 150 60 228 210 278 258 239 213 269 229 220 201 427 449 438 440 441 423 445 457 448 439 430 412 454 14 19 10 19 11 12 32 49 24 17 6 31 50 32 0 373 361 362 377 397 383 387 354 344 382 
409 314 247 389 556 199 441 233 268 366 268 352 97 128 398 141 282 323 452 284 309 433 151 383 52 177 374 394 197 333 387 305 147 249 333 449 309 166 76 385 273 308 412 428 329 147 190 60 376 368 477 398 247 275 230 207 226 230 188 204 265 276 68 78 59 68 70 50 80 77 83 77 63 51 70 366 382 394 393 382 389 378 354 387 373 371 400 358 365 374 0 55 45 36 39 28 27 88 57 62 
376 341 220 420 558 234 429 262 276 384 263 388 95 85 359 95 263 358 454 250 273 412 142 381 12 202 351 386 244 298 357 298 184 240 334 441 280 113 68 348 253 356 415 447 280 180 203 47 390 346 482 361 256 276 253 223 250 249 203 233 296 288 101 133 104 106 96 90 111 124 131 112 87 85 116 367 361 373 369 371 359 365 333 365 352 362 372 338 357 360 52 0 18 75 57 47 53 34 64 19 
379 323 217 419 553 235 410 241 271 369 264 377 87 78 352 108 265 345 447 242 291 413 155 380 25 193 357 386 223 288 351 294 178 222 339 425 282 133 64 367 253 346 405 440 288 173 185 49 385 344 483 367 247 270 231 234 239 246 211 222 282 278 103 128 99 113 90 89 107 121 120 105 91 79 112 349 374 362 366 363 358 369 343 378 349 372 375 345 355 374 54 19 0 65 52 44 58 33 58 33 
422 323 247 373 532 193 436 210 282 363 260 338 99 152 397 155 301 301 439 285 313 426 149 365 80 166 395 410 163 336 400 306 136 256 316 446 316 191 105 414 289 291 414 414 330 128 165 79 388 376 476 394 233 254 203 198 222 239 188 207 253 270 62 71 63 56 57 39 71 89 75 62 55 46 66 378 389 395 383 379 392 374 358 389 380 386 386 353 377 380 29 71 62 0 55 40 32 105 71 83 
418 346 252 430 576 238 461 257 305 399 295 383 130 118 396 105 297 356 462 294 331 456 113 399 51 205 383 413 219 328 392 329 190 257 347 469 321 167 54 393 294 339 428 457 329 168 208 88 403 386 509 407 273 290 260 246 253 254 223 228 291 298 56 86 46 79 51 61 83 76 89 55 59 46 69 383 396 398 399 403 411 390 362 406 393 406 422 374 395 391 40 47 46 58 0 32 24 70 70 42 
392 344 250 405 553 216 438 258 294 371 274 364 108 121 390 117 294 345 453 273 305 441 128 392 53 201 367 399 221 324 373 310 174 259 339 451 308 160 64 381 278 345 424 444 310 167 193 56 392 366 493 385 261 279 237 236 243 246 213 219 293 286 70 95 56 79 59 53 82 98 83 65 74 67 82 385 386 386 393 385 385 379 358 381 371 374 401 373 365 376 29 40 31 54 20 0 30 73 57 37 
405 330 257 417 560 224 447 249 282 371 275 365 115 139 392 117 300 348 459 294 325 439 123 399 52 208 383 423 193 335 388 319 174 271 340 468 316 176 70 392 291 330 422 438 326 160 193 71 390 378 508 395 249 274 231 219 247 252 213 226 279 296 54 79 56 64 45 47 67 76 85 67 55 48 75 387 392 406 401 388 393 382 356 398 390 399 401 375 392 395 34 51 47 35 21 28 0 69 60 63 
356 331 207 435 553 249 418 263 267 375 261 403 95 73 333 87 244 367 454 249 261 414 146 386 35 209 319 382 250 278 324 277 201 229 344 421 263 110 60 341 230 364 395 461 273 203 205 39 388 332 477 350 267 278 259 242 250 245 213 238 299 286 116 159 117 134 111 113 140 149 139 122 110 105 143 353 351 369 356 365 370 361 337 363 360 350 381 339 347 363 75 28 45 105 71 63 71 0 74 35 
357 293 196 367 505 189 381 219 224 329 219 345 67 107 344 145 241 303 400 224 271 391 176 338 41 144 339 355 196 287 339 272 134 205 299 407 274 131 116 355 247 300 375 404 282 138 151 42 340 340 440 354 214 233 189 180 194 207 156 176 243 229 106 138 100 116 111 98 119 137 128 123 97 92 127 320 347 350 344 339 333 324 301 339 338 329 344 304 325 336 62 64 49 64 77 68 69 79 0 75 
369 337 239 432 559 250 424 269 280 385 260 393 114 98 366 85 271 353 466 249 280 426 127 403 32 204 354 397 249 302 356 303 191 240 346 452 287 129 55 352 248 357 411 447 306 187 215 57 394 342 497 372 273 295 256 244 250 254 218 239 305 288 94 117 83 104 88 95 107 116 126 100 88 90 122 362 369 371 371 376 382 371 348 376 366 380 379 344 368 378 55 28 25 83 57 51 49 39 61 0 

Depot information
381 485 1
141 302 1
345 328 1
3 200 1
21 498 1

Cust information
186 156 1
192 474 1
159 142 1
236 320 1
75 283 1
233 304 1
40 27 1
342 182 1
421 197 1
400 469 1
492 108 1
391 372 1
77 199 1
51 382 1
348 359 1
370 395 1
193 476 1
485 17 1
106 348 1
398 131 1
225 183 1
469 454 1
212 449 1
203 25 1
377 408 1
425 463 1
301 383 1
239 153 1
330 331 1
112 271 1
206 498 1
374 397 1
432 236 1
445 88 1
451 466 1
430 359 1
68 112 1
167 443 1
8 297 1
405 404 1
245 65 1
227 183 1
387 151 1
119 369 1
405 454 1
100 485 1
299 465 1
181 225 1
169 248 1
181 187 1
198 197 1
186 217 1
208 248 1
215 188 1
216 219 1
157 242 1
168 258 1
374 43 1
355 16 1
389 42 1
372 29 1
388 43 1
375 49 1
385 20 1
382 15 1
359 20 1
386 35 1
381 42 1
373 48 1
370 23 1
235 429 1
248 443 1
246 448 1
239 446 1
251 444 1
244 444 1
232 429 1
256 413 1
239 442 1
245 433 1
245 439 1
224 446 1
232 411 1
229 422 1
244 440 1
372 92 1
409 125 1
400 122 1
354 83 1
399 83 1
393 95 1
384 82 1
421 140 1
358 135 1
414 118 1
