Seed 123 - Instance: n95m5_2
n 95
m 5
Q 9999
L 5
U 21

0 482 438 112 256 449 272 462 424 273 447 393 421 468 440 134 412 185 416 353 413 51 435 82 439 67 294 388 389 423 116 399 115 208 412 160 396 424 294 320 225 345 296 425 65 206 280 468 467 428 417 177 487 419 478 409 482 448 443 446 455 471 473 476 230 265 171 254 231 208 220 230 184 413 379 394 387 371 380 351 379 367 424 379 390 412 388 414 354 368 401 414 314 331 317 351 326 305 319 338 
480 0 77 385 282 95 229 321 97 292 329 317 343 316 316 409 216 347 111 120 350 532 100 538 125 511 467 104 113 165 519 347 518 457 340 343 285 389 243 210 307 160 309 491 521 328 416 43 440 305 307 304 90 99 86 119 91 110 91 106 106 82 108 90 347 289 386 362 341 316 359 339 380 467 478 425 455 430 430 436 428 435 455 432 436 428 477 464 459 415 469 484 353 382 383 379 347 369 349 391 
441 75 0 359 217 145 218 361 114 287 350 333 369 337 351 375 247 319 131 100 353 479 128 510 172 480 464 108 106 190 497 348 477 429 365 309 307 410 252 163 291 134 238 505 487 280 405 53 473 338 250 260 143 139 150 140 140 138 115 139 154 124 159 137 284 239 324 316 276 268 320 283 319 466 474 439 484 432 432 448 434 441 483 434 457 454 492 474 470 425 489 492 367 383 392 392 362 370 353 407 
128 391 354 0 193 344 171 351 310 151 330 289 329 368 329 70 306 79 303 261 299 168 336 168 331 140 224 292 287 306 166 290 148 156 302 56 291 321 164 264 120 244 258 361 155 174 214 369 379 312 383 120 369 308 364 314 366 346 333 331 345 356 368 376 200 212 156 255 210 173 207 192 170 341 304 305 324 286 306 277 299 300 340 307 317 336 313 341 274 283 329 351 215 231 235 245 216 227 212 246 
243 278 215 196 0 284 169 419 240 215 389 356 407 401 388 244 316 200 263 176 380 289 268 317 300 302 393 223 218 291 329 372 313 324 391 137 348 418 213 99 225 187 83 488 299 57 341 270 474 370 204 84 310 248 305 260 305 291 276 276 298 281 298 309 78 51 122 113 76 55 107 78 100 461 442 425 455 410 428 405 415 410 464 409 426 446 442 475 419 410 470 475 338 343 349 371 318 330 330 378 
459 86 145 356 290 0 204 245 58 223 251 224 260 233 234 366 129 297 40 137 259 491 34 508 40 467 405 72 74 81 478 252 466 386 247 313 212 296 201 241 264 114 330 415 505 323 353 113 369 225 373 301 30 39 25 58 39 23 18 35 24 21 22 49 363 317 382 386 352 331 390 352 393 384 389 334 383 348 351 353 351 363 371 345 363 346 392 381 376 337 405 397 286 300 302 313 286 286 287 302 
271 237 220 171 178 198 0 244 164 72 244 200 231 241 227 170 154 119 156 129 230 312 184 326 190 285 262 142 142 174 298 218 288 222 232 133 191 256 52 197 82 86 251 331 303 191 220 246 326 218 331 148 214 156 221 162 212 193 191 185 187 194 205 225 235 195 210 276 229 192 245 229 241 311 307 274 302 272 275 254 263 262 301 269 283 285 305 323 270 271 324 326 178 193 192 218 171 188 178 215 
465 313 354 361 417 246 254 0 263 218 37 63 42 21 25 335 127 288 231 292 76 477 240 471 206 438 265 263 250 165 427 75 421 302 62 347 71 97 204 407 236 267 472 212 460 443 211 354 138 52 542 385 254 239 229 241 246 228 239 227 214 262 227 265 469 451 457 524 464 420 485 459 482 177 214 146 180 156 169 186 151 169 169 160 175 135 212 174 193 157 203 181 169 150 166 162 159 170 163 148 
426 87 102 317 241 64 159 258 0 221 261 250 272 255 252 341 151 289 45 86 279 471 45 473 61 447 396 41 28 90 461 275 451 381 256 273 213 304 174 196 244 85 299 421 467 282 335 102 387 235 328 266 71 42 64 32 80 64 30 49 57 60 65 78 319 266 335 346 315 287 337 304 347 385 396 335 385 349 350 354 354 362 392 348 363 355 391 387 384 346 396 394 289 300 301 313 279 297 269 319 
264 290 286 157 232 237 75 208 220 0 205 153 199 208 199 143 164 94 197 179 177 294 209 292 211 261 202 186 193 176 268 175 257 173 179 137 151 209 39 267 44 160 296 270 285 238 156 288 276 173 395 168 255 203 248 192 244 209 225 208 218 252 241 261 276 268 260 330 269 219 284 265 279 240 227 208 242 193 201 205 190 210 256 203 208 231 246 244 207 198 245 268 116 143 146 161 111 117 117 145 
450 324 351 340 406 248 230 38 251 195 0 49 31 50 22 304 130 281 236 285 46 465 228 466 203 419 241 256 265 170 406 65 400 279 42 345 67 69 193 400 220 254 478 206 459 431 201 344 123 36 540 357 262 229 239 223 242 232 243 226 232 263 222 272 462 426 437 511 458 420 467 456 468 163 188 127 170 150 151 172 135 156 155 138 136 124 179 164 186 135 190 174 141 141 158 125 135 138 144 134 
395 312 343 301 367 243 204 72 234 150 54 0 40 73 47 269 109 224 214 264 31 416 227 414 204 385 214 228 233 159 348 36 367 257 32 295 31 78 171 380 175 219 425 190 407 388 159 345 138 44 523 328 247 213 234 213 247 225 229 219 219 249 235 256 412 404 404 479 427 371 426 412 421 153 164 122 158 123 128 148 119 124 150 114 126 121 176 165 157 129 180 168 102 92 122 101 101 112 100 105 
423 334 373 331 397 242 233 46 263 191 33 39 0 58 27 294 143 272 239 300 38 455 243 461 218 413 231 253 254 189 384 56 396 264 32 327 60 65 192 418 210 260 463 172 430 422 193 363 120 37 549 358 276 250 249 232 266 235 250 233 238 279 234 270 463 437 444 500 458 401 463 443 467 146 180 118 153 116 135 157 115 140 138 124 123 112 180 152 158 126 157 150 131 132 125 120 122 131 120 123 
455 307 337 358 404 217 256 28 260 211 49 69 57 0 30 330 123 290 228 295 89 480 225 496 196 459 273 240 259 153 429 97 423 323 81 344 89 111 203 416 242 249 476 226 474 439 234 341 152 54 545 379 233 221 238 224 239 212 226 221 215 252 218 259 465 437 465 522 471 434 493 459 470 191 216 165 195 176 185 189 179 190 193 172 177 149 220 183 219 174 217 210 163 157 182 165 164 174 173 160 
436 327 340 330 392 229 235 29 246 206 15 58 41 42 0 303 115 268 231 285 64 465 224 464 209 430 255 256 244 170 413 64 409 303 56 338 61 79 199 402 230 243 468 204 445 415 214 338 130 42 545 353 241 218 239 229 232 228 235 228 204 263 216 248 466 434 439 500 456 420 466 454 454 164 204 132 169 156 145 172 146 161 160 144 149 143 198 165 181 150 182 189 152 138 165 149 142 161 152 147 
132 405 382 66 252 361 175 336 340 137 304 274 291 328 318 0 305 75 322 290 277 159 352 159 341 130 166 301 310 330 127 256 117 98 285 109 273 282 179 302 114 257 310 313 146 227 161 400 339 291 432 165 377 339 379 331 377 348 349 334 348 367 363 396 258 265 200 310 278 215 250 263 225 294 255 260 267 244 242 234 250 257 286 262 259 277 269 290 227 248 276 300 191 185 191 207 195 175 182 205 
408 206 238 302 303 120 162 118 143 157 131 109 138 123 112 297 0 250 123 175 133 446 123 450 108 405 294 142 136 54 408 148 409 300 124 275 78 174 129 294 183 158 381 291 443 337 244 235 247 96 433 288 146 121 144 112 138 118 131 107 99 149 113 149 386 334 370 417 374 329 400 361 385 247 280 220 271 233 226 240 235 227 271 225 240 221 268 276 255 219 273 272 179 192 202 193 169 189 182 200 
180 345 334 70 209 303 127 283 284 95 273 227 275 287 271 65 250 0 259 239 242 215 297 224 283 169 185 247 249 269 187 230 178 130 248 99 224 274 127 268 57 208 278 294 194 197 155 348 308 254 403 149 327 280 325 270 322 299 294 295 289 312 307 335 245 238 193 292 248 189 249 235 213 281 258 246 257 246 237 218 238 234 287 235 243 271 260 284 233 243 278 281 164 166 171 187 167 161 151 192 
419 119 126 300 249 47 160 220 36 204 228 217 239 219 220 323 113 262 0 93 236 450 30 461 43 429 379 46 41 64 448 245 436 362 245 274 191 277 151 227 223 95 301 389 450 292 321 135 353 214 350 256 80 21 61 12 73 37 39 38 52 50 52 81 332 289 341 367 325 292 339 313 352 348 358 311 364 319 318 340 311 336 366 325 332 323 364 367 348 315 384 376 253 267 279 285 261 256 245 285 
351 136 98 256 164 134 131 286 91 189 289 254 289 296 282 299 174 233 87 0 285 406 116 407 136 381 373 57 61 143 401 285 388 340 285 223 242 319 150 132 194 36 222 434 417 214 319 120 403 256 280 191 148 88 133 84 141 125 109 113 131 125 149 142 244 207 264 286 235 208 265 232 268 388 402 346 381 346 357 368 357 358 404 356 364 363 401 392 374 361 418 405 285 287 301 302 276 280 276 314 
407 336 362 295 372 260 229 62 261 176 53 30 47 76 63 276 141 248 234 295 0 433 248 423 219 376 196 261 268 186 365 9 357 245 13 312 68 52 181 405 184 243 465 171 414 408 152 356 130 49 543 350 268 249 253 250 260 237 268 245 230 273 246 281 438 426 425 483 445 398 451 428 432 118 145 83 141 96 104 135 113 111 138 91 120 103 156 143 143 96 153 145 91 96 117 97 107 103 106 90 
54 517 480 168 286 506 311 485 470 289 464 432 446 489 477 166 439 215 461 413 421 0 479 31 485 56 287 436 440 461 112 418 92 200 439 191 426 431 314 379 276 395 340 437 36 264 285 511 479 437 456 244 516 470 508 446 516 482 490 488 488 505 505 525 258 307 211 309 288 264 265 279 228 430 394 400 397 388 401 376 393 384 428 405 393 431 395 426 376 388 422 431 333 347 344 356 344 325 343 365 
449 95 142 337 271 36 184 238 47 206 239 226 237 224 236 336 126 281 31 121 257 472 0 479 32 448 391 61 53 68 467 250 456 377 234 297 187 287 175 237 241 102 320 415 481 310 329 124 364 206 369 281 39 25 47 26 49 27 31 25 18 34 34 63 336 296 351 375 342 302 370 329 375 369 375 321 367 326 348 338 325 348 365 333 339 341 387 371 370 323 378 391 275 294 294 302 266 284 274 299 
72 543 498 166 323 505 310 485 481 289 452 413 461 484 462 154 443 214 459 421 424 40 486 0 486 47 280 443 441 477 90 421 83 200 423 212 419 439 318 400 261 389 356 425 13 274 285 527 459 443 483 253 535 476 527 462 522 488 505 475 500 509 519 527 287 317 220 321 297 279 285 300 250 427 383 399 385 377 373 366 378 383 415 385 383 415 388 426 346 383 403 419 340 345 324 353 334 333 343 353 
452 114 167 333 289 31 188 200 80 217 214 208 228 194 200 356 109 288 52 141 229 489 31 501 0 464 369 74 86 52 453 219 453 363 213 309 176 269 182 270 243 113 344 386 486 343 314 144 340 181 378 305 60 44 41 52 58 28 56 36 18 57 23 74 356 333 381 394 364 332 382 362 379 345 358 301 351 308 315 338 322 333 358 307 327 307 361 351 354 320 358 359 266 264 291 293 252 274 246 287 
59 505 474 131 302 477 295 453 442 259 432 378 409 440 422 119 408 184 428 388 394 49 460 44 457 0 250 405 414 432 78 368 65 164 403 184 386 394 288 378 229 365 344 385 37 264 256 496 429 401 477 216 499 427 479 418 497 455 463 454 457 480 485 494 275 302 208 310 287 250 272 289 246 380 336 360 351 342 348 323 344 336 393 354 348 388 351 384 317 339 375 392 287 301 290 322 289 291 302 323 
290 478 466 226 387 402 271 257 389 202 241 203 235 271 250 177 300 190 370 384 206 298 390 276 382 246 0 360 372 343 209 203 210 94 212 262 220 199 230 429 176 337 452 158 262 377 61 481 208 241 581 327 431 382 417 359 411 392 389 389 383 413 403 432 404 414 358 477 422 371 416 418 387 160 118 135 123 124 118 95 127 127 159 129 129 154 114 158 94 123 133 141 123 130 106 110 131 113 125 121 
385 105 105 284 216 78 138 263 32 185 247 238 256 240 255 307 131 258 44 71 247 447 72 450 89 415 378 0 6 92 432 246 424 343 251 252 211 301 150 196 214 49 282 402 426 260 308 120 357 219 313 233 88 41 94 36 94 79 61 71 88 67 85 102 291 258 312 322 283 247 321 295 311 376 376 327 367 335 347 337 322 339 371 328 351 346 373 377 363 341 380 394 252 274 292 287 260 273 258 289 
393 109 118 294 227 73 147 255 35 191 252 234 271 257 257 319 142 250 39 70 259 451 67 460 87 416 376 24 0 107 419 265 419 348 256 245 201 310 150 195 215 51 283 406 437 264 311 107 374 228 312 240 95 38 94 31 87 77 57 61 71 71 101 95 292 247 304 329 284 261 317 277 314 374 385 335 380 335 352 348 345 340 386 335 356 347 395 377 370 332 402 384 269 287 282 301 255 277 270 306 
428 172 198 321 304 75 165 168 94 182 181 154 191 166 168 324 61 275 62 151 182 475 78 461 59 425 335 98 107 0 425 178 422 332 186 283 127 233 150 279 218 127 345 353 456 328 273 187 301 157 407 281 109 78 91 78 85 55 92 71 68 101 80 119 361 320 375 415 350 317 390 352 385 310 322 260 321 282 277 299 268 294 299 267 294 269 322 312 299 264 317 317 213 224 244 236 205 231 206 244 
128 523 495 160 330 486 301 414 446 265 402 348 382 419 410 127 398 174 437 397 352 107 455 95 466 77 196 423 426 435 0 345 31 119 372 212 365 362 282 410 232 371 397 335 86 310 217 530 389 391 520 255 508 446 486 444 486 464 472 458 468 484 493 500 327 351 269 366 340 307 315 333 293 351 293 322 312 310 312 282 308 295 354 323 313 332 315 352 286 310 320 329 260 276 256 284 269 261 262 293 
390 337 366 295 378 256 221 69 269 158 67 31 37 79 72 258 145 238 232 276 10 420 238 415 218 370 197 244 255 192 342 0 354 234 25 297 68 54 171 393 182 240 440 178 404 384 158 362 134 61 524 333 266 252 272 231 268 231 269 246 243 279 241 286 437 409 399 480 431 391 450 416 424 129 157 84 143 107 100 123 91 116 138 97 110 91 142 147 132 93 161 140 90 99 92 97 82 92 94 85 
115 514 485 157 314 479 299 418 439 263 399 355 395 437 410 117 413 172 436 388 366 103 449 82 465 66 217 420 415 423 17 349 0 136 372 207 371 364 284 398 220 383 393 352 81 292 224 506 391 384 499 246 496 436 493 436 503 464 459 457 464 476 487 511 318 330 245 351 328 294 306 319 274 348 311 322 312 321 324 283 309 310 360 326 317 343 321 358 286 307 328 356 282 274 267 282 278 271 267 298 
193 440 428 144 321 388 232 306 376 171 279 238 283 310 287 83 303 134 348 331 250 197 374 200 367 163 107 340 365 344 119 235 119 0 262 186 256 255 198 379 140 316 390 244 184 309 93 454 272 265 513 248 426 366 408 358 411 383 397 372 371 413 394 428 331 346 290 397 353 297 347 342 317 233 203 208 200 197 203 164 185 188 244 198 207 228 210 233 162 195 217 226 152 169 146 162 155 155 171 178 
415 337 366 314 385 261 227 60 274 173 46 29 32 81 55 286 140 255 238 277 20 431 252 428 212 387 205 244 258 184 359 18 374 253 0 305 53 60 187 389 203 247 467 178 421 412 170 347 123 43 542 342 264 230 255 242 262 243 254 233 241 274 249 285 435 427 415 487 446 404 463 436 450 141 169 104 139 115 113 131 115 126 132 106 113 108 168 139 163 116 159 155 112 113 107 111 96 122 108 108 
159 344 310 62 142 308 124 345 281 146 338 300 338 350 328 127 279 83 281 225 309 201 301 205 299 183 276 246 248 290 210 293 206 192 309 0 286 343 151 197 128 213 217 392 191 130 235 337 395 322 336 71 325 284 336 273 345 314 300 290 304 327 328 342 153 161 108 219 168 108 160 167 147 365 338 332 353 311 320 300 324 322 357 316 331 335 337 374 319 318 354 375 240 243 252 260 233 237 225 282 
384 295 312 285 349 210 173 81 208 138 77 27 67 77 70 275 91 225 180 240 70 417 188 424 172 383 228 209 210 140 367 56 366 258 61 279 0 99 151 347 169 198 415 209 402 356 168 299 168 38 492 311 225 184 216 191 209 193 204 193 182 223 193 234 394 368 379 459 398 360 416 388 397 172 192 137 187 159 162 166 139 169 173 149 156 152 202 178 176 143 201 193 108 117 129 122 98 123 112 124 
410 371 392 324 425 294 266 99 308 214 65 67 62 107 73 284 185 262 272 329 45 437 278 425 268 385 187 293 312 230 365 49 368 240 60 327 94 0 208 431 212 296 487 137 431 426 161 401 73 80 577 374 319 288 308 291 299 276 310 290 270 308 288 316 477 451 435 512 463 428 485 466 457 84 116 57 104 76 91 100 73 85 98 77 76 64 118 107 124 79 114 109 110 103 107 100 115 117 121 98 
280 258 242 175 216 194 55 209 174 45 211 160 201 204 207 174 134 127 151 149 189 329 177 315 189 282 233 159 147 164 288 170 294 218 177 164 141 215 0 228 71 126 287 293 314 237 183 266 283 164 373 168 210 160 209 148 223 178 187 180 187 203 212 239 262 244 256 308 256 226 279 254 268 264 268 216 264 230 218 231 219 220 277 218 246 244 268 277 235 226 274 291 149 155 165 185 127 148 139 183 
319 215 148 259 91 253 187 405 203 267 413 368 417 407 411 310 305 262 216 145 395 371 231 393 254 374 439 187 191 282 405 383 390 374 397 208 343 432 222 0 267 162 93 511 394 139 396 195 499 369 146 146 269 222 259 212 269 246 240 238 253 230 275 264 138 98 188 172 132 137 165 147 190 497 472 441 483 449 457 440 450 457 495 458 468 469 487 503 460 444 499 511 373 383 380 396 354 361 369 407 
229 315 299 134 218 252 99 233 242 30 215 175 207 244 226 119 195 66 222 206 201 266 233 272 237 231 177 215 226 217 224 184 229 148 207 129 169 222 76 260 0 167 295 279 268 219 139 326 273 206 403 170 286 236 281 217 273 241 241 234 236 270 256 295 273 258 232 328 277 223 269 251 257 247 231 202 227 204 201 207 202 198 251 200 213 236 250 263 201 192 246 252 112 147 142 159 118 132 119 169 
339 146 127 237 176 123 90 262 78 143 259 236 256 261 261 265 142 204 85 38 253 384 110 401 114 365 350 62 65 129 383 252 383 301 261 193 194 287 107 164 170 0 238 397 382 217 286 150 372 219 296 184 139 87 140 85 150 126 120 104 110 122 129 155 249 218 273 295 254 224 268 235 268 361 362 308 351 325 320 319 305 321 365 325 324 329 357 357 330 321 362 370 243 246 259 275 238 242 233 281 
305 310 242 251 86 333 250 478 285 307 477 438 461 478 467 323 384 283 312 213 453 338 319 373 345 346 461 283 268 354 395 457 374 385 465 208 404 482 279 95 299 232 0 565 352 103 430 277 561 437 130 155 347 316 360 294 359 345 309 326 350 333 353 357 84 54 141 78 79 105 110 76 135 530 516 498 524 496 497 494 492 492 544 500 502 511 536 546 488 496 544 545 405 429 430 443 398 406 398 438 
416 492 511 358 495 421 335 215 415 266 206 184 186 228 198 307 293 303 394 430 166 436 403 425 386 383 161 405 409 341 342 172 350 247 174 384 223 126 291 513 275 384 574 0 407 503 167 523 89 204 669 426 444 391 422 387 434 405 414 393 389 423 405 450 521 519 499 591 540 485 528 528 522 60 48 91 43 89 90 87 80 71 46 85 82 85 54 36 89 79 29 35 178 145 143 132 167 168 169 129 
67 520 502 160 309 500 316 465 460 293 451 411 441 470 460 149 441 208 450 409 409 35 468 23 480 36 267 441 451 464 85 413 68 192 420 195 405 417 314 392 254 394 350 404 0 274 271 514 462 436 469 237 517 469 518 452 512 491 489 483 494 508 508 530 292 313 225 316 296 265 264 296 248 411 377 382 374 378 371 353 363 368 403 386 376 408 373 406 339 371 388 402 318 335 313 345 328 315 317 354 
207 331 265 165 49 327 196 429 290 238 429 386 429 441 415 229 337 198 293 208 397 261 321 269 330 270 385 267 273 331 313 402 287 316 412 114 373 426 240 125 226 219 95 492 281 0 353 299 499 395 227 71 357 295 355 296 362 329 321 320 327 329 343 356 42 64 58 90 47 21 69 52 55 480 439 439 458 430 425 426 416 422 471 431 427 444 461 469 431 427 460 471 331 358 358 375 332 338 345 381 
284 424 405 207 351 337 211 213 336 151 197 173 194 237 198 144 239 147 311 328 161 303 327 277 325 241 62 317 323 288 224 151 211 109 175 228 180 155 172 386 144 276 431 158 278 339 0 434 191 191 534 282 364 315 361 310 350 322 353 334 326 359 341 376 389 386 330 435 394 330 396 383 367 140 123 111 118 103 112 94 102 98 154 108 116 136 118 153 82 109 130 161 76 64 65 88 76 59 72 71 
466 33 52 388 269 115 244 346 96 303 354 331 356 348 340 410 226 361 122 118 355 516 122 540 152 503 490 126 114 197 519 350 505 460 366 337 299 405 267 204 324 144 277 516 525 319 424 0 465 324 289 298 107 122 131 137 134 132 107 123 144 93 143 105 331 282 372 351 320 303 360 319 369 487 490 438 480 436 449 454 449 451 473 433 451 442 488 479 476 433 489 495 379 384 405 397 368 382 366 410 
454 457 461 375 491 366 331 143 380 270 134 147 115 154 145 343 245 309 352 403 115 467 357 464 328 441 201 373 376 288 386 114 406 280 132 401 171 81 275 502 268 360 558 87 462 502 195 465 0 144 637 426 383 343 371 341 366 346 368 357 346 380 360 393 540 520 504 591 525 486 546 520 531 70 120 85 94 93 98 123 94 102 54 87 91 65 105 77 118 89 91 74 157 150 163 132 178 169 170 130 
413 298 329 310 372 215 220 43 236 165 36 43 37 53 35 280 94 259 215 264 59 449 219 453 185 409 233 225 221 144 383 63 388 275 39 322 34 81 166 380 206 227 450 208 441 386 181 333 144 0 514 334 233 202 235 206 225 202 236 205 209 236 216 244 432 415 411 481 435 388 456 429 437 175 186 136 182 135 154 171 135 145 166 148 157 129 192 179 175 135 199 189 122 136 145 133 115 137 119 134 
425 303 252 383 205 359 345 551 323 393 558 510 545 542 543 432 437 390 343 262 544 460 350 473 379 476 577 315 310 400 507 534 515 512 541 327 494 578 374 160 405 297 141 671 474 227 529 283 643 526 0 279 367 339 386 349 381 376 361 372 376 345 384 361 200 177 272 185 187 215 215 188 238 633 620 581 613 583 590 581 586 601 645 590 612 600 632 644 596 595 634 647 506 517 524 534 491 510 509 544 
193 319 269 115 90 312 131 380 259 182 358 316 356 377 363 174 298 135 272 192 336 228 294 250 301 228 311 234 229 295 261 336 257 256 334 66 302 373 170 163 164 187 145 437 241 83 274 306 430 340 265 0 328 267 313 268 328 286 293 293 294 303 310 336 101 100 99 152 114 66 128 114 110 410 383 368 385 354 356 349 352 356 400 362 383 381 399 406 359 360 404 410 277 302 297 312 277 270 283 320 
476 81 144 371 294 35 211 258 60 259 253 258 276 237 255 376 155 326 71 147 269 530 59 532 53 499 420 91 87 94 490 277 502 412 278 328 221 311 221 261 284 135 357 441 526 349 371 112 370 247 371 325 0 61 16 72 16 50 34 53 49 30 39 13 368 335 393 415 373 343 389 363 403 398 407 358 406 369 365 377 366 372 399 361 380 368 413 407 406 371 424 417 315 328 329 332 302 319 293 336 
422 97 122 308 253 56 169 229 25 210 238 225 239 221 228 320 118 271 24 102 253 465 37 466 47 438 384 54 51 81 439 249 435 352 234 272 198 292 162 230 233 89 317 407 453 302 322 128 353 221 347 263 70 0 68 26 64 41 40 28 38 45 51 76 327 284 349 373 318 292 342 323 354 365 377 317 366 328 341 350 319 333 356 328 331 322 372 365 352 333 381 389 266 284 288 281 262 262 252 288 
479 90 149 365 297 28 215 237 75 256 252 244 265 225 237 381 140 332 56 136 266 518 34 528 54 491 405 103 102 83 484 263 500 417 265 322 221 311 218 262 279 143 358 430 520 352 360 120 369 233 368 314 24 57 0 77 13 33 35 51 43 35 18 40 387 327 391 420 360 341 401 375 405 372 394 343 392 351 365 372 355 352 393 358 366 356 405 382 394 345 395 401 300 306 311 317 282 293 297 320 
422 122 139 304 251 53 144 236 34 201 231 224 238 232 232 317 118 264 11 91 250 448 35 470 51 437 365 34 45 62 432 232 441 361 235 270 190 288 167 225 227 73 311 403 455 285 314 121 352 212 348 259 74 28 71 0 78 54 33 26 49 55 66 85 318 279 336 356 316 275 343 321 339 359 360 318 348 316 318 334 314 328 359 318 344 333 361 372 352 311 384 365 247 270 285 289 241 259 240 295 
477 107 154 378 310 33 215 248 70 251 247 250 259 233 234 380 131 325 69 141 272 523 54 525 52 500 424 100 104 92 499 270 485 419 261 325 225 298 217 268 269 151 358 433 519 349 356 130 363 226 372 323 29 68 3 77 0 49 45 42 45 31 26 31 377 344 406 405 379 341 393 380 406 375 401 342 392 345 368 375 351 358 379 354 366 362 413 382 396 350 401 405 290 317 332 315 303 296 293 324 
442 99 156 340 289 30 187 225 68 217 238 223 231 203 214 346 106 296 49 129 250 481 26 493 22 451 375 69 63 71 469 249 460 383 230 311 195 281 182 246 247 110 339 393 488 326 337 132 344 209 382 291 52 44 46 46 36 0 38 26 17 36 36 54 364 318 373 400 342 331 375 343 378 360 376 316 365 326 329 345 337 347 358 334 340 322 382 362 358 323 382 375 266 274 284 289 273 276 260 286 
439 97 130 335 274 27 190 252 46 226 246 228 249 234 243 357 142 288 43 117 271 486 25 496 52 456 399 64 64 80 467 269 469 378 254 303 217 294 190 235 245 102 323 419 490 327 341 103 376 221 344 296 41 35 36 52 39 27 0 33 45 19 46 59 345 299 351 375 336 308 372 328 379 382 385 341 389 356 358 353 338 347 378 355 367 359 401 385 381 350 403 388 280 295 301 308 277 297 280 309 
443 110 143 331 281 25 171 222 39 201 238 218 241 212 216 335 118 286 34 118 234 478 16 480 32 453 389 71 67 61 447 235 455 373 236 288 190 279 178 250 241 102 318 399 481 311 333 128 346 201 372 290 51 37 42 31 49 12 39 0 22 37 49 57 353 297 354 387 346 303 367 337 377 349 383 310 356 324 322 335 318 331 365 319 333 340 370 369 348 325 378 386 276 275 300 299 267 273 269 301 
458 115 149 339 298 21 177 221 54 224 219 206 235 204 217 349 107 291 40 130 233 488 31 498 15 463 386 74 77 57 459 242 459 369 235 314 179 274 187 249 253 123 341 400 477 331 329 137 340 210 374 305 47 38 44 58 52 13 42 18 0 49 30 50 369 326 381 404 347 327 373 356 378 358 377 313 368 334 328 341 317 338 354 328 338 327 370 354 355 327 381 370 270 273 290 284 251 275 261 293 
470 80 115 363 285 32 209 258 47 252 270 248 269 238 249 366 140 305 57 119 271 496 46 503 56 486 410 67 71 101 488 281 487 398 262 309 229 309 213 246 278 128 334 439 492 330 352 99 375 249 359 296 20 59 31 64 38 33 17 35 48 0 47 26 361 310 367 396 342 311 385 342 388 387 418 351 407 369 360 369 368 369 397 359 372 373 418 392 385 371 404 402 296 322 329 327 306 309 297 327 
471 118 161 348 295 30 212 224 71 244 224 233 239 213 227 378 114 310 61 152 241 499 33 506 29 488 402 82 85 77 481 242 486 405 247 316 200 298 199 274 260 137 349 409 501 349 336 141 344 207 378 312 35 48 33 62 16 26 50 43 27 47 0 54 366 337 381 408 372 339 397 374 395 357 379 326 364 329 353 353 341 348 365 333 339 340 390 376 376 342 381 376 286 294 305 305 284 289 270 306 
481 73 127 379 305 51 229 250 75 258 273 260 287 258 250 397 165 337 72 142 281 536 59 545 71 498 435 95 100 102 499 294 504 428 288 341 234 331 229 268 288 149 347 444 517 349 372 110 389 248 370 318 12 67 39 78 20 63 52 69 66 39 50 0 377 330 406 419 366 348 399 379 405 413 428 368 411 368 369 384 370 381 402 368 387 381 421 407 404 376 431 417 310 335 348 340 311 319 310 338 
219 353 294 208 86 351 227 467 315 279 455 422 460 458 446 265 368 243 327 242 440 266 346 288 361 280 411 283 295 356 317 437 308 336 434 165 391 474 268 147 261 252 93 523 280 49 375 332 537 425 213 106 380 333 383 312 372 360 353 340 351 354 367 373 0 63 80 65 36 53 30 14 50 514 487 472 479 450 464 460 451 464 512 454 474 480 484 512 456 448 507 523 370 381 394 410 379 378 381 405 
257 300 236 217 35 307 214 451 278 250 443 390 443 442 430 275 344 241 278 203 424 300 303 331 325 306 420 254 253 320 355 401 341 342 419 162 379 445 242 99 256 210 57 518 310 54 367 270 519 414 176 104 331 294 326 284 339 321 301 297 311 314 341 339 55 0 100 89 56 55 79 45 106 492 480 443 473 439 459 444 440 460 500 444 466 482 477 497 453 453 491 501 357 390 380 407 360 358 356 400 
159 385 323 142 109 387 224 454 333 260 447 399 444 448 442 200 367 206 340 269 409 215 357 220 370 224 367 313 321 367 261 400 252 282 421 126 392 448 243 195 233 270 155 483 230 71 337 372 511 405 261 83 400 350 393 338 403 381 360 351 365 365 386 399 80 111 0 109 88 65 53 82 29 475 454 441 444 420 423 419 429 432 483 422 447 444 449 484 409 420 477 482 336 366 352 370 335 343 347 376 
253 363 315 253 113 398 269 513 343 329 499 470 500 526 497 312 418 294 362 280 489 306 390 316 409 327 474 326 323 403 360 481 367 379 482 207 449 516 316 161 319 298 74 587 325 108 437 341 584 491 184 170 405 370 402 361 417 401 378 378 405 393 404 410 56 90 120 0 57 107 57 69 99 570 540 527 539 521 513 514 520 508 554 520 531 543 556 571 502 510 557 558 426 451 453 474 435 437 420 458 
240 325 272 213 77 344 234 464 299 274 451 413 456 472 451 260 367 247 312 236 429 280 337 304 352 294 418 290 277 357 331 431 323 343 447 170 401 471 272 128 268 244 61 524 307 43 377 314 524 435 199 115 362 318 369 315 381 349 336 339 355 353 376 375 26 43 89 61 0 53 49 9 70 506 493 477 494 464 459 451 466 470 520 467 477 484 501 523 455 466 508 514 376 401 395 422 376 372 387 410 
215 310 272 155 51 321 180 429 273 239 424 368 405 431 406 228 343 196 294 203 399 264 316 275 325 258 370 263 252 333 302 387 297 302 400 120 353 418 232 130 227 209 109 492 279 13 345 300 496 382 233 55 344 289 339 282 336 318 308 299 331 321 334 353 50 61 67 102 48 0 65 56 68 468 432 426 451 417 414 416 413 408 468 411 438 431 459 461 423 413 455 467 336 354 355 364 338 341 335 374 
212 361 314 195 112 375 242 476 342 295 480 433 466 495 479 260 398 249 356 274 443 266 370 268 387 268 420 305 307 392 325 440 314 339 451 173 414 486 289 164 283 280 104 535 268 68 386 357 545 447 221 124 405 354 401 345 404 389 370 369 373 381 406 400 37 82 58 56 43 66 0 39 42 514 484 478 496 467 476 465 463 470 512 462 475 500 496 516 467 457 510 519 384 393 409 431 375 385 393 419 
229 334 280 205 64 349 227 456 311 273 460 417 459 460 453 268 378 231 329 225 442 273 328 297 365 281 413 277 284 364 337 431 328 347 436 150 399 464 257 130 262 239 76 517 281 49 380 313 520 436 192 116 369 311 374 321 376 352 341 337 355 349 367 363 24 51 76 58 15 45 38 0 70 509 480 468 476 457 458 458 464 458 505 466 469 479 497 507 448 463 503 518 384 393 386 406 365 380 379 408 
175 377 317 174 114 388 234 480 339 263 461 419 466 475 465 230 396 227 354 259 447 238 370 241 388 230 404 323 314 388 298 434 288 318 447 139 410 475 278 189 261 273 123 510 245 61 368 357 521 424 247 111 396 341 402 346 411 371 366 373 391 386 392 402 45 97 41 88 60 77 32 52 0 505 468 468 474 455 458 433 442 449 495 445 459 468 483 497 439 447 491 508 362 383 392 410 376 358 371 408 
411 459 475 347 458 379 301 176 393 241 149 155 142 172 168 285 267 289 352 395 122 443 367 426 339 392 148 366 374 298 348 139 344 241 127 367 169 96 273 500 262 356 531 44 407 461 153 484 55 177 628 418 403 365 372 355 388 363 370 350 364 399 364 408 504 495 480 566 519 460 508 496 500 0 62 54 41 59 55 64 70 49 18 50 46 48 47 21 73 63 33 33 142 132 128 108 140 150 134 111 
379 477 471 316 441 382 307 202 401 231 194 167 178 211 194 257 284 262 369 399 147 398 387 377 357 345 115 377 385 325 293 153 312 203 163 332 204 129 265 485 242 352 525 57 358 454 123 496 107 202 614 393 414 373 407 377 399 376 399 378 380 419 389 422 483 467 435 530 492 446 497 489 473 59 0 70 20 49 51 49 60 54 56 55 55 64 25 45 35 55 27 61 139 120 112 102 140 135 142 86 
386 408 422 314 422 341 268 140 347 202 125 104 119 149 130 268 217 240 319 347 85 403 333 392 305 360 145 323 323 257 316 88 328 211 103 317 145 54 218 455 209 323 493 96 380 430 119 433 89 139 585 372 353 318 337 314 337 319 335 328 307 353 326 373 456 452 440 524 463 415 485 459 461 62 75 0 58 18 34 63 25 42 60 12 34 33 71 68 75 33 76 78 89 87 79 54 101 93 91 70 
390 471 470 327 449 374 303 190 378 240 169 161 150 205 172 272 254 270 362 387 135 398 366 385 343 352 118 365 377 318 313 143 325 199 152 346 191 111 260 481 235 349 527 47 372 444 126 471 93 178 624 391 405 365 387 358 398 360 379 356 360 404 364 402 493 470 459 551 498 448 489 489 475 45 32 49 0 51 32 42 41 32 49 54 35 61 25 29 43 42 22 46 135 103 105 93 131 135 125 90 
388 420 430 292 424 342 259 156 355 211 141 133 117 174 153 243 225 240 322 351 114 399 334 388 314 349 128 335 348 284 307 105 310 200 118 310 153 88 227 441 215 317 495 92 378 421 99 441 98 138 580 355 359 321 351 328 362 333 343 326 320 357 348 364 460 456 430 522 464 424 465 452 458 64 50 30 44 0 13 38 18 28 49 20 17 49 61 71 49 22 69 75 90 69 82 61 106 95 90 53 
375 421 449 290 421 347 259 163 359 213 138 122 136 176 158 245 231 238 336 366 107 397 346 389 324 343 133 339 346 289 302 115 318 207 116 319 152 77 234 448 202 327 491 80 380 421 114 454 84 139 601 366 369 339 364 324 357 326 347 327 333 362 346 388 471 452 431 521 458 419 471 455 459 47 52 33 31 25 0 32 22 25 62 13 16 52 46 62 52 18 62 56 87 91 79 69 103 100 95 69 
354 432 450 273 406 363 258 181 365 200 176 148 141 189 182 241 252 228 327 355 120 375 357 358 326 326 105 350 353 283 274 119 289 181 144 312 161 116 225 442 201 325 485 84 350 416 97 460 123 169 599 360 377 340 359 341 366 349 371 346 347 378 355 399 452 447 404 514 452 399 458 458 432 66 34 56 41 36 40 0 33 32 68 54 32 70 43 77 37 28 71 80 95 76 80 66 107 92 93 53 
384 425 430 300 416 335 254 168 357 203 139 126 123 170 155 241 226 232 313 348 111 386 322 384 304 338 131 331 327 282 302 91 319 185 102 312 149 77 221 451 205 314 490 85 374 418 105 438 89 148 591 354 369 328 356 321 357 319 337 322 321 359 332 365 453 455 419 501 456 403 472 464 442 59 63 28 45 22 26 29 0 14 60 27 23 42 71 69 48 20 60 74 92 71 71 53 89 95 103 48 
382 431 452 302 416 357 266 162 348 205 145 131 131 175 167 253 235 249 328 366 113 383 346 375 333 351 117 335 354 289 294 110 317 190 118 317 158 81 233 457 213 319 489 84 366 417 95 456 101 162 602 368 373 332 355 322 374 339 360 327 339 380 353 380 458 461 434 518 462 411 472 457 446 56 42 36 34 16 10 23 17 0 59 33 28 45 53 68 46 16 48 54 100 80 88 69 101 97 97 66 
422 470 483 342 472 377 312 165 385 247 155 161 144 191 158 293 263 294 367 388 137 435 370 416 351 386 151 363 374 316 342 123 345 247 149 369 189 99 272 486 260 370 535 48 402 481 155 480 53 165 643 416 394 374 388 368 382 371 389 362 352 404 367 402 511 501 476 573 511 460 513 508 504 16 51 48 50 50 52 71 72 50 0 46 49 42 46 21 71 58 44 31 148 132 122 100 139 137 143 114 
390 419 445 294 425 349 270 151 354 197 130 127 114 173 138 254 224 243 311 350 93 393 337 389 309 359 122 330 339 281 307 100 327 203 113 315 141 71 223 445 200 322 495 90 370 418 110 433 84 138 598 372 356 336 358 329 356 319 354 317 321 365 337 361 454 457 419 526 461 408 476 452 464 63 51 31 48 12 16 48 20 35 57 0 28 30 65 51 53 12 63 64 95 89 76 61 100 86 106 54 
380 438 458 305 438 348 283 164 357 217 152 128 134 178 163 256 247 259 328 360 109 408 355 394 325 356 133 351 360 288 317 109 321 195 117 327 159 87 239 451 212 340 503 81 376 428 113 447 82 157 607 381 367 335 355 330 366 350 368 330 337 373 355 377 474 467 428 523 483 438 474 472 472 35 53 39 42 22 23 46 33 27 41 31 0 44 59 56 53 17 50 51 117 99 91 78 115 110 105 62 
421 425 447 316 428 342 290 144 352 232 123 123 115 155 140 291 224 258 317 366 103 415 336 423 318 374 147 333 348 274 339 101 344 230 108 335 155 58 245 467 236 330 519 78 412 442 138 456 66 129 605 383 356 323 358 327 355 333 342 334 316 364 342 382 478 479 445 544 498 434 503 479 468 29 76 38 59 48 38 72 53 49 39 40 47 0 76 45 76 46 63 62 126 106 94 74 111 125 128 89 
397 475 482 320 453 386 313 194 395 238 192 178 178 215 186 267 288 277 378 394 144 401 375 386 363 354 115 388 378 319 314 162 313 203 158 345 198 126 258 499 242 355 533 37 367 457 131 483 100 191 624 395 408 376 412 361 405 381 404 385 385 421 382 417 496 484 453 541 502 448 497 492 488 61 22 65 22 54 56 46 52 61 42 70 50 70 0 42 37 66 28 34 126 126 104 106 145 138 138 104 
422 457 484 344 476 378 306 186 400 246 166 160 154 188 183 297 261 288 371 404 144 431 376 414 354 381 153 383 376 308 342 138 354 227 141 370 180 95 284 503 248 365 541 40 413 485 147 488 68 167 632 401 413 379 400 363 390 364 398 370 363 400 373 422 508 508 479 557 520 464 511 507 496 30 48 67 48 60 64 71 59 52 25 54 38 42 46 0 68 65 43 29 140 119 128 100 152 153 147 117 
363 462 457 284 416 385 275 207 387 207 184 169 165 203 196 233 258 225 345 375 146 357 359 365 345 320 80 363 360 318 273 134 280 177 151 322 187 124 230 463 201 346 500 90 338 425 99 468 123 188 609 356 387 353 381 344 394 357 385 359 356 396 368 410 454 449 411 504 466 424 470 467 436 79 40 77 50 48 44 28 46 46 74 66 57 82 54 76 0 55 62 62 113 100 81 73 104 111 112 84 
379 422 444 300 408 344 259 152 352 205 138 125 118 163 146 248 224 234 319 350 109 388 341 385 316 351 121 329 340 280 304 96 308 193 121 309 155 79 226 447 202 316 493 95 373 423 104 445 89 155 595 363 363 324 346 311 358 333 351 328 327 360 341 372 449 444 418 510 467 415 456 460 448 53 60 29 50 21 26 25 11 25 52 24 36 48 70 72 43 0 60 79 90 70 66 48 91 89 99 59 
412 480 498 329 470 395 312 200 408 248 182 167 171 208 199 286 289 287 372 415 162 406 391 400 363 372 128 376 402 330 320 142 337 217 154 366 195 116 286 489 255 361 537 36 396 469 144 495 89 186 646 411 407 386 396 376 407 389 405 378 381 410 394 430 514 495 472 567 508 469 522 500 502 41 26 74 32 73 57 57 70 50 43 73 47 59 33 34 54 62 0 32 135 132 126 109 140 140 143 111 
410 469 492 341 470 397 315 186 405 251 184 163 157 205 179 300 283 286 374 416 157 439 391 423 374 377 140 387 385 328 347 148 347 228 144 365 207 102 290 511 268 369 555 30 411 479 152 497 72 177 641 410 409 375 391 384 396 383 400 372 379 416 386 427 507 513 474 560 521 479 520 504 495 27 50 73 33 70 69 81 79 69 26 73 45 63 39 28 76 66 18 0 143 140 125 113 146 159 160 102 
324 369 366 226 329 291 180 170 292 118 144 107 137 170 137 194 172 152 253 274 93 338 280 329 252 297 137 266 266 219 266 90 277 147 100 236 115 115 140 358 129 240 419 161 323 344 82 373 159 124 516 288 309 257 307 264 309 261 292 275 266 300 280 322 367 366 336 423 381 324 380 371 368 135 121 89 117 102 91 103 93 100 143 89 100 117 141 138 100 85 140 160 0 28 26 55 12 26 14 42 
332 373 372 234 354 300 191 156 302 136 128 97 125 162 149 198 185 168 277 287 102 348 292 343 270 303 111 273 278 232 279 98 281 165 108 256 124 100 166 388 143 261 416 150 327 355 65 382 154 121 516 303 322 266 318 262 309 279 292 271 284 312 293 324 400 375 359 446 388 354 404 395 394 131 119 81 110 82 76 71 72 79 130 77 88 110 118 130 96 69 129 138 30 0 24 35 40 18 38 24 
312 373 380 241 350 318 204 172 301 134 141 121 135 183 161 186 199 165 282 299 117 348 289 335 290 301 101 293 282 240 259 105 265 161 119 259 136 106 173 377 143 264 425 155 327 364 70 404 158 136 525 285 337 288 319 274 321 293 314 299 284 318 310 349 386 386 350 455 396 355 407 381 391 115 108 89 114 83 84 67 74 68 130 71 88 94 107 132 83 73 116 128 34 18 0 40 38 31 45 28 
347 395 391 258 372 302 217 161 302 150 141 94 119 161 132 217 198 199 282 306 87 363 305 349 282 311 115 299 288 251 276 79 287 174 107 269 117 89 167 394 161 272 443 131 334 369 87 403 128 122 545 312 340 286 314 276 328 296 318 291 283 326 305 349 400 407 370 455 419 365 428 413 397 107 94 71 90 56 62 59 58 65 105 71 80 91 96 104 76 56 100 110 42 27 38 0 54 53 57 3 
328 357 367 216 329 273 168 150 278 108 127 97 131 166 148 194 177 153 254 273 105 342 276 343 251 301 134 247 259 218 276 79 266 166 102 237 99 116 137 355 122 228 411 173 320 329 86 363 162 130 511 279 310 263 297 259 283 263 274 261 252 287 278 313 379 369 351 433 381 326 377 373 368 153 130 106 133 88 97 101 98 102 142 101 120 111 132 145 109 88 139 160 24 28 38 48 0 21 18 60 
307 372 370 227 322 284 178 157 282 118 143 106 144 169 152 185 180 162 254 275 103 331 271 321 273 281 123 270 279 231 255 95 262 152 110 230 108 126 143 362 131 249 416 161 308 331 72 378 167 132 500 287 324 267 297 264 298 279 298 273 275 308 292 327 368 365 351 432 373 339 391 384 359 147 125 108 123 95 87 83 82 107 134 88 117 121 142 147 114 81 134 158 23 23 23 48 29 0 18 56 
308 358 349 222 324 288 178 151 274 103 135 101 123 165 140 176 169 159 256 278 107 339 270 335 258 304 138 264 271 206 274 79 266 171 99 245 116 114 131 356 130 225 411 178 328 339 89 378 174 112 505 272 297 263 291 250 293 263 283 254 252 287 278 307 377 356 337 430 386 327 374 376 373 139 140 100 128 107 93 108 104 101 151 94 103 126 148 141 121 99 154 146 24 38 40 44 4 21 0 46 
335 391 404 245 374 303 226 154 311 155 134 113 127 157 133 203 201 196 295 309 100 361 290 358 282 308 124 295 296 244 294 88 291 173 95 272 115 99 183 402 151 270 454 124 347 371 71 410 132 138 552 309 323 293 329 276 320 302 310 287 299 320 307 346 404 394 389 461 413 373 422 415 397 99 84 58 94 61 63 59 46 60 96 60 71 74 99 97 75 59 107 108 43 37 34 16 48 56 45 0 

Depot information
410 38 1
24 310 1
31 246 1
350 131 1
176 89 1

Cust information
96 357 1
239 236 1
292 471 1
101 311 1
298 265 1
306 456 1
313 412 1
320 449 1
280 472 1
297 456 1
396 169 1
210 388 1
344 193 1
124 329 1
124 243 1
334 425 1
455 25 1
109 345 1
475 36 1
123 368 1
459 71 1
483 305 1
124 295 1
118 295 1
164 375 1
497 116 1
335 416 1
488 108 1
455 221 1
326 431 1
297 128 1
288 400 1
369 446 1
262 269 1
100 117 1
318 244 1
156 260 1
122 32 1
492 446 1
470 46 1
209 54 1
428 309 1
13 281 1
422 491 1
294 430 1
2 12 1
246 106 1
75 366 1
119 329 1
86 371 1
126 325 1
84 374 1
111 358 1
96 340 1
115 347 1
115 363 1
80 346 1
100 374 1
65 367 1
197 21 1
161 57 1
257 27 1
164 -23 1
181 26 1
211 63 1
210 2 1
190 27 1
237 9 1
450 448 1
475 403 1
416 420 1
462 418 1
427 406 1
432 407 1
445 385 1
425 404 1
437 403 1
454 448 1
424 412 1
437 416 1
422 439 1
477 413 1
460 446 1
462 382 1
427 403 1
476 429 1
470 444 1
372 343 1
384 354 1
395 349 1
396 369 1
366 343 1
378 339 1
366 343 1
397 372 1
