Seed 123 - Instance: n95m10_2
n 95
m 10
Q 9999
L 3
U 18

0 178 191 167 345 189 282 274 185 264 153 255 277 119 373 193 352 285 203 340 79 211 288 206 212 186 187 281 83 290 137 76 250 166 205 236 129 246 54 271 243 119 201 233 100 264 157 121 138 162 83 129 292 74 254 175 94 84 105 73 85 26 75 81 48 71 60 13 88 26 55 45 70 72 63 23 43 95 65 187 204 201 222 201 210 219 197 211 199 205 197 202 217 210 208 210 214 252 230 261 272 247 219 263 235 
175 0 269 233 499 335 113 305 307 350 64 116 406 125 431 204 429 150 306 492 122 368 437 139 353 268 303 421 229 333 198 230 198 320 364 341 106 121 133 408 415 176 86 69 110 342 318 107 67 196 136 289 145 136 131 309 258 209 215 229 197 176 154 158 192 189 205 161 162 159 170 179 151 181 151 160 182 182 174 254 264 255 251 250 250 250 243 242 254 246 240 266 268 246 242 261 265 417 399 419 423 408 367 419 391 
184 274 0 338 348 178 358 117 325 407 224 389 178 158 541 366 540 416 33 302 179 184 260 358 327 361 334 402 204 460 312 184 415 266 216 409 310 391 180 196 275 111 259 307 190 444 280 175 274 352 158 165 411 231 386 302 163 264 270 222 260 214 254 276 213 250 220 193 133 170 137 158 160 130 136 183 161 122 135 365 376 376 405 379 392 387 385 405 386 376 366 381 391 393 387 373 399 243 224 303 290 258 224 229 242 
176 231 350 0 364 295 307 426 108 125 268 252 400 264 210 89 200 293 380 404 224 331 359 151 148 27 112 216 169 140 65 167 164 169 274 106 144 217 193 388 286 296 293 304 235 118 144 245 173 65 227 241 314 142 214 140 206 107 99 134 91 153 111 113 159 110 139 180 239 206 221 205 224 231 232 182 205 267 216 19 27 33 53 51 56 64 45 68 54 56 29 50 60 58 49 34 47 312 302 312 317 315 282 354 303 
335 509 356 369 0 195 601 446 282 332 489 583 212 427 442 443 433 609 357 86 398 175 111 490 231 356 280 236 288 441 378 280 519 213 159 344 453 557 376 191 111 401 520 550 423 374 237 430 464 417 385 239 618 384 565 241 256 340 326 291 339 328 389 371 321 328 307 355 369 354 337 339 371 357 374 356 341 376 356 382 373 384 418 402 414 421 416 421 388 415 382 411 382 426 416 385 388 103 126 85 71 99 150 137 121 
180 336 166 297 194 0 438 277 239 303 304 431 119 237 444 347 442 470 163 173 238 43 107 372 221 306 255 280 139 399 284 147 414 137 77 319 311 417 206 104 121 214 355 384 237 355 172 247 317 322 208 65 478 248 414 191 89 209 208 165 223 188 253 245 177 220 182 199 196 174 162 171 201 182 190 203 159 196 178 316 303 304 334 338 338 333 334 352 333 336 305 326 313 338 336 321 342 102 72 130 149 115 78 97 76 
274 106 360 311 607 446 0 374 393 427 142 82 506 230 503 259 487 75 389 603 221 465 534 176 427 347 404 516 327 379 271 334 213 400 469 407 185 119 250 510 511 264 136 76 200 424 411 198 157 244 245 393 73 225 133 406 360 296 301 322 284 278 242 260 298 289 302 268 268 270 285 278 236 284 249 250 287 274 283 310 332 335 327 312 319 312 318 308 322 302 309 324 344 302 320 323 336 506 504 538 529 520 468 521 502 
272 300 104 431 458 271 365 0 415 497 246 398 246 177 619 434 617 424 116 412 226 280 355 408 439 454 436 497 288 554 382 290 458 360 329 497 357 418 244 275 382 165 247 307 226 523 375 224 322 408 208 264 433 301 418 396 263 333 356 307 331 298 330 342 290 326 315 251 183 229 216 231 204 205 203 242 241 177 223 448 459 450 469 450 474 463 457 472 470 456 444 461 468 473 451 462 469 350 319 385 396 360 328 333 343 
179 291 317 98 287 226 385 418 0 85 319 331 327 286 221 181 213 368 339 301 240 260 270 251 71 99 34 133 132 180 122 139 254 96 197 98 204 296 210 309 204 301 339 361 260 119 77 280 232 161 251 184 374 188 318 54 160 116 98 122 121 151 165 135 139 123 120 179 254 206 212 217 233 230 223 201 205 256 225 119 107 93 134 133 146 149 132 147 134 142 109 124 112 149 131 129 124 250 237 225 217 234 220 284 243 
252 356 416 116 317 309 433 497 105 0 377 367 406 364 138 209 133 398 421 363 323 325 341 259 121 108 74 116 225 136 167 238 250 170 265 33 267 339 287 393 271 379 408 420 328 64 142 348 292 178 311 281 418 249 337 134 262 196 177 192 194 230 231 214 216 190 205 258 341 282 307 288 311 315 307 276 285 331 297 114 103 111 125 147 137 132 139 149 114 133 129 129 104 159 133 124 120 300 308 275 281 288 291 342 309 
172 65 232 276 489 307 145 239 321 374 0 174 379 99 478 231 464 179 255 476 93 352 411 188 353 299 319 432 221 374 219 223 233 312 340 354 140 182 126 394 390 117 42 86 94 385 320 72 115 235 120 264 191 139 184 305 242 217 225 217 200 173 176 184 188 202 212 155 130 150 155 149 125 155 122 132 174 128 147 278 300 284 299 274 304 292 279 293 289 290 281 299 311 280 294 301 303 404 378 417 429 403 354 391 381 
263 124 376 253 570 432 82 412 337 377 170 0 509 249 422 177 418 35 404 569 226 464 529 106 380 289 355 461 313 302 205 320 144 379 448 340 133 48 240 512 475 270 160 118 223 340 371 209 125 198 240 370 58 206 50 363 351 254 275 287 239 266 201 223 269 244 276 251 275 262 271 268 239 266 265 241 271 272 274 262 277 277 261 242 252 237 253 235 265 241 259 262 287 242 252 251 265 506 479 509 514 482 454 504 476 
281 414 178 392 212 103 511 246 321 401 386 507 0 289 534 456 534 545 174 155 299 84 126 463 315 396 338 356 246 507 376 233 495 248 149 411 396 501 298 42 183 267 398 459 302 436 282 322 405 414 279 171 551 337 514 286 186 313 304 282 321 275 330 344 267 303 274 282 256 270 254 264 275 252 256 288 247 262 253 418 420 410 436 435 449 440 429 442 426 424 406 440 419 438 437 421 425 127 118 193 198 164 147 95 140 
123 131 148 275 420 249 217 190 280 354 95 250 295 0 474 264 465 263 166 408 60 282 342 249 308 302 301 401 175 389 221 177 292 269 286 348 185 250 97 306 334 40 127 169 44 369 281 40 159 248 57 190 274 128 253 275 180 195 201 186 182 144 163 166 155 177 180 104 50 102 86 96 65 94 69 95 117 49 77 273 290 282 310 297 307 303 298 296 311 279 292 293 309 296 305 286 309 329 303 361 360 322 287 327 311 
371 437 535 218 433 447 503 630 217 143 462 424 535 470 0 259 19 456 552 481 432 461 468 312 246 193 199 218 351 126 261 351 292 317 407 131 327 384 401 527 394 495 512 502 438 108 268 462 365 248 437 410 474 353 379 261 391 306 291 310 287 352 318 299 337 309 320 372 454 397 435 403 424 416 423 381 401 461 418 200 185 200 182 210 183 188 199 200 185 204 202 184 184 197 199 201 179 432 438 391 406 418 419 479 425 
198 188 383 96 453 341 241 427 193 203 249 173 457 254 259 0 234 215 398 466 228 376 421 83 243 122 194 303 225 141 81 231 77 255 342 184 100 143 211 451 374 291 266 245 228 187 240 244 133 38 224 287 231 155 147 211 271 144 155 193 147 179 129 121 198 142 184 197 259 224 242 242 242 247 237 208 236 266 246 87 103 108 74 70 80 79 69 71 98 79 92 84 114 63 72 95 100 399 370 393 385 377 360 408 386 
372 419 532 195 439 443 486 619 213 130 459 419 532 462 24 253 0 430 554 485 430 464 457 310 228 188 198 227 326 117 247 354 275 310 399 124 325 362 395 526 393 475 487 485 424 105 261 439 362 244 425 404 458 336 370 264 374 299 278 318 289 330 313 305 336 312 304 374 432 385 407 406 427 414 428 371 401 449 404 200 177 184 183 188 172 182 196 185 179 185 182 178 169 192 185 175 161 424 423 384 387 414 409 476 425 
293 146 404 281 606 455 81 433 360 398 182 46 534 272 445 206 444 0 431 604 260 488 559 140 426 315 376 502 339 326 249 348 173 409 491 369 166 83 260 533 506 299 176 125 231 390 401 240 169 225 264 406 18 234 79 386 386 280 302 326 277 288 248 244 306 291 297 272 289 299 312 296 277 301 293 279 311 299 296 280 291 300 290 268 281 278 271 267 285 286 284 281 323 270 280 283 295 526 513 532 537 534 491 538 519 
202 305 26 369 352 164 389 101 344 427 254 404 157 175 568 395 553 441 0 309 201 176 247 389 357 391 365 427 225 488 326 215 436 266 232 435 325 396 215 188 273 137 282 325 205 452 306 206 307 378 181 179 426 266 418 317 185 286 277 255 288 229 281 284 226 269 259 218 147 190 167 182 188 153 162 206 179 154 171 385 387 386 419 405 413 412 413 427 415 407 380 405 396 418 403 399 421 253 233 294 297 268 221 223 227 
337 500 311 386 86 174 604 412 314 366 482 569 151 398 481 473 478 603 296 0 393 135 71 507 266 392 315 276 278 492 404 273 525 229 134 376 452 553 356 143 109 367 499 552 403 421 245 414 467 435 374 231 619 384 554 273 246 333 323 312 359 332 373 384 323 336 325 345 346 326 324 338 358 330 341 347 319 347 331 403 413 411 438 426 432 442 440 444 425 432 403 421 418 455 430 415 431 98 112 113 104 102 120 87 100 
88 116 162 223 405 227 213 221 243 328 99 230 304 41 435 222 425 246 187 384 0 267 342 215 272 243 260 358 137 349 178 132 249 239 258 306 152 225 39 306 312 80 139 175 27 323 237 34 126 196 17 178 248 95 229 232 160 156 172 156 153 113 114 133 127 135 144 73 49 63 73 73 37 65 46 61 83 69 63 251 253 252 268 262 260 254 256 256 266 258 240 255 278 258 263 251 270 309 290 334 331 320 266 309 285 
215 377 183 316 168 50 475 275 248 320 350 459 78 264 459 373 457 484 186 147 267 0 95 411 220 324 266 290 174 437 315 176 446 155 62 342 337 444 232 75 109 249 388 414 272 371 201 286 349 348 253 95 506 266 465 216 134 241 248 213 253 230 284 291 210 243 222 237 219 222 197 205 236 198 230 232 187 226 218 328 337 338 371 370 377 363 370 386 354 367 332 354 353 374 353 345 358 68 67 128 127 100 72 59 68 
279 446 268 359 105 110 535 357 271 341 411 532 129 357 467 423 467 563 263 57 342 77 0 454 246 361 296 269 242 467 368 237 487 187 99 358 412 510 313 88 83 316 454 495 344 393 230 357 413 391 310 178 572 338 513 234 191 297 288 257 299 276 346 339 261 307 279 288 306 276 283 288 305 279 301 297 264 306 283 367 378 369 410 406 413 402 398 421 395 389 370 396 373 411 408 381 387 43 55 95 91 65 89 30 67 
214 143 360 151 502 372 180 415 249 277 205 109 457 247 320 86 306 140 396 504 216 409 474 0 295 190 238 355 247 199 133 255 64 293 380 250 81 73 197 471 415 272 209 194 203 246 282 214 95 88 225 319 160 145 80 277 281 175 196 225 168 201 131 134 197 171 209 202 246 215 246 232 232 242 238 207 242 264 250 154 162 175 142 139 154 152 147 140 163 132 153 145 185 141 141 156 174 431 411 420 424 428 392 453 423 
211 342 328 163 222 210 436 431 59 121 348 392 318 310 233 240 241 422 341 258 280 240 239 291 0 147 63 92 139 222 184 167 301 80 182 129 253 360 234 291 159 309 395 401 281 152 62 301 284 216 264 190 445 215 369 41 160 159 136 142 169 188 198 188 173 157 156 217 282 237 237 235 275 249 249 224 212 272 256 175 163 164 190 191 197 206 183 204 172 179 173 176 163 193 187 172 170 201 199 169 167 191 187 234 208 
196 264 366 35 369 301 346 447 85 91 291 276 389 286 197 125 172 317 377 386 250 328 361 182 134 0 88 186 173 116 90 182 177 173 282 74 175 254 209 391 295 311 322 319 258 81 152 271 201 91 241 241 322 166 247 123 221 130 116 149 107 162 140 126 173 132 151 189 262 228 239 236 256 251 239 203 222 284 248 27 19 18 62 54 58 74 66 70 49 62 37 53 23 77 63 43 43 312 302 301 292 299 287 340 306 
198 317 336 100 281 255 392 443 25 84 327 353 338 311 200 194 192 370 356 323 255 259 299 247 63 85 0 126 160 169 146 169 243 103 212 71 211 313 221 322 213 312 365 371 272 106 80 289 253 161 263 210 384 190 307 66 185 126 106 128 133 170 161 156 164 147 140 195 275 228 248 228 246 234 252 207 214 272 235 109 114 101 130 145 140 134 143 144 118 126 104 130 104 158 126 128 116 255 245 232 221 233 222 291 242 
282 423 417 226 222 281 521 502 130 133 434 467 364 392 222 293 219 489 426 282 375 277 261 371 85 187 117 0 226 254 259 241 365 156 230 153 347 421 337 330 187 391 463 495 373 158 134 395 364 292 366 268 518 304 427 144 257 232 227 231 252 261 284 264 252 245 245 311 367 315 321 323 360 335 351 318 314 367 326 224 217 203 245 236 246 251 244 250 227 237 225 232 211 248 235 236 221 235 244 189 187 207 233 276 231 
81 233 215 170 276 152 326 294 131 224 218 319 253 188 353 211 328 349 228 273 137 175 225 239 145 173 142 226 0 278 142 11 270 85 158 205 179 292 101 239 185 171 271 287 161 242 111 169 191 181 136 91 362 117 301 100 56 71 71 50 85 71 106 116 47 70 45 87 138 82 111 95 139 108 119 104 79 134 105 190 190 188 219 196 204 220 204 208 204 199 176 212 204 224 207 206 203 193 184 211 209 201 166 208 180 
296 322 467 131 443 400 380 557 197 145 364 298 510 385 134 152 114 325 501 490 339 419 460 206 233 127 180 257 287 0 170 303 184 278 381 116 226 274 318 488 386 409 396 386 345 95 241 365 259 155 343 346 354 269 272 226 330 234 222 243 224 279 240 221 268 229 258 300 371 312 337 328 355 349 338 315 337 382 339 112 111 116 81 92 98 84 89 98 96 100 122 85 88 103 101 101 87 410 420 397 390 392 397 444 402 
140 186 315 59 381 269 267 379 137 177 208 223 367 224 274 78 266 243 343 396 170 301 350 119 180 88 144 266 146 182 0 150 138 182 281 163 84 177 144 368 304 240 256 255 186 175 158 204 125 60 179 212 263 101 187 149 199 77 85 105 56 122 71 60 112 79 99 134 212 155 182 171 172 177 177 139 163 212 192 70 73 90 103 77 95 91 78 89 94 83 85 94 98 90 87 94 95 333 312 311 309 319 279 339 299 
65 230 188 165 273 146 329 294 134 238 231 300 231 164 361 220 353 333 205 280 138 180 229 252 168 190 171 234 15 291 149 0 281 98 152 229 176 285 105 239 177 173 262 284 149 247 114 171 192 197 129 73 347 115 306 115 57 85 93 46 94 69 117 128 42 72 65 90 134 80 96 99 114 95 119 100 84 143 103 197 193 181 228 212 221 216 208 237 216 201 183 208 209 226 216 214 227 191 179 215 210 201 149 216 182 
244 179 418 163 511 402 204 470 253 260 245 146 509 291 287 70 286 161 431 522 262 428 492 57 314 177 259 366 271 187 151 283 0 304 399 225 124 101 232 490 421 307 248 225 250 235 295 251 151 90 261 344 182 182 103 275 309 210 203 231 183 239 178 169 229 212 234 227 279 259 287 262 270 272 272 236 274 296 270 150 159 163 138 140 137 121 132 115 147 139 143 148 166 130 131 142 147 448 429 454 451 440 420 470 436 
161 318 252 175 214 141 401 358 108 173 303 376 235 266 301 246 307 418 265 219 224 171 183 298 86 167 106 156 83 275 192 108 322 0 104 192 247 348 193 235 125 245 344 359 232 219 37 266 257 228 221 116 420 191 364 46 94 124 124 91 135 139 172 165 134 137 115 177 221 177 196 182 208 193 207 178 155 225 182 186 193 184 218 214 226 231 206 224 210 222 194 213 194 238 210 196 208 146 144 138 135 131 122 190 141 
210 366 232 286 147 70 476 317 196 280 350 456 139 285 410 351 402 490 228 137 261 61 88 389 176 270 223 218 161 382 272 149 414 104 0 287 334 432 245 130 56 254 378 413 267 308 146 293 329 313 243 96 486 252 439 148 116 224 205 166 218 197 247 250 197 209 197 224 240 211 214 217 246 206 226 232 195 245 215 288 294 288 339 316 322 323 326 339 311 317 289 317 294 342 330 309 313 55 39 75 78 55 20 77 47 
251 331 409 107 338 309 416 492 88 33 351 346 409 350 149 185 129 373 432 393 301 344 365 233 124 77 78 156 204 120 148 218 238 182 296 0 227 313 266 410 283 354 387 384 311 34 155 338 258 165 314 267 383 229 306 135 255 175 153 185 163 228 200 187 217 180 196 250 321 267 297 292 315 289 293 264 270 327 305 91 80 91 103 120 101 114 119 124 98 113 95 94 74 125 113 99 87 313 305 291 286 295 293 357 315 
140 108 307 147 457 304 177 363 220 265 144 130 401 178 345 109 319 183 327 460 136 344 395 86 262 173 224 330 191 223 93 179 125 251 334 229 0 117 129 408 345 205 176 162 135 252 234 152 40 94 147 242 182 79 114 230 227 120 131 150 122 143 86 87 152 131 136 127 175 149 185 169 149 175 154 131 178 186 167 140 162 150 164 150 157 154 158 155 173 148 153 158 168 155 147 150 173 370 349 377 385 372 323 395 360 
246 117 371 219 541 409 135 425 309 341 180 40 510 251 371 144 371 87 402 555 221 448 517 83 353 236 319 428 290 266 188 280 109 341 423 308 106 0 217 510 465 286 184 144 202 318 331 214 123 164 229 350 89 173 24 327 320 237 243 261 216 229 173 186 241 228 244 220 257 238 266 266 234 264 261 220 270 265 271 220 234 222 209 206 206 209 200 206 218 204 213 224 250 198 206 221 224 469 458 486 484 465 436 497 456 
57 148 177 198 382 214 240 251 216 287 132 236 299 81 408 195 396 267 206 362 52 234 302 201 240 209 226 329 120 315 142 112 243 187 231 271 127 224 0 298 270 100 159 191 47 291 194 81 117 177 44 158 264 63 223 198 131 117 133 113 118 70 90 100 88 99 103 43 62 28 47 36 49 59 43 14 63 75 49 199 221 206 243 217 226 226 225 234 236 222 205 234 226 224 223 218 230 286 259 291 312 289 254 289 267 
277 415 195 374 200 104 515 282 325 391 395 523 32 300 520 443 524 553 177 128 297 64 101 466 289 393 339 345 240 490 379 220 498 234 124 406 404 498 281 0 158 265 424 455 317 425 259 322 387 422 289 150 543 329 512 268 178 314 303 269 323 282 334 329 260 311 279 276 257 255 247 257 272 259 271 276 235 267 256 405 401 400 428 418 440 427 431 449 422 409 394 431 400 445 417 412 429 119 114 169 171 128 114 73 106 
241 407 271 294 97 106 512 381 208 256 387 483 175 320 398 362 383 515 287 117 305 111 98 409 158 276 211 186 187 380 306 180 426 116 50 284 356 459 267 147 0 302 418 455 320 303 141 346 359 343 301 154 533 289 468 165 147 239 224 208 250 240 282 277 221 238 226 254 269 242 252 261 284 265 280 270 232 277 258 308 306 292 329 324 334 341 323 351 310 331 309 332 299 339 328 306 312 60 54 36 41 41 48 98 62 
136 173 107 296 396 224 272 150 295 363 132 284 260 57 496 282 472 294 129 384 73 235 316 279 320 304 305 406 177 404 237 176 309 262 272 358 200 289 105 275 316 0 147 208 88 382 269 80 189 263 59 168 303 153 295 283 165 201 216 198 204 153 179 201 156 192 181 121 45 109 89 97 74 72 73 108 109 36 83 307 311 297 339 311 332 323 311 315 326 314 293 323 319 322 312 323 336 299 282 326 332 304 261 292 293 
205 79 255 312 514 340 122 254 355 417 42 169 401 113 497 270 495 182 284 510 121 386 461 218 388 322 366 464 259 391 248 268 252 351 382 391 185 184 164 407 431 159 0 54 115 399 362 98 139 249 150 294 175 168 200 349 283 256 259 263 243 212 205 218 239 235 245 190 160 195 191 192 150 181 167 176 199 169 190 315 317 317 324 318 326 315 311 320 322 299 312 324 345 302 314 316 334 418 400 450 449 429 394 436 407 
230 63 306 294 559 395 80 303 367 404 79 119 446 154 501 254 472 125 331 548 173 428 498 191 406 318 367 492 295 374 254 287 228 368 411 393 171 151 186 453 457 198 60 0 162 398 363 140 127 236 176 334 122 187 154 365 322 262 270 273 250 245 205 227 242 244 266 213 195 209 231 225 195 212 193 204 238 204 230 315 316 325 321 304 317 298 296 309 320 292 310 315 342 299 316 314 337 464 442 480 484 461 429 466 440 
90 113 186 227 420 233 200 226 252 317 93 220 319 54 433 220 412 243 196 407 16 265 347 207 282 249 274 381 147 341 168 159 236 228 276 321 144 216 64 322 310 86 124 154 0 328 240 34 115 199 28 185 242 78 217 253 179 153 174 157 154 114 123 137 128 145 149 77 73 68 88 78 44 72 68 58 84 73 78 230 250 237 262 242 261 257 255 257 263 250 248 265 262 259 246 251 275 326 303 348 340 322 285 330 312 
263 338 431 107 365 353 409 525 135 47 383 354 444 366 121 170 107 383 457 419 330 370 391 246 150 95 114 159 247 99 170 250 226 204 311 31 238 318 298 426 310 393 409 396 322 0 176 366 281 173 335 316 405 263 309 165 282 202 173 209 196 235 216 202 235 212 220 279 335 298 318 317 325 311 329 288 300 353 315 109 88 104 114 114 106 110 103 118 97 118 101 92 83 129 119 98 99 357 341 311 320 340 328 377 347 
158 319 285 160 236 181 415 379 61 135 322 361 267 270 286 238 269 412 301 256 245 188 210 276 62 156 84 131 111 244 160 110 301 32 138 153 231 344 211 264 158 283 352 370 252 177 0 267 254 210 239 154 419 192 354 27 118 127 104 99 134 149 183 176 137 129 114 172 232 196 200 202 219 211 214 191 179 245 204 159 169 152 194 183 191 202 190 211 185 190 179 188 169 209 193 175 186 187 174 153 166 171 145 209 169 
111 111 181 255 439 259 204 210 284 340 64 216 326 50 459 249 436 235 212 411 47 279 364 216 305 276 285 388 176 363 197 169 248 256 290 335 150 204 78 323 333 67 102 144 33 359 270 0 122 223 53 195 244 117 221 270 194 167 198 183 167 136 135 149 143 157 155 107 75 91 104 89 62 102 82 103 113 71 101 258 262 263 295 268 275 283 263 272 288 266 258 287 289 273 286 274 289 340 325 351 371 334 295 330 325 
131 70 279 168 462 308 158 337 226 278 114 132 388 155 367 132 363 165 311 461 131 342 414 108 292 201 245 364 189 268 114 196 143 255 322 262 45 105 119 387 354 189 150 135 120 276 246 132 0 114 135 259 172 79 127 238 218 131 156 170 129 142 98 97 140 132 159 126 153 138 164 154 133 166 142 115 152 163 168 179 192 191 200 189 188 178 188 189 206 171 176 198 208 172 180 189 208 384 366 377 395 373 329 392 361 
160 197 337 81 423 324 257 410 169 194 236 190 417 240 262 40 257 235 368 443 198 347 410 90 213 91 166 278 189 144 45 194 92 216 324 156 94 166 185 411 328 278 256 242 205 181 205 215 127 0 212 269 232 133 160 204 232 115 123 150 103 144 100 97 160 124 136 162 233 187 228 211 201 217 212 175 215 254 208 66 79 79 85 74 74 70 71 76 83 72 64 78 103 69 69 83 100 362 340 346 350 364 336 379 359 
82 131 149 226 389 221 237 210 241 319 101 238 275 52 432 223 419 259 192 381 18 255 317 215 277 251 268 360 140 345 175 132 270 221 240 313 149 234 54 280 298 79 148 189 45 321 222 55 134 206 0 156 280 90 255 240 155 146 155 134 147 98 129 132 103 127 130 62 30 59 61 42 20 51 31 54 67 51 44 233 241 241 273 250 259 262 257 270 269 255 244 272 259 269 264 266 275 289 273 325 319 304 258 293 274 
124 273 165 231 230 71 374 256 198 281 270 364 171 192 405 288 392 407 178 217 181 104 171 325 178 252 218 260 84 352 229 80 337 120 106 283 255 345 153 163 154 165 298 323 177 300 139 204 253 255 163 0 409 183 359 153 47 164 161 119 176 127 179 186 125 159 139 141 149 114 116 121 156 130 149 132 109 140 118 251 253 247 284 287 296 279 272 299 288 282 265 279 270 287 283 266 276 152 112 170 162 135 98 139 135 
300 141 403 309 626 472 78 422 378 413 199 53 549 258 459 218 460 16 426 613 250 492 567 166 432 328 388 516 353 349 255 348 179 426 485 384 196 88 274 557 532 301 179 119 236 397 419 249 183 231 279 417 0 248 86 398 385 301 307 328 291 303 247 253 318 290 320 277 295 292 314 300 271 313 283 283 315 305 301 299 306 318 298 295 305 298 295 277 310 296 300 297 339 279 291 317 322 532 525 544 545 529 499 561 527 
76 127 225 149 383 244 231 304 186 252 129 201 322 131 354 155 341 230 266 393 89 279 337 151 222 177 202 312 120 267 94 111 177 183 252 239 72 173 61 327 283 145 185 197 96 253 188 106 70 125 95 178 249 0 200 178 164 80 93 105 69 66 35 54 88 71 73 66 127 79 112 99 95 95 89 64 108 128 96 157 169 159 189 165 190 189 174 183 174 175 168 188 192 176 184 168 198 315 281 320 310 302 262 329 285 
247 144 401 234 562 422 136 423 316 326 181 43 506 255 382 152 371 70 407 565 221 453 510 71 364 239 313 436 290 256 179 303 106 365 434 309 119 13 228 512 472 298 198 164 211 302 347 234 134 164 244 371 86 200 0 332 332 245 240 263 234 249 181 195 247 222 261 237 263 255 279 269 244 271 251 228 281 287 268 230 232 242 211 203 213 213 207 195 230 204 225 224 246 191 208 226 232 487 467 489 496 480 451 509 477 
159 305 302 143 235 193 410 386 66 143 312 357 297 273 267 215 261 387 303 268 244 203 235 265 52 123 71 138 106 230 147 109 285 55 167 143 228 326 199 274 165 280 351 371 255 173 19 280 256 184 221 150 415 184 339 0 140 111 92 111 124 141 165 153 125 119 113 169 226 193 205 192 229 196 209 193 191 238 210 162 152 141 178 179 177 192 169 190 167 177 149 171 152 189 179 166 166 187 190 180 183 189 170 229 189 
108 257 170 214 260 96 359 278 157 255 241 355 190 180 392 270 368 374 180 240 164 138 181 281 165 230 179 240 63 335 197 43 317 109 104 256 231 320 125 189 159 174 277 318 176 276 128 203 219 226 153 31 397 150 340 130 0 123 137 85 130 111 153 167 88 128 100 110 146 104 104 103 146 120 126 119 90 146 113 222 239 232 258 246 266 259 242 271 249 249 241 262 246 269 250 244 250 156 129 187 187 152 125 171 153 
89 194 259 96 333 215 296 342 122 195 214 265 317 195 306 139 294 292 274 337 154 253 299 178 145 118 126 244 69 232 69 86 209 125 212 175 117 237 101 301 239 196 241 250 152 187 124 184 149 113 151 159 297 89 227 122 118 0 39 47 17 60 68 62 47 16 42 85 150 105 124 130 150 141 142 94 113 158 141 111 130 114 152 143 152 138 142 160 148 136 114 151 131 143 151 140 138 262 235 249 264 251 213 277 244 
104 223 270 101 326 211 306 341 85 165 239 274 313 199 287 153 275 302 283 327 175 236 292 187 142 119 99 225 74 212 87 95 209 113 211 163 146 246 127 293 226 220 272 284 174 183 110 204 168 116 157 150 310 110 244 105 118 40 0 41 31 73 78 62 66 41 55 107 163 114 139 134 167 151 160 124 136 183 145 114 108 120 157 144 151 136 129 152 123 128 117 134 120 142 136 120 145 257 229 247 255 244 209 271 238 
74 214 228 140 307 178 323 313 103 197 230 295 283 190 321 186 313 327 256 296 158 206 266 209 136 153 139 229 42 256 113 50 242 91 185 192 149 267 109 276 209 192 266 268 155 212 101 187 176 166 133 111 330 98 265 102 84 45 49 0 57 55 99 86 49 54 35 86 153 93 114 105 143 125 136 106 88 149 112 151 156 156 182 170 186 181 182 192 174 161 145 172 164 177 176 158 174 230 213 219 221 224 188 241 200 
93 194 255 89 340 212 277 348 122 184 209 244 331 188 304 128 290 271 275 352 156 251 304 175 158 109 139 241 89 217 58 88 201 139 215 165 118 218 105 304 254 205 251 246 142 204 137 171 143 113 144 168 284 71 236 123 148 13 40 60 0 70 60 45 74 30 57 92 154 104 149 135 143 132 145 92 112 176 144 110 115 116 148 122 135 132 122 150 136 133 121 137 128 151 143 123 144 264 258 277 283 269 232 287 249 
31 184 207 149 327 182 292 290 148 234 177 266 277 145 357 171 336 295 224 330 98 215 282 188 174 159 168 262 56 265 104 65 236 132 191 210 134 231 75 280 228 145 228 244 105 250 150 132 135 151 106 137 298 65 249 143 108 48 63 46 68 0 64 66 14 46 38 45 113 62 78 70 103 96 91 60 68 125 93 172 165 158 202 184 191 200 193 192 183 182 176 192 182 189 185 182 203 251 222 263 269 247 205 254 222 
81 142 247 117 375 238 243 328 149 224 171 203 339 167 327 130 318 233 277 382 128 273 345 129 203 136 175 276 112 222 66 127 176 187 264 196 84 190 83 337 285 179 205 206 124 221 181 137 92 93 113 184 263 49 185 161 163 62 72 96 59 75 0 29 75 53 82 87 140 95 129 112 128 117 117 81 111 153 130 136 140 129 151 139 162 153 142 158 148 138 128 142 155 141 144 148 167 310 278 314 306 291 273 318 278 
89 156 277 104 385 250 262 342 134 200 191 218 342 169 311 127 301 254 294 374 128 282 335 147 196 118 154 274 105 213 52 118 164 177 250 196 78 179 99 341 290 189 224 217 124 208 170 159 103 82 133 184 254 49 186 150 171 51 76 91 40 66 32 0 74 48 72 88 157 108 148 137 139 141 136 95 131 177 134 115 134 125 143 133 140 128 133 139 131 115 110 143 151 145 122 123 137 296 292 309 313 296 267 316 290 
37 191 199 151 309 173 287 299 146 215 198 270 271 151 354 188 331 303 235 328 115 219 279 202 175 159 162 258 58 267 122 49 248 126 184 209 138 248 86 258 218 162 228 242 125 232 132 152 154 155 109 110 308 78 254 132 96 65 60 45 65 13 85 80 0 39 38 62 119 64 95 73 103 99 94 67 79 132 82 170 163 174 195 184 196 196 194 191 192 171 167 190 178 186 198 188 187 243 210 243 252 227 189 259 229 
74 199 241 106 346 218 281 326 131 187 203 247 300 182 314 156 304 278 271 350 127 245 299 187 158 137 138 244 82 231 86 87 210 126 218 177 117 232 96 297 240 178 242 247 146 199 141 156 138 115 142 147 299 77 222 135 130 24 36 49 18 38 56 43 56 0 34 73 153 104 124 109 122 123 122 95 101 147 112 137 144 136 160 146 157 151 154 159 160 147 124 152 142 150 142 134 148 263 244 252 267 256 234 285 237 
71 198 223 140 308 195 309 310 114 212 213 273 275 179 318 174 322 310 248 315 125 216 264 205 159 138 143 239 46 254 98 56 237 109 189 191 139 250 87 282 221 170 233 270 132 221 116 161 151 151 120 122 309 84 248 117 106 32 47 24 56 39 63 81 41 40 0 81 133 97 109 101 128 101 116 73 98 152 112 149 149 155 182 170 175 172 163 183 175 159 155 171 156 167 170 155 184 234 218 235 247 229 199 255 229 
15 166 188 174 348 186 263 256 193 270 144 240 283 118 379 198 368 281 200 353 78 224 296 198 209 207 200 307 82 294 138 89 234 177 217 251 129 223 37 276 266 120 195 216 69 276 188 97 118 177 68 144 284 62 243 174 123 94 108 85 85 45 79 89 44 69 66 0 79 32 69 56 61 57 65 24 56 81 49 192 209 202 231 213 229 207 212 221 216 211 191 223 211 221 209 206 218 255 245 285 275 253 228 285 250 
89 174 124 256 374 195 254 194 240 331 129 259 256 67 450 264 431 304 150 353 58 226 300 239 267 274 275 364 125 362 195 131 285 212 237 327 180 266 62 256 274 46 155 195 67 345 229 81 169 228 47 150 310 127 274 226 145 147 166 152 156 106 146 159 125 156 139 74 0 66 39 51 42 36 20 61 71 13 36 272 262 265 290 269 287 277 274 283 287 276 256 288 278 272 284 266 281 280 264 298 312 282 238 283 249 
31 175 169 195 358 191 265 247 205 287 143 260 262 90 390 208 387 285 187 343 67 207 288 212 231 223 214 321 85 323 150 79 248 164 200 281 146 255 35 273 243 101 177 221 66 301 192 105 143 184 48 116 295 82 259 177 103 109 126 103 111 51 100 121 59 96 88 41 67 0 43 32 53 45 35 19 38 74 31 208 212 213 240 226 232 231 235 250 231 222 210 243 240 237 227 228 243 259 228 274 278 257 208 260 230 
68 171 133 223 355 166 272 212 213 310 143 270 240 94 419 248 406 308 154 325 67 204 282 238 240 240 231 334 113 336 178 91 288 178 199 296 168 275 61 239 254 81 187 227 89 326 203 92 156 224 60 109 317 104 280 200 117 130 148 124 149 78 125 148 95 120 102 66 50 48 0 31 54 3 35 54 25 42 11 233 255 236 270 256 272 273 258 261 263 246 243 261 270 275 256 257 261 250 225 279 289 251 212 244 239 
59 171 156 206 340 169 270 233 205 298 140 269 246 83 421 230 397 298 164 335 59 209 281 224 234 237 233 326 94 332 164 92 262 182 204 283 163 265 49 260 260 100 186 227 79 318 190 96 147 207 59 127 295 98 260 202 101 131 133 100 123 73 119 137 77 107 94 44 51 30 23 0 40 14 25 44 23 58 12 232 227 234 268 244 253 246 237 250 247 230 227 255 244 242 251 237 260 247 240 283 278 263 207 250 244 
76 139 153 230 383 212 240 211 228 312 122 242 283 69 427 238 411 281 187 369 29 248 319 233 271 254 262 356 127 347 174 127 256 214 231 301 150 240 43 279 291 71 156 196 46 320 215 63 130 220 19 161 277 92 247 219 149 136 154 142 142 106 122 145 100 124 128 54 27 45 53 50 0 38 18 56 61 43 41 251 246 253 276 264 260 261 250 264 263 255 235 269 271 269 259 246 264 281 259 312 313 294 245 281 265 
71 178 141 223 356 184 266 214 231 304 151 283 245 81 423 247 408 306 163 335 62 214 287 252 244 240 233 333 103 350 191 89 288 193 218 292 183 272 45 249 258 88 176 218 71 321 207 92 168 211 49 132 301 115 278 215 114 134 153 124 142 90 133 140 99 126 114 65 30 39 6 32 40 0 27 47 26 40 5 250 239 251 274 261 271 268 261 260 271 259 234 268 266 263 263 249 279 250 226 271 289 256 220 266 234 
77 155 156 230 367 197 255 202 240 303 128 268 274 59 436 243 417 280 169 352 37 227 288 234 253 248 241 342 131 355 180 116 263 204 238 295 171 246 54 270 274 74 173 197 51 321 218 66 138 215 29 131 293 97 265 213 128 138 148 119 136 89 118 140 90 136 118 63 26 43 30 41 21 33 0 45 42 30 20 233 242 253 268 258 272 258 247 260 259 244 237 263 272 271 257 247 271 274 256 294 296 269 234 269 257 
36 161 188 180 365 192 247 250 193 284 147 234 284 108 387 203 386 264 210 352 71 222 295 201 231 198 212 304 101 315 143 81 236 179 216 263 132 228 29 272 272 119 184 214 70 276 195 83 122 182 53 133 290 60 237 188 124 90 112 94 93 52 82 89 75 81 84 18 74 20 44 48 58 51 39 0 37 73 41 200 208 206 226 208 226 217 221 221 226 216 197 230 235 215 228 212 237 264 252 294 299 270 238 275 245 
57 194 158 204 332 152 287 239 189 283 176 285 239 113 400 230 385 300 174 322 74 193 261 242 224 219 223 310 89 331 173 70 282 168 184 284 165 270 55 242 234 104 202 234 85 294 178 109 154 207 72 100 311 100 277 174 99 123 119 86 125 72 116 123 68 102 97 44 68 23 32 35 59 36 55 37 0 70 44 217 232 230 265 234 253 239 247 251 238 228 233 257 247 259 253 234 255 243 226 251 264 240 209 252 225 
101 173 128 267 384 192 267 188 268 350 141 280 250 63 468 258 450 310 138 352 63 224 300 258 292 269 272 372 144 381 223 137 303 230 227 337 191 265 72 250 288 40 166 212 76 356 243 71 179 245 57 153 302 119 280 248 132 162 179 150 169 123 152 165 129 161 152 88 17 75 47 57 39 42 49 77 78 0 39 270 283 275 311 277 292 304 290 301 293 278 283 292 302 296 284 277 308 267 246 298 311 290 239 275 263 
60 177 132 218 349 170 270 208 230 300 159 264 255 91 432 240 412 308 165 341 72 217 281 251 244 246 247 336 104 341 178 91 277 178 203 287 175 267 43 250 254 70 183 219 73 325 193 100 161 215 44 130 308 111 278 215 119 141 146 129 128 88 126 140 97 115 104 61 44 36 19 25 44 21 19 53 35 56 0 240 249 242 271 245 258 267 255 266 254 260 246 271 273 268 267 262 279 258 243 279 274 265 220 266 234 
180 237 361 24 391 314 310 433 104 124 287 251 407 279 196 83 186 286 386 419 239 345 378 164 176 43 114 228 172 124 75 186 148 200 295 105 140 215 210 390 299 298 316 299 231 118 169 257 176 73 249 252 293 161 217 163 236 113 115 144 103 169 122 123 172 121 143 196 270 210 234 221 235 249 238 204 220 272 241 0 18 28 53 29 36 34 41 46 22 37 10 37 40 57 45 18 39 336 319 326 325 315 295 361 330 
184 269 373 42 370 308 327 457 102 104 286 258 409 288 194 96 193 297 388 415 257 337 376 157 150 34 96 219 174 104 87 203 167 198 293 90 157 236 218 395 301 300 321 314 248 100 170 272 189 82 250 260 315 177 242 140 241 121 118 163 128 162 138 134 178 140 154 209 277 227 256 235 256 238 239 208 230 287 241 18 0 21 49 46 50 44 31 60 26 42 24 25 29 44 35 15 27 338 322 313 328 323 298 356 325 
182 253 366 36 385 294 331 455 102 101 282 274 398 281 185 95 178 309 397 403 243 329 364 168 151 33 104 206 180 107 78 197 172 178 280 97 165 231 211 390 292 311 314 318 240 99 152 261 184 78 250 263 308 168 230 150 235 122 109 147 124 173 147 113 161 128 139 192 256 212 252 224 238 242 238 201 229 284 243 14 9 0 53 43 42 53 35 53 28 41 12 35 38 54 43 31 32 340 315 313 324 311 303 371 310 
216 264 401 72 414 353 322 479 140 141 306 259 447 317 187 87 179 284 428 442 268 363 416 160 193 53 133 235 208 85 95 216 137 228 337 106 152 220 247 444 335 323 337 312 257 104 198 286 187 79 267 291 301 182 219 185 261 149 147 187 154 188 166 152 210 152 179 234 301 249 264 265 279 268 276 224 248 305 266 52 39 45 0 27 12 11 16 34 38 38 41 17 41 30 24 31 31 371 349 352 364 359 341 394 356 
193 252 374 59 408 324 319 456 145 149 288 244 427 285 206 65 200 274 395 433 248 356 394 133 197 51 129 241 197 97 87 222 140 208 315 121 144 210 217 422 329 317 314 307 247 108 202 273 178 75 261 276 283 170 211 176 255 140 135 179 141 182 135 126 190 157 171 202 280 219 252 239 262 249 252 208 240 278 259 42 34 45 25 0 28 28 9 17 39 23 40 15 52 22 20 32 41 370 351 354 357 343 336 401 352 
218 246 400 63 421 331 312 472 140 128 303 244 444 297 191 77 179 287 413 446 271 372 404 150 188 65 143 240 213 86 92 217 138 217 333 108 161 205 224 438 329 324 333 311 270 106 190 279 199 70 268 284 299 190 221 175 270 155 148 186 147 200 145 142 203 157 176 222 293 244 260 251 264 261 263 234 257 289 273 43 37 53 13 13 0 19 15 31 25 33 52 17 40 18 12 24 33 372 354 350 350 356 333 400 355 
216 244 401 57 410 337 322 469 133 134 295 249 440 292 186 67 184 278 408 439 259 363 400 140 189 55 140 238 211 93 86 213 120 222 318 117 160 213 225 438 333 328 328 307 260 122 196 284 186 71 255 282 300 181 201 187 256 156 136 175 148 198 141 139 201 148 169 220 284 248 267 254 271 268 256 231 246 302 268 41 44 59 12 11 25 0 24 15 27 25 39 28 44 17 19 25 41 376 364 352 361 360 336 389 359 
214 258 388 43 405 327 323 462 134 127 279 246 428 289 188 65 182 280 401 437 247 353 408 144 189 64 138 244 199 93 83 206 126 210 325 117 149 206 227 418 336 311 323 311 248 119 193 265 190 76 253 280 302 177 217 181 258 133 130 170 122 189 137 123 177 145 158 200 281 234 252 254 254 248 250 209 236 280 265 39 46 49 35 15 23 23 0 19 19 13 29 15 39 28 18 32 39 369 359 350 337 344 325 387 352 
209 245 401 74 427 339 309 475 158 144 286 235 445 310 198 62 193 273 420 450 271 376 419 126 210 64 155 246 208 95 84 234 126 226 342 124 154 195 229 434 350 321 305 297 250 118 215 283 173 80 266 304 284 184 203 204 264 161 147 189 153 201 161 138 189 161 179 228 281 233 267 252 273 270 258 220 260 290 259 52 57 59 21 30 18 10 30 0 46 40 58 34 58 12 17 49 49 376 364 360 365 364 343 405 356 
210 259 380 50 404 318 329 455 122 110 301 262 424 311 189 94 167 286 402 419 270 364 397 155 179 47 123 230 206 95 98 204 157 198 310 88 163 231 228 413 324 329 332 323 268 106 177 291 202 90 264 281 321 172 225 172 255 147 142 171 144 197 150 141 198 142 173 212 277 240 258 248 261 267 258 231 244 291 259 35 24 30 26 32 20 25 18 48 0 31 27 27 30 40 19 11 16 361 337 332 328 329 316 384 336 
200 252 383 48 416 326 316 448 128 135 289 241 426 297 210 83 196 272 403 439 241 350 390 137 196 62 126 242 208 94 83 207 130 210 323 110 137 204 219 412 318 302 304 310 253 112 184 270 188 62 250 280 296 161 197 175 241 127 125 165 132 176 137 124 186 148 158 197 274 235 259 249 245 247 253 210 238 282 257 23 34 46 21 22 33 25 7 32 40 0 26 26 52 33 14 22 46 368 350 338 338 343 317 389 356 
199 245 374 29 388 312 322 454 115 114 283 265 401 287 207 89 201 284 387 416 246 344 368 144 164 27 111 218 173 122 67 198 157 187 287 90 148 214 200 401 303 294 314 312 247 106 178 269 174 71 247 254 309 160 225 152 236 121 108 161 118 160 135 116 170 124 152 202 257 206 238 226 241 252 233 207 218 277 231 11 22 18 50 39 47 34 25 42 31 40 0 34 29 37 43 18 29 337 336 310 317 315 296 369 326 
205 268 390 45 410 322 332 468 137 136 302 267 437 310 197 92 183 293 406 431 263 364 403 156 189 61 120 226 213 98 87 224 146 211 308 106 155 211 233 422 328 324 322 321 264 104 194 285 187 88 260 277 296 184 215 165 251 136 128 172 135 194 154 129 181 160 170 208 285 227 269 252 255 268 256 224 244 300 271 30 42 34 23 21 30 30 19 40 7 33 26 0 41 23 11 24 29 369 348 347 344 350 319 388 351 
214 275 386 49 373 317 349 473 102 105 306 286 418 317 185 104 171 321 402 419 268 343 385 178 158 28 102 211 188 105 109 207 169 201 290 80 174 247 227 410 305 333 334 344 258 76 160 281 215 97 263 261 339 185 251 163 238 151 140 168 129 196 160 137 182 161 173 222 277 242 275 246 263 260 260 222 245 296 254 44 20 29 38 46 45 44 42 59 38 51 45 31 0 65 55 25 18 334 326 327 328 318 309 375 328 
220 245 389 70 421 336 307 469 142 151 292 242 454 293 194 68 188 260 424 442 267 372 407 129 210 77 153 256 205 93 92 228 115 235 337 131 137 202 224 428 348 319 319 300 248 112 198 273 170 61 254 294 289 174 190 194 256 159 141 189 149 195 148 131 203 162 173 205 283 231 263 257 261 254 264 224 255 292 260 55 51 59 34 13 19 15 27 10 36 37 53 33 52 0 27 30 42 375 370 365 352 365 349 401 354 
202 246 378 47 416 330 307 460 141 136 286 254 430 306 185 70 178 277 404 433 253 353 393 152 197 52 135 246 196 91 86 214 130 225 321 100 162 205 218 421 333 315 313 315 249 101 186 268 187 65 251 282 290 178 213 182 253 149 127 168 142 184 148 125 182 146 173 221 274 231 263 249 250 263 270 225 248 296 267 44 40 48 13 15 22 13 11 35 25 16 35 28 51 21 0 20 40 362 346 348 343 347 333 384 360 
203 253 373 32 391 312 322 454 115 114 285 264 431 289 200 95 180 285 393 418 266 351 384 149 164 45 114 224 188 106 81 208 143 206 301 105 149 218 225 414 309 321 330 305 261 100 182 274 186 81 256 280 306 173 227 166 250 135 117 169 136 173 139 131 182 134 168 203 278 220 265 244 260 263 265 209 242 291 249 15 33 27 28 31 30 39 20 43 12 18 31 20 25 45 28 0 24 354 334 325 335 328 313 373 345 
217 277 393 51 405 322 339 474 118 116 302 267 427 319 175 95 164 297 419 435 262 350 393 159 176 54 111 232 215 76 103 215 164 219 307 90 169 229 238 429 330 323 327 334 265 93 184 294 196 90 263 288 323 194 238 168 263 143 135 184 145 202 149 140 195 150 182 227 281 237 281 262 272 260 275 229 243 300 273 36 26 41 21 36 32 35 31 43 15 43 32 16 25 45 32 35 0 367 338 334 330 350 329 383 351 
245 407 257 313 116 102 514 341 245 316 400 494 124 326 433 384 422 528 257 97 312 81 48 420 213 318 244 230 190 423 319 194 455 162 59 326 370 467 288 115 57 295 435 456 325 359 193 339 369 363 301 144 542 307 478 189 157 269 254 223 279 248 308 310 233 260 235 263 279 266 260 253 286 263 263 279 242 273 258 333 338 341 370 361 376 370 362 373 361 368 333 354 334 384 361 346 364 0 21 72 75 30 51 43 29 
231 397 225 307 127 76 496 335 228 310 369 468 123 298 432 377 427 514 240 117 284 68 55 415 206 307 253 243 175 415 309 170 434 144 48 309 353 453 254 97 65 287 414 441 308 338 167 307 364 343 277 126 524 293 459 193 143 248 234 200 261 234 282 287 214 247 226 237 257 242 229 237 267 239 258 253 220 254 237 327 314 322 361 345 368 354 340 373 339 342 332 355 338 356 346 335 352 34 0 74 82 41 25 59 21 
260 428 284 300 80 142 535 397 210 274 421 512 185 350 402 382 401 530 301 102 339 120 87 416 180 301 221 187 195 387 311 202 451 142 72 290 375 480 297 166 34 324 441 484 343 325 164 367 375 353 318 166 555 309 495 167 173 260 242 217 274 260 315 306 242 257 246 282 292 268 269 285 312 279 294 277 253 300 274 325 306 318 358 339 341 361 351 359 335 344 312 345 318 348 354 334 344 63 80 0 9 35 85 105 70 
263 436 294 299 73 146 534 390 219 267 425 513 200 351 403 394 384 548 308 102 335 129 95 430 173 297 238 199 207 394 317 210 444 150 78 293 370 486 302 168 28 330 463 476 335 328 165 366 385 368 323 166 558 323 498 182 192 255 248 237 274 271 315 300 245 269 254 274 308 284 287 291 323 281 310 294 260 314 274 317 308 307 349 356 345 355 353 356 341 353 326 350 327 354 345 340 333 76 84 13 0 42 81 92 83 
261 410 274 300 99 110 518 369 236 291 403 487 166 331 408 380 411 527 266 99 310 104 73 420 179 296 241 215 191 412 307 188 440 131 65 295 357 466 278 124 25 309 440 472 326 322 159 347 376 357 302 145 532 294 475 186 151 258 245 223 260 254 305 290 241 265 229 261 290 265 246 249 293 261 268 272 235 281 263 326 330 306 352 350 358 351 340 370 337 338 334 344 324 372 349 338 334 24 34 44 39 0 52 64 45 
207 369 235 297 145 65 467 320 206 286 349 460 135 282 406 355 418 497 238 136 268 72 76 383 183 296 232 236 156 392 277 157 421 134 21 289 331 442 250 117 49 258 401 419 279 320 147 297 329 330 266 108 493 275 449 165 120 216 219 189 235 216 254 270 201 223 192 231 242 222 214 220 249 214 234 232 209 239 215 308 304 309 343 326 337 328 337 342 328 323 298 334 315 352 331 309 318 43 31 71 92 57 0 81 22 
261 415 229 343 142 95 523 330 277 334 400 511 99 323 466 418 467 534 221 86 321 54 34 456 248 342 285 288 220 460 347 204 472 195 86 351 380 488 291 79 83 293 440 459 320 384 211 342 393 383 286 157 558 327 493 234 169 292 284 249 303 264 315 324 262 289 262 275 284 264 262 262 284 255 267 282 236 275 259 377 368 368 400 392 409 392 400 412 391 384 370 394 381 400 387 379 381 39 49 109 99 70 65 0 52 
247 386 244 317 138 86 502 323 227 305 384 491 129 308 429 389 429 512 232 103 298 61 56 418 194 304 251 240 183 402 298 178 433 150 43 305 348 468 268 114 60 275 415 453 293 342 178 329 354 344 282 115 519 285 478 192 139 241 235 217 251 234 296 280 226 243 218 246 249 238 224 234 270 237 265 258 230 260 236 329 330 324 370 345 357 352 357 362 342 340 331 356 335 360 353 341 355 27 12 75 84 33 33 51 0 

Depot information
214 236 1
86 138 1
140 399 1
315 109 1
482 431 1
298 390 1
12 68 1
43 426 1
370 182 1
430 121 1

Cust information
68 191 1
81 30 1
281 491 1
105 262 1
491 3 1
251 53 1
481 6 1
52 12 1
140 424 1
432 477 1
139 239 1
314 420 1
384 452 1
183 44 1
409 221 1
342 107 1
385 171 1
494 215 1
275 258 1
377 5 1
264 124 1
267 266 1
207 6 1
357 271 1
354 375 1
408 104 1
182 112 1
120 28 1
177 232 1
305 482 1
403 376 1
113 299 1
32 183 1
26 131 1
133 228 1
417 76 1
370 242 1
108 232 1
152 128 1
256 82 1
149 252 1
274 336 1
36 13 1
197 182 1
121 18 1
369 228 1
275 308 1
268 190 1
288 190 1
277 227 1
264 180 1
236 224 1
224 167 1
237 160 1
246 231 1
257 194 1
262 217 1
202 233 1
151 280 1
194 254 1
181 279 1
186 266 1
155 256 1
179 276 1
164 265 1
191 236 1
203 272 1
145 289 1
179 275 1
319 92 1
331 93 1
331 97 1
324 57 1
311 68 1
320 59 1
315 60 1
315 69 1
309 53 1
331 74 1
311 73 1
320 91 1
326 69 1
348 86 1
307 56 1
317 67 1
326 79 1
338 70 1
380 415 1
361 405 1
424 384 1
429 386 1
395 397 1
356 385 1
359 447 1
366 405 1
