Seed 123 - Instance: n40m10_2
n 40
m 10
Q 201
L 0
U 1000

0 100 248 228 166 417 551 129 389 418 41 225 406 304 203 564 217 358 412 360 384 390 466 426 442 275 235 148 166 457 429 425 401 417 415 358 332 347 327 368 358 327 297 292 289 267 302 294 334 147 
116 0 153 233 126 328 489 170 293 406 69 239 322 231 208 508 110 277 342 339 286 282 397 340 373 239 166 66 210 401 384 395 345 376 376 313 293 283 276 300 299 285 219 227 221 204 238 222 257 104 
249 165 0 220 151 203 368 226 138 346 222 241 182 96 205 380 85 116 226 257 146 136 257 193 232 178 77 119 272 265 272 286 249 284 282 189 186 186 157 184 187 185 93 96 104 74 140 115 126 113 
221 237 238 0 109 402 381 101 309 213 232 46 289 205 39 400 248 271 254 158 369 312 308 313 317 105 155 197 109 307 252 234 204 224 224 199 178 191 177 199 202 186 214 192 188 186 166 190 213 156 
155 133 138 121 0 329 408 93 263 298 157 120 263 174 84 412 148 210 254 217 275 248 303 284 303 130 91 75 125 312 287 271 241 267 268 220 191 191 177 203 215 174 160 141 163 144 152 152 177 63 
423 335 186 398 320 0 338 417 120 446 383 427 171 193 365 340 218 154 267 368 54 119 251 163 217 318 247 309 441 279 343 356 317 350 365 260 284 280 261 271 271 278 181 213 207 209 234 232 207 291 
557 501 369 380 415 332 0 456 272 263 542 409 206 297 379 18 442 261 156 240 353 272 111 181 141 292 346 447 478 93 145 180 197 167 180 211 225 227 241 206 204 223 294 287 288 318 272 276 250 418 
134 167 231 94 100 420 458 0 339 306 158 89 347 251 101 488 224 302 318 258 368 348 379 363 383 183 184 153 44 371 327 313 281 324 306 271 252 261 237 271 264 258 247 223 239 212 235 217 263 142 
384 293 156 308 255 107 264 355 0 354 359 348 62 97 291 267 214 58 164 256 100 13 166 84 124 214 176 263 365 195 240 261 224 251 250 169 183 177 161 175 169 178 104 126 123 137 146 129 123 241 
417 404 346 216 302 455 271 302 340 0 414 232 312 280 236 281 409 311 217 102 442 353 256 310 280 183 282 357 288 228 142 113 140 127 119 199 193 189 210 196 196 191 285 261 279 294 240 252 254 333 
53 78 216 231 152 398 548 155 349 428 0 225 385 284 196 562 179 326 396 367 338 354 445 403 423 274 203 122 192 441 413 408 386 416 422 340 312 331 310 346 353 324 271 258 268 247 286 264 303 138 
216 241 241 39 124 422 412 96 348 227 231 0 340 241 60 437 265 289 287 191 387 325 343 330 337 144 177 204 78 330 267 267 225 257 252 237 211 213 199 218 228 213 254 214 228 212 202 214 251 180 
413 333 184 292 278 169 202 342 69 317 376 338 0 118 273 220 245 62 109 233 166 72 106 36 74 208 193 275 379 125 178 211 180 199 209 120 144 140 136 125 131 135 123 130 125 143 133 133 97 261 
293 224 89 208 171 193 291 243 107 296 279 236 113 0 195 288 168 66 149 191 160 99 175 139 169 146 82 168 283 186 213 211 175 200 215 111 105 101 105 112 123 112 5 34 22 47 70 46 62 159 
202 202 193 36 85 369 392 104 275 218 199 57 280 183 0 391 230 232 245 162 337 282 298 289 308 93 132 155 95 302 245 232 207 231 224 200 162 172 156 177 177 158 195 161 177 155 162 156 194 118 
577 513 380 399 414 339 23 478 277 291 559 431 205 293 395 0 446 256 163 248 355 262 129 189 148 302 366 451 480 115 174 195 210 179 194 213 246 243 242 224 229 234 296 300 304 327 284 300 261 424 
210 103 86 259 166 233 429 225 209 403 184 284 248 153 224 445 0 196 295 328 187 210 326 261 310 231 129 97 274 338 344 362 313 346 352 258 236 253 228 257 256 247 160 173 165 152 191 168 202 116 
355 271 123 268 210 163 247 309 55 319 328 303 69 61 244 263 201 0 134 218 136 45 141 72 126 175 147 232 341 166 193 221 190 220 207 121 128 127 117 135 137 117 53 89 85 94 94 98 60 219 
418 361 222 251 255 255 149 320 150 223 384 288 100 147 252 164 290 132 0 145 254 154 65 98 74 161 209 287 338 63 85 119 89 104 110 60 87 83 96 66 80 96 151 137 151 158 114 135 96 277 
360 336 253 169 213 372 240 260 267 106 350 183 220 194 166 262 316 221 136 0 347 256 179 229 220 108 203 285 251 174 90 85 71 80 83 116 108 100 104 100 102 99 204 188 174 191 146 160 170 248 
376 285 146 369 276 52 350 384 96 440 349 390 165 166 333 349 179 136 240 342 0 93 247 181 211 282 210 246 405 289 327 338 314 326 344 249 246 241 245 257 263 251 158 175 180 179 217 199 200 250 
387 291 134 309 259 117 258 337 4 339 349 336 75 104 287 263 196 58 162 262 104 0 160 89 134 214 176 244 366 181 236 248 213 240 244 172 171 174 156 169 178 175 95 130 114 139 136 141 107 240 
459 405 267 314 313 247 111 374 172 254 448 341 102 186 303 126 322 151 70 192 260 165 0 101 53 209 248 334 401 36 121 143 124 129 150 110 141 129 148 130 127 139 172 181 180 204 171 174 137 316 
431 352 199 296 292 173 187 365 77 304 396 349 19 138 284 202 267 76 99 219 166 73 86 0 60 209 199 296 380 119 175 192 174 190 201 128 151 135 144 133 139 146 124 146 146 168 143 151 117 279 
447 373 230 309 311 211 149 369 124 278 430 349 57 164 294 161 304 118 85 220 211 131 60 47 0 210 235 332 400 89 150 175 153 165 182 128 153 151 141 133 122 151 163 176 161 175 170 166 114 294 
287 242 187 100 124 321 294 174 231 186 280 137 200 137 88 297 237 180 169 106 280 224 217 206 216 0 113 205 195 208 155 154 115 159 141 106 74 92 76 102 101 71 151 117 127 117 82 100 119 164 
230 160 82 153 83 253 349 177 179 287 209 191 196 86 125 363 125 149 201 202 216 165 256 198 227 129 0 95 219 258 231 249 200 233 249 167 144 152 132 167 167 131 80 78 75 63 94 72 121 72 
136 55 118 179 78 304 438 154 262 352 114 203 272 178 158 461 105 234 300 294 249 252 339 302 321 187 114 0 191 346 336 328 300 331 332 252 225 229 211 260 256 237 178 156 177 154 178 163 220 38 
171 218 265 89 143 449 479 53 369 278 193 69 382 274 96 488 268 339 342 239 415 374 402 377 387 182 208 201 0 384 334 317 294 324 322 297 251 274 261 274 284 258 290 266 273 242 251 258 278 173 
476 399 267 301 313 290 98 385 195 219 447 338 142 190 286 120 348 165 61 161 271 190 31 127 83 202 265 352 380 0 93 112 105 115 107 104 138 132 136 119 122 137 195 190 188 224 184 181 142 329 
437 380 276 235 276 340 150 330 235 138 430 273 190 202 242 168 358 191 78 98 330 223 111 176 153 161 236 323 326 94 0 47 56 42 41 94 106 106 130 93 99 116 213 197 186 218 166 177 166 299 
419 386 299 234 273 362 182 317 259 126 407 254 201 219 226 192 354 222 111 83 348 252 146 207 182 154 254 328 317 114 34 0 54 15 10 112 127 121 139 97 97 127 223 204 197 221 174 199 166 292 
403 348 244 198 235 325 194 288 228 134 386 225 183 183 205 207 322 190 85 69 300 212 141 186 155 111 212 295 289 108 49 55 0 47 47 63 76 85 88 59 73 81 181 169 158 184 125 148 134 265 
418 384 282 233 282 355 177 306 248 130 406 249 198 209 227 185 354 214 98 80 325 237 140 199 171 156 235 325 311 119 25 9 30 0 8 88 114 104 127 105 88 119 212 197 206 216 166 194 164 300 
426 376 287 227 264 364 180 310 242 122 404 262 194 209 227 197 346 222 104 83 346 243 133 189 183 143 233 338 306 109 33 5 35 25 0 110 109 115 134 112 94 124 214 199 192 212 162 185 166 306 
363 307 185 200 221 272 203 273 171 198 356 237 133 122 193 206 266 132 62 100 255 165 113 134 124 99 158 262 288 121 97 103 70 103 97 0 47 33 50 11 25 40 119 105 116 125 89 103 73 224 
332 293 189 165 186 276 230 233 172 179 314 202 156 115 163 238 251 128 100 95 255 183 153 159 156 76 140 223 252 142 105 126 82 105 119 40 0 29 30 44 27 6 118 99 107 111 55 93 83 200 
351 289 189 180 191 273 221 250 169 187 328 215 138 100 163 244 253 125 94 94 259 176 139 148 132 93 141 244 258 135 105 125 87 116 117 26 22 0 25 22 19 13 109 90 93 125 72 93 64 207 
326 269 171 180 183 256 235 253 157 208 305 212 130 91 165 252 236 112 93 120 244 160 156 135 141 91 129 216 262 146 129 137 105 118 138 42 31 34 0 46 48 23 93 73 90 99 40 64 67 193 
366 311 195 198 208 276 220 266 165 182 335 234 129 109 190 231 269 123 70 99 253 178 114 129 133 106 149 249 281 122 103 111 66 90 98 21 35 28 46 0 2 26 113 103 115 136 72 89 75 214 
370 306 187 204 217 279 213 277 162 182 342 227 126 122 195 226 273 135 62 109 247 180 127 144 140 98 160 244 278 111 89 113 73 104 103 23 43 24 35 22 0 38 125 109 120 131 85 102 69 225 
335 290 176 184 193 264 239 238 162 199 313 220 146 96 160 252 244 124 89 109 254 168 147 143 151 80 141 221 260 133 122 127 74 118 118 47 10 19 16 23 39 0 112 97 90 100 65 77 66 193 
310 232 83 227 167 193 285 254 101 295 270 246 110 15 201 296 153 62 146 206 149 100 185 125 156 148 82 185 285 200 209 209 189 221 219 115 120 110 105 125 118 100 0 33 23 47 78 48 59 149 
295 215 101 195 152 219 279 230 120 270 270 227 140 25 161 292 168 87 147 182 178 118 190 151 165 126 74 167 253 194 200 212 173 198 202 110 99 93 89 108 111 94 40 0 25 20 43 30 50 143 
284 216 92 196 161 217 280 227 117 281 274 231 116 21 179 290 162 85 144 187 172 111 180 131 160 124 75 171 258 199 188 202 159 201 198 120 88 94 77 101 110 103 41 18 0 40 55 19 53 138 
267 194 72 181 129 223 307 217 129 275 240 223 144 37 172 321 140 99 158 203 184 136 205 167 184 113 66 140 245 222 220 214 181 222 210 140 115 120 107 137 139 115 50 31 28 0 73 32 69 130 
306 242 139 177 147 247 269 222 150 229 273 211 145 66 161 280 200 97 126 136 210 136 170 144 169 95 99 193 237 176 154 175 129 172 166 80 52 70 49 68 73 55 70 50 41 60 0 42 54 154 
281 230 100 189 149 232 281 230 134 267 268 212 139 43 147 286 167 92 132 160 201 127 192 156 162 98 79 177 240 199 176 200 163 191 179 109 73 84 71 87 89 87 61 23 24 49 34 0 52 151 
329 260 128 203 182 224 234 274 105 258 305 241 90 48 185 256 208 72 92 154 188 105 145 116 122 113 124 215 291 142 165 162 139 153 165 67 69 76 54 77 76 77 57 64 48 66 54 49 0 184 
166 102 112 161 56 305 408 132 246 337 144 163 262 154 132 434 114 206 273 242 253 229 307 276 295 158 76 52 174 316 298 299 269 289 308 216 196 196 182 211 211 189 154 144 143 136 166 140 198 0 

Depot information
46 33 1
146 20 1
278 90 1
119 240 1
154 141 1
460 62 1
460 394 1
67 161 1
402 147 1
198 420 1

Cust information
80 23 20
86 236 21
405 205 16
307 163 24
135 211 19
472 398 18
246 26 24
363 169 25
359 288 21
234 337 24
417 58 23
398 147 15
409 302 18
415 219 18
421 259 20
214 250 22
234 141 24
171 70 18
41 196 23
394 328 15
320 356 18
295 369 21
291 331 22
298 361 24
295 365 20
309 273 19
279 260 22
289 262 25
285 246 21
301 272 18
300 274 21
285 257 17
312 160 21
288 174 21
294 173 24
278 157 16
278 210 22
281 187 25
318 209 19
175 103 24
