Seed 123 - Instance: n50m5_1
n 50
m 5
Q 214
L 0
U 1000

0 170 585 196 391 421 538 290 329 277 187 453 329 176 316 221 481 262 373 318 547 375 449 410 343 347 560 307 190 526 368 377 423 382 428 33 44 28 28 48 6 24 393 383 375 388 357 403 400 366 302 344 360 298 342 
172 0 444 66 263 323 402 127 170 217 161 314 189 38 186 124 407 111 236 175 425 223 289 259 278 307 427 297 83 451 216 234 267 239 291 152 144 159 172 130 170 181 329 330 323 333 299 340 339 286 147 188 213 140 193 
575 452 0 466 207 221 55 348 295 338 442 380 299 423 433 372 278 352 226 291 80 304 235 194 308 337 109 405 385 244 235 245 199 226 149 556 546 565 586 535 581 573 288 317 320 292 338 311 319 306 306 269 250 331 274 
191 74 476 0 310 372 450 143 197 277 216 282 204 103 142 188 461 135 271 178 454 226 289 299 330 369 434 352 158 492 249 246 292 278 333 182 161 185 193 179 195 192 392 388 378 386 365 402 404 353 182 204 228 164 197 
388 274 209 302 0 102 165 192 150 165 236 343 161 253 301 191 199 196 51 144 152 222 210 100 134 196 220 228 215 214 103 108 128 72 92 363 369 370 384 347 387 384 154 184 183 167 183 185 207 146 155 132 138 169 148 
433 339 215 388 103 0 159 278 231 152 269 418 248 308 381 219 119 260 125 229 136 316 295 183 104 139 266 207 250 129 212 190 221 167 175 403 393 418 429 376 418 416 78 109 124 102 133 121 136 96 230 239 227 264 250 
544 403 54 441 165 161 0 322 261 306 383 398 280 398 403 328 228 331 182 270 34 306 252 176 250 297 140 349 354 202 219 204 197 198 141 518 519 531 535 507 528 534 245 256 275 248 281 259 283 267 277 245 221 290 251 
288 123 339 151 185 277 326 0 61 230 228 202 73 132 116 157 381 35 161 64 341 107 172 168 256 307 303 325 131 411 116 114 160 131 189 267 258 283 284 261 276 304 322 305 305 303 314 322 341 274 53 74 110 42 82 
330 171 291 193 147 233 253 76 0 205 239 215 30 170 171 150 323 71 106 18 284 105 131 104 233 268 249 295 154 344 51 50 97 92 137 302 293 325 321 294 327 341 271 285 277 276 283 288 297 252 44 28 44 55 40 
285 214 348 292 155 165 303 219 215 0 110 424 228 177 347 98 207 195 164 211 281 303 330 228 80 84 360 98 149 258 225 212 254 211 231 269 254 268 276 241 280 285 136 122 92 119 98 130 129 86 200 229 231 211 235 
169 158 445 211 248 261 399 219 244 108 0 423 246 131 314 78 308 197 223 242 379 318 357 296 190 186 451 144 97 364 261 253 319 252 308 162 163 174 169 139 178 180 233 210 209 227 179 234 238 193 219 244 268 220 260 
449 310 383 278 336 430 400 203 233 431 419 0 207 324 146 351 533 241 303 222 418 132 158 242 454 481 309 509 345 545 242 243 215 264 287 439 434 451 470 428 450 466 473 489 491 486 484 506 524 458 230 205 207 224 211 
337 185 280 187 151 257 263 71 38 232 251 193 0 178 156 176 358 89 130 22 291 78 126 100 244 300 257 312 163 373 56 65 95 100 139 319 298 340 341 314 330 345 297 302 289 287 298 318 325 276 62 29 48 40 26 
160 53 419 114 247 290 390 129 159 184 127 330 189 0 198 83 370 110 210 167 401 241 298 255 242 260 409 262 51 422 205 209 254 230 293 144 148 161 177 143 166 181 305 294 281 304 276 318 304 271 144 193 216 136 186 
308 170 430 133 308 398 408 132 179 334 306 142 163 207 0 253 484 145 258 164 434 139 208 243 374 423 360 416 232 505 210 217 217 237 295 295 294 316 324 312 322 333 434 437 419 434 416 454 459 406 176 164 184 139 162 
220 124 381 190 177 213 335 148 157 112 90 350 166 99 248 0 280 126 154 152 336 250 282 221 161 183 375 180 58 335 188 178 228 182 237 191 201 199 215 179 222 210 227 200 193 216 186 226 234 180 130 178 196 151 170 
482 405 274 457 203 118 225 382 338 197 310 522 355 375 486 297 0 363 231 335 200 407 391 290 138 134 337 193 337 71 301 300 329 272 263 459 445 461 468 439 476 469 84 93 110 87 130 97 90 126 328 334 327 354 343 
268 99 360 129 184 266 327 47 76 200 187 237 90 100 157 115 360 0 155 66 327 145 189 176 249 268 334 289 107 393 135 125 160 143 212 241 240 260 253 217 243 261 290 287 277 290 282 299 323 255 58 96 125 44 102 
372 239 217 281 38 134 194 155 99 173 236 306 123 208 272 170 247 145 0 122 194 185 181 76 166 214 228 242 182 247 88 78 100 42 89 341 345 362 356 324 353 358 180 209 204 197 212 211 223 171 126 97 90 126 115 
310 158 300 186 146 247 272 47 28 211 241 230 23 157 162 144 346 74 108 0 289 98 145 125 230 289 268 290 156 369 73 72 113 98 159 303 288 315 326 278 310 314 288 277 279 273 271 298 303 246 35 38 64 27 32 
542 411 84 461 158 136 43 335 278 278 378 421 282 402 429 322 210 337 194 277 0 324 268 188 230 266 154 341 359 160 232 227 223 209 148 515 517 540 538 496 540 547 214 250 243 217 264 239 245 244 290 258 249 308 280 
373 235 298 227 208 316 308 117 109 299 319 125 84 237 136 251 418 151 192 106 326 0 93 134 325 358 241 390 234 426 109 126 119 150 174 355 354 380 389 351 387 383 371 370 367 371 361 376 395 338 124 96 89 111 82 
443 282 251 292 202 290 237 169 136 333 356 160 113 302 213 288 398 199 171 135 268 87 0 104 320 383 172 416 290 392 117 125 82 134 126 423 418 453 447 425 445 445 363 363 367 369 374 390 381 344 163 115 111 158 127 
404 262 196 282 108 193 164 168 102 242 304 245 105 255 249 224 292 165 83 111 180 137 111 0 235 271 167 323 224 300 58 59 46 34 37 390 386 405 421 369 416 421 260 269 261 267 273 269 282 237 138 83 65 138 101 
357 275 302 343 137 113 256 267 229 75 179 451 256 245 389 163 148 249 155 229 235 321 327 234 0 59 342 102 196 199 229 229 264 194 221 333 335 340 343 312 341 347 65 66 44 66 60 79 81 37 226 247 245 244 247 
342 293 343 359 194 134 282 310 284 91 177 498 295 262 406 192 133 269 214 287 271 374 373 280 56 0 395 74 215 199 262 276 303 252 264 332 326 334 342 315 346 340 84 43 32 72 9 69 71 36 275 281 297 273 282 
577 429 93 444 227 260 143 310 258 360 444 309 258 407 368 374 342 324 232 268 154 247 168 170 346 378 0 441 392 317 201 206 170 210 140 542 538 560 574 532 572 563 339 358 367 340 376 362 385 347 276 244 207 299 240 
302 287 390 345 241 189 358 314 299 90 154 518 328 254 419 178 198 283 244 295 331 396 398 314 97 64 442 0 219 268 303 305 350 294 306 299 298 307 297 280 302 304 137 101 94 124 87 123 120 94 287 301 310 307 319 
189 95 385 157 207 262 351 139 162 147 110 339 160 48 229 47 335 104 176 153 363 236 285 223 210 225 396 214 0 381 192 199 242 197 252 179 164 183 193 148 196 187 266 243 231 263 223 254 277 218 118 165 202 139 172 
537 448 239 505 218 126 200 391 360 262 365 541 376 426 509 335 85 380 262 365 162 420 382 290 194 200 308 259 368 0 320 306 318 286 262 523 514 526 516 487 528 532 148 166 171 148 188 147 164 176 349 355 350 373 354 
371 228 234 253 102 198 206 114 65 214 265 243 65 216 206 183 306 122 71 81 230 126 105 54 220 277 215 302 200 321 0 22 65 49 91 359 340 374 377 339 356 371 267 270 265 255 262 277 283 237 74 48 31 92 47 
362 234 240 246 102 195 219 107 56 210 265 245 72 205 212 180 307 131 79 68 224 120 126 57 215 268 215 303 198 318 18 0 60 32 97 347 343 375 379 326 375 382 253 268 272 249 268 282 297 240 91 43 28 88 59 
423 275 197 278 141 213 196 150 95 254 311 230 95 263 225 230 324 174 109 112 208 105 70 49 261 307 173 338 232 319 66 48 0 74 72 393 379 408 418 377 406 422 274 302 305 294 303 320 322 269 126 82 56 145 95 
388 243 220 259 79 168 193 132 78 198 255 255 92 214 236 189 287 155 53 84 207 153 136 35 195 247 210 279 206 284 41 42 72 0 79 361 356 383 379 342 378 373 233 239 241 237 249 262 262 228 107 67 56 116 82 
439 288 152 327 98 175 137 193 138 231 318 277 152 279 295 229 263 210 84 160 143 170 142 40 214 275 155 313 246 262 93 79 69 60 0 412 420 436 428 410 435 450 233 265 252 243 258 273 269 233 153 124 106 164 130 
30 150 565 181 377 414 522 276 312 270 168 449 320 143 302 187 450 238 351 294 508 369 428 386 323 325 550 285 168 511 340 357 397 351 421 0 15 28 23 26 16 28 386 366 345 378 339 385 383 349 282 330 357 279 324 
29 142 557 167 353 397 507 268 308 264 153 431 300 138 288 202 444 233 345 285 510 358 427 380 330 339 531 300 173 508 346 338 396 360 410 19 0 34 50 28 23 49 389 357 351 378 340 378 386 344 268 307 331 275 316 
28 169 560 184 381 407 532 292 324 283 169 450 327 154 319 214 467 253 365 321 529 378 449 404 330 332 555 299 177 522 370 360 417 365 438 21 25 0 14 44 14 13 387 372 368 385 351 396 387 339 291 341 353 284 345 
19 162 569 205 377 429 542 282 337 268 174 452 329 168 328 216 470 254 373 315 543 389 445 406 348 346 578 297 198 527 373 370 414 386 427 28 30 20 0 44 21 6 402 373 356 400 340 401 397 350 293 339 378 288 337 
54 149 544 172 343 377 492 251 296 235 145 427 310 127 298 174 425 221 320 280 494 362 410 381 303 317 533 269 159 485 345 337 372 336 393 33 37 33 50 0 54 48 358 336 326 368 327 371 356 323 272 316 344 265 301 
8 152 569 179 378 424 543 281 312 272 181 463 323 166 325 215 471 250 363 310 535 388 442 402 342 350 558 300 180 525 369 368 411 367 440 23 26 16 15 49 0 32 395 366 363 387 357 384 406 351 285 330 367 293 347 
20 180 587 201 392 412 533 303 330 274 183 475 344 174 321 210 466 267 367 333 534 390 452 421 333 343 573 302 203 533 380 383 411 376 446 46 41 23 9 58 19 0 390 370 370 394 358 391 390 349 302 341 367 303 348 
413 340 278 400 157 91 230 320 265 140 228 490 295 304 432 212 74 290 199 271 208 357 362 246 67 83 331 129 267 130 252 253 279 241 232 393 383 396 404 372 403 403 0 47 45 13 75 32 42 56 268 272 270 294 288 
382 325 308 385 187 108 270 311 284 121 221 495 292 285 419 202 108 293 191 289 246 370 365 276 67 48 373 93 237 164 275 263 288 236 247 360 370 362 384 351 373 378 48 0 21 37 27 24 36 30 264 283 281 293 298 
360 309 328 370 181 110 265 303 283 104 202 487 297 268 412 206 119 275 200 272 261 372 356 261 44 35 362 95 227 177 255 271 298 246 248 356 348 368 353 340 355 368 60 24 0 36 18 44 51 26 265 272 274 283 294 
387 343 297 396 159 96 235 305 267 131 233 489 286 300 434 215 78 291 194 290 233 367 351 252 60 75 339 125 257 139 257 254 287 228 243 371 373 396 382 360 388 390 26 40 43 0 58 40 44 53 265 279 287 299 298 
349 311 341 369 184 135 274 300 282 92 198 484 291 270 417 184 126 278 194 270 256 375 361 268 62 25 389 80 235 202 264 272 307 252 265 331 342 346 342 317 354 346 55 40 32 62 0 60 45 40 276 276 286 281 284 
390 347 318 403 189 114 255 327 292 141 239 514 318 299 436 221 85 310 216 304 245 375 386 285 74 67 374 111 264 157 283 289 319 251 258 379 375 387 386 371 385 395 41 37 31 36 52 0 12 60 283 303 291 313 305 
398 350 335 400 208 124 265 337 311 135 234 520 321 321 459 241 92 315 218 308 251 405 391 287 74 52 378 106 279 148 300 284 321 264 269 392 388 398 387 373 388 394 53 27 52 43 63 21 0 75 295 302 312 313 328 
367 292 310 348 145 95 251 293 245 81 181 460 274 254 403 188 121 254 168 255 236 339 338 239 22 39 341 100 216 179 252 236 275 220 227 338 334 359 348 312 353 361 47 34 23 41 29 68 66 0 247 249 251 260 260 
294 139 316 182 150 227 285 62 44 194 220 235 57 145 166 137 338 47 117 22 290 124 158 130 231 265 281 274 129 363 75 93 119 103 158 282 272 295 304 267 287 295 274 266 268 273 262 293 299 246 0 64 86 25 54 
333 189 273 210 142 222 251 79 32 227 254 203 36 178 169 166 331 99 112 30 269 88 116 85 243 288 247 309 164 360 52 60 79 83 122 321 317 340 344 301 334 358 279 280 285 293 282 296 322 264 45 0 29 68 10 
370 227 243 236 131 214 224 99 54 241 276 217 47 218 187 192 324 116 98 58 249 94 111 65 247 285 216 326 196 347 37 31 57 68 109 357 332 364 376 342 369 369 275 296 283 279 290 291 318 252 72 36 0 93 30 
292 132 312 167 160 259 303 30 39 204 224 219 42 133 137 148 349 45 125 32 311 109 167 136 249 293 300 308 141 387 95 90 135 115 183 276 273 300 301 258 281 301 297 295 283 288 285 311 327 260 36 59 85 0 57 
350 187 273 212 155 230 253 78 24 231 258 207 12 191 174 184 344 98 109 39 270 85 123 89 250 292 254 319 177 366 61 55 87 80 142 319 322 337 355 307 342 358 282 286 282 290 289 315 310 264 53 19 36 55 0 

Depot information
54 498 1
199 440 1
427 70 1
233 492 1
283 197 1

Cust information
230 122 21
376 78 15
304 380 18
318 324 24
137 237 19
92 334 23
497 441 17
336 335 17
182 408 25
362 479 18
170 326 15
159 46 22
269 374 15
291 232 25
314 335 17
352 62 23
403 366 25
444 302 15
362 241 25
152 174 19
107 163 23
483 140 21
59 198 15
179 363 22
209 0 25
341 280 18
339 278 18
385 263 16
329 252 23
364 204 23
68 483 23
77 483 23
52 487 17
47 490 15
70 462 21
57 494 18
41 489 23
153 117 19
127 134 19
123 146 21
145 121 22
113 156 15
124 115 20
114 111 20
142 160 20
294 338 18
335 318 20
351 298 20
301 356 21
339 325 17
