Seed 123 - Instance: n60m10_0
n 60
m 10
Q 191
L 0
U 1000

0 387 244 119 125 438 332 353 429 280 386 416 382 136 489 477 260 375 397 324 344 313 192 128 317 217 450 22 335 245 434 310 489 343 122 214 336 500 221 192 248 280 251 241 227 231 228 263 273 252 301 263 329 260 280 274 254 528 541 562 501 516 540 511 187 223 239 229 210 230 
405 0 233 301 298 209 110 165 46 173 328 61 236 307 150 138 277 253 177 117 409 267 227 287 204 209 123 367 104 277 231 199 137 410 326 330 273 194 218 251 287 281 315 282 297 299 316 273 171 173 119 203 140 198 176 184 175 259 276 289 240 255 268 259 308 379 391 331 327 342 
252 215 0 150 234 216 119 274 271 232 406 225 359 116 271 254 300 366 339 134 444 323 189 113 297 209 232 240 130 289 390 87 268 441 233 300 351 410 47 237 61 85 91 66 91 82 94 79 217 184 196 236 242 248 232 229 174 444 455 469 418 435 474 428 285 340 355 333 325 331 
115 296 140 0 108 340 234 289 349 219 367 315 331 47 404 377 225 350 348 233 364 280 122 35 268 164 353 91 229 217 374 222 383 359 111 212 310 433 109 148 158 178 184 149 134 139 153 178 209 163 215 204 244 220 229 212 171 468 490 487 457 466 483 454 193 233 251 225 214 242 
145 292 235 108 0 407 274 219 324 164 251 327 251 154 419 397 131 269 270 266 254 182 89 144 196 110 380 109 262 122 305 289 420 244 28 100 221 391 186 55 264 282 267 242 243 248 243 272 156 137 203 133 214 144 167 143 136 403 416 435 384 387 415 379 77 128 149 127 114 118 
446 218 204 354 405 0 131 347 225 339 506 160 414 315 134 118 439 445 391 157 585 441 337 325 379 359 101 436 164 422 423 136 150 568 401 461 447 396 238 380 232 215 246 224 264 264 253 223 326 300 278 358 297 364 326 339 291 441 465 474 445 453 469 450 431 499 519 487 471 485 
341 119 134 234 272 149 0 234 161 217 392 112 302 233 158 128 313 324 280 16 460 315 222 214 258 215 111 333 29 283 311 89 168 458 291 347 319 308 152 259 185 171 204 167 197 195 208 180 189 183 155 216 188 217 201 207 171 365 374 388 353 357 373 356 320 389 398 358 339 345 
334 176 274 293 225 365 242 0 178 60 152 217 78 295 306 297 137 104 75 216 257 116 170 286 48 137 287 332 204 138 112 294 300 253 245 203 117 162 273 171 351 361 363 325 344 351 363 350 85 120 103 107 61 90 71 81 131 197 215 216 171 187 218 180 185 255 251 196 215 215 
432 58 255 349 334 236 156 183 0 198 329 74 235 335 147 145 294 235 169 154 429 271 263 339 210 233 138 418 149 292 216 242 137 426 348 348 279 178 274 296 331 316 342 308 336 344 354 328 194 197 137 225 150 215 187 203 204 225 249 255 228 223 240 223 323 389 402 365 365 353 
290 174 251 232 170 331 205 58 191 0 178 216 116 241 321 294 107 129 120 212 248 105 118 236 59 74 292 274 185 93 161 271 302 256 197 157 118 219 221 124 299 310 327 288 308 303 301 304 42 68 76 35 61 27 18 24 89 248 267 286 237 232 258 236 154 211 217 170 176 175 
383 319 414 349 268 512 385 156 332 174 0 362 106 375 450 453 147 98 148 371 129 84 253 381 146 213 440 364 364 154 130 447 447 121 267 182 65 242 370 221 454 479 488 446 462 453 476 459 210 230 239 196 214 180 183 195 243 243 235 236 207 218 243 219 201 204 188 167 176 162 
408 60 222 316 319 170 94 218 80 212 365 0 273 303 110 89 326 290 230 93 462 309 258 298 239 240 82 386 92 311 269 179 88 438 343 361 314 235 231 299 273 263 298 267 291 299 308 262 211 210 155 230 178 243 201 231 189 278 315 318 272 299 311 282 338 402 425 368 364 377 
385 236 352 340 260 411 310 82 220 123 110 271 0 351 355 355 159 39 63 302 230 88 224 349 70 169 354 363 285 161 68 364 337 219 271 214 85 151 326 214 413 427 425 397 412 399 418 400 151 191 182 154 135 131 130 133 184 167 162 179 141 141 172 152 206 250 241 198 212 217 
139 291 131 46 136 317 218 294 337 240 386 297 357 0 382 359 248 361 352 216 378 305 145 9 282 182 334 122 230 246 397 199 377 389 137 244 320 447 92 165 132 161 145 138 103 103 117 138 203 181 224 209 260 227 236 224 176 480 490 499 463 475 494 472 217 272 276 255 249 264 
491 152 286 390 417 131 156 297 145 321 450 103 353 380 0 41 423 382 305 179 548 404 344 375 332 344 68 482 181 397 357 232 20 550 438 456 402 282 299 383 325 312 341 311 354 336 362 306 307 296 251 327 270 334 297 332 286 341 360 376 347 356 375 347 447 512 518 466 473 466 
475 132 247 365 404 118 147 302 154 296 462 103 368 352 46 0 396 372 317 143 538 403 328 343 339 339 22 446 153 393 361 200 51 532 412 445 398 315 266 362 295 286 313 277 317 322 324 272 284 284 237 321 254 313 285 308 278 349 377 393 358 362 384 365 414 482 511 458 448 468 
256 273 294 234 140 430 308 149 294 112 146 318 149 264 406 400 0 144 173 294 163 62 119 244 102 100 386 239 286 24 205 348 400 153 144 82 92 303 275 95 352 366 379 333 351 346 351 348 128 142 184 86 162 99 117 97 142 304 303 323 281 277 319 287 64 115 109 80 79 70 
389 237 354 350 259 446 326 99 244 139 84 283 32 350 385 380 157 0 82 305 215 99 222 345 96 188 368 361 302 152 76 379 369 203 281 202 72 178 348 204 427 438 439 420 420 422 441 415 168 192 193 162 138 145 135 149 211 175 179 197 140 153 188 159 201 239 235 210 199 208 
398 184 335 344 264 387 272 68 178 117 150 228 58 344 318 316 191 79 0 260 270 130 221 338 95 192 305 384 250 175 53 345 295 252 288 250 124 115 314 216 387 409 412 391 403 399 409 386 142 187 157 150 106 129 123 148 179 131 158 171 124 120 163 119 247 279 276 249 256 236 
335 104 118 225 276 159 17 215 153 196 380 94 287 220 181 139 289 311 264 0 434 291 196 226 242 218 128 307 23 275 311 92 163 432 284 326 304 303 145 250 172 170 201 181 197 209 211 169 183 163 134 208 173 213 197 209 154 359 371 383 334 348 373 347 304 368 381 346 331 346 
341 421 453 351 253 584 454 264 416 256 137 458 214 382 560 536 171 212 282 445 0 157 277 381 232 244 527 337 431 169 256 495 530 30 260 149 154 373 414 225 489 506 508 476 482 470 484 508 281 284 326 249 288 235 253 251 303 360 361 371 344 344 357 341 170 140 130 132 146 125 
298 265 329 270 191 447 301 112 270 104 92 312 107 287 403 402 57 83 132 298 168 0 154 286 70 122 383 298 291 76 146 367 380 156 194 129 31 247 301 146 389 386 401 369 370 374 391 386 141 162 178 111 141 87 108 99 169 245 257 282 238 223 263 243 127 149 162 115 120 120 
193 231 185 129 89 333 213 167 258 101 244 265 224 150 345 334 117 224 227 193 278 165 0 139 147 47 310 164 193 123 265 232 349 272 90 145 187 324 160 59 236 250 262 216 235 226 239 241 80 59 132 78 133 100 114 79 79 348 367 372 341 338 365 341 122 171 185 161 142 158 
125 294 114 43 148 312 231 292 337 227 382 302 351 18 372 349 256 354 337 224 378 286 132 0 270 176 343 117 221 238 380 183 370 396 143 237 315 445 88 163 128 158 153 139 121 116 126 132 206 182 216 202 247 230 225 205 165 471 477 501 446 464 497 457 204 257 275 266 240 257 
314 198 281 260 196 388 263 49 207 67 142 247 81 272 344 326 102 80 96 250 228 65 140 284 0 112 317 297 234 97 115 324 319 212 219 167 70 211 275 133 336 352 370 344 354 350 364 339 87 128 118 69 77 67 62 69 132 217 227 244 191 199 231 206 165 216 215 165 175 159 
232 224 216 171 114 351 222 138 253 75 207 256 178 182 345 327 103 186 175 212 236 131 61 185 112 0 321 217 211 91 212 256 333 237 126 133 143 283 178 47 257 280 299 253 260 268 272 272 65 49 115 40 103 64 75 43 76 303 313 341 289 303 325 309 97 163 185 136 130 137 
448 122 223 351 387 113 123 300 150 281 447 83 356 345 58 21 380 377 299 124 536 383 323 339 320 325 0 440 137 370 358 180 50 531 396 421 386 293 245 351 266 261 290 277 294 304 311 273 281 266 218 297 242 302 280 306 256 352 381 382 347 373 380 355 401 474 493 445 434 437 
39 376 229 84 121 433 327 325 406 271 372 394 374 114 470 460 248 359 387 311 327 296 170 120 310 207 438 0 314 232 408 292 473 336 103 190 326 492 209 167 245 255 249 232 208 216 229 240 250 218 289 228 302 245 259 252 225 517 521 530 498 490 524 495 177 210 231 218 212 222 
323 101 129 243 273 159 27 224 156 196 355 97 285 212 178 156 286 302 250 22 441 281 205 217 243 208 132 305 0 277 307 112 167 422 284 319 307 297 142 232 192 181 207 170 215 201 204 174 175 146 125 198 170 200 185 188 150 341 364 376 334 350 365 332 289 369 368 342 337 327 
239 274 296 217 131 419 289 144 280 113 143 316 150 247 401 396 13 149 170 271 176 67 108 231 105 82 372 226 278 0 205 334 390 163 152 71 106 284 263 80 342 353 366 336 340 320 335 342 107 128 171 83 154 71 104 94 145 301 320 326 280 287 312 296 58 129 118 77 90 90 
432 238 375 369 313 435 310 117 208 163 140 280 64 385 342 349 209 64 61 314 267 138 265 390 120 229 352 416 309 198 0 402 337 239 317 269 132 124 354 245 449 448 468 430 442 453 456 432 196 233 189 197 147 172 164 174 223 109 116 136 84 90 114 91 258 291 293 247 266 253 
313 202 75 217 290 131 97 313 251 267 435 181 374 189 228 192 343 389 350 96 490 371 241 201 307 249 167 295 102 321 401 0 224 496 289 354 378 398 109 285 112 91 115 105 140 130 130 90 240 212 216 271 247 268 261 256 217 437 456 474 420 437 462 429 335 412 422 381 366 385 
491 131 274 396 405 151 168 298 125 294 440 103 339 369 28 49 412 374 302 168 545 388 342 378 325 336 56 467 161 402 329 232 0 529 423 458 392 275 293 368 330 305 340 325 343 350 361 306 278 282 249 325 263 326 289 314 290 326 361 366 317 340 350 333 438 503 506 464 468 465 
358 399 436 365 256 586 454 243 414 246 127 441 206 394 541 526 147 186 266 442 28 144 280 388 216 244 516 338 437 181 245 485 529 0 272 158 151 362 410 240 486 498 504 478 479 482 498 488 266 292 325 232 285 241 261 233 285 350 343 359 333 315 340 322 173 141 131 134 149 132 
123 319 220 113 32 411 287 247 356 181 275 338 285 133 435 417 145 285 293 288 255 204 97 137 223 135 398 88 280 141 318 283 425 264 0 108 236 393 184 75 254 264 266 252 238 227 253 265 166 162 215 149 227 177 196 160 155 420 440 450 414 408 443 414 102 138 166 138 124 148 
207 327 320 211 101 467 337 213 346 160 182 372 221 235 454 449 65 205 246 322 151 132 147 240 174 135 440 197 323 83 261 373 446 148 126 0 141 361 280 86 340 364 374 335 340 332 345 359 177 168 225 147 220 142 169 151 172 375 377 381 345 355 380 351 39 49 64 35 22 36 
328 268 350 309 209 458 325 114 275 125 75 304 67 330 408 396 86 63 113 313 161 32 197 312 75 142 384 329 293 98 124 388 396 160 240 153 0 229 319 172 402 412 421 389 403 400 405 395 143 181 181 133 150 114 128 124 176 228 230 248 199 205 227 201 150 176 173 139 145 143 
499 206 400 427 377 391 300 178 179 224 246 229 161 440 283 302 286 173 130 307 363 255 320 438 210 281 295 482 295 294 115 390 279 365 393 348 225 0 388 328 469 458 484 459 477 474 492 452 237 275 219 254 200 240 235 241 273 59 77 101 55 72 76 68 355 400 385 353 364 347 
213 228 52 124 187 244 153 259 259 220 378 239 329 95 292 262 272 340 310 144 406 298 143 98 269 192 263 193 134 248 373 109 290 421 186 265 315 385 0 203 95 106 105 73 92 86 106 93 186 159 182 212 218 215 216 205 151 429 453 472 425 428 443 422 247 318 329 283 281 295 
196 256 230 145 65 386 254 172 293 112 211 289 204 174 387 375 99 203 221 243 233 143 54 179 145 52 362 178 247 76 257 283 376 221 85 93 161 329 196 0 272 292 289 262 258 268 275 280 102 92 157 76 149 98 113 102 114 353 351 384 332 343 355 341 59 143 148 101 104 107 
244 278 80 162 255 228 179 341 313 304 459 276 406 142 320 282 342 415 398 180 485 375 235 131 348 259 273 241 186 332 436 112 328 482 253 358 404 469 82 272 0 41 36 17 49 30 40 26 271 224 245 280 286 294 289 291 238 508 527 535 496 497 515 501 332 386 388 358 362 365 
267 281 76 184 274 202 172 354 326 305 464 263 418 149 309 276 352 429 396 180 500 393 241 148 348 280 258 262 189 358 446 88 312 512 273 367 414 454 110 280 22 0 40 40 64 57 51 15 281 255 252 306 294 315 289 295 237 512 531 532 487 514 535 495 336 389 422 388 372 395 
259 307 105 173 286 245 198 375 352 313 482 301 427 147 338 306 361 449 414 210 517 399 243 149 362 299 290 252 201 349 472 129 338 515 272 364 422 487 120 286 39 41 0 40 51 42 47 31 283 260 267 305 313 318 315 317 259 530 545 571 513 528 544 522 344 403 412 383 380 392 
244 284 59 159 260 224 174 325 324 297 460 266 398 127 314 287 344 414 392 166 482 382 220 136 344 265 264 232 185 327 440 104 305 492 245 340 401 457 86 262 25 43 47 0 36 34 37 20 250 218 241 273 281 293 276 279 230 495 517 537 482 489 506 491 325 383 403 357 346 365 
219 308 94 139 248 268 204 356 349 304 464 302 406 106 345 317 341 431 404 201 488 370 228 116 357 256 296 203 207 331 458 138 341 483 248 330 394 477 89 270 52 66 40 44 0 15 23 44 266 236 271 293 293 302 303 279 232 523 544 551 509 504 533 518 307 362 378 348 340 366 
224 289 93 133 242 245 204 355 349 287 465 298 399 111 350 314 334 428 395 191 478 365 221 112 339 255 293 215 205 330 452 139 335 478 231 340 396 478 96 253 40 55 48 35 20 0 26 43 272 228 262 280 306 294 286 273 221 516 526 541 488 505 526 509 307 370 388 358 354 365 
224 314 101 145 246 263 206 366 350 319 466 299 419 121 342 326 357 440 408 205 488 384 234 121 347 263 294 211 208 338 452 132 358 486 252 342 402 485 93 278 38 63 27 48 21 23 0 47 282 252 262 302 319 298 296 301 234 533 544 562 498 529 534 527 320 366 386 372 349 361 
251 268 77 176 262 207 184 336 312 291 472 275 411 149 313 275 359 421 401 184 505 380 236 140 343 280 268 252 174 334 444 101 307 495 256 348 405 468 88 267 21 11 45 15 49 43 57 0 264 248 250 295 288 297 292 286 241 498 527 533 486 497 519 502 336 394 405 378 374 374 
264 171 212 201 164 315 186 92 187 39 216 202 147 217 294 279 123 160 153 172 282 134 95 206 87 60 262 241 173 125 185 240 298 259 184 168 146 234 176 100 275 280 296 261 274 259 271 260 0 39 63 35 53 50 37 39 50 281 289 301 258 257 285 253 160 221 229 192 190 186 
244 167 185 167 142 312 166 119 196 73 242 214 190 187 292 283 133 197 178 172 290 161 65 178 126 56 274 218 148 122 219 213 297 290 145 167 177 265 152 104 243 241 249 220 237 240 237 239 34 0 64 52 82 77 59 55 16 298 312 338 294 305 326 286 149 215 229 178 180 182 
293 127 201 227 201 262 154 98 138 70 241 147 166 216 241 242 178 191 143 127 314 170 113 221 124 117 219 271 125 173 195 209 238 318 206 223 184 230 185 160 251 260 279 248 271 251 266 250 51 62 0 99 45 86 72 88 59 274 292 292 256 266 279 268 195 269 286 231 227 242 
261 195 237 198 133 344 215 102 218 46 193 235 137 212 326 317 92 152 155 206 249 109 75 213 75 35 316 241 201 75 189 266 314 226 144 135 126 255 195 90 275 293 303 273 291 285 289 281 41 72 100 0 89 18 42 19 76 273 287 304 256 265 297 261 125 182 196 152 148 156 
320 130 229 245 214 308 190 54 149 54 216 177 122 254 263 250 163 142 111 165 302 150 147 260 73 113 254 295 152 159 150 248 262 288 216 221 142 186 215 163 301 303 313 292 295 300 305 298 67 93 52 80 0 70 61 79 93 236 251 258 215 215 255 228 193 262 274 214 219 213 
273 188 233 224 143 358 219 90 228 38 171 236 131 228 333 320 88 147 143 221 233 98 100 217 73 58 303 243 200 84 172 278 319 237 172 147 114 249 211 85 306 307 319 287 293 286 316 292 42 71 103 19 88 0 41 29 72 262 275 290 242 246 289 257 124 195 198 149 151 140 
282 168 227 217 171 329 208 77 200 14 200 217 140 239 299 294 128 152 127 191 262 108 103 220 60 72 272 259 188 108 179 254 285 254 189 159 129 234 217 120 283 295 304 275 291 291 310 283 37 64 79 34 55 37 0 36 70 258 267 273 234 245 279 242 148 210 224 169 166 171 
271 199 223 200 143 349 204 85 221 38 197 224 143 227 331 321 97 156 135 210 249 118 91 214 79 51 294 247 202 86 182 269 321 235 158 139 121 243 204 100 281 291 305 270 282 276 286 280 35 63 85 26 79 19 27 0 59 276 283 297 259 264 288 256 135 197 199 167 165 156 
239 158 172 173 145 298 159 134 192 83 237 195 189 171 300 282 140 196 185 151 297 161 69 178 125 71 262 235 144 141 225 217 292 304 153 182 178 281 157 103 230 242 249 228 230 231 242 241 54 15 62 63 85 80 66 60 0 299 312 342 281 299 323 297 167 233 247 199 201 195 
527 242 447 468 396 450 361 194 221 259 245 277 156 473 333 350 304 163 134 347 356 261 351 465 221 312 359 519 339 314 116 445 329 345 421 357 226 55 425 361 494 498 527 490 515 519 523 511 273 308 264 289 231 264 255 279 312 0 28 35 22 31 34 24 363 412 402 364 367 361 
532 282 467 487 404 468 375 216 238 255 230 307 173 497 371 378 305 179 156 370 344 257 356 485 221 321 387 527 360 302 120 457 361 338 431 370 238 86 455 368 520 517 540 504 529 532 550 526 296 311 286 287 246 275 264 279 315 35 0 20 33 27 6 38 369 396 392 367 369 358 
558 289 475 488 424 476 384 229 247 275 242 326 182 503 379 381 320 189 159 388 369 282 368 496 248 349 383 546 382 327 138 473 365 360 442 381 243 102 464 368 525 539 557 517 541 543 552 545 306 344 308 303 265 297 284 294 345 38 33 0 67 52 19 58 376 412 418 382 390 375 
515 245 423 443 384 441 340 166 212 221 217 280 140 452 347 344 274 155 118 329 342 231 331 447 188 294 355 479 333 283 92 438 333 334 399 335 214 69 407 323 498 485 522 474 512 498 513 480 261 291 246 258 220 239 228 250 293 35 47 49 0 31 50 15 346 389 380 333 342 345 
510 263 436 460 387 454 359 186 234 238 219 285 154 470 349 374 282 158 130 361 325 230 329 467 211 310 356 494 349 286 98 433 345 323 404 349 198 74 419 347 492 511 537 494 510 506 522 492 274 290 266 274 224 246 234 271 293 33 24 57 26 0 31 18 342 373 385 352 346 351 
551 267 469 486 409 464 373 206 241 259 245 305 179 495 364 382 319 188 148 371 349 252 366 497 233 334 374 516 361 318 119 472 360 336 443 382 235 91 449 356 515 532 558 516 531 534 536 524 282 331 277 292 241 283 271 286 326 42 23 29 46 38 0 33 368 406 407 367 367 378 
511 248 430 465 397 452 352 172 227 240 217 287 144 464 348 360 278 163 129 341 343 228 334 464 197 299 352 493 349 294 106 443 333 316 410 351 203 63 434 328 498 500 533 485 519 510 515 500 270 302 261 267 210 250 243 266 293 23 27 43 28 25 44 0 343 375 386 345 340 349 
201 317 293 185 72 430 321 190 337 143 201 352 214 226 439 429 63 207 241 295 176 135 116 205 154 113 415 176 297 68 258 332 426 177 95 32 150 357 246 62 317 348 351 311 315 318 311 321 158 141 200 127 199 133 160 132 158 360 360 384 342 349 378 337 0 87 90 59 51 53 
209 368 336 230 141 502 373 239 390 206 206 402 254 259 507 481 107 238 293 363 147 162 176 271 218 164 470 207 359 109 289 410 496 157 128 49 191 406 300 142 377 406 387 378 360 365 373 380 215 222 272 189 260 196 212 187 217 396 406 421 377 379 411 387 75 0 35 48 51 56 
241 389 354 262 144 524 398 249 411 211 179 412 237 290 518 499 108 242 280 373 117 153 187 275 204 182 478 220 376 122 299 427 513 132 148 60 179 395 321 144 400 416 417 399 391 389 390 402 230 239 268 201 265 200 211 203 247 388 400 423 370 375 412 370 99 25 0 53 58 49 
230 332 333 241 124 485 349 213 353 178 159 378 207 256 479 453 68 192 245 338 137 116 164 257 157 131 441 224 335 74 258 384 467 144 144 36 147 354 292 114 369 389 397 364 351 349 357 373 174 183 230 146 214 152 185 165 195 369 356 380 334 342 367 353 45 43 45 0 20 20 
228 326 319 215 112 474 340 215 360 175 169 373 220 256 469 444 66 214 252 343 136 126 150 249 172 130 449 199 336 90 256 364 451 144 135 17 148 358 278 108 367 387 385 347 347 344 360 362 188 176 232 145 224 153 166 155 181 375 378 385 347 352 380 343 56 48 48 19 0 15 
220 329 320 227 130 475 354 208 361 164 172 368 214 260 476 452 67 209 240 346 134 124 161 261 167 131 440 211 343 82 259 392 468 144 143 34 151 349 284 119 358 382 379 361 350 365 368 378 181 195 222 140 223 150 176 156 187 351 364 377 340 344 371 341 66 46 52 4 22 0 

Depot information
487 327 1
104 283 1
268 422 1
390 353 1
392 245 1
81 481 1
158 377 1
199 156 1
70 260 1
242 192 1

Cust information
276 24 22
84 322 22
200 88 20
375 379 25
2 376 19
32 394 18
331 139 23
211 72 18
160 117 21
165 368 15
397 3 22
287 105 18
320 256 24
372 377 20
236 145 16
300 219 21
48 392 20
468 322 19
165 358 19
327 152 20
153 69 25
204 449 16
7 363 19
383 1 25
410 256 23
393 149 23
267 84 20
49 99 19
291 394 20
346 219 18
298 474 22
282 488 22
309 498 16
294 467 20
330 472 17
326 467 16
329 479 25
288 479 19
248 223 25
265 252 15
207 251 18
276 201 19
199 209 22
266 189 22
242 201 21
264 202 18
260 259 19
51 46 24
55 23 17
40 16 22
72 52 16
74 37 23
49 24 23
71 42 20
381 173 21
434 131 23
433 110 16
393 129 15
396 139 22
393 128 24
