Seed 123 - Instance: n60m5_2
n 60
m 5
Q 299
L 0
U 1000

0 483 407 307 523 528 109 407 293 86 405 531 52 291 195 186 287 121 128 396 334 353 111 101 141 43 289 103 252 97 478 343 357 247 176 370 388 370 345 333 345 360 355 341 369 239 243 217 234 263 269 249 263 268 464 408 442 460 439 467 461 428 419 427 422 
487 0 95 204 99 145 415 121 344 457 319 143 522 316 349 349 212 555 422 107 292 174 439 510 461 470 427 431 237 542 47 423 495 259 427 120 121 145 159 150 145 129 152 137 136 404 358 381 365 348 345 355 409 349 331 309 340 378 369 356 346 377 316 331 331 
418 101 0 145 175 229 366 39 348 398 234 220 456 231 259 264 150 463 326 110 290 156 371 465 385 405 398 383 178 479 74 428 483 180 341 93 36 60 82 90 95 89 74 114 77 324 284 307 279 269 243 276 320 267 261 229 252 312 285 290 258 303 243 256 242 
296 199 145 0 239 252 233 141 219 266 267 265 354 217 195 179 23 372 240 121 202 83 265 328 294 295 281 258 43 370 175 325 380 72 254 83 102 114 77 63 64 86 97 65 70 260 220 248 221 232 216 232 265 214 311 268 308 351 325 332 317 334 282 295 288 
510 98 184 237 0 52 450 221 331 466 406 62 560 409 418 404 244 598 472 130 273 189 491 524 516 492 408 464 271 589 134 393 464 303 485 167 196 231 238 226 213 170 232 178 190 488 444 451 446 429 410 440 486 422 439 406 432 469 463 445 435 483 413 423 414 
524 150 227 265 44 0 448 252 325 487 450 18 576 433 437 428 274 613 489 157 261 191 511 545 536 515 403 480 288 600 166 386 440 324 519 201 232 271 252 265 237 194 261 217 210 514 481 484 461 473 448 457 514 450 474 460 467 518 495 502 478 509 451 451 453 
97 426 376 246 455 464 0 357 187 33 406 462 144 301 219 189 228 201 161 345 238 280 159 89 196 75 182 32 189 170 415 260 286 204 232 306 331 348 312 301 284 305 319 279 306 277 269 232 243 283 276 270 284 279 470 422 436 485 465 472 466 451 419 425 431 
394 136 43 133 220 248 352 0 343 388 218 256 455 205 235 232 165 439 308 146 314 169 351 448 359 405 401 371 183 461 104 438 489 169 320 102 52 27 65 74 86 117 51 130 102 290 259 271 255 246 219 250 289 228 224 195 228 266 254 246 244 276 212 203 218 
282 344 348 224 343 323 197 358 0 224 473 343 307 388 331 295 205 400 325 248 81 194 336 252 369 248 69 188 203 363 366 109 155 248 373 256 327 339 303 286 274 250 303 244 260 405 370 363 361 402 392 378 418 392 536 487 504 550 544 534 527 523 483 504 482 
74 451 388 263 473 495 32 389 219 0 419 492 100 314 217 200 252 186 158 368 267 314 151 76 197 47 214 36 218 153 433 289 298 218 226 328 374 371 320 312 323 321 340 315 327 278 272 250 266 282 287 263 300 280 482 425 444 483 471 481 465 463 431 444 429 
411 322 243 268 421 447 407 207 477 418 0 452 436 106 212 223 293 393 297 344 462 339 309 479 300 428 519 432 282 433 290 570 614 235 255 288 240 198 221 230 241 291 206 299 277 208 173 203 192 148 150 168 173 146 72 21 38 89 63 83 62 73 25 25 16 
536 138 234 276 50 21 466 255 344 497 466 0 587 444 447 431 271 614 500 156 277 208 526 538 558 531 401 486 308 619 175 390 448 330 516 199 233 269 266 268 239 198 273 216 208 523 482 489 471 473 461 479 521 464 473 452 463 517 503 491 479 515 442 453 468 
57 535 468 343 555 578 141 453 321 103 448 583 0 330 246 232 343 115 162 444 362 385 143 93 157 76 300 132 296 54 512 364 369 282 219 410 432 427 389 396 392 409 414 386 421 256 274 250 266 291 315 273 301 306 507 457 473 508 489 505 497 456 456 455 454 
294 319 243 213 400 426 308 205 390 323 115 437 343 0 110 130 217 309 177 310 384 283 208 367 205 316 436 323 215 324 303 498 530 156 151 241 223 184 190 182 217 240 182 236 242 106 70 118 81 57 38 76 104 47 171 131 141 183 171 189 174 155 126 144 124 
193 354 253 180 418 446 210 247 313 224 212 446 249 97 0 34 187 231 83 295 323 266 129 283 133 214 350 217 167 233 330 416 453 124 82 239 234 209 189 205 206 253 209 229 227 107 73 67 54 77 75 71 104 81 278 216 246 291 271 268 254 239 225 237 224 
194 346 259 179 398 440 185 230 301 205 240 440 232 116 36 0 168 227 78 285 314 254 107 257 132 204 340 207 160 220 318 401 433 116 89 240 230 222 192 197 208 240 212 231 228 106 88 80 70 94 100 84 115 88 286 248 272 291 270 295 275 274 230 246 237 
295 207 165 29 246 272 231 148 216 246 294 263 341 218 191 169 0 371 238 136 191 88 272 311 289 275 266 252 50 359 190 313 349 88 271 92 137 134 99 79 88 89 122 61 93 275 243 237 238 235 213 235 269 225 329 283 313 366 351 354 331 350 298 298 298 
115 554 481 371 590 620 212 451 389 192 411 628 110 300 230 217 364 0 143 486 429 432 115 194 116 150 389 209 342 51 522 463 462 299 159 439 434 439 398 389 417 445 421 426 441 207 245 203 220 261 275 253 235 274 467 420 438 443 426 450 449 411 401 416 411 
117 418 339 240 477 482 173 307 310 154 294 505 171 181 98 87 242 143 0 359 341 307 48 201 60 151 328 169 211 151 395 397 436 172 65 296 305 294 272 252 282 307 277 289 300 119 122 91 115 155 162 120 134 150 358 298 320 347 336 358 328 317 289 307 307 
411 109 112 128 123 149 336 142 261 361 326 164 452 304 287 291 125 490 342 0 195 75 374 423 395 382 318 343 161 481 123 327 386 185 372 62 108 146 135 124 93 61 133 68 81 374 328 348 335 330 309 330 365 306 365 329 350 403 379 383 373 389 323 335 350 
331 304 291 199 268 277 233 312 85 256 460 270 360 392 326 310 186 441 336 208 0 153 362 303 380 296 132 254 186 413 305 148 204 229 383 226 271 286 265 260 245 220 286 190 222 419 392 380 370 383 379 376 432 383 512 458 492 529 521 520 514 526 466 480 479 
348 165 142 75 175 197 278 160 208 312 336 203 387 276 253 255 74 433 297 63 159 0 324 356 360 331 272 300 108 412 157 288 337 154 343 71 126 159 122 123 102 68 139 51 72 344 311 322 294 296 292 308 345 302 377 334 353 407 391 387 369 390 336 353 357 
109 443 375 257 507 517 167 338 327 152 323 525 129 205 131 111 262 109 52 386 357 338 0 191 38 133 347 169 226 124 430 414 418 203 95 327 343 336 299 296 298 339 315 321 330 150 152 110 140 167 198 162 157 167 382 328 359 372 348 375 357 343 330 344 325 
87 501 456 336 527 539 89 438 246 73 483 542 91 382 265 253 319 185 214 424 312 369 189 0 231 72 228 87 280 153 496 298 297 281 262 400 431 424 392 386 377 386 413 375 386 322 311 290 299 345 351 314 341 345 530 484 516 551 531 535 531 505 495 491 490 
132 462 371 300 521 548 198 365 361 189 308 546 160 210 124 133 293 115 63 404 394 360 52 211 0 170 382 197 255 127 444 451 463 220 64 345 358 328 326 313 328 359 320 338 356 123 135 113 124 171 174 138 151 174 371 323 330 365 336 352 351 325 319 337 312 
54 465 411 295 500 514 67 392 255 41 429 521 82 308 226 200 264 155 152 391 299 336 143 73 169 0 249 64 244 118 462 317 310 238 208 363 375 380 339 342 329 352 362 331 350 264 269 228 249 294 294 260 293 276 486 431 444 481 467 480 463 448 421 451 429 
289 416 404 285 392 399 198 405 81 203 530 404 312 433 346 327 257 390 339 318 143 262 330 224 384 237 0 182 258 365 424 81 108 292 406 325 369 393 353 341 336 314 371 303 324 434 413 405 402 422 418 419 442 415 583 538 557 609 586 586 575 575 540 544 547 
101 448 384 257 463 481 31 388 197 28 431 482 122 318 219 198 253 199 179 353 246 302 157 79 214 57 200 0 228 169 426 258 280 234 248 322 356 355 325 310 311 320 344 313 323 290 287 244 271 290 305 275 315 299 493 427 461 488 483 496 468 462 436 445 441 
253 231 189 58 270 285 206 182 198 221 284 299 305 211 156 156 46 334 201 149 195 116 236 291 251 243 250 222 0 330 216 294 357 70 247 128 143 157 127 104 114 117 134 110 119 256 212 222 217 218 209 207 248 216 346 286 323 366 352 345 344 341 293 309 303 
84 549 467 362 590 607 171 451 366 152 427 617 59 321 242 223 358 48 162 473 397 417 114 142 121 122 365 170 323 0 519 431 433 306 190 437 452 439 395 389 414 432 423 414 425 235 251 229 241 278 294 259 271 280 480 437 454 476 461 476 464 447 425 449 427 
475 32 74 181 131 170 425 107 350 448 292 172 520 289 320 326 200 527 386 119 315 167 431 509 434 462 432 433 217 535 0 449 500 245 411 119 88 110 145 149 131 116 133 143 118 377 341 359 351 329 305 338 383 320 317 294 298 354 338 338 316 348 282 296 297 
357 430 433 321 400 393 264 443 110 270 578 397 380 496 412 401 295 457 392 340 153 286 398 296 435 310 72 252 295 430 440 0 64 344 461 346 417 420 402 385 368 346 399 331 350 494 480 454 457 480 487 463 506 487 619 591 602 655 630 635 632 627 584 589 596 
366 484 480 372 450 438 276 498 153 299 622 447 372 527 452 429 347 466 435 399 202 353 433 287 467 321 115 262 340 423 494 69 0 382 496 409 453 480 442 427 414 397 455 392 413 530 510 488 497 523 513 505 543 508 669 633 648 702 685 690 659 682 625 648 640 
235 250 181 85 313 343 215 172 257 229 244 333 297 164 127 116 72 302 171 197 227 150 197 283 222 250 285 217 57 303 232 338 393 0 193 133 155 142 111 103 110 135 135 132 143 203 169 161 153 158 144 154 202 165 287 243 273 327 290 304 300 299 250 258 262 
178 417 332 257 484 524 236 317 371 216 236 520 222 138 94 103 258 176 75 366 399 345 80 264 72 212 392 233 231 180 398 456 488 184 0 313 323 303 266 282 288 314 283 314 318 60 81 52 65 103 122 94 88 104 298 262 274 306 282 292 281 256 250 271 250 
375 132 88 82 170 196 317 114 259 338 291 215 421 248 239 233 100 444 305 69 216 75 328 390 357 357 324 316 127 435 108 348 408 136 326 0 62 85 70 68 39 15 78 31 23 313 281 291 270 271 262 262 321 270 318 292 310 360 338 334 316 342 284 293 290 
393 109 44 114 206 243 338 49 313 362 241 239 441 217 236 236 120 435 301 101 277 123 342 425 347 388 388 356 162 437 106 398 466 144 319 69 0 41 45 51 50 84 46 97 55 297 254 290 250 241 232 250 285 232 271 229 258 303 293 284 267 286 236 236 252 
383 143 57 115 217 253 338 37 341 359 212 273 435 199 210 214 133 434 302 136 287 158 326 420 338 371 383 361 155 440 113 413 473 136 299 89 43 0 39 54 75 103 31 101 87 283 232 264 247 224 203 220 268 211 235 211 229 277 256 250 234 274 208 207 222 
356 149 69 78 220 270 305 60 303 336 229 269 393 181 196 187 107 397 274 129 264 128 300 388 317 343 361 331 118 400 128 395 447 118 285 85 42 37 0 21 36 86 14 82 58 264 228 238 218 222 201 217 259 197 249 223 247 295 268 279 261 286 213 220 233 
336 156 86 59 229 263 302 86 275 315 239 264 394 197 200 185 78 388 254 119 242 108 294 376 308 331 343 315 98 393 134 373 421 115 273 59 52 53 19 0 34 62 41 60 61 275 215 236 233 220 192 210 272 215 273 233 244 310 298 299 269 281 230 244 251 
349 156 84 58 218 230 303 85 270 326 249 239 402 218 210 196 76 415 272 100 233 94 309 375 319 338 331 311 111 405 129 358 408 113 292 50 68 71 35 20 0 45 49 41 36 288 249 269 239 233 227 243 271 216 279 242 262 321 306 304 279 318 252 267 272 
355 134 94 68 165 202 307 119 261 337 292 205 420 244 240 244 87 435 308 62 216 67 342 393 350 348 314 320 125 435 122 340 405 140 313 23 79 88 74 60 55 0 75 37 24 329 278 296 273 281 261 277 314 273 326 284 306 354 338 336 319 342 296 298 302 
361 141 68 97 236 252 310 44 303 348 217 256 410 188 204 209 118 423 286 125 281 147 305 401 323 363 364 347 126 423 122 409 460 131 293 80 46 36 30 45 49 88 0 89 66 281 217 242 237 216 191 211 267 209 254 208 238 280 271 258 249 283 219 232 234 
351 153 98 58 187 215 291 128 233 318 289 215 397 249 244 228 65 424 290 68 200 50 311 369 349 332 293 314 108 417 132 339 390 125 303 29 79 110 93 76 55 31 84 0 45 303 269 285 260 280 243 259 318 250 327 286 310 372 342 338 322 353 300 303 301 
358 124 84 76 173 202 299 90 267 326 277 220 407 234 229 229 87 428 300 72 234 80 326 387 343 347 339 318 128 424 126 355 407 141 318 11 60 84 55 49 39 29 64 34 0 302 258 297 276 269 238 270 315 251 302 274 303 342 335 331 311 324 263 282 295 
228 402 322 264 480 508 266 295 405 283 193 519 267 104 99 108 268 204 121 364 417 339 146 315 110 271 440 284 247 234 390 496 539 209 55 327 293 271 275 267 277 322 272 307 306 0 52 42 47 62 78 66 26 85 252 203 234 247 238 264 240 217 213 212 198 
233 359 287 238 451 477 265 259 384 266 178 481 286 82 64 97 227 248 126 340 383 303 154 313 136 267 421 272 211 264 344 474 506 159 86 278 265 240 217 224 248 276 219 261 265 58 0 47 16 25 46 27 51 45 242 195 214 225 221 235 215 196 183 195 178 
216 385 304 235 467 494 236 288 377 244 220 492 237 121 68 80 240 201 99 356 374 317 112 294 99 241 401 254 225 232 365 458 499 162 54 302 287 270 244 238 256 305 243 281 279 53 43 0 29 60 75 53 72 65 263 214 233 275 258 260 260 226 217 240 211 
233 378 279 215 440 468 262 248 377 252 190 482 268 86 47 80 230 225 121 325 371 297 145 310 130 249 401 267 203 239 346 467 504 159 82 266 252 242 220 222 242 278 221 265 277 63 19 28 0 39 49 22 66 49 241 199 214 255 217 241 240 203 199 213 189 
259 364 263 222 442 459 289 235 391 298 152 476 310 53 90 100 237 258 136 330 397 297 184 332 166 281 438 303 220 280 335 476 527 174 107 283 253 225 222 227 232 279 226 277 266 74 26 78 52 0 39 27 58 16 221 167 186 208 198 222 194 176 157 179 162 
282 345 259 206 416 454 290 213 378 290 130 442 317 40 89 94 227 276 148 309 385 289 190 352 170 300 423 292 209 295 305 474 513 155 119 251 238 207 187 201 227 257 192 246 251 79 57 94 66 25 0 47 82 24 211 157 174 207 184 202 198 162 146 158 144 
240 362 275 226 426 459 260 245 373 271 162 480 285 63 58 94 228 243 135 326 388 299 161 313 145 273 411 271 220 263 338 478 507 164 80 261 252 225 210 216 243 274 215 275 258 71 25 58 32 38 50 0 50 27 230 185 193 234 214 241 221 195 189 189 180 
253 393 313 263 485 501 284 294 423 286 171 511 287 90 102 120 265 229 143 378 424 354 159 346 147 278 443 306 262 260 384 509 542 198 90 316 284 263 253 270 270 328 256 312 301 41 42 58 58 57 79 48 0 60 224 195 217 225 197 223 216 184 186 199 186 
256 335 260 217 431 445 273 228 387 279 140 456 292 39 68 98 224 274 148 322 378 300 186 351 178 293 411 305 212 282 323 469 524 157 120 262 231 205 205 213 221 273 214 252 252 75 43 74 38 13 28 34 69 0 217 168 177 210 203 214 194 179 169 173 157 
456 340 256 321 438 462 477 237 531 476 76 471 497 174 284 301 334 458 359 355 498 372 378 549 375 490 584 488 341 485 310 627 684 292 308 329 264 237 266 281 288 322 239 333 309 250 242 266 255 212 204 235 225 202 0 60 34 47 47 41 20 79 57 42 65 
410 325 231 281 421 451 428 196 487 439 29 463 452 129 234 240 289 407 290 342 475 339 325 479 325 429 527 434 293 437 289 576 623 258 267 288 227 196 221 234 260 294 218 284 269 204 196 216 207 175 160 180 194 163 57 0 33 86 75 65 50 66 15 30 16 
432 321 256 300 428 473 439 219 510 458 51 469 469 144 244 270 319 432 318 349 488 354 346 506 333 461 567 451 324 455 310 615 659 280 286 309 247 216 230 249 266 313 232 314 302 235 205 253 211 188 178 201 201 179 31 34 0 57 53 47 32 56 29 29 42 
472 383 313 350 482 522 477 274 558 500 82 510 513 176 280 302 374 452 357 397 535 406 373 550 364 482 603 507 354 477 355 659 696 321 292 355 309 284 295 314 321 351 286 369 350 243 243 273 251 216 215 235 219 218 63 85 65 0 39 27 44 56 75 77 77 
451 363 301 342 466 512 467 268 528 478 76 497 484 173 264 285 358 436 321 397 510 391 360 525 346 462 595 472 350 466 342 628 684 292 289 343 289 267 280 287 305 346 262 344 331 234 222 247 222 184 187 203 207 204 53 69 43 25 0 37 33 44 76 55 49 
461 356 285 344 456 497 476 260 545 489 70 489 495 179 284 296 353 448 356 387 525 387 384 547 354 489 584 503 355 490 335 646 696 314 308 339 285 263 279 283 298 346 263 356 337 261 242 275 249 204 193 225 223 203 41 76 49 34 45 0 24 63 75 59 58 
450 339 261 328 433 487 462 229 530 461 53 473 491 157 260 282 325 436 341 367 500 381 363 531 353 461 570 486 336 473 323 624 670 282 287 324 262 237 264 279 280 332 244 320 299 246 228 252 239 204 181 215 220 192 35 55 36 48 45 28 0 64 49 35 48 
435 381 299 342 482 517 437 267 536 458 71 520 460 149 250 270 348 401 313 385 509 389 328 501 318 459 583 461 349 441 342 636 670 286 266 347 291 262 269 287 306 359 268 349 334 205 195 229 204 174 169 201 187 184 86 79 64 46 32 57 58 0 83 66 56 
405 310 241 281 420 459 424 197 475 420 23 450 447 120 218 238 298 410 288 337 473 341 334 479 326 433 530 429 298 434 282 569 635 256 258 274 238 197 214 230 258 288 205 289 278 209 185 229 202 154 142 170 192 152 72 11 43 79 63 72 54 83 0 20 30 
434 331 238 286 413 458 426 214 495 444 42 459 475 141 236 250 313 416 305 335 483 340 333 494 335 451 546 443 300 439 306 592 641 268 273 303 239 225 237 251 269 291 229 296 278 231 205 239 199 177 165 190 198 179 45 26 30 64 46 58 30 69 24 0 22 
408 327 258 284 416 471 415 212 482 436 21 458 445 127 228 246 291 417 299 346 479 359 335 481 316 440 540 440 298 435 308 580 638 263 246 292 235 215 234 245 272 302 229 297 286 203 185 226 188 163 147 187 193 152 57 23 34 64 51 63 53 67 16 24 0 

Depot information
61 361 1
476 136 1
440 216 1
311 218 1
458 42 1

Cust information
444 3 23
86 271 25
436 250 24
134 95 20
65 292 25
446 448 16
451 0 19
18 380 20
344 418 15
252 385 23
239 370 19
295 212 19
55 470 18
172 400 21
380 130 23
195 71 19
322 143 25
140 411 18
2 297 23
150 448 21
54 322 23
70 90 17
67 271 17
271 230 22
32 433 18
477 165 23
70 23 15
12 14 24
281 282 22
210 451 24
370 182 18
413 225 22
414 253 24
382 248 16
367 239 25
365 220 22
365 179 23
394 249 25
348 182 18
373 193 21
257 472 24
281 435 18
245 439 20
270 429 17
303 439 22
318 422 19
286 430 17
282 477 19
307 426 21
506 461 18
458 443 18
478 457 20
496 504 18
477 497 20
501 484 20
490 469 25
454 507 25
456 442 20
468 451 19
454 456 18
