Seed 123 - Instance: n60m5_0
n 60
m 5
Q 183
L 0
U 1000

0 205 238 442 318 13 314 300 322 313 360 251 204 485 350 314 472 327 160 110 336 225 233 237 425 330 86 176 366 268 489 184 355 163 484 285 259 276 252 304 283 275 368 338 302 388 371 345 320 364 395 323 344 320 41 52 39 39 29 27 43 41 41 357 344 
193 0 250 413 401 202 147 378 198 327 337 94 57 403 387 306 408 419 325 118 180 48 104 57 354 387 132 312 431 380 342 373 203 270 447 97 87 78 72 108 113 88 442 421 376 448 447 438 389 424 465 405 413 389 216 183 213 221 215 230 205 180 198 357 392 
241 236 0 219 173 229 369 137 197 107 127 217 301 279 149 98 253 189 218 169 273 294 327 243 193 159 217 166 213 175 330 293 258 142 261 265 233 272 236 271 252 274 222 193 142 215 223 236 173 197 240 195 174 179 232 185 211 195 228 243 217 191 199 130 152 
452 421 216 0 242 441 512 217 288 142 104 354 472 150 164 134 92 264 411 373 354 452 502 390 87 220 422 346 222 283 299 490 317 338 48 382 362 408 390 411 369 396 239 246 222 218 267 298 258 248 260 265 211 237 446 397 424 416 446 447 426 415 424 114 171 
314 401 172 249 0 311 525 30 365 148 176 368 447 361 79 147 315 40 222 307 417 451 470 383 285 28 327 166 64 63 451 287 405 176 264 425 390 414 401 429 410 440 66 36 39 81 67 83 18 50 84 44 49 13 303 280 297 285 312 310 299 296 295 164 90 
11 192 237 453 326 0 309 314 308 323 353 240 192 484 347 321 470 314 170 107 338 219 230 224 405 336 72 175 380 279 492 194 346 161 474 280 245 264 239 296 266 278 378 344 300 391 371 351 325 361 391 315 362 314 41 42 39 44 28 47 35 38 38 341 342 
310 144 380 527 520 309 0 511 251 447 449 185 117 471 510 422 486 543 457 258 199 87 86 141 456 513 247 446 553 517 387 499 247 420 549 148 157 123 151 123 158 123 584 549 509 578 584 575 535 561 603 538 543 530 334 312 334 334 316 341 314 300 309 473 518 
311 379 150 212 36 305 509 0 333 128 154 336 406 333 69 134 294 59 221 278 392 427 465 368 259 31 309 152 67 79 434 284 382 153 248 405 360 393 376 418 386 409 92 66 10 107 94 106 49 72 113 53 65 30 299 270 287 276 302 306 270 263 281 131 64 
330 190 213 283 352 313 255 326 0 220 226 107 239 226 319 215 244 382 393 238 92 217 255 138 192 346 263 341 372 374 179 464 55 311 313 132 118 138 142 135 102 148 388 379 332 391 413 419 358 376 438 385 358 356 340 289 325 315 336 348 305 300 298 246 312 
328 328 100 129 162 316 442 127 225 0 44 269 366 237 101 9 178 182 285 266 308 364 416 290 128 126 300 236 159 203 324 365 273 218 159 320 293 330 311 339 305 330 183 177 121 175 206 219 174 185 209 178 143 156 330 282 294 299 328 325 296 282 298 52 106 
353 347 128 105 186 349 452 160 234 33 0 275 389 193 119 43 158 214 333 288 311 383 418 309 106 151 333 265 171 213 305 395 270 253 144 331 294 338 317 338 302 336 189 193 148 191 224 242 192 194 231 209 168 171 354 316 334 323 359 351 338 320 330 46 108 
246 88 213 346 372 241 179 332 105 274 269 0 143 321 344 263 323 380 367 163 94 122 173 46 283 360 183 323 396 359 250 412 114 284 368 62 32 76 56 77 39 82 412 390 339 423 427 430 364 392 436 395 370 376 268 235 269 255 255 268 236 233 238 305 350 
197 71 293 473 429 196 113 423 233 369 385 147 0 447 445 372 456 458 357 162 205 42 50 100 415 425 148 352 475 426 391 391 244 318 506 138 127 126 106 133 152 133 492 469 414 509 494 472 446 483 521 443 469 445 228 204 227 221 222 234 217 208 214 414 445 
488 395 285 156 377 492 483 338 228 232 203 309 466 0 306 232 65 398 506 411 278 429 476 354 110 344 451 444 357 417 158 586 251 423 158 352 338 366 368 348 338 353 378 390 354 359 388 424 377 384 416 397 355 367 496 459 487 478 490 498 475 468 460 229 300 
355 384 163 166 82 337 503 72 311 105 116 349 425 301 0 97 249 107 277 302 388 436 483 371 215 68 339 211 78 133 400 348 367 206 195 394 366 395 393 405 389 408 86 96 73 89 107 134 100 80 133 116 69 87 335 314 330 310 336 337 317 302 319 93 6 
319 311 82 134 154 307 433 123 223 16 52 265 358 232 97 0 191 193 291 257 291 367 400 286 148 128 297 232 162 193 310 365 278 215 179 307 280 308 298 328 290 320 187 174 124 169 205 227 172 173 227 181 150 158 321 275 303 285 305 312 281 286 282 57 102 
469 389 256 98 320 467 476 288 230 184 143 318 447 69 248 192 0 337 458 395 308 441 488 354 72 290 429 394 309 373 208 529 254 395 101 359 339 379 356 366 341 361 325 321 302 304 338 382 332 325 349 333 299 326 470 437 460 433 478 470 455 437 451 184 248 
323 421 202 261 31 323 541 61 383 181 204 382 453 401 115 173 341 0 204 300 456 457 482 407 303 66 341 154 82 66 486 263 439 160 297 436 411 441 429 459 423 447 68 33 59 97 72 42 31 46 80 17 78 46 304 298 290 286 324 300 295 280 300 188 110 
171 342 237 404 211 170 468 210 404 290 328 367 354 495 274 289 469 201 0 225 449 373 398 356 418 234 228 71 266 161 543 79 428 99 432 397 368 387 364 423 389 396 262 220 218 292 250 213 209 242 272 209 256 219 145 157 135 138 166 147 147 161 156 304 278 
114 120 173 371 301 107 247 280 235 267 280 161 167 395 304 242 389 300 218 0 254 170 204 161 342 293 47 186 342 266 395 270 265 163 398 204 169 191 171 208 199 206 357 311 272 357 347 336 306 333 367 314 324 298 127 77 101 96 119 112 102 76 78 296 312 
350 168 268 346 432 346 209 388 76 306 308 108 220 286 394 301 299 454 446 244 0 192 240 135 263 417 273 394 442 443 191 491 54 368 371 86 97 108 121 88 77 108 464 460 395 460 486 491 430 457 491 442 429 420 361 325 347 351 359 370 329 313 329 319 386 
219 52 292 463 454 225 92 426 212 371 387 130 33 437 443 362 431 461 382 174 183 0 61 78 391 444 160 358 488 430 363 417 219 330 486 104 119 86 95 119 135 103 491 463 427 506 514 497 446 484 513 449 463 446 248 213 255 248 249 256 225 221 216 398 439 
227 109 323 504 472 232 81 459 258 401 432 175 42 489 482 404 491 491 390 203 228 49 0 135 437 483 172 370 523 454 411 420 269 347 531 147 159 136 133 160 179 139 522 499 450 530 546 526 475 522 558 480 499 476 260 232 259 250 252 250 245 238 247 441 476 
229 55 236 395 399 222 157 365 152 303 310 61 112 365 382 284 356 411 347 161 133 92 124 0 315 387 159 335 428 375 295 407 140 297 413 59 26 38 37 65 64 59 438 425 368 448 456 453 402 430 476 410 405 395 255 220 247 248 247 255 238 226 221 336 375 
406 358 208 88 283 411 437 251 203 128 113 272 400 103 200 149 64 312 407 324 262 386 430 322 0 251 382 346 270 330 206 479 229 341 124 312 294 322 328 324 291 322 286 298 246 260 320 344 287 283 320 297 252 289 419 371 394 385 416 412 394 375 384 139 204 
327 394 161 223 28 332 516 41 335 129 148 351 440 351 66 126 283 59 238 291 413 443 480 390 265 0 340 166 46 98 441 298 390 183 240 419 376 412 403 431 398 425 62 45 31 76 86 90 41 63 91 65 33 33 313 296 294 294 326 327 303 297 296 127 62 
84 133 214 411 325 81 250 309 271 314 330 188 143 443 342 288 422 349 230 64 269 154 175 156 381 329 0 222 391 310 426 266 285 186 453 204 182 187 182 218 217 208 392 361 312 411 389 372 333 373 403 348 361 328 106 76 101 90 103 109 79 84 70 342 354 
189 313 175 342 164 193 444 160 349 236 256 321 344 445 202 230 407 146 79 193 399 352 388 322 359 183 225 0 209 110 495 151 393 41 373 369 340 359 341 392 353 374 213 186 149 245 216 175 158 187 222 152 209 156 152 169 142 136 167 167 154 151 156 252 210 
372 425 201 214 66 365 561 80 381 158 183 399 487 345 62 154 290 84 269 343 455 492 514 417 272 63 381 213 0 129 453 340 428 217 233 443 422 446 439 467 443 456 37 47 68 32 59 98 83 27 67 69 26 55 353 330 336 330 363 365 355 332 349 138 62 
273 380 168 302 72 288 515 79 368 197 223 376 422 414 139 183 360 53 159 278 429 436 465 377 327 89 293 105 118 0 489 211 412 136 325 417 386 424 389 444 403 426 116 77 89 147 117 68 54 89 118 54 102 65 267 240 248 240 269 254 258 245 263 190 143 
483 334 342 299 463 486 386 433 174 314 288 249 396 155 401 320 217 486 553 384 184 354 417 291 206 437 433 492 456 494 0 614 160 469 305 270 275 285 279 267 251 278 477 482 445 458 507 517 471 483 521 482 456 466 498 451 491 475 492 498 476 452 470 330 394 
204 377 304 495 274 209 486 284 465 356 396 405 395 584 347 353 546 259 82 257 501 407 418 405 491 297 264 150 321 214 621 0 490 161 508 444 410 441 424 463 437 445 322 286 279 353 317 255 258 316 311 273 311 276 174 204 171 177 189 179 176 186 203 393 352 
351 198 257 314 397 349 248 369 56 279 279 104 232 243 353 267 265 426 448 253 52 219 271 153 238 382 284 389 420 414 163 495 0 368 335 126 114 128 131 116 111 141 449 428 372 443 469 463 406 437 480 426 399 412 372 320 348 354 358 364 352 328 341 304 367 
152 285 152 334 177 158 408 161 328 224 253 288 307 422 213 208 392 161 92 173 373 328 352 289 343 172 185 35 214 118 465 161 350 0 357 332 292 321 303 341 333 348 232 190 168 239 221 180 158 211 235 174 205 165 146 127 123 115 149 138 140 121 146 248 213 
481 450 247 45 252 485 553 251 298 165 126 372 490 167 179 175 104 291 430 396 377 498 533 423 117 239 442 387 221 320 311 519 347 372 0 423 386 426 424 420 407 433 244 264 250 220 264 313 275 255 284 280 238 266 482 443 468 438 474 483 454 432 443 137 183 
274 102 262 402 414 271 137 404 137 329 336 60 121 354 400 305 362 451 408 202 97 96 149 51 325 420 202 361 454 427 278 442 117 336 411 0 45 32 30 19 32 18 460 440 407 466 480 467 421 458 494 440 432 428 299 264 286 292 291 306 272 271 262 347 392 
246 78 221 365 381 254 166 363 115 294 301 39 131 332 368 272 335 412 358 165 96 117 150 34 306 381 192 328 421 393 275 422 118 296 392 44 0 41 21 67 33 52 445 403 372 430 452 441 388 431 470 404 407 399 276 233 265 262 264 284 244 236 235 319 356 
265 86 256 398 428 271 129 386 144 331 343 68 117 360 397 325 366 445 391 184 106 99 145 37 329 422 204 371 455 407 283 438 143 322 428 16 49 0 39 27 40 31 478 452 401 474 476 468 421 466 500 436 433 414 290 243 287 286 281 296 264 249 266 343 405 
254 69 252 395 410 252 146 371 130 297 324 63 103 366 386 308 359 427 372 177 103 87 135 17 322 393 170 350 427 403 285 432 143 308 428 37 35 21 0 55 48 50 454 429 378 462 454 454 412 431 479 418 421 405 283 227 267 251 264 273 247 232 236 340 380 
299 112 268 396 441 285 140 404 138 327 343 69 138 364 406 335 357 451 423 218 78 109 158 81 324 435 229 388 466 434 260 466 121 341 426 24 52 30 63 0 39 23 493 455 403 484 490 493 438 466 504 449 442 445 327 269 313 301 308 315 290 275 285 362 412 
284 99 242 370 406 282 165 386 107 295 316 59 156 335 373 290 326 418 389 203 86 122 167 65 298 398 219 365 433 398 258 445 106 328 408 40 48 38 41 45 0 48 457 433 380 443 466 460 417 439 490 429 408 414 295 257 301 293 300 311 278 256 262 336 384 
281 89 267 403 426 280 133 403 136 331 348 74 127 372 415 327 371 463 412 195 89 99 143 54 339 417 201 372 455 430 281 457 134 337 438 29 49 19 34 20 48 0 479 468 405 473 490 496 431 463 511 444 455 444 311 256 303 297 284 304 273 263 268 354 405 
367 441 223 231 63 376 584 87 400 188 190 415 491 367 103 175 325 78 256 358 459 501 528 431 285 76 391 207 34 110 482 331 452 220 260 470 442 464 457 481 462 480 0 36 91 34 39 84 67 19 36 61 53 59 350 346 338 336 361 351 353 334 348 178 91 
344 414 186 238 37 350 558 72 372 181 192 391 456 384 92 169 339 27 223 330 456 478 493 410 299 53 368 185 52 77 476 297 419 200 258 440 420 439 420 456 426 450 41 0 56 73 51 59 40 32 53 41 40 34 318 313 318 291 335 324 324 301 321 175 87 
297 376 142 225 32 301 507 11 322 128 149 339 425 350 74 129 288 70 216 270 402 425 467 365 262 27 311 158 70 85 445 289 377 161 243 395 374 402 373 419 391 404 77 54 0 92 93 110 48 77 102 56 48 30 293 265 285 259 304 307 276 279 273 123 70 
398 458 211 207 92 399 572 88 394 165 177 409 490 349 78 175 305 106 290 360 454 508 547 454 279 85 405 245 31 136 476 346 441 239 220 469 428 470 450 476 454 481 34 68 94 0 63 121 87 60 79 104 55 81 376 352 361 343 387 382 363 360 366 145 83 
362 459 229 270 63 376 582 95 421 201 212 419 507 393 116 202 351 58 255 361 479 499 540 460 314 72 400 199 52 103 511 321 465 231 273 480 440 483 455 504 461 498 29 45 85 66 0 53 71 47 17 72 56 66 361 339 343 333 360 352 353 343 356 185 109 
344 441 235 289 86 331 567 103 431 229 244 415 481 439 135 220 386 54 209 325 487 496 525 441 351 98 374 175 105 76 526 271 476 184 314 487 443 477 453 497 461 485 89 68 96 103 59 0 75 70 77 42 92 84 329 313 298 303 326 330 311 313 324 223 138 
318 399 174 243 31 312 532 53 368 167 189 382 431 371 86 176 329 21 205 294 438 448 486 403 283 47 330 151 83 51 478 266 415 164 283 428 393 433 398 449 416 438 77 32 41 103 77 75 0 57 88 19 66 15 306 279 277 282 309 300 280 275 285 174 105 
362 438 206 237 39 355 567 73 377 174 194 407 484 376 94 175 316 48 244 328 455 478 506 422 282 60 366 200 26 102 483 307 425 216 262 460 422 466 437 470 433 458 37 24 67 49 45 78 61 0 53 46 48 48 332 322 327 310 354 337 322 319 339 165 85 
390 481 255 270 92 391 596 106 431 215 235 441 510 405 117 227 359 76 254 369 496 526 562 463 326 88 401 221 62 122 524 310 467 242 274 502 472 497 490 521 477 516 40 59 103 64 24 68 95 42 0 82 88 92 361 355 367 358 382 363 364 354 358 210 117 
324 403 182 275 43 326 537 72 374 181 208 378 457 390 118 186 351 11 200 310 436 451 491 415 304 63 329 145 69 51 489 262 434 171 275 440 395 429 424 455 425 455 72 28 57 99 69 48 19 44 74 0 77 44 304 288 292 281 304 309 300 296 291 171 116 
345 421 181 202 51 349 534 55 361 153 153 372 450 343 59 147 286 62 253 318 441 460 510 405 253 43 353 206 35 111 452 310 401 202 232 441 402 443 416 446 424 453 37 39 45 43 65 91 59 47 74 66 0 60 348 323 320 306 354 332 328 319 328 143 63 
315 394 168 237 20 317 522 37 353 158 179 379 449 370 86 149 324 36 212 307 423 450 488 398 283 38 340 164 57 70 452 273 401 170 261 415 389 416 400 441 407 432 66 28 31 96 62 70 16 44 92 28 49 0 298 285 291 278 321 313 291 284 300 165 84 
32 229 228 452 295 40 338 286 335 310 359 270 223 495 329 313 471 294 138 131 370 262 264 260 424 306 107 154 359 251 511 167 376 141 483 305 275 296 270 326 304 304 358 321 298 374 345 322 301 339 369 304 348 299 0 56 31 49 22 25 43 52 49 345 334 
48 188 187 410 290 44 301 263 282 274 324 228 201 445 304 281 433 287 154 79 311 228 240 217 385 285 83 164 347 243 457 203 332 125 434 267 227 260 229 284 263 263 345 306 273 360 334 305 289 324 361 289 312 280 52 0 51 41 59 67 40 5 18 312 308 
36 221 215 434 300 42 330 276 324 294 329 266 233 488 330 305 457 280 141 115 350 260 270 245 406 301 94 141 350 251 486 174 350 138 449 298 274 276 273 311 293 297 353 316 278 367 337 302 277 326 362 293 316 293 22 43 0 13 26 29 31 45 31 328 319 
39 220 197 410 283 46 324 268 325 296 329 256 236 473 302 289 439 283 141 96 332 251 251 250 398 290 92 150 332 228 467 171 346 119 439 290 248 270 264 301 296 290 324 296 266 353 331 297 266 324 348 284 303 276 29 42 16 0 37 37 25 36 33 320 311 
31 208 241 444 313 37 327 307 331 332 356 271 224 498 339 321 474 317 153 105 363 235 237 245 423 319 98 174 364 275 491 172 360 159 487 300 269 280 267 310 298 286 358 337 312 396 361 328 313 347 377 305 338 310 31 58 27 49 0 12 30 56 48 364 349 
42 222 238 442 305 38 329 293 336 314 355 276 219 502 339 309 481 297 146 122 362 246 263 264 426 318 106 163 356 255 512 179 363 139 476 301 266 289 277 321 312 296 352 324 299 382 353 328 306 335 381 308 341 309 24 57 38 50 27 0 38 44 50 354 336 
41 205 214 421 295 39 320 284 319 300 319 240 214 464 319 288 447 304 148 94 342 224 250 222 385 305 89 163 343 252 471 185 345 143 443 270 243 268 242 290 268 282 358 325 276 360 348 319 284 340 372 292 331 284 36 31 31 22 39 37 0 32 27 325 317 
47 200 197 404 285 52 314 272 287 279 320 224 209 453 309 276 441 285 159 85 331 219 243 212 377 291 77 148 328 242 461 201 333 133 437 272 235 254 227 279 262 265 345 306 263 367 336 317 290 320 347 279 322 285 44 22 38 42 61 49 30 0 15 319 314 
44 196 209 426 305 32 318 280 312 291 329 246 203 463 321 284 438 292 170 93 336 231 234 221 390 294 79 173 351 255 462 188 339 129 448 269 244 267 250 283 275 275 357 308 276 359 342 327 301 338 368 298 323 291 44 22 32 30 43 36 21 15 0 329 311 
350 353 142 112 163 356 463 134 251 50 29 294 399 232 92 58 171 183 306 295 329 390 436 332 143 138 340 250 155 201 333 396 303 245 143 344 324 360 333 368 329 366 171 161 139 146 185 227 162 160 194 177 139 161 348 307 337 320 345 361 337 312 331 0 93 
356 377 157 166 72 355 522 58 327 101 112 336 436 304 8 92 251 111 274 307 385 435 472 377 219 60 354 206 72 133 411 334 358 204 186 409 373 394 374 420 386 412 84 95 68 80 120 142 87 87 137 104 55 78 340 307 312 304 338 337 314 317 321 82 0 

Depot information
31 307 1
92 128 1
252 298 1
465 287 1
304 451 1

Cust information
32 302 25
38 8 19
303 422 18
269 104 25
343 310 20
373 296 22
178 115 16
40 113 21
485 143 21
355 399 19
334 309 21
476 196 19
290 477 18
98 453 19
103 246 23
230 41 20
60 92 15
14 83 23
134 108 22
425 211 18
321 433 23
57 240 21
155 425 15
356 461 25
245 465 18
405 11 19
36 491 19
264 58 24
155 391 21
497 291 17
152 67 17
160 101 17
139 72 20
140 92 24
153 50 17
174 76 19
143 59 21
348 483 25
316 473 18
303 425 20
378 467 21
337 502 22
286 515 22
293 460 19
333 475 23
345 516 21
290 473 15
343 447 16
303 452 24
34 336 20
69 302 18
50 333 24
63 329 19
29 320 24
31 332 21
54 316 19
68 307 23
57 307 23
373 324 23
355 399 15
