Seed 123 - Instance: n65m5_1
n 65
m 5
Q 179
L 0
U 1000

0 410 342 392 202 422 514 452 641 217 283 240 188 347 456 349 507 441 461 331 455 256 445 57 296 501 354 598 487 94 89 436 492 498 397 297 460 544 524 533 535 544 521 538 518 542 550 533 407 405 413 384 427 392 418 387 423 389 390 358 300 327 327 317 318 361 322 146 124 102 
413 0 119 426 247 361 208 63 279 221 256 203 235 82 53 149 204 258 55 139 278 397 144 389 288 386 184 219 297 450 342 451 485 329 246 370 90 154 133 135 140 159 148 149 146 152 172 160 444 453 441 420 435 402 443 403 419 408 393 103 137 116 120 121 139 92 128 316 332 377 
327 114 0 335 152 275 206 167 326 173 154 136 168 38 168 160 210 202 143 44 221 285 144 313 187 319 110 268 265 366 274 381 402 269 168 266 198 213 182 204 209 223 214 217 205 217 216 214 351 351 350 328 337 311 355 322 332 313 310 119 105 65 97 122 134 121 105 232 252 264 
383 429 340 0 300 121 322 483 466 382 193 369 378 370 481 470 345 233 433 316 220 146 340 334 150 152 260 469 223 338 413 42 112 215 211 118 502 449 413 458 434 429 436 456 438 449 444 456 21 33 23 19 38 34 23 35 50 33 48 429 406 378 416 426 430 431 420 278 317 293 
184 253 150 305 0 280 318 283 458 100 137 102 86 180 296 231 323 277 284 156 289 192 267 158 150 360 182 407 337 211 145 347 389 346 234 191 311 358 341 354 360 361 345 364 345 374 363 359 307 300 304 282 304 286 312 289 302 283 277 211 154 159 177 177 186 214 184 79 102 135 
431 350 275 120 295 0 212 423 355 366 176 350 371 295 414 424 257 126 355 257 107 212 237 367 136 85 198 358 123 388 420 127 157 103 124 165 450 364 336 360 337 329 341 355 353 355 360 353 126 126 117 113 90 104 110 108 86 113 80 375 363 330 354 373 385 383 378 305 337 328 
499 216 203 330 313 213 0 281 154 366 244 324 359 208 243 336 51 98 190 197 126 353 78 467 248 212 148 159 125 505 458 333 343 136 134 307 288 150 129 163 134 139 151 161 155 151 150 154 322 346 329 326 307 293 329 305 292 303 285 286 309 268 273 291 326 285 291 371 408 423 
440 73 176 498 301 422 274 0 320 252 305 226 265 148 38 118 254 318 94 196 344 456 209 431 349 450 251 253 368 477 361 525 560 383 309 422 28 191 177 168 181 189 184 176 175 184 189 191 505 516 502 495 500 464 501 466 484 485 460 111 155 149 118 119 146 95 126 352 366 405 
629 280 309 476 459 370 167 300 0 463 387 433 489 312 273 409 147 258 218 310 268 511 197 599 410 336 294 81 254 653 591 484 481 268 278 461 321 148 149 153 134 122 138 137 148 132 130 139 480 490 482 472 451 448 459 461 440 450 437 372 382 363 375 385 401 341 390 509 535 560 
209 234 169 390 101 361 361 240 461 0 210 40 33 159 258 148 355 330 283 168 354 288 287 203 248 438 240 417 397 251 143 423 471 397 295 294 251 361 345 337 353 371 341 362 335 370 366 362 403 405 402 381 402 369 416 377 395 378 366 157 112 136 131 122 129 163 117 146 154 195 
294 256 163 188 138 160 226 317 386 210 0 180 217 174 305 296 261 160 269 126 178 156 205 251 58 222 99 356 220 283 276 227 292 228 130 114 343 324 298 308 308 304 306 332 298 311 310 326 222 209 224 198 217 170 208 176 191 187 168 242 215 202 229 241 241 253 234 160 183 200 
238 188 132 379 99 352 314 209 427 43 187 0 64 132 237 146 312 296 248 125 327 275 243 225 222 406 206 382 367 283 174 406 461 374 259 267 240 327 309 310 310 332 317 322 300 319 326 320 385 379 391 355 376 342 392 364 375 350 346 127 67 104 99 105 109 134 99 160 167 198 
186 239 171 385 99 375 358 251 479 14 219 54 0 169 272 166 361 321 276 187 355 283 301 183 231 438 234 428 399 231 111 424 473 395 302 281 264 377 357 347 364 382 360 383 364 382 388 364 410 402 406 371 400 366 401 379 392 361 372 172 116 149 133 149 134 190 145 150 127 168 
348 83 43 359 182 311 210 145 314 172 190 132 182 0 145 151 200 205 117 59 260 319 129 314 226 344 114 260 285 378 285 390 442 290 199 282 159 209 183 176 201 210 187 202 189 211 218 205 380 369 388 365 357 339 371 348 343 347 336 93 105 55 88 96 105 92 95 250 250 288 
452 56 159 488 307 409 244 45 276 263 304 239 290 151 0 161 229 290 73 183 340 456 172 442 338 439 230 213 353 492 391 507 541 370 283 414 60 148 140 116 153 172 132 152 127 142 164 152 489 494 505 487 485 460 483 457 456 464 448 129 167 147 156 145 172 117 159 370 376 425 
350 143 173 477 221 438 334 113 408 153 283 138 163 144 155 0 319 341 184 192 377 412 264 348 320 482 247 341 420 393 272 508 556 420 335 387 133 292 274 268 272 298 272 291 274 276 296 281 501 499 486 472 487 449 502 454 468 467 458 55 88 98 74 60 45 66 53 283 296 334 
509 204 209 347 332 246 51 254 136 362 261 312 359 197 229 332 0 129 169 204 163 389 81 460 277 245 158 128 154 508 460 370 385 183 160 332 266 125 104 122 101 94 117 126 123 106 107 117 364 379 364 355 342 325 362 336 330 334 326 267 289 257 272 284 311 255 290 392 411 423 
450 259 205 229 277 129 103 320 250 336 167 284 337 210 289 353 127 0 229 181 54 268 133 400 160 149 107 248 68 425 417 239 275 94 37 227 339 248 220 229 227 217 232 246 231 241 230 246 230 237 238 224 223 212 222 202 197 206 204 301 289 259 292 309 307 287 296 316 327 343 
455 67 136 424 294 357 193 109 223 279 270 237 294 127 73 181 152 243 0 161 283 421 129 425 301 377 185 176 284 499 393 454 487 308 232 381 115 107 85 83 105 110 103 96 95 100 114 97 453 449 451 442 432 406 440 408 424 421 398 146 174 152 154 178 178 126 158 352 368 404 
329 144 35 297 146 242 192 185 323 174 115 125 172 70 192 201 191 184 164 0 201 274 133 295 165 301 78 272 242 348 265 343 388 243 158 230 209 224 205 204 216 216 213 234 202 220 235 225 331 314 333 300 321 289 316 292 292 288 275 139 120 91 130 147 158 142 137 211 231 266 
469 285 226 210 286 102 125 350 269 361 176 316 369 256 322 376 153 37 273 207 0 268 164 410 172 101 140 264 39 442 439 223 243 59 79 219 367 266 237 257 247 248 259 257 267 269 263 274 225 230 224 216 189 201 206 187 174 191 191 337 316 287 316 335 354 320 342 328 352 370 
247 387 299 159 188 216 368 442 513 283 155 270 275 319 457 398 388 280 416 259 268 0 335 208 123 275 255 498 305 207 284 187 238 293 235 65 463 453 438 459 436 443 449 474 446 450 453 470 157 146 171 141 173 136 166 136 173 136 160 375 323 314 347 368 363 371 360 145 179 156 
454 152 143 341 258 253 91 202 209 284 191 252 296 146 175 253 86 117 115 137 161 350 0 409 223 256 102 160 172 469 396 363 386 191 121 300 223 131 109 132 117 125 128 138 119 125 138 133 336 348 354 341 331 309 345 314 314 318 302 212 230 178 199 228 245 200 214 333 346 382 
63 401 294 327 154 364 456 416 610 200 243 210 181 313 437 330 478 395 431 297 417 202 408 0 237 436 326 559 443 75 98 382 439 441 364 234 442 501 476 500 503 499 496 504 489 518 515 509 357 349 356 335 365 337 353 322 359 338 331 324 293 302 304 318 312 353 309 93 69 52 
294 298 196 153 155 136 259 346 396 252 42 218 247 225 342 325 273 170 314 158 186 123 223 247 0 214 145 376 219 279 283 199 242 216 143 80 376 360 320 344 334 344 330 359 342 350 342 349 177 178 184 147 171 149 175 141 155 136 129 294 250 245 260 283 296 291 281 167 193 202 
492 392 328 156 343 82 215 447 335 439 229 400 434 334 432 473 245 144 369 287 120 278 252 439 204 0 237 358 105 458 488 159 141 92 157 223 478 371 332 369 354 327 362 356 352 355 347 365 155 177 173 172 135 154 139 153 130 151 144 432 416 392 397 428 438 423 416 375 395 399 
357 185 106 262 189 197 159 252 297 223 98 188 239 134 241 252 160 97 178 79 135 253 99 324 133 226 0 267 171 360 325 290 315 180 84 215 262 221 194 220 208 212 213 221 202 226 214 215 278 281 271 253 267 239 259 244 254 246 239 212 194 164 186 205 219 197 205 235 270 273 
595 224 267 457 423 373 149 254 72 420 363 378 427 255 218 344 117 258 171 280 265 493 158 552 381 345 264 0 262 614 534 472 484 272 276 451 262 70 98 93 72 68 91 70 93 73 68 66 475 475 472 473 448 444 473 438 446 446 431 303 340 307 317 330 341 285 319 485 505 531 
493 311 256 234 335 129 119 367 252 396 212 351 385 275 339 406 144 79 275 238 43 312 168 447 215 109 180 261 0 475 474 241 248 36 98 255 399 257 230 267 237 234 265 259 252 254 252 259 230 248 241 246 215 210 238 216 210 224 201 351 354 323 336 370 378 342 360 361 392 400 
91 462 354 337 211 407 514 486 658 256 284 279 250 385 505 408 509 432 493 351 450 216 450 60 269 456 372 608 486 0 167 384 448 470 388 246 495 571 543 552 540 554 543 564 542 557 568 562 373 347 354 340 364 342 370 344 366 343 349 381 351 361 369 364 359 410 366 139 132 97 
99 354 279 399 152 422 465 362 584 142 262 155 114 293 383 258 468 412 403 282 424 271 402 102 273 493 317 531 463 148 0 438 511 472 372 298 385 487 463 449 469 471 468 476 460 476 490 470 415 406 427 393 425 398 427 403 418 404 396 268 226 254 241 253 248 280 248 139 104 122 
432 455 377 46 343 126 331 522 481 437 240 418 425 390 519 513 368 241 472 333 232 189 364 383 191 166 286 476 251 384 440 0 74 231 231 158 539 484 443 478 456 449 470 470 460 481 472 475 33 40 31 53 48 75 42 72 47 62 63 470 437 425 449 475 471 479 468 323 360 331 
500 493 417 116 395 145 353 556 481 471 289 452 479 436 545 562 392 265 483 378 242 242 375 438 245 152 319 501 253 451 494 68 0 213 267 217 578 499 457 488 477 477 493 503 485 483 485 487 96 102 99 120 98 121 79 118 95 113 131 524 496 469 497 502 517 522 517 389 410 390 
501 320 278 210 344 104 147 386 279 411 218 374 407 302 369 422 172 78 299 257 50 292 203 443 208 94 184 278 30 483 476 211 229 0 123 253 404 281 270 304 276 258 273 285 276 281 272 293 216 238 224 214 191 209 200 204 174 213 182 376 379 343 367 377 403 379 369 365 396 403 
399 249 174 204 241 118 127 298 292 290 132 270 292 187 285 322 154 33 246 153 80 241 138 366 131 161 90 262 95 387 369 232 273 104 0 200 327 241 215 250 241 234 233 251 240 254 254 244 220 234 234 220 206 200 223 194 185 203 181 287 260 228 266 286 290 286 281 264 300 314 
295 364 260 111 187 159 308 426 473 281 113 265 278 290 414 401 346 233 376 226 222 63 291 241 83 227 211 442 257 242 303 157 209 255 206 0 452 433 382 404 405 402 399 418 415 430 421 416 142 122 133 113 144 115 133 100 138 111 118 358 309 299 323 351 338 360 348 161 211 180 
464 100 186 517 298 454 294 26 320 248 336 235 277 162 68 124 264 342 112 214 370 474 236 443 368 472 270 266 392 498 380 555 580 416 325 441 0 199 192 178 194 217 195 206 190 206 217 190 522 536 532 516 523 498 530 488 499 496 489 116 164 168 144 138 149 102 132 382 383 418 
543 156 215 445 372 368 163 175 149 351 318 332 364 198 149 285 114 237 108 233 262 470 127 503 343 370 227 69 261 564 476 482 493 290 249 422 201 0 42 29 21 33 27 23 30 26 32 5 462 472 465 447 445 428 461 426 428 450 417 245 271 241 240 258 279 235 269 420 445 476 
521 133 186 419 333 330 130 170 156 344 281 294 354 189 152 267 102 209 87 205 243 438 97 486 324 341 202 81 230 538 455 456 470 265 221 398 207 39 0 49 14 37 35 49 30 48 35 34 439 435 430 432 407 398 426 398 400 399 402 222 266 228 240 238 258 210 235 407 422 447 
524 136 188 442 346 358 172 149 169 343 307 302 346 179 119 257 131 235 82 204 265 442 130 489 346 369 207 107 262 541 460 471 503 292 257 407 177 37 38 0 47 58 28 40 25 39 38 35 457 476 467 442 440 437 454 422 435 436 429 216 248 221 219 233 254 193 228 418 432 457 
536 144 213 439 348 338 144 179 130 353 300 326 363 189 145 275 112 222 108 207 256 443 120 490 343 344 216 79 256 545 461 455 471 267 235 402 197 22 19 45 0 35 12 33 34 22 19 24 449 457 452 425 417 415 434 413 419 418 406 241 271 231 252 250 274 222 250 416 440 460 
542 155 222 425 368 343 132 208 120 364 300 326 371 210 174 305 92 227 116 221 231 447 113 511 332 346 221 63 239 552 478 450 466 274 227 408 223 42 34 57 15 0 25 39 35 23 23 42 433 453 452 429 416 411 435 412 417 414 397 259 284 242 249 264 283 230 269 420 447 481 
524 152 207 436 357 339 150 186 151 356 309 315 366 184 151 278 103 219 90 210 261 445 121 497 338 351 219 71 247 556 460 464 474 276 245 418 197 19 25 32 21 25 0 35 13 28 31 17 455 464 458 446 430 428 442 421 408 421 420 232 266 242 244 259 261 217 258 421 441 460 
553 148 213 448 360 366 152 188 142 365 331 326 372 211 146 296 113 246 109 231 261 457 129 512 361 372 236 64 264 574 483 482 505 294 261 430 189 20 38 27 38 38 19 0 29 27 18 14 465 466 472 453 450 425 468 445 441 439 418 248 272 243 263 268 279 220 257 442 460 476 
517 131 201 438 348 358 144 169 155 354 305 299 360 196 135 277 122 221 90 203 254 441 123 486 339 355 216 78 259 557 464 473 493 281 241 411 196 30 36 20 31 35 21 32 0 18 36 18 456 452 457 448 441 419 451 421 429 435 423 232 262 228 229 240 268 204 240 415 424 460 
550 163 214 457 369 347 144 184 133 354 321 316 367 199 154 296 111 234 108 221 268 454 125 518 356 353 213 60 264 560 484 479 499 293 245 429 209 11 30 34 15 30 22 26 31 0 30 11 454 463 461 440 435 419 450 427 434 436 420 253 272 238 256 273 290 225 257 431 441 484 
545 170 214 456 359 351 138 197 126 368 312 326 376 213 167 304 99 222 122 231 262 462 137 508 338 343 218 65 245 567 491 466 482 285 253 422 211 20 47 58 32 17 26 18 35 22 0 35 458 466 454 445 433 420 441 437 416 423 410 261 290 260 260 278 293 235 265 438 445 485 
551 149 221 454 361 352 156 184 138 357 324 319 368 199 138 279 112 249 105 223 271 468 131 509 354 366 229 70 270 562 469 465 492 289 247 422 186 11 30 29 19 43 16 11 28 10 24 0 453 476 470 452 440 439 465 428 434 435 427 247 266 243 256 253 270 223 261 438 438 473 
409 442 353 37 322 122 324 505 472 405 222 381 403 381 503 499 361 236 450 322 209 157 338 349 180 168 264 473 237 373 418 38 95 212 224 143 533 463 438 455 452 442 459 464 456 459 450 458 0 33 9 40 21 39 26 44 39 36 52 454 426 412 423 446 458 459 438 310 321 323 
389 442 358 28 315 135 342 496 492 393 216 381 396 380 494 502 379 242 440 317 232 156 343 339 164 169 278 488 255 355 405 45 93 236 226 119 527 471 432 472 445 458 459 477 449 466 463 459 17 0 12 37 35 56 25 52 57 34 49 448 420 407 420 439 449 460 449 294 310 301 
396 446 355 19 306 122 339 513 486 408 223 390 409 368 491 491 372 242 442 315 229 165 357 350 174 166 283 485 243 359 416 40 92 222 220 126 529 467 436 454 443 438 454 473 456 464 454 475 23 13 0 31 31 50 35 38 60 38 45 453 429 399 429 442 455 459 454 291 323 304 
386 418 323 9 288 117 315 484 482 391 184 360 373 366 468 471 346 221 427 309 208 138 324 332 149 176 247 468 229 348 403 52 108 214 222 106 519 462 416 444 430 423 444 455 447 450 442 463 32 38 33 0 42 24 43 34 61 30 33 428 404 372 400 418 439 429 422 279 298 281 
415 425 342 29 304 106 309 493 449 408 218 380 398 365 487 497 347 214 431 317 188 180 318 357 176 136 263 458 207 374 418 37 82 196 196 144 511 445 415 437 422 420 427 439 437 440 430 434 22 39 38 43 0 43 30 34 25 35 49 448 415 398 413 446 452 435 427 303 341 328 
385 412 312 34 283 97 302 458 439 360 175 344 355 339 451 466 333 212 413 286 185 146 303 320 144 146 236 445 213 335 400 77 113 209 187 100 494 440 400 418 419 417 415 440 425 434 419 428 40 46 46 33 35 0 44 14 49 14 24 422 387 361 398 405 406 424 401 262 304 292 
410 446 339 37 316 105 318 496 461 409 218 396 412 370 498 498 355 238 449 312 201 175 331 350 174 158 262 457 227 359 429 31 97 218 214 148 522 451 418 463 442 435 436 470 438 451 459 464 28 31 30 41 27 48 0 35 40 39 49 442 414 408 435 451 447 450 444 300 333 325 
385 418 310 18 278 100 308 482 461 381 181 346 365 334 471 461 329 210 411 296 204 150 322 330 136 159 247 448 221 348 388 65 124 194 193 108 485 428 407 424 423 423 430 433 428 435 421 432 48 37 36 28 33 25 44 0 42 10 13 414 381 369 391 405 421 422 409 274 291 295 
412 405 333 36 299 79 289 467 446 403 188 368 396 356 462 475 323 207 413 291 191 179 303 362 160 131 236 442 211 368 419 54 99 186 187 139 495 426 401 437 409 417 410 430 413 421 415 426 41 60 47 45 24 48 28 43 0 44 35 425 407 375 416 419 427 424 417 286 337 315 
395 411 322 16 283 109 311 469 460 372 188 348 373 341 471 470 339 220 414 302 197 147 321 337 142 152 249 446 233 350 385 60 124 212 208 114 494 443 407 425 413 417 428 449 420 433 442 446 41 39 50 24 44 15 46 11 50 0 31 416 402 368 398 408 426 432 423 265 296 295 
390 406 305 41 273 82 299 470 436 370 181 351 355 329 461 446 317 189 400 281 177 154 302 342 129 137 222 427 206 353 394 66 119 180 189 115 482 430 384 425 407 400 401 436 420 421 408 414 43 66 46 42 52 27 41 14 35 34 0 416 376 370 377 394 408 404 407 275 302 290 
338 101 114 444 195 374 297 99 364 142 246 119 160 84 120 63 266 287 152 147 336 380 211 337 295 428 205 313 352 382 270 478 517 372 268 362 123 242 237 215 227 249 224 237 223 242 246 240 454 448 461 422 448 412 444 418 426 425 414 0 66 66 37 27 44 34 34 261 285 318 
294 140 100 411 152 356 294 143 386 95 208 82 124 102 182 75 284 288 187 117 320 325 231 288 267 407 189 332 362 334 227 455 494 370 276 317 168 265 250 250 268 285 258 273 265 275 276 283 423 413 413 404 414 394 430 387 398 401 375 49 0 47 35 28 36 65 43 227 231 271 
317 112 74 379 153 333 272 134 364 130 193 100 137 62 158 114 252 251 151 107 296 322 180 292 245 386 166 307 320 350 243 427 460 342 246 308 156 250 232 220 229 248 228 242 229 244 246 246 402 412 398 392 394 357 393 376 379 371 365 53 42 0 33 47 63 74 46 238 239 283 
316 102 107 402 169 364 289 130 375 124 230 103 143 76 142 83 277 276 161 123 317 348 209 313 273 415 194 303 340 365 248 458 496 369 265 333 135 242 237 223 250 252 234 250 225 262 266 254 437 422 422 404 416 395 421 386 413 390 393 36 29 38 0 29 41 57 17 249 250 287 
326 111 116 436 177 375 299 127 383 120 244 95 151 107 153 61 288 310 162 145 335 351 228 307 276 420 217 320 367 376 253 475 512 383 277 344 138 264 254 247 265 271 255 262 236 266 280 260 437 437 440 418 428 400 453 403 420 409 413 40 48 63 33 0 32 46 3 247 245 287 
317 144 138 426 176 400 310 136 410 125 246 97 125 112 158 47 295 308 178 155 351 369 246 294 293 439 221 332 382 353 244 473 515 386 293 354 146 272 270 251 280 288 270 292 270 276 294 270 463 458 449 430 440 418 442 418 437 412 403 42 32 65 45 35 0 66 23 259 251 297 
373 91 107 442 208 376 271 91 342 172 254 149 171 91 102 70 262 297 132 141 319 372 211 337 294 415 209 296 352 404 285 480 513 378 276 363 102 232 211 209 228 235 212 228 204 238 230 229 455 460 456 436 441 411 458 422 442 428 412 30 71 70 57 39 63 0 46 286 290 319 
330 119 117 419 180 380 307 120 372 129 230 101 142 97 147 52 278 293 175 143 329 365 228 311 269 425 204 329 359 362 241 468 509 373 280 342 143 259 240 228 247 266 250 271 246 255 272 252 443 435 434 428 443 413 432 420 418 415 393 25 43 46 17 13 20 56 0 244 255 297 
135 317 219 274 86 293 372 352 524 156 158 168 143 253 375 288 377 315 356 220 318 160 334 86 168 373 228 477 371 151 143 319 373 363 273 174 369 435 393 409 406 415 419 441 403 434 422 426 302 282 287 277 306 260 302 279 300 276 276 265 225 223 236 250 240 292 262 0 34 61 
115 333 244 311 95 331 397 360 542 155 186 166 127 253 388 288 400 339 371 230 366 182 353 74 185 397 252 504 385 118 95 354 414 402 309 193 389 444 428 428 441 446 437 444 422 453 456 446 325 313 327 298 335 299 327 291 318 294 297 273 234 239 248 252 257 284 263 40 0 55 
114 368 273 285 128 319 411 400 556 179 194 196 174 293 414 330 423 354 398 250 359 159 381 44 202 391 284 527 404 95 128 342 386 394 320 181 428 474 453 451 474 476 455 472 463 484 489 479 317 306 314 286 326 292 323 298 326 284 295 316 271 271 288 300 283 323 300 57 49 0 

Depot information
418 2 1
76 228 1
180 226 1
465 383 1
305 146 1

Cust information
367 418 23
156 421 17
27 188 20
18 488 21
237 82 25
318 266 17
223 116 21
251 78 25
155 217 23
23 223 23
94 96 17
123 408 20
249 398 15
56 273 23
205 240 23
268 429 18
460 244 20
144 345 24
422 58 16
355 282 22
352 485 23
230 303 20
12 423 19
256 462 24
480 47 17
337 10 15
484 421 18
492 479 23
279 471 15
263 368 15
428 281 24
8 173 18
22 359 17
53 355 23
28 336 17
41 362 17
43 377 25
35 355 20
19 362 22
34 348 18
26 364 21
29 374 20
23 359 16
474 401 24
482 386 19
478 394 22
466 375 24
455 409 22
443 377 25
467 406 18
448 379 16
440 407 20
452 377 21
436 382 21
112 146 17
158 132 24
156 168 19
139 149 21
130 133 18
133 115 17
100 157 24
131 133 17
373 129 23
373 97 20
414 102 23
