Seed 123 - Instance: n70m10_0
n 70
m 10
Q 243
L 0
U 1000

0 385 431 318 432 604 454 469 238 206 418 513 408 405 328 224 212 521 517 635 366 417 536 292 467 366 271 564 191 540 356 403 372 591 496 336 275 416 328 215 504 463 375 363 159 544 534 481 558 583 502 498 526 556 527 513 569 534 561 556 541 578 528 575 502 550 593 552 560 531 519 424 401 448 411 409 394 433 405 400 
398 0 231 233 264 234 421 132 172 191 171 141 315 85 121 269 290 286 187 281 368 106 201 134 395 194 285 216 239 159 103 170 164 199 252 167 225 204 302 196 262 158 212 338 272 157 171 110 175 198 133 123 159 185 158 136 193 152 195 311 252 280 227 298 210 272 302 302 278 239 268 71 79 90 38 56 87 108 136 107 
420 222 0 130 64 267 223 323 238 276 374 267 133 308 297 205 237 99 384 255 197 336 152 185 190 396 180 181 344 275 152 376 356 262 81 378 386 415 173 275 86 102 74 179 365 330 349 315 312 336 312 310 335 339 299 278 316 327 372 143 134 174 151 165 105 132 185 131 143 133 112 279 281 282 255 278 280 316 99 121 
309 231 124 0 132 366 211 344 154 190 363 328 120 301 259 91 121 213 416 358 145 332 270 114 222 367 69 295 250 328 141 374 350 347 214 319 328 389 77 191 192 184 79 123 258 378 404 329 376 400 352 326 370 396 356 335 391 379 407 264 241 276 246 274 225 251 298 271 247 246 225 288 287 305 264 266 277 333 160 163 
421 278 64 133 0 319 175 388 266 297 418 329 87 335 333 213 230 101 431 284 167 370 211 212 145 426 176 231 349 321 186 425 399 317 126 403 425 443 141 279 90 139 83 146 374 383 400 359 367 382 356 361 388 407 345 331 360 382 411 169 160 188 185 175 140 166 209 166 166 164 135 325 344 338 294 313 333 359 154 174 
609 220 260 362 315 0 480 236 370 411 325 138 387 271 339 425 467 252 267 87 457 282 109 330 429 393 427 104 458 98 270 352 345 47 230 372 443 364 420 397 236 185 298 435 487 196 203 209 147 138 188 203 174 165 132 143 134 200 201 234 191 161 155 202 179 205 196 229 208 179 211 254 275 217 247 245 271 262 213 233 
458 413 227 213 171 483 0 529 379 393 563 497 113 502 465 249 270 231 592 440 99 515 360 335 59 565 201 385 456 493 326 574 542 489 268 543 530 591 159 383 247 322 213 110 453 543 569 509 539 554 513 523 548 566 516 505 528 557 572 283 296 328 336 317 305 291 332 282 300 301 280 488 480 507 457 476 487 530 310 324 
470 133 330 334 375 240 525 0 246 270 89 127 440 75 151 362 404 391 84 316 478 71 257 238 524 167 396 274 289 161 215 102 125 228 344 159 228 136 409 269 357 248 323 455 318 86 93 40 129 172 65 58 89 108 125 108 139 71 93 400 352 347 306 375 292 350 373 394 360 339 337 78 90 57 84 84 78 43 235 222 
233 173 235 171 269 364 379 257 0 51 236 297 277 190 130 140 163 322 315 403 283 224 300 59 361 207 191 330 111 314 115 247 210 364 297 193 178 251 215 43 304 253 193 272 146 307 314 256 332 356 285 259 312 333 315 295 336 303 347 366 344 356 324 377 289 330 378 364 347 319 321 197 181 226 187 196 197 216 186 166 
217 185 281 188 295 395 398 269 44 0 232 312 310 202 118 150 164 366 323 443 311 227 337 108 397 208 213 365 60 346 172 228 211 381 337 167 140 240 247 21 331 285 235 288 104 326 334 276 346 392 290 280 320 359 327 322 377 314 358 421 377 397 363 411 323 378 417 402 380 364 362 214 188 243 206 209 210 234 223 216 
423 168 365 361 405 335 564 91 233 226 0 205 460 81 109 374 397 440 122 399 500 58 337 254 553 68 409 359 233 230 234 22 41 295 393 87 153 47 434 234 414 320 359 476 278 167 168 139 203 242 171 141 175 199 213 194 241 151 173 467 403 411 380 439 368 405 443 442 420 387 415 106 99 112 120 119 101 68 285 251 
521 129 275 333 330 139 501 124 293 316 204 0 397 151 227 376 416 307 144 202 461 159 172 270 469 276 399 182 348 53 206 224 225 102 270 263 336 234 400 308 286 194 294 427 397 78 108 94 57 83 62 79 60 82 37 33 54 83 113 317 244 250 216 288 209 258 271 296 263 234 257 135 157 99 126 143 159 144 187 189 
396 310 124 121 78 379 113 427 288 313 463 398 0 390 373 191 201 168 487 351 90 419 273 248 103 461 133 298 372 385 219 472 439 391 176 439 454 487 99 299 162 218 111 81 376 446 470 408 430 452 413 414 449 461 409 412 435 439 476 219 221 254 252 244 229 225 252 216 217 218 204 374 375 393 362 379 379 412 214 214 
406 77 306 290 334 267 495 65 200 203 76 135 398 0 104 327 340 359 138 334 444 37 266 186 488 139 359 274 230 177 168 102 99 230 315 129 190 115 370 200 322 230 284 412 269 142 139 83 156 208 116 85 129 155 154 148 191 133 148 386 338 349 290 369 291 342 363 378 342 311 335 39 19 55 56 25 22 31 211 188 
315 115 309 274 348 337 473 159 131 132 106 226 377 103 0 266 275 393 213 390 405 98 318 142 463 107 313 332 132 255 175 119 97 317 354 81 103 139 340 130 350 272 272 386 179 221 221 177 264 305 193 192 218 252 229 219 273 214 249 418 364 381 352 409 313 368 403 409 380 362 357 102 89 149 105 105 96 122 216 209 
225 272 220 97 199 438 256 380 135 151 366 386 198 307 253 0 53 294 427 426 181 330 328 125 263 348 62 362 210 401 176 364 346 426 284 315 306 393 112 156 282 272 160 155 215 409 422 369 421 452 385 363 403 437 403 390 422 417 443 353 326 376 344 358 288 340 375 344 328 313 307 310 295 330 295 300 315 341 220 214 
205 288 256 128 224 456 274 406 172 177 384 408 204 346 285 36 0 334 465 473 172 369 379 157 289 361 85 406 206 421 205 395 369 460 330 339 300 400 130 171 320 301 195 172 198 461 455 397 461 482 421 404 445 461 435 413 477 445 470 376 369 411 369 394 332 374 402 382 374 361 348 343 333 374 326 326 341 375 267 240 
513 281 106 222 109 244 248 377 332 378 429 298 175 360 374 305 341 0 444 217 245 381 151 275 188 470 267 168 432 297 234 446 436 268 41 447 474 470 233 359 34 124 155 228 461 369 389 355 338 347 336 353 369 379 323 312 327 371 389 61 70 111 116 71 98 78 113 64 75 78 62 338 368 349 323 345 351 370 166 197 
517 197 390 404 446 271 595 76 328 330 120 138 491 132 212 445 475 429 0 338 550 113 312 311 580 182 466 312 342 170 291 136 161 245 389 205 279 142 491 333 413 303 400 523 386 86 53 93 119 164 110 97 90 114 131 142 157 67 76 433 398 398 341 417 350 396 415 434 411 371 399 136 145 108 165 136 132 94 297 276 
631 292 257 367 286 94 440 326 412 436 402 213 353 334 389 433 474 202 355 0 447 345 112 359 399 464 425 77 505 173 286 411 413 120 187 449 502 427 409 442 201 183 297 425 535 279 292 280 236 210 250 281 268 265 215 213 218 287 286 174 138 118 111 141 142 149 129 169 154 144 177 304 337 300 298 309 334 341 224 244 
365 363 207 145 159 454 88 479 284 315 508 462 99 435 398 168 174 254 550 432 0 459 359 273 132 502 117 390 357 467 272 498 486 467 265 469 461 528 78 310 244 291 180 31 372 519 524 481 501 520 466 465 497 531 479 470 514 497 538 308 311 348 339 321 305 302 352 303 301 318 291 432 417 455 402 418 429 469 267 290 
413 121 336 316 362 287 530 63 214 211 53 157 427 49 110 343 374 382 107 356 457 0 291 214 502 124 383 312 232 200 210 69 83 265 362 120 186 103 396 227 364 256 311 440 283 139 134 89 171 217 128 98 137 172 169 163 192 123 165 409 360 370 335 381 302 357 397 392 368 348 356 67 54 80 85 66 40 41 232 220 
522 191 156 258 199 121 364 258 298 349 339 176 269 268 308 340 383 161 311 114 361 296 0 258 330 380 337 46 399 152 187 344 344 116 120 357 404 371 303 340 126 90 205 331 426 233 260 231 210 219 216 229 228 229 179 178 187 243 260 144 90 102 48 129 67 93 117 143 102 79 119 247 261 224 218 236 255 275 128 143 
295 140 196 125 215 334 327 241 59 99 237 260 245 193 144 137 162 273 311 366 264 209 256 0 320 251 173 281 167 277 66 252 229 325 249 211 224 277 195 88 252 183 141 230 185 292 315 254 306 344 267 244 280 314 279 256 320 292 316 321 287 314 267 310 228 282 336 319 290 273 268 192 172 215 172 172 175 219 143 129 
472 395 204 220 143 440 54 512 380 412 554 470 103 471 465 260 293 200 580 402 137 498 330 335 0 549 213 362 459 448 315 562 529 455 220 523 531 579 164 395 208 282 200 141 474 532 555 490 503 521 502 497 517 533 478 466 504 525 550 232 267 293 298 269 267 259 276 246 248 257 229 473 478 471 434 458 476 499 297 295 
367 200 391 361 423 388 568 162 219 193 82 276 473 136 107 344 361 468 195 453 486 112 385 233 548 0 391 394 188 289 256 58 58 360 430 31 106 66 421 206 446 351 361 467 226 246 229 195 269 313 218 214 236 273 268 251 290 227 249 505 451 471 417 475 406 447 495 483 466 422 450 163 120 169 172 144 136 130 300 278 
286 287 193 74 162 427 193 399 188 210 401 406 148 342 304 71 73 266 471 427 125 383 334 177 209 389 0 369 257 395 206 409 394 416 266 363 344 442 52 197 254 249 134 104 273 434 458 393 442 480 407 400 424 464 405 404 456 426 461 316 317 355 327 325 274 299 355 310 319 306 279 333 332 369 309 335 332 375 230 226 
560 212 186 301 236 94 390 276 344 377 340 166 293 272 328 374 401 173 314 87 374 310 50 279 357 392 362 0 421 139 229 372 365 117 139 380 444 381 339 374 153 115 235 366 461 236 271 243 208 192 221 239 229 237 189 180 180 235 266 146 114 91 67 122 102 113 112 144 110 101 120 262 271 242 242 257 270 289 160 178 
188 230 349 262 355 442 455 277 98 69 230 357 370 223 140 214 212 428 332 505 364 226 408 168 451 198 263 433 0 375 228 224 211 423 398 169 103 249 308 89 407 336 293 352 52 367 357 304 390 418 335 315 365 392 355 353 409 351 374 464 429 463 414 463 387 427 479 458 454 414 422 240 225 281 238 236 225 261 278 267 
535 154 280 347 331 104 488 153 313 346 243 40 389 177 255 383 437 283 172 180 459 198 144 279 462 291 404 152 385 0 233 243 253 65 244 291 356 277 407 330 269 175 290 434 423 105 131 126 69 85 85 111 96 88 53 47 55 117 127 283 227 225 185 263 198 252 257 283 243 226 246 150 184 134 161 166 181 175 194 194 
358 103 138 143 189 276 332 227 115 167 253 213 229 167 171 169 218 234 282 297 274 202 196 80 321 257 198 220 218 229 0 256 238 256 208 226 257 276 212 157 199 123 119 250 260 261 278 214 260 275 227 205 241 272 229 224 266 249 277 271 214 250 203 267 171 223 271 249 244 204 208 161 164 185 132 147 176 208 69 56 
403 167 373 368 437 348 571 107 235 224 17 226 470 98 112 366 387 450 124 410 508 74 341 244 553 61 412 374 239 255 261 0 37 315 410 72 158 36 429 232 411 320 377 485 266 190 173 146 216 269 167 167 191 212 226 217 247 172 197 481 430 442 389 448 376 418 468 455 445 417 412 114 110 132 146 127 97 87 295 272 
385 153 357 346 417 338 545 117 213 196 45 228 454 103 95 347 354 431 153 428 471 65 347 228 535 41 389 363 203 258 244 39 0 325 394 57 121 50 417 220 416 312 347 450 239 206 197 159 234 280 179 163 195 226 232 224 251 180 204 463 407 421 376 453 367 410 451 451 432 398 411 123 94 129 135 116 101 91 289 251 
588 214 272 352 311 41 471 219 360 393 308 113 389 244 320 419 453 275 243 123 467 264 132 305 449 363 427 102 429 71 244 324 317 0 238 344 410 338 413 388 252 187 305 441 476 156 190 179 126 103 147 163 148 153 102 109 97 174 180 261 205 189 159 220 177 218 204 247 226 190 217 230 253 202 219 231 242 232 207 207 
499 258 91 212 113 220 265 337 305 344 409 262 190 314 344 282 328 42 389 178 268 357 110 257 229 432 261 130 414 252 196 405 412 234 0 406 454 432 248 334 28 91 149 243 430 341 350 307 300 310 305 303 327 326 287 280 300 333 369 84 55 93 86 72 61 44 104 56 62 48 25 299 316 301 289 309 311 335 128 149 
347 171 376 323 413 380 547 160 190 175 87 255 434 119 71 309 345 452 201 451 470 110 374 218 534 29 375 395 159 299 231 85 53 356 416 0 82 100 402 178 410 330 338 449 207 251 238 183 279 321 230 198 250 261 267 256 308 224 249 467 435 448 401 462 381 425 458 467 439 421 415 148 109 164 144 140 124 129 289 260 
269 227 383 335 420 440 537 226 166 146 164 319 454 191 107 297 314 477 282 509 457 190 408 227 540 100 349 428 104 360 266 161 120 421 435 85 0 149 391 165 449 357 347 436 139 314 304 272 352 375 299 267 311 337 326 316 377 310 317 520 462 480 431 505 407 467 502 504 489 443 449 205 181 230 209 203 186 201 313 298 
414 198 399 389 447 357 582 134 263 249 39 238 496 112 126 379 415 464 136 444 531 101 378 283 579 65 427 378 237 269 269 39 60 343 427 88 155 0 456 260 440 350 391 493 283 192 177 158 241 271 192 177 203 228 244 220 254 180 193 490 439 457 412 470 388 450 489 486 459 431 435 134 118 147 154 155 124 113 315 288 
326 310 156 87 134 422 162 418 229 247 436 389 88 359 340 114 124 238 475 406 80 390 311 192 173 417 50 340 306 402 211 434 405 421 228 388 377 459 0 238 219 241 128 47 318 441 465 415 434 477 401 409 445 466 417 404 452 445 474 293 282 323 292 294 253 270 329 290 286 287 246 355 355 386 325 342 366 398 214 225 
218 188 270 176 278 394 396 262 33 22 230 318 298 214 140 145 164 359 331 443 316 225 334 85 380 204 199 365 74 345 159 236 207 382 333 180 151 252 233 0 333 276 216 292 114 327 339 276 353 386 289 276 322 361 329 310 372 330 363 407 373 394 361 396 329 369 402 395 370 347 356 216 192 236 194 205 194 241 221 201 
489 261 76 197 97 248 249 349 305 340 397 273 171 327 347 271 302 34 414 202 256 366 139 253 204 429 256 143 403 262 197 422 410 257 24 408 444 437 225 337 0 96 122 237 419 345 361 323 315 329 314 312 342 340 287 285 316 346 365 78 81 110 90 88 75 62 120 67 66 64 45 302 326 313 288 312 316 354 145 150 
467 164 107 180 154 184 315 258 243 272 305 182 211 231 265 258 305 127 320 174 292 257 75 185 280 347 267 110 344 193 130 331 316 178 98 334 356 347 236 281 99 0 131 272 374 255 271 225 224 253 229 236 246 257 214 199 231 252 290 163 110 129 87 152 57 112 156 155 118 95 97 213 232 216 196 204 242 257 53 83 
379 222 63 65 82 313 208 320 194 227 357 301 105 295 282 156 201 151 391 288 171 314 199 153 199 374 145 234 284 300 128 360 353 300 144 343 345 390 125 212 126 130 0 137 307 343 371 318 326 351 313 315 338 358 315 299 338 342 380 200 182 214 191 203 164 183 226 195 187 182 154 276 288 287 241 254 276 306 116 121 
362 344 183 125 140 434 121 458 259 285 480 436 85 411 383 160 172 237 512 424 41 440 323 237 136 475 94 354 349 436 250 483 452 433 245 441 424 507 49 279 237 262 149 0 351 473 508 433 472 492 456 452 481 501 454 434 484 481 518 274 278 323 306 305 277 281 327 273 279 281 264 392 388 427 376 393 401 432 251 248 
160 263 368 268 379 482 451 329 145 108 270 390 385 268 172 218 200 458 384 532 373 273 434 191 463 221 258 468 47 426 255 261 230 474 429 206 137 275 313 107 421 376 310 359 0 391 398 356 428 460 369 344 388 433 395 386 435 382 409 495 469 492 447 490 413 477 516 485 478 455 459 288 258 322 267 265 261 302 325 303 
527 157 328 368 382 178 544 95 309 335 170 75 458 136 231 412 447 369 90 274 516 132 247 305 518 229 438 236 369 95 248 182 200 150 342 248 317 197 452 338 348 263 356 473 394 0 29 70 58 86 46 56 17 30 57 71 71 23 43 366 329 310 279 348 284 325 353 366 347 319 337 126 149 105 140 149 154 113 249 234 
541 176 351 385 417 216 568 89 328 328 151 99 467 148 232 438 461 391 64 298 532 131 268 300 549 233 454 271 351 125 262 174 192 181 355 235 298 173 473 341 364 277 377 511 411 38 0 79 88 105 56 71 42 57 95 86 100 31 31 401 338 340 316 374 306 352 364 394 358 335 363 127 146 95 165 139 146 119 274 256 
475 109 304 331 355 209 525 46 269 270 132 83 420 91 166 369 397 365 95 293 465 96 233 254 493 188 391 246 308 115 210 145 147 186 315 184 257 167 413 267 317 236 308 451 336 70 62 0 95 133 46 24 62 100 89 69 116 56 94 372 310 317 282 339 266 320 352 355 327 298 326 84 100 40 91 94 101 68 214 211 
553 174 321 382 368 153 531 123 319 353 203 44 442 170 264 414 463 343 135 218 493 182 193 299 507 272 437 196 391 65 261 227 243 107 301 283 335 246 444 352 316 236 340 462 420 55 71 97 0 51 63 76 55 34 43 41 40 69 75 337 292 285 257 302 245 306 316 337 311 283 297 149 178 116 152 164 171 144 226 222 
594 207 329 412 382 120 551 157 373 378 246 75 459 211 285 446 497 355 166 223 530 204 200 327 527 321 464 203 414 82 288 261 276 109 313 321 379 266 461 386 331 240 368 488 460 88 101 122 55 0 100 118 85 70 65 85 28 105 90 347 285 289 252 323 273 306 301 343 319 274 315 186 209 166 208 191 204 201 251 256 
497 118 299 340 352 187 509 83 272 290 159 67 412 105 204 379 411 337 97 253 466 124 211 262 499 215 410 213 333 98 221 173 193 156 313 220 295 188 420 289 316 231 308 457 375 40 67 33 67 94 0 21 32 68 63 44 96 43 74 343 291 298 258 325 248 301 314 343 313 285 309 102 132 58 110 107 109 107 207 206 
483 120 296 331 351 194 527 48 263 283 140 65 419 94 190 377 408 346 100 272 481 104 229 240 503 199 397 240 311 102 212 156 176 178 317 210 265 169 401 289 330 219 309 450 350 65 68 20 74 120 22 0 47 73 67 73 101 44 92 360 307 308 261 325 267 315 336 341 314 299 315 81 106 51 104 90 90 90 215 194 
531 151 318 375 369 181 546 88 309 334 166 67 433 141 221 408 433 370 96 265 508 135 232 285 519 244 429 221 350 91 254 186 204 150 319 242 321 200 448 322 324 243 331 479 392 24 41 63 47 76 39 53 0 31 52 49 75 17 50 357 306 311 267 338 272 327 332 352 324 295 317 120 147 91 137 139 138 108 241 237 
569 175 338 385 394 165 553 127 330 355 197 75 456 171 256 445 463 376 110 256 530 172 229 312 530 277 466 227 391 87 273 223 232 152 330 261 341 228 466 347 345 262 355 497 431 28 46 93 37 62 72 88 46 0 55 71 63 61 31 366 323 310 276 336 283 327 332 355 331 314 327 152 176 119 170 163 166 156 260 248 
542 155 297 355 346 141 505 122 307 327 212 24 402 160 240 393 421 326 127 223 482 162 188 273 473 276 407 186 359 52 218 218 223 108 284 273 330 242 414 318 288 204 316 445 412 59 90 88 33 75 62 80 57 61 0 16 46 68 95 328 277 258 235 289 237 278 285 306 293 254 282 144 155 99 133 146 165 147 207 197 
526 138 288 338 331 139 509 111 297 327 206 23 411 145 237 376 428 312 129 224 472 157 173 267 480 256 395 181 348 50 225 213 216 113 280 246 326 225 397 323 281 194 304 438 398 68 82 84 41 85 38 63 64 64 26 0 50 70 93 327 265 270 232 298 231 284 296 311 279 261 272 136 152 92 139 136 149 140 209 187 
568 188 312 374 360 131 527 142 351 365 232 71 437 180 276 441 460 337 149 210 514 190 203 304 514 304 457 186 394 51 265 258 266 106 296 289 376 255 443 360 321 240 345 482 441 66 109 126 35 39 91 95 64 50 44 63 0 97 82 329 282 265 236 302 244 287 303 331 305 268 294 167 193 152 186 181 185 181 230 231 
519 149 328 370 383 187 551 81 312 316 151 72 455 115 227 405 449 375 69 272 514 137 241 292 530 218 446 239 349 118 257 174 182 173 327 238 306 177 452 312 339 250 352 485 398 20 30 62 63 97 32 41 21 50 73 72 86 0 35 369 332 316 293 345 280 342 353 372 339 310 333 124 144 88 128 136 139 97 246 235 
564 192 371 416 413 200 575 97 347 363 187 112 485 163 256 443 479 395 79 294 535 146 253 326 565 238 476 252 386 116 283 188 204 170 359 256 328 192 485 357 372 272 377 507 414 45 35 92 71 84 75 74 47 36 97 94 82 48 0 402 352 347 297 374 309 354 365 395 359 342 361 142 165 127 177 155 167 143 274 273 
563 309 149 274 166 242 283 389 377 407 463 304 218 389 415 353 377 57 448 187 300 401 140 328 233 494 324 148 472 298 269 482 461 263 66 477 501 487 290 405 78 150 202 280 502 367 393 371 342 340 352 370 371 379 327 315 324 373 402 0 56 78 95 45 105 66 69 18 54 81 53 356 390 359 343 352 385 389 197 227 
553 265 131 258 162 182 308 352 342 380 401 252 234 321 368 326 359 69 390 151 320 359 96 277 257 448 302 112 427 241 221 429 408 197 46 433 470 444 290 362 67 112 195 286 457 325 347 323 283 289 300 304 308 320 275 278 290 332 348 62 0 52 58 46 63 20 59 59 30 33 45 304 325 312 294 317 318 344 149 176 
581 282 174 280 206 178 341 338 358 412 419 250 261 334 388 371 395 104 396 115 351 368 85 319 292 457 353 85 466 223 243 441 429 182 81 441 478 452 327 394 109 126 229 332 485 319 337 315 275 277 304 316 313 320 258 262 271 326 335 75 46 0 57 54 91 50 31 76 54 46 80 323 344 319 309 322 345 354 186 212 
536 230 146 245 180 161 342 299 322 365 374 224 249 300 350 325 360 110 345 127 332 316 60 270 298 412 329 63 411 197 198 380 378 160 68 397 447 400 296 346 87 82 184 314 460 292 311 269 258 258 251 272 280 287 229 237 238 295 308 105 46 47 0 68 40 59 72 90 67 31 77 276 301 274 251 271 301 309 135 155 
569 293 158 269 172 195 297 365 374 413 430 285 236 353 410 367 387 72 419 153 313 386 130 319 266 475 326 115 468 255 254 449 447 220 76 455 499 478 308 389 87 143 212 313 505 349 368 350 320 321 314 330 331 344 293 292 302 356 371 43 38 40 75 0 89 39 42 39 32 50 57 341 367 344 322 347 357 380 197 220 
498 213 111 216 141 170 306 292 286 337 361 211 216 286 327 303 325 94 346 155 296 319 72 245 274 404 291 102 396 193 187 379 356 176 60 376 412 402 263 317 72 53 148 283 410 277 307 273 262 271 259 267 275 293 235 231 248 277 313 118 67 81 47 90 0 61 112 87 66 48 68 271 275 253 248 264 288 307 101 136 
552 273 133 257 153 200 299 348 345 373 410 255 221 333 374 324 366 71 404 141 302 376 112 289 249 444 303 104 443 241 223 437 410 220 52 438 466 443 278 373 64 112 183 288 468 333 350 323 299 291 312 310 313 324 281 280 293 325 346 61 27 53 49 47 55 0 58 50 27 31 40 317 336 311 301 311 332 342 157 183 
587 292 175 290 201 197 325 383 392 430 444 267 263 362 413 387 414 102 413 130 352 397 113 326 286 488 346 124 475 257 267 455 452 207 86 468 503 477 326 402 115 155 224 326 505 347 367 350 312 307 330 338 333 341 282 301 287 343 375 57 56 28 79 39 109 55 0 50 57 60 85 337 358 350 333 340 359 380 202 225 
550 301 147 259 153 236 286 379 370 405 438 288 206 378 395 349 366 58 425 166 310 407 128 314 240 483 314 147 462 267 248 467 456 243 66 461 489 483 278 386 67 138 191 277 489 364 396 351 328 335 330 346 362 356 303 304 322 372 386 32 61 65 85 25 90 49 58 0 32 57 51 347 362 340 333 346 373 380 198 216 
545 278 133 259 170 207 289 351 359 383 424 267 222 358 389 347 377 65 399 157 315 377 106 289 247 453 311 118 447 253 239 435 421 228 59 440 486 467 286 384 73 118 185 294 474 334 365 331 307 305 318 320 336 335 286 279 293 338 367 52 20 43 69 33 86 27 59 43 0 44 42 320 340 317 306 322 340 371 175 192 
534 241 122 249 168 185 301 336 327 356 404 250 224 323 351 331 348 72 370 130 309 353 81 273 263 438 311 106 430 229 215 411 407 203 45 421 460 425 283 359 66 89 187 286 453 319 328 295 278 287 283 281 299 297 250 265 262 305 343 74 32 54 30 53 53 41 63 74 42 0 38 301 317 287 271 287 318 324 139 165 
513 259 107 231 126 206 280 354 323 356 402 269 209 330 355 311 353 52 394 168 293 367 99 270 244 439 277 129 411 245 210 424 413 213 35 430 449 434 265 359 41 106 170 263 458 327 355 323 297 314 311 302 323 340 283 272 298 341 351 66 36 81 78 58 51 24 78 62 48 38 0 316 332 300 297 299 321 352 156 176 
416 68 271 281 325 256 475 71 206 203 103 132 379 33 106 303 335 346 132 318 433 50 243 192 471 144 347 246 231 164 172 131 108 230 309 145 201 142 363 214 311 221 265 400 274 134 134 85 152 190 109 91 117 159 126 122 164 124 145 364 311 324 273 335 261 320 357 359 318 292 311 0 41 33 29 20 27 46 194 163 
393 90 296 286 336 278 479 87 189 199 89 150 373 26 89 306 323 351 153 335 435 54 254 181 476 138 331 278 217 198 167 97 90 256 321 113 180 125 353 193 334 233 269 392 255 152 162 90 181 215 133 109 146 185 159 157 198 143 166 371 337 340 293 353 277 343 362 365 357 321 319 31 0 77 54 38 20 54 194 189 
444 96 282 303 330 231 505 49 229 234 113 92 399 61 149 330 366 344 119 287 445 75 233 204 467 172 361 234 264 126 180 122 144 199 296 168 228 159 369 234 320 227 295 419 320 89 106 44 126 157 58 57 99 114 111 92 133 93 126 362 306 309 263 334 265 313 333 341 328 298 301 37 59 0 64 56 57 55 205 173 
403 53 252 268 304 244 465 83 178 207 125 124 347 44 105 296 322 314 149 301 405 71 230 166 439 159 313 244 221 153 128 145 134 208 283 151 216 154 340 195 290 205 245 365 276 156 159 87 159 199 103 91 145 173 138 136 187 133 179 339 299 298 262 316 246 303 332 326 302 270 292 31 48 54 0 29 44 77 162 143 
398 70 279 279 324 256 470 70 178 212 106 124 376 32 104 292 335 331 146 318 424 57 228 173 460 158 332 254 228 165 158 121 126 232 300 150 196 154 357 198 307 213 257 381 280 142 146 92 159 190 116 98 143 165 133 142 186 121 171 353 305 327 282 332 264 305 353 352 320 285 302 22 42 54 34 0 27 58 190 153 
402 73 292 292 338 257 489 71 185 191 88 140 389 13 95 311 328 357 137 330 425 40 254 189 466 140 335 274 232 187 157 95 94 236 318 114 188 123 363 201 331 226 275 403 268 139 154 92 175 213 112 107 149 171 148 135 194 130 164 387 317 338 303 355 276 342 363 369 354 308 325 32 12 66 39 29 0 40 207 175 
427 107 313 330 363 269 519 35 226 228 75 141 418 41 126 348 374 383 112 330 463 39 274 230 509 137 380 277 254 182 193 96 96 235 338 140 206 111 397 241 344 251 321 440 304 129 107 63 161 186 92 78 128 156 149 128 168 97 132 394 339 352 316 371 289 361 387 391 364 334 350 44 57 58 73 48 52 0 234 206 
416 142 94 151 146 214 311 243 196 227 279 188 220 213 222 214 263 168 302 229 271 246 135 150 289 313 221 161 285 194 78 286 270 200 142 278 314 314 210 213 136 57 104 240 316 242 270 216 234 258 216 220 232 261 208 195 232 250 270 205 159 174 141 191 114 153 202 198 169 144 157 196 195 198 169 175 208 232 0 35 
393 117 127 163 171 225 319 221 169 209 257 191 216 177 212 218 239 184 283 239 285 217 154 124 314 279 224 170 276 190 65 272 262 216 169 264 306 303 214 206 150 84 118 252 302 242 250 206 235 259 208 192 221 260 213 202 229 233 276 216 189 203 153 213 136 181 226 218 188 177 163 166 186 192 151 171 173 219 26 0 

Depot information
472 500 1
276 168 1
107 296 1
198 375 1
87 344 1
97 40 1
31 500 1
331 68 1
337 312 1
375 320 1

Cust information
411 100 15
220 57 24
86 413 16
338 124 22
386 202 15
265 423 18
282 455 17
18 271 15
348 4 22
19 74 15
119 492 15
363 109 19
88 147 24
284 299 15
7 457 16
460 147 21
212 443 16
71 121 20
435 324 21
188 48 17
236 256 23
426 101 19
423 131 17
125 38 19
47 244 25
443 171 17
482 234 25
445 90 16
167 439 19
363 322 25
49 263 23
127 210 18
151 330 24
130 465 22
456 359 19
273 14 22
296 2 24
295 64 21
229 14 16
203 -17 18
268 50 24
284 60 25
267 22 20
253 -6 17
226 38 22
231 48 23
207 4 16
283 22 24
284 -13 19
-18 237 21
27 206 25
9 174 21
54 176 19
-6 205 22
77 204 21
22 212 25
-15 184 22
-7 230 18
11 214 19
41 203 17
35 231 20
317 126 24
341 140 24
304 96 20
303 147 19
316 136 20
336 134 21
345 97 22
172 232 17
196 231 15
