Seed 123 - Instance: n70m5_0
n 70
m 5
Q 209
L 0
U 1000

0 222 186 199 181 190 100 161 290 282 115 246 264 234 84 260 201 256 171 328 164 275 191 198 231 141 181 211 66 168 226 222 374 27 154 330 230 250 236 236 171 219 165 188 168 200 229 204 180 171 197 197 223 192 203 199 210 324 324 309 283 354 279 329 309 288 307 318 340 337 324 304 306 330 328 
203 0 274 288 77 131 262 204 241 239 237 347 311 435 303 274 363 285 334 170 181 85 67 175 252 177 381 385 144 314 51 224 324 193 143 174 325 150 91 167 77 98 117 116 95 115 93 78 125 96 261 251 273 256 265 247 255 358 297 337 320 342 298 341 291 300 321 322 356 137 124 111 106 117 133 
189 268 0 372 282 182 275 332 161 146 278 82 94 232 217 101 152 100 101 428 94 346 296 120 382 290 228 164 191 77 268 88 229 174 133 438 82 187 339 379 266 321 307 317 297 324 317 306 318 277 368 364 379 371 368 385 378 159 167 153 128 183 120 161 162 129 143 143 163 366 343 345 334 352 362 
182 282 366 0 215 342 117 79 438 452 99 436 437 352 194 442 346 445 346 333 330 298 250 353 104 117 287 346 201 346 326 408 541 204 310 316 416 379 249 183 228 239 180 195 205 214 236 222 193 208 45 55 59 76 36 66 63 496 493 497 473 519 461 517 490 474 484 484 519 401 409 385 393 381 397 
176 75 270 211 0 170 199 130 288 285 185 350 341 402 238 321 341 308 318 165 203 115 40 215 162 109 343 356 109 295 124 272 381 156 174 179 339 211 72 125 32 51 46 46 11 59 62 48 64 14 191 174 198 170 205 171 181 384 349 381 341 403 331 393 351 341 360 370 390 194 190 179 177 176 187 
204 133 168 349 165 0 288 283 138 139 285 227 207 368 278 168 282 171 249 270 85 208 165 54 334 238 334 317 157 225 108 108 225 180 65 284 232 56 200 279 149 207 214 207 183 211 203 196 225 179 317 309 338 322 336 327 327 245 200 229 203 233 183 237 187 185 200 200 245 201 180 169 174 187 203 
88 266 274 128 198 277 0 131 373 366 49 335 350 256 90 352 241 355 243 344 244 311 223 282 174 122 177 243 138 237 291 320 447 117 250 352 301 329 266 238 206 244 189 193 196 217 242 233 207 208 136 149 146 139 137 153 151 414 405 410 370 441 360 411 407 371 380 405 437 389 381 361 369 368 377 
166 218 324 97 147 280 136 0 396 396 93 397 406 373 188 406 345 401 324 257 282 223 166 313 64 40 309 359 155 327 240 348 475 166 264 241 371 326 167 121 147 152 104 117 132 127 147 158 104 139 63 59 72 39 64 60 50 451 443 453 435 476 405 462 425 419 433 455 473 324 322 312 316 297 317 
289 244 155 442 300 130 366 395 0 27 381 191 150 375 344 81 286 88 241 375 133 327 274 102 444 348 380 316 265 228 214 69 92 270 132 402 206 92 327 387 280 316 329 335 306 332 314 315 348 290 441 419 461 427 437 433 431 121 77 124 100 113 103 114 76 90 92 98 133 291 264 266 262 287 285 
267 250 142 451 295 125 364 401 16 0 374 175 135 370 335 69 287 77 241 395 130 328 293 93 451 346 370 316 248 228 230 68 93 271 143 410 196 105 343 409 281 337 330 337 298 349 328 318 351 304 426 434 449 435 442 435 448 127 61 107 85 110 96 104 71 69 77 80 137 283 263 277 276 284 300 
120 247 296 97 181 267 43 88 377 380 0 348 367 286 116 373 278 364 273 314 254 289 213 280 150 82 211 281 125 252 280 320 473 127 244 314 320 321 227 194 186 212 148 168 183 189 212 210 167 178 93 110 126 117 100 130 122 415 422 420 400 442 373 435 401 385 395 422 434 359 362 344 359 341 354 
242 337 80 439 347 229 335 399 184 175 343 0 53 233 282 120 152 122 105 484 178 415 357 180 471 372 253 172 264 99 337 146 230 243 199 502 38 233 409 449 341 396 385 391 369 391 405 377 387 356 435 425 462 423 447 454 440 118 150 125 103 153 110 127 159 118 129 148 132 417 403 407 397 413 434 
260 327 89 445 341 210 341 396 137 128 355 50 0 270 297 64 186 67 146 464 148 398 347 149 471 371 280 206 271 130 301 105 172 240 178 474 83 212 397 449 317 393 372 384 361 390 377 376 373 340 441 436 449 430 451 456 453 80 116 84 72 124 64 98 111 84 81 96 96 396 360 363 383 380 399 
244 434 226 369 398 377 263 382 388 368 298 237 262 0 188 319 94 330 136 556 313 506 419 348 424 360 77 65 288 160 436 310 441 253 316 569 204 403 466 459 404 452 414 417 403 431 447 443 413 405 384 390 408 386 388 396 412 341 373 342 333 383 332 360 374 345 350 361 349 550 521 524 521 531 552 
103 292 229 180 256 289 74 205 347 346 124 268 301 177 0 312 172 305 170 400 248 366 273 278 251 185 106 165 158 165 317 280 420 112 236 399 250 320 303 297 252 291 237 242 237 280 293 280 243 248 218 202 224 220 209 235 232 362 371 360 343 395 327 371 357 346 350 373 385 428 419 408 410 411 424 
261 290 94 448 316 171 359 396 91 64 360 120 68 312 319 0 222 18 182 440 116 366 322 126 448 369 318 258 253 172 263 70 120 243 157 433 133 163 356 427 299 359 355 357 336 374 348 337 356 314 430 432 458 430 444 442 450 74 64 73 33 82 36 86 71 39 42 65 94 352 317 324 323 342 352 
194 362 140 350 351 287 247 335 288 277 265 142 195 108 174 228 0 227 44 505 225 430 356 246 404 318 126 44 237 69 370 220 343 203 235 498 111 304 398 432 343 394 350 370 357 378 395 380 376 342 359 372 389 362 357 377 389 261 288 266 232 285 226 263 290 241 259 260 272 471 449 455 457 459 483 
255 272 96 439 317 164 356 397 69 72 362 126 68 315 305 8 240 0 191 424 114 366 306 122 456 358 331 258 259 166 264 55 133 249 141 438 126 151 356 419 296 341 342 352 321 354 349 329 353 303 429 433 454 428 435 436 448 91 74 71 57 95 33 76 65 41 48 56 96 327 319 308 319 338 337 
179 335 109 347 322 247 231 323 255 233 264 122 149 149 187 195 56 198 0 474 189 404 328 207 392 303 151 86 221 42 326 177 309 171 197 476 79 275 389 397 315 363 330 339 316 352 372 355 351 311 361 360 373 352 364 371 382 213 255 219 201 251 198 235 251 211 217 223 234 437 422 405 411 414 439 
338 156 424 318 173 274 344 240 383 390 322 487 474 564 393 434 500 424 465 0 324 84 145 330 240 242 492 511 283 449 182 373 463 323 309 11 488 296 104 142 166 125 180 159 160 131 128 124 154 174 278 265 290 265 292 255 272 489 450 477 473 498 444 499 452 460 458 477 507 140 172 163 152 144 135 
162 167 108 345 204 85 256 291 114 120 266 182 143 305 234 126 228 120 188 327 0 253 200 41 347 250 291 243 148 154 172 71 209 141 41 336 161 103 258 302 175 242 235 245 216 242 254 237 253 205 325 323 339 310 323 341 331 181 164 184 167 198 151 192 162 148 156 167 208 257 235 240 247 259 282 
278 86 361 314 117 205 319 230 325 323 284 416 407 505 359 373 437 351 405 76 258 0 94 262 241 223 460 450 228 376 118 308 401 258 232 94 418 219 74 160 126 86 147 133 119 116 80 95 144 129 263 260 277 256 288 264 247 421 388 411 393 418 393 423 369 388 389 389 441 107 131 103 96 97 110 
202 58 283 241 44 152 234 174 290 289 216 362 341 413 273 325 358 299 340 143 210 101 0 197 184 142 367 382 129 308 94 258 381 189 186 164 347 204 51 119 33 58 75 75 45 71 41 36 71 46 208 210 214 190 230 193 211 386 347 375 344 393 342 375 336 337 337 350 403 162 175 156 158 156 168 
194 164 122 353 201 52 290 300 99 96 282 196 163 340 281 116 246 117 219 313 39 245 210 0 362 267 310 275 179 189 167 73 184 188 63 330 185 69 252 312 191 249 242 245 222 246 254 232 257 202 343 345 365 337 348 361 342 176 150 174 159 182 130 176 143 130 158 158 210 243 224 217 222 233 254 
227 248 385 101 177 331 175 63 443 438 134 463 471 425 247 453 394 455 402 243 342 235 196 365 0 107 363 411 203 369 294 406 541 222 325 236 445 359 185 115 197 178 134 136 162 147 176 178 132 174 63 62 65 50 70 30 27 516 498 515 489 524 465 512 495 483 482 506 543 344 354 334 332 315 333 
131 182 305 105 118 237 126 42 346 355 88 368 359 362 188 360 307 351 294 255 238 224 149 260 100 0 276 333 111 291 224 319 450 131 218 258 349 293 151 130 126 141 80 88 97 109 140 144 91 116 87 90 101 80 101 92 102 432 415 425 394 441 380 427 388 390 386 414 432 307 311 286 286 292 289 
174 390 228 292 349 344 173 297 379 365 215 260 286 77 123 328 113 328 147 502 283 456 360 322 359 290 0 100 235 153 406 313 451 188 297 502 217 382 407 408 345 382 336 356 344 383 400 389 353 340 308 311 333 321 293 341 337 357 388 361 337 392 337 361 368 348 354 367 383 500 500 480 477 499 494 
210 392 172 353 359 310 238 348 326 312 286 167 219 65 165 270 43 266 86 510 259 468 374 273 406 333 92 0 260 100 404 251 369 205 269 536 139 338 431 434 345 409 371 370 365 390 422 405 378 357 370 376 388 382 365 382 379 286 315 289 273 328 269 284 306 268 292 298 295 505 476 462 467 482 508 
77 158 198 201 124 163 133 154 255 264 139 267 258 297 159 249 232 243 226 282 150 211 145 174 205 109 246 251 0 189 188 212 348 64 126 281 260 212 180 190 109 156 115 137 110 158 175 156 137 107 194 182 206 189 188 198 194 312 306 314 278 347 271 321 299 287 290 317 350 276 271 259 266 258 283 
158 305 79 332 292 224 240 319 230 221 252 110 137 159 167 174 76 167 33 446 161 395 315 183 387 296 155 95 207 0 313 164 303 164 168 464 87 254 363 386 283 343 305 323 297 342 340 337 321 297 346 335 356 354 351 368 365 211 226 212 195 234 176 218 218 195 214 218 225 403 393 386 396 396 422 
234 47 272 320 122 101 302 245 215 215 281 338 310 447 312 274 377 268 331 169 180 115 93 151 280 228 407 396 173 316 0 220 293 215 158 177 328 129 138 217 109 123 170 157 124 144 124 124 171 120 300 298 319 278 319 291 281 338 288 311 299 325 296 333 277 280 284 297 349 116 101 80 88 102 116 
221 220 89 406 256 116 320 345 81 63 324 145 95 310 280 69 238 53 184 376 77 320 258 58 404 310 315 269 206 171 215 0 166 202 98 391 145 101 313 367 237 304 307 305 273 302 310 300 318 265 397 384 408 377 405 405 399 137 98 111 88 141 90 135 95 76 103 116 151 308 283 282 277 289 296 
376 338 215 550 378 231 453 475 106 106 457 214 170 442 433 129 349 131 318 472 224 386 373 199 530 442 452 372 342 291 290 161 0 352 239 474 243 175 422 492 367 410 410 432 400 425 421 412 437 392 527 514 547 511 531 532 529 120 66 117 112 92 133 103 68 107 104 98 113 350 325 328 341 341 366 
34 205 180 212 168 186 120 171 275 255 116 240 243 238 110 258 196 254 176 333 152 272 186 187 229 129 186 200 51 153 226 209 346 0 148 328 219 220 222 232 152 218 168 177 157 210 220 193 192 161 201 195 216 206 205 206 207 315 294 311 269 326 272 318 296 276 281 293 320 326 310 293 301 310 329 
167 156 128 322 182 58 244 269 136 146 250 188 177 325 228 160 230 144 207 305 41 235 168 54 314 218 287 273 121 185 150 104 224 140 0 322 199 105 234 279 153 214 204 217 182 230 223 201 212 188 304 298 324 299 308 303 302 223 187 202 175 232 162 216 177 178 180 196 226 237 233 217 219 239 241 
338 173 428 327 183 289 358 255 385 395 317 505 489 570 414 451 502 443 481 10 347 80 148 326 248 250 499 532 274 457 183 385 479 320 320 0 495 312 113 148 182 129 175 168 167 142 130 141 168 172 287 272 293 269 298 266 264 516 454 495 468 513 453 494 460 452 466 484 516 156 187 170 156 158 140 
223 332 71 415 336 243 311 386 192 183 322 43 85 203 251 128 127 142 88 478 167 423 345 181 440 336 231 138 246 89 339 151 242 226 189 496 0 242 395 447 331 379 371 369 340 387 378 378 386 335 422 417 439 415 421 428 424 134 187 156 126 176 128 151 189 144 154 160 175 414 398 403 394 415 438 
235 159 175 397 215 64 326 323 104 101 322 245 196 392 321 164 303 139 261 288 109 232 194 77 360 286 385 349 210 248 119 101 190 227 88 306 247 0 235 321 193 228 246 247 216 245 233 238 259 211 361 367 383 366 380 377 360 206 170 193 192 207 169 202 154 162 185 191 224 198 168 169 185 194 211 
237 92 347 248 66 205 255 157 320 340 220 410 389 465 310 364 415 368 389 112 250 65 64 262 176 158 398 418 174 354 122 311 415 232 227 118 395 251 0 90 79 31 86 72 64 56 13 40 78 86 198 189 216 184 220 193 202 441 395 421 396 427 395 424 394 392 388 403 438 173 185 168 155 162 167 
240 165 383 176 119 270 229 109 404 399 195 459 441 457 286 432 415 422 406 156 299 148 135 320 114 115 402 432 189 383 202 374 481 229 291 138 433 310 101 0 140 89 86 82 107 81 83 103 66 113 140 143 150 132 165 120 124 495 460 485 448 497 435 486 439 448 449 465 501 261 263 245 234 227 232 
169 72 271 238 35 151 213 144 273 269 195 339 336 406 247 300 327 294 314 177 184 121 28 198 197 133 341 354 106 276 98 249 368 149 150 177 331 197 86 124 0 77 72 77 34 80 69 64 79 38 195 193 212 181 216 185 201 374 325 362 338 365 329 362 335 311 323 347 375 197 187 165 163 163 190 
217 98 334 231 57 195 248 158 330 335 209 408 376 443 289 347 387 349 370 131 236 91 44 249 164 135 380 421 154 354 135 304 416 207 221 128 383 247 27 100 66 0 75 58 45 33 2 14 67 61 199 180 198 176 205 175 195 412 390 408 386 430 371 413 387 380 388 398 444 172 188 158 174 166 176 
175 116 300 181 42 200 193 97 325 336 165 373 365 398 236 355 362 349 324 167 230 148 74 244 131 92 348 363 135 317 152 296 415 171 199 170 367 258 78 76 72 69 0 16 40 43 58 57 26 47 157 133 149 138 154 137 131 414 393 403 375 417 365 421 385 371 380 398 439 222 237 209 224 212 231 
185 124 304 197 54 216 194 116 339 342 161 390 378 412 244 352 366 357 348 162 235 126 61 244 131 98 346 379 141 321 156 306 422 186 215 158 379 258 65 71 73 54 28 0 42 30 50 54 20 41 155 137 167 146 160 146 136 412 400 415 387 433 373 429 372 380 378 404 427 217 228 213 205 198 222 
165 101 278 210 14 174 197 124 312 295 175 357 360 398 248 318 338 321 322 160 217 120 37 225 172 110 356 357 128 300 122 277 384 157 193 169 346 224 73 95 34 56 32 30 0 52 60 48 47 24 177 167 184 171 197 164 173 399 354 388 357 407 347 390 348 342 364 366 418 199 209 188 183 195 208 
207 124 321 207 66 215 217 122 347 350 197 390 390 444 282 364 392 352 358 132 244 120 61 247 146 121 377 392 150 349 156 317 424 207 231 141 383 254 52 75 77 37 41 34 41 0 37 43 40 63 167 167 183 164 195 147 156 436 406 427 396 431 374 425 383 384 395 412 439 211 215 202 202 186 202 
218 104 322 242 54 208 242 151 317 334 221 399 379 456 303 346 386 355 364 122 246 80 54 244 180 132 382 412 170 354 135 308 405 209 225 115 397 238 27 90 80 20 64 50 56 29 0 31 52 66 207 187 205 188 205 185 183 414 394 411 393 422 367 427 379 368 381 399 441 177 182 155 166 167 173 
200 98 310 227 44 188 231 146 308 314 210 395 384 432 277 354 390 344 350 136 238 92 51 228 172 131 389 393 145 336 127 301 401 198 213 140 379 239 29 96 64 26 55 58 38 37 27 0 49 43 194 193 207 188 203 178 191 415 372 396 368 410 374 411 363 369 379 381 430 173 180 168 173 158 183 
196 126 317 190 63 223 188 100 343 346 168 401 388 419 257 356 378 355 339 159 239 134 70 253 124 86 364 384 135 327 170 301 436 180 221 166 385 253 74 67 69 61 26 17 39 33 64 63 0 59 155 149 167 133 170 141 136 433 404 429 401 439 387 438 395 378 398 417 443 233 233 220 206 210 223 
173 85 279 213 18 163 189 122 286 301 169 349 342 407 241 327 330 305 307 170 193 125 37 217 161 100 330 356 114 305 136 256 382 161 175 178 344 215 74 113 27 69 37 46 10 55 62 44 51 0 187 177 195 168 198 164 168 375 361 386 354 392 345 386 352 341 354 355 396 198 215 194 179 187 195 
189 265 374 52 194 333 127 61 445 432 109 431 447 387 218 431 371 430 353 274 318 265 206 343 67 88 300 361 186 351 302 382 538 208 314 282 409 366 205 135 202 192 151 154 174 177 193 188 157 173 0 16 32 32 36 41 39 491 483 489 475 524 460 502 473 455 474 479 509 377 366 355 356 340 350 
197 259 362 57 175 323 130 47 421 430 99 426 432 380 219 441 362 437 360 280 322 265 201 336 61 94 321 365 175 338 291 381 517 204 310 273 402 352 205 126 184 192 145 135 170 151 183 176 139 168 20 0 36 25 46 38 30 499 489 481 453 514 452 501 471 445 459 482 524 366 362 334 350 332 343 
210 275 374 46 194 334 160 79 460 446 114 462 462 408 223 444 376 441 385 286 352 273 226 368 63 117 325 387 203 361 317 400 538 220 332 280 431 388 205 138 208 210 164 155 192 171 198 203 166 186 28 24 0 34 41 29 40 517 505 516 481 532 465 523 496 471 497 513 544 378 380 365 357 360 366 
193 248 360 71 176 314 154 54 437 429 100 428 444 389 221 426 371 423 358 267 320 252 205 330 52 84 323 365 186 339 290 389 523 203 308 275 408 352 195 125 183 176 135 141 152 161 179 189 131 163 17 10 42 0 52 22 25 500 481 499 462 520 458 494 472 446 473 480 506 348 348 331 328 327 347 
202 280 364 31 195 334 141 78 435 433 102 443 442 376 209 443 371 445 355 309 328 293 230 361 82 98 304 371 188 355 307 406 541 209 311 307 411 376 230 154 205 214 160 174 182 178 205 200 172 200 23 29 28 46 0 58 41 495 497 493 476 535 462 515 478 471 486 495 516 374 394 371 371 362 381 
205 248 388 64 170 335 160 50 449 440 114 452 444 414 233 454 377 442 379 257 334 250 208 342 33 103 342 389 189 369 281 390 531 215 311 264 422 377 203 117 190 183 135 144 165 160 184 183 128 176 35 31 28 17 41 0 20 501 495 495 482 523 472 517 487 461 475 496 532 359 364 338 343 338 337 
206 248 385 65 178 324 151 66 449 444 114 447 449 400 223 452 387 429 381 260 341 251 193 343 47 87 321 388 198 359 290 395 532 216 305 272 433 367 203 127 185 176 147 139 173 163 187 178 129 163 35 29 30 24 47 16 0 511 487 508 478 535 472 517 474 469 484 498 525 352 351 332 347 344 340 
325 353 147 500 382 235 410 467 140 115 416 118 73 338 372 67 243 72 206 489 196 432 390 183 523 412 359 272 327 214 334 126 113 311 213 510 143 205 424 485 373 417 416 418 402 438 417 403 428 388 500 487 507 497 505 515 501 0 81 23 54 45 55 21 87 54 40 40 23 397 373 389 395 394 409 
316 303 156 499 363 198 396 443 81 75 413 163 117 385 375 65 294 67 253 455 176 383 345 151 487 401 378 311 306 235 279 115 78 297 190 466 174 161 401 467 337 393 389 396 366 400 384 376 400 361 478 484 506 481 486 501 486 71 0 66 55 60 70 60 25 58 52 40 74 350 330 338 327 344 362 
318 333 142 499 384 228 395 445 125 117 419 117 83 355 357 66 253 75 218 477 179 418 370 179 509 413 355 288 312 205 312 125 107 296 202 493 161 210 412 477 365 421 409 407 383 425 412 400 413 372 491 491 522 480 510 500 493 28 66 0 35 40 58 21 67 37 32 26 36 391 367 362 375 392 402 
291 314 128 475 349 211 385 419 110 92 397 106 62 318 329 49 236 54 191 453 166 392 355 145 482 384 336 274 285 182 301 103 123 273 180 478 123 177 395 448 328 383 372 393 368 391 387 378 384 351 465 472 482 467 469 484 484 42 56 37 0 58 17 37 69 35 17 46 58 362 349 346 347 375 372 
335 348 181 514 388 240 438 487 118 106 445 147 107 365 399 88 300 92 255 491 206 428 386 188 543 444 387 320 345 235 322 136 98 339 237 500 172 203 438 502 374 431 418 428 409 431 421 408 448 401 519 512 544 521 520 526 523 49 45 42 72 0 72 29 57 67 62 44 33 387 372 383 384 393 396 
269 309 115 463 328 195 363 406 90 76 390 98 56 313 323 30 229 33 200 460 150 381 338 144 462 370 326 272 274 172 280 90 127 259 163 468 138 172 390 443 313 386 360 370 337 383 369 358 373 341 454 449 463 441 457 468 467 51 68 48 31 71 0 60 62 32 41 54 80 364 340 337 346 351 381 
320 353 152 508 388 225 412 457 112 114 430 135 93 342 381 75 275 80 234 499 199 433 385 192 511 431 378 294 333 216 329 123 114 314 210 501 164 218 424 488 367 420 409 413 392 421 411 409 425 376 502 500 521 500 518 514 514 28 63 21 54 28 51 0 55 59 49 37 31 400 359 381 367 389 410 
317 306 164 494 352 182 391 426 58 64 411 158 116 375 361 54 294 68 234 444 161 383 340 142 484 387 370 312 286 230 265 95 85 295 185 450 178 156 390 441 333 373 375 381 362 399 377 362 384 354 484 481 484 477 489 483 476 83 20 56 61 66 55 73 0 48 45 33 87 335 307 326 323 345 350 
285 300 126 459 347 193 369 429 96 76 389 119 75 338 330 34 239 44 199 460 138 391 341 138 467 380 346 268 282 201 285 85 123 283 174 457 132 168 386 439 324 369 380 385 348 385 373 363 381 342 468 457 478 463 460 465 469 56 41 55 15 64 33 62 43 0 32 33 75 360 340 339 337 351 365 
302 307 135 483 359 193 384 439 83 80 399 133 93 350 359 40 254 43 213 457 157 384 341 151 485 404 352 276 294 205 297 105 105 288 189 472 148 184 387 451 338 384 383 384 352 399 377 372 390 355 466 458 497 477 477 485 474 42 50 42 17 60 29 42 43 26 0 16 60 356 342 352 339 355 376 
317 321 142 494 357 217 393 444 95 92 420 142 92 358 367 59 263 68 238 470 179 404 358 170 496 418 366 301 306 217 292 116 96 296 200 485 161 178 404 463 333 397 398 398 375 416 394 380 399 363 494 480 504 488 490 495 484 42 39 36 39 40 50 34 41 47 17 0 60 358 350 354 352 370 370 
350 366 179 525 393 239 421 469 145 128 440 144 94 360 379 102 267 94 246 517 208 433 398 210 539 450 377 304 331 239 342 155 122 336 241 526 168 229 442 511 389 445 435 443 401 442 437 432 443 395 520 519 530 523 528 522 524 26 83 26 55 36 77 26 84 66 63 59 0 414 377 397 397 400 410 
328 138 366 405 209 192 394 314 279 282 368 429 397 542 423 337 461 341 431 145 269 107 176 252 348 306 509 502 287 411 116 296 344 325 256 170 419 204 181 247 180 185 239 222 208 198 182 179 222 198 371 347 379 361 380 363 358 400 356 395 371 398 369 385 335 360 362 373 412 0 29 43 27 35 28 
335 131 343 407 192 177 392 331 261 255 365 404 377 535 409 311 447 302 415 169 235 132 166 216 349 307 494 478 277 383 90 278 309 310 227 188 395 174 185 262 184 191 224 235 210 203 185 187 226 195 364 364 383 366 389 366 362 366 316 357 338 364 340 360 312 339 334 336 378 47 0 22 35 52 55 
322 119 336 395 176 171 371 305 253 277 350 406 371 514 401 317 454 312 415 159 234 113 159 227 318 279 482 482 250 386 94 276 334 297 221 155 392 167 165 251 181 169 223 205 181 189 174 164 213 198 345 348 371 335 366 345 337 374 320 372 355 364 336 384 316 337 334 350 398 38 24 0 15 32 37 
320 114 340 391 177 185 373 305 274 271 358 406 383 523 401 320 460 319 409 155 248 112 146 222 337 289 473 470 257 398 82 287 334 303 221 165 402 176 159 234 178 157 215 212 181 196 168 168 210 179 353 341 367 331 363 347 351 379 326 372 353 385 345 373 329 333 342 341 395 22 36 4 0 33 36 
316 115 349 377 177 195 372 302 279 289 346 420 390 528 408 348 462 333 414 145 255 84 152 246 318 289 495 491 258 404 94 300 353 318 240 152 406 195 151 236 180 154 206 203 189 199 168 165 214 191 344 349 364 342 354 346 331 396 338 382 359 397 356 393 340 349 369 362 401 19 47 21 16 0 24 
342 126 376 397 201 200 393 312 292 307 374 435 402 551 411 363 473 336 435 146 277 93 155 246 340 298 494 503 285 424 117 314 361 322 250 149 433 207 161 245 183 174 224 214 192 191 178 174 227 195 350 357 372 343 371 340 338 415 349 389 375 400 376 414 344 358 370 380 410 33 53 48 32 28 0 

Depot information
274 143 1
178 321 1
422 235 1
118 48 1
152 250 1

Cust information
291 332 23
225 70 20
119 127 16
403 381 23
410 373 24
190 84 18
496 233 23
484 276 19
467 15 20
296 61 23
451 324 15
452 103 22
444 326 22
442 146 25
29 350 24
342 285 17
98 345 15
149 279 18
341 320 20
60 117 23
150 147 23
390 15 24
458 74 21
241 193 15
426 162 16
196 355 18
398 317 20
472 443 23
277 159 18
316 285 18
19 346 15
481 209 24
313 373 22
98 282 20
54 212 21
168 261 23
109 272 16
128 219 15
122 225 15
144 244 15
106 244 21
108 273 22
120 268 15
114 222 18
153 244 19
98 84 25
97 94 21
82 77 24
94 100 18
102 68 22
79 99 19
80 98 17
516 338 25
469 381 15
505 349 25
482 332 24
514 377 25
471 327 21
511 353 16
461 377 17
469 340 16
478 349 24
486 361 23
528 357 21
137 439 25
164 439 19
153 422 16
150 423 15
135 421 17
125 432 19
