Seed 123 - Instance: n75m10_2
n 75
m 10
Q 235
L 0
U 1000

0 33 329 335 226 138 86 307 324 92 355 345 260 155 49 114 175 341 260 345 139 92 252 235 336 269 386 281 71 211 210 114 158 233 176 347 92 366 310 130 159 384 340 106 370 289 313 87 100 127 173 80 134 154 80 161 117 155 145 130 122 276 254 198 242 252 278 280 304 351 377 382 417 405 368 369 395 382 381 385 416 405 352 353 383 
40 0 319 310 220 119 56 281 315 87 334 328 253 128 39 147 180 335 236 321 133 107 231 205 304 269 363 268 56 187 185 121 186 223 178 326 69 339 293 115 143 363 324 73 354 288 292 60 69 119 162 67 126 135 57 135 122 136 125 105 103 259 236 182 230 233 254 265 284 320 350 364 392 380 342 335 368 350 362 358 397 373 338 342 352 
339 325 0 283 390 241 275 191 151 376 211 177 505 330 319 403 454 62 205 264 303 405 136 124 127 456 424 189 302 317 392 360 338 111 463 183 283 182 59 237 374 144 45 317 353 471 90 314 308 388 354 353 312 347 328 345 368 345 339 338 327 78 91 146 109 93 77 70 61 225 216 229 207 247 205 180 230 197 241 213 220 257 394 404 430 
338 312 288 0 202 235 265 95 148 319 111 120 349 224 296 439 340 253 112 43 216 348 185 218 180 268 159 106 273 171 217 430 453 222 367 115 264 147 258 240 243 212 331 269 75 260 220 257 262 288 213 288 225 232 276 236 257 237 246 250 231 254 264 287 274 240 260 239 288 72 101 106 170 132 112 127 125 137 94 126 153 110 129 144 178 
230 205 403 221 0 185 211 231 305 150 295 284 143 112 181 346 143 374 197 231 127 209 279 282 318 76 179 245 176 75 20 338 393 304 177 284 190 325 359 193 87 365 411 134 199 95 340 148 156 125 48 168 125 85 164 77 106 97 90 112 124 323 338 310 327 316 338 330 377 264 289 308 346 312 289 297 333 311 304 303 345 305 164 150 158 
125 102 238 225 198 0 66 172 220 149 248 226 283 89 107 236 231 240 135 213 87 192 148 129 221 260 302 163 63 140 168 207 232 149 246 229 58 236 208 14 147 270 257 97 256 276 186 82 95 164 146 110 84 125 106 130 133 126 112 110 94 168 165 143 164 149 178 185 217 233 240 262 295 289 238 237 271 268 273 255 295 279 265 272 294 
85 68 278 278 209 61 0 232 264 126 295 285 269 119 69 194 207 286 186 275 99 156 181 165 254 264 342 223 48 159 182 153 200 170 205 273 30 302 254 54 146 311 279 78 306 287 233 72 74 145 157 99 104 135 74 138 131 115 116 103 105 201 181 141 171 196 218 210 236 278 297 318 339 333 286 291 335 305 317 315 336 331 322 311 334 
296 284 205 103 235 178 237 0 64 298 68 69 365 205 275 411 350 162 48 72 192 339 112 128 103 301 227 20 248 184 244 379 398 134 368 60 218 77 170 192 258 132 244 237 149 306 129 249 235 294 236 277 203 225 263 223 260 232 235 241 228 158 178 206 192 157 181 164 209 54 76 101 134 121 69 78 113 90 106 96 122 105 208 212 244 
329 312 161 141 305 214 256 65 0 347 58 37 432 255 301 435 409 128 115 127 242 382 99 124 50 374 279 65 266 236 294 386 395 140 423 32 264 37 114 215 317 84 194 275 212 369 84 281 275 350 290 319 255 275 300 294 315 281 282 298 269 128 165 189 174 134 146 129 167 82 82 87 94 109 71 40 83 63 93 65 101 114 267 274 301 
98 83 378 317 160 146 125 303 336 0 360 344 163 95 66 181 100 373 242 313 120 66 287 266 338 201 334 289 93 155 137 202 245 278 96 349 104 365 344 141 91 409 388 69 337 210 329 61 69 32 120 41 114 104 52 93 62 104 78 76 74 323 308 268 297 295 320 326 339 350 361 393 407 411 359 371 398 390 374 381 407 394 312 299 309 
358 334 199 114 298 244 304 82 60 357 0 39 426 281 341 467 409 159 129 93 261 400 157 181 91 355 249 94 306 228 300 432 444 193 423 36 285 37 175 251 309 102 253 300 167 349 140 317 305 364 289 337 272 298 320 293 318 300 300 296 288 190 221 237 222 192 203 190 226 36 23 37 57 69 14 39 45 18 49 11 55 48 229 243 266 
338 332 195 131 294 229 282 57 33 349 28 0 435 266 311 445 412 150 106 101 242 392 118 160 74 352 254 65 294 234 301 415 433 151 417 21 271 43 150 232 312 87 229 289 173 345 131 293 298 344 273 326 250 289 313 293 306 285 290 291 277 165 200 215 206 158 191 163 213 45 55 52 70 80 35 32 61 44 70 30 78 84 231 263 291 
257 243 500 337 152 281 267 377 435 173 426 426 0 197 220 335 95 507 337 373 207 189 382 379 437 106 297 361 236 209 139 341 392 411 104 420 254 451 468 283 135 498 531 204 326 132 448 203 200 138 153 197 193 162 204 154 151 169 174 166 191 433 442 399 431 416 437 438 491 396 431 437 493 464 424 438 457 457 432 447 490 450 278 262 273 
142 122 322 225 105 91 113 201 260 108 278 262 193 0 98 254 157 312 160 230 37 147 202 208 257 176 251 195 97 77 101 255 298 221 167 255 98 280 297 109 60 313 346 47 235 176 272 64 69 88 67 95 22 44 86 48 62 27 37 35 26 251 246 212 231 239 260 249 308 246 277 300 322 306 267 265 312 280 281 286 328 288 221 228 235 
58 42 329 305 192 93 53 270 309 65 322 306 221 104 0 158 169 321 218 308 93 91 226 216 298 244 330 243 41 162 180 151 199 223 156 302 67 329 296 98 116 365 340 56 316 257 290 36 42 83 153 43 94 106 46 128 80 105 96 94 78 249 235 201 220 240 263 260 298 317 340 347 390 379 332 334 365 342 356 332 376 364 327 307 329 
128 150 403 449 340 229 176 401 437 190 458 447 336 262 160 0 249 420 362 455 265 160 341 306 424 381 504 388 189 314 314 63 105 320 229 455 193 462 396 224 274 478 401 211 475 399 380 194 201 214 301 191 252 274 200 269 230 264 262 233 233 343 322 276 314 325 333 362 356 457 476 502 510 504 471 449 504 474 487 478 523 495 483 473 498 
181 177 449 345 146 233 201 358 402 87 424 405 97 155 150 254 0 449 308 350 178 96 344 351 422 159 318 338 167 193 131 267 328 364 36 399 207 428 439 220 99 469 471 134 343 175 411 153 142 80 141 117 163 133 138 123 101 136 140 129 145 387 375 342 368 373 397 407 428 383 409 431 465 455 404 410 450 429 418 425 475 437 303 302 301 
348 320 42 263 384 251 273 174 126 376 170 150 491 313 323 422 451 0 196 227 303 424 107 119 79 445 401 159 309 315 382 380 366 113 461 157 279 137 43 238 366 97 93 334 320 450 58 312 313 383 353 360 307 334 330 351 358 327 349 349 327 90 114 158 115 94 94 75 77 189 192 181 181 210 167 142 182 163 195 159 174 204 360 374 404 
245 240 203 120 215 135 196 63 117 258 127 119 339 170 226 350 301 190 0 100 143 291 94 118 128 276 223 47 195 146 205 332 345 118 332 95 171 135 173 136 215 168 233 198 160 277 146 205 187 254 191 232 169 181 215 190 219 186 178 202 173 155 160 171 173 130 166 149 203 116 121 146 171 158 113 118 159 146 145 138 179 159 198 224 249 
333 313 259 29 230 232 265 68 128 323 85 107 354 216 296 443 348 235 103 0 219 373 184 204 159 289 178 95 264 174 235 411 456 218 376 103 256 123 222 233 267 176 297 258 101 275 197 278 269 304 225 305 224 234 282 236 269 241 254 262 249 237 242 263 246 218 247 230 268 53 69 90 142 99 77 110 110 100 76 90 140 80 157 167 205 
139 114 298 209 128 78 92 200 248 120 254 253 216 26 92 260 181 298 155 211 0 158 195 185 253 175 258 185 79 73 110 248 276 199 188 248 86 263 260 96 76 305 311 53 232 196 248 64 56 109 84 89 30 61 82 55 79 58 61 57 50 236 221 197 226 211 241 236 290 245 256 287 303 304 261 265 279 272 283 266 320 282 237 222 241 
97 100 402 352 199 187 146 343 388 47 409 396 175 144 97 163 96 421 289 371 162 0 320 292 377 224 363 332 124 208 191 176 228 299 105 398 144 403 393 188 124 437 416 109 372 252 361 119 116 71 174 78 156 146 97 146 108 148 133 117 121 337 319 284 311 319 342 349 374 386 398 431 459 436 394 415 443 422 424 425 464 437 342 351 356 
251 243 135 193 270 140 187 115 106 279 158 130 398 199 223 339 347 108 103 174 192 322 0 39 80 335 326 84 195 203 281 300 320 52 361 128 190 144 88 146 270 141 157 213 241 345 69 228 213 277 247 257 204 242 233 242 260 220 243 233 226 72 86 98 77 61 79 78 114 162 163 181 192 197 154 139 184 168 186 153 188 198 297 310 323 
223 222 116 219 285 133 170 137 123 271 179 157 393 201 204 310 340 118 124 205 190 302 42 0 104 351 340 128 177 218 275 277 288 14 357 149 162 164 93 134 264 159 149 202 280 364 78 207 198 264 253 228 200 231 220 241 239 220 222 220 212 66 68 66 61 31 62 58 101 189 189 202 223 227 182 170 212 179 206 198 212 219 308 314 339 
324 302 126 185 326 212 256 91 40 343 96 89 447 269 294 414 422 88 120 167 258 377 88 103 0 391 316 104 282 249 320 374 391 113 430 71 242 70 78 203 317 68 158 284 234 390 55 294 276 346 311 308 252 303 307 297 315 279 289 297 290 103 136 165 144 112 124 103 128 118 115 133 110 137 105 85 116 100 146 107 123 135 288 304 338 
276 258 460 272 75 253 262 307 365 186 365 360 109 157 239 381 156 454 271 291 190 221 339 354 386 0 186 307 232 153 90 380 436 373 169 359 245 382 428 253 129 443 494 191 250 44 401 215 196 171 110 201 184 136 205 133 159 156 161 155 175 393 392 372 391 379 402 398 440 320 343 358 411 384 356 372 388 382 361 371 415 366 186 185 174 
389 362 414 142 180 299 335 233 287 316 255 258 286 247 331 499 321 395 224 182 246 376 326 333 327 203 0 249 312 190 198 478 530 348 349 260 319 293 392 299 255 346 461 290 93 168 352 313 305 308 216 321 246 228 316 234 269 246 251 265 271 388 397 395 383 353 387 384 432 231 233 257 286 252 253 283 275 269 242 260 293 248 30 32 46 
276 259 199 113 246 161 207 25 65 278 95 81 358 202 247 388 346 155 56 97 191 326 92 117 100 297 236 0 231 168 247 346 381 125 359 61 200 102 160 164 254 142 231 224 163 309 116 228 218 277 224 265 195 211 253 218 251 226 226 224 220 156 158 181 173 132 170 146 201 68 83 107 150 125 89 85 119 101 109 108 133 122 215 238 248 
70 43 305 271 190 72 49 247 286 87 314 285 241 96 35 179 175 308 192 267 74 128 202 177 266 236 329 215 0 148 166 174 215 190 188 276 40 305 279 65 111 340 315 54 296 246 254 39 41 107 142 57 79 106 41 108 93 96 97 74 71 240 210 188 213 222 231 247 277 283 311 332 349 345 308 290 329 319 322 316 355 330 308 309 314 
208 181 314 156 78 131 155 182 225 170 236 238 207 76 158 313 192 308 145 173 67 210 201 220 248 155 184 180 153 0 84 307 350 218 220 235 144 248 280 151 95 298 356 125 178 155 260 124 117 155 56 142 75 73 132 79 110 80 77 108 98 254 264 256 249 233 272 263 316 209 235 249 295 271 237 239 269 253 250 246 296 250 173 156 176 
211 193 391 219 30 172 196 248 306 140 310 304 143 89 167 317 131 366 201 227 98 172 263 284 323 92 188 236 169 83 0 308 357 283 165 284 179 329 363 181 66 378 414 124 225 96 323 140 135 117 48 135 110 71 130 62 103 73 80 94 110 320 315 290 309 304 325 336 365 263 294 318 349 336 283 301 335 318 310 308 355 316 185 167 191 
116 121 358 430 343 209 150 368 393 195 425 420 354 245 145 55 276 370 333 411 242 184 292 273 374 385 478 360 178 308 324 0 58 267 267 417 172 415 349 198 268 441 351 206 460 402 339 183 192 213 285 195 230 263 183 265 229 244 244 232 221 297 272 216 269 290 284 303 312 415 444 456 467 477 440 424 462 452 470 438 480 468 463 459 489 
176 181 345 461 382 242 196 401 405 238 449 437 400 290 200 95 320 371 344 457 288 229 303 282 387 434 532 368 207 353 373 63 0 278 328 428 216 442 340 228 306 444 324 258 486 450 352 229 238 278 327 234 288 318 243 304 286 296 297 283 263 302 261 230 268 299 287 317 292 436 452 485 479 490 448 430 487 462 480 462 489 486 510 508 518 
249 220 120 226 294 132 172 134 130 286 186 154 398 211 230 329 353 126 136 211 203 313 36 16 119 365 345 122 190 217 288 274 289 0 370 160 176 163 91 136 279 164 124 231 277 373 63 216 210 294 256 242 213 252 226 247 268 230 242 239 232 39 48 69 60 26 56 45 97 184 199 213 225 226 179 176 212 189 216 197 211 219 330 334 364 
176 183 463 370 173 240 210 373 427 103 427 423 103 167 169 247 33 466 328 375 192 88 370 349 424 172 339 354 173 220 167 264 326 365 0 410 208 442 443 229 124 488 475 147 358 195 416 162 161 93 163 136 181 144 150 143 117 162 152 148 158 403 392 361 375 372 406 407 447 406 437 454 482 471 433 429 471 443 454 438 483 445 335 321 319 
336 322 183 111 292 231 281 61 46 336 32 9 414 258 315 455 393 146 113 85 233 384 124 147 89 352 251 72 283 232 284 414 424 155 409 0 265 37 154 234 298 104 234 294 170 356 134 291 290 350 269 316 262 283 309 281 318 271 280 278 270 162 202 230 202 153 190 165 200 46 38 57 89 93 38 35 72 51 71 35 88 77 232 245 289 
82 68 274 263 189 46 31 231 259 124 294 266 262 85 54 188 202 283 181 267 87 148 181 158 245 243 320 210 39 146 171 177 202 180 199 269 0 282 259 41 143 309 279 64 287 273 230 57 54 117 139 93 86 109 63 125 106 107 114 99 72 204 197 146 176 200 217 223 235 280 297 303 334 333 273 281 322 294 314 302 338 320 295 308 328 
359 346 185 148 322 250 288 94 48 365 45 35 453 290 326 455 429 132 127 120 275 410 136 161 68 371 293 104 299 243 315 421 443 160 437 45 292 0 138 247 336 69 208 317 203 369 113 317 312 364 299 340 269 299 327 299 331 307 308 321 300 161 203 239 197 156 173 153 210 64 48 63 60 78 52 26 57 45 79 42 70 84 258 282 296 
310 308 44 253 356 212 258 170 117 351 169 153 467 284 304 383 424 33 173 232 279 394 88 100 90 421 377 158 270 280 354 350 338 84 433 141 256 142 0 207 336 121 85 304 303 427 39 292 295 350 333 328 279 306 312 317 330 309 322 309 298 54 80 134 89 64 56 52 77 181 186 195 182 212 169 146 190 160 215 167 186 221 364 378 401 
118 111 240 228 200 27 47 185 210 147 258 220 281 100 96 232 240 247 134 234 88 188 140 123 216 264 312 172 77 135 188 211 230 128 247 226 42 252 214 0 149 265 247 87 268 265 197 86 82 152 163 111 85 125 112 131 145 122 131 122 92 175 157 132 148 159 169 180 207 227 247 266 300 285 236 233 286 269 266 261 292 289 282 278 313 
153 152 374 246 81 152 145 247 304 93 315 309 151 71 131 267 102 377 204 269 79 141 257 251 324 124 247 239 119 84 58 261 314 276 129 301 142 337 348 154 0 370 402 71 259 147 317 81 86 71 33 84 62 39 82 25 41 33 48 40 56 303 301 268 285 288 317 316 351 287 313 335 374 356 314 320 352 337 331 324 369 325 228 221 228 
383 357 137 199 368 269 321 141 71 412 105 85 495 326 362 475 463 90 182 179 314 443 145 175 73 426 356 146 325 293 361 435 440 168 482 92 307 74 118 265 380 0 172 339 259 440 105 349 349 406 351 374 312 344 366 344 375 335 349 355 340 149 178 222 185 150 172 132 174 129 127 110 98 142 114 87 100 86 141 90 86 142 323 345 375 
333 333 36 319 416 267 291 224 189 385 239 224 531 341 328 390 483 84 238 300 329 415 151 149 155 494 457 227 318 341 412 350 335 141 492 215 293 213 91 248 400 168 0 333 374 487 109 326 333 402 378 360 336 371 351 369 373 363 356 358 337 91 95 151 123 111 95 91 41 260 257 262 257 292 256 214 252 233 283 255 246 276 433 432 469 
90 82 325 259 145 90 75 232 288 65 304 296 203 48 62 218 140 330 190 275 60 118 219 216 288 193 298 221 40 117 134 205 248 212 145 287 64 319 297 98 73 343 342 0 293 215 279 29 21 77 102 44 46 63 33 74 59 60 63 49 40 259 248 210 239 248 260 257 304 285 306 329 356 348 294 311 335 331 328 325 351 327 280 259 281 
360 352 351 64 197 273 303 157 211 331 163 170 334 247 331 488 348 317 163 88 243 379 240 268 240 246 106 171 302 183 218 470 491 282 375 175 306 195 307 282 250 255 386 278 0 225 277 301 295 322 234 320 246 239 295 248 281 239 261 274 265 301 318 325 332 284 321 309 353 144 163 151 204 160 146 180 167 185 135 165 214 147 72 99 122 
296 291 472 257 79 270 283 294 364 209 349 345 134 176 249 390 171 459 279 274 191 251 343 353 386 43 180 304 251 162 95 388 458 365 203 341 269 375 420 278 136 441 498 220 239 0 406 226 224 183 130 224 184 162 220 159 186 173 171 189 201 397 404 389 395 378 408 406 453 312 344 357 408 366 336 370 370 379 337 353 410 344 173 147 140 
302 293 87 216 326 197 234 136 91 327 137 126 439 261 284 389 411 61 140 187 251 366 60 80 54 399 345 121 256 267 322 346 342 82 413 124 242 112 50 204 312 102 113 271 284 396 0 273 264 340 299 297 260 300 296 304 312 281 285 296 281 51 90 123 93 54 63 49 80 153 161 182 175 192 142 129 176 148 186 150 169 187 320 339 366 
78 64 309 267 154 78 70 250 286 78 316 286 213 68 54 199 142 320 186 269 71 112 221 204 291 201 303 236 30 122 128 184 228 209 159 281 64 308 289 98 97 339 337 28 297 227 269 0 17 71 118 41 58 78 21 91 68 67 59 50 50 264 243 201 226 228 267 269 300 295 313 339 363 358 306 309 331 317 329 328 359 333 285 285 304 
96 64 317 258 154 88 67 235 288 64 315 283 219 69 47 204 154 323 182 268 68 116 212 213 288 203 303 225 43 117 126 185 233 218 154 293 59 304 285 96 83 338 335 13 287 228 263 12 0 84 100 53 51 81 27 79 52 68 61 49 32 244 230 198 235 242 264 249 292 294 308 321 350 348 295 305 334 323 333 312 360 322 274 284 297 
129 106 388 300 140 155 138 289 333 27 348 350 135 99 90 212 84 379 249 315 117 68 289 281 346 164 310 279 113 154 120 219 276 275 99 333 131 369 362 154 66 411 394 75 308 182 336 71 87 0 92 61 88 84 69 74 49 76 71 73 83 330 311 269 303 298 324 336 359 337 359 379 402 390 346 367 378 383 369 371 402 378 285 269 287 
190 165 354 223 61 158 154 240 286 121 288 287 144 51 151 284 127 353 182 223 70 160 259 256 304 125 220 215 142 73 48 280 338 257 161 288 146 300 323 157 40 355 392 101 219 131 313 111 96 88 0 111 80 39 121 33 76 42 45 65 76 300 290 262 278 275 316 302 346 274 293 302 356 325 284 295 325 315 298 309 342 308 195 181 215 
73 76 352 286 149 122 94 279 308 37 328 315 180 78 49 191 130 344 217 299 98 82 255 235 321 198 307 254 72 151 138 179 228 244 124 328 77 344 333 128 84 378 367 42 323 219 305 48 42 54 107 0 79 94 16 100 48 72 70 54 54 282 272 226 266 255 287 290 313 321 331 369 396 368 339 327 375 358 350 352 394 358 305 298 314 
132 121 305 228 106 79 95 215 250 108 281 251 209 20 103 251 171 304 152 223 18 144 202 193 257 186 246 203 69 86 95 242 279 209 179 256 76 276 279 102 63 318 330 57 235 199 256 55 50 101 67 85 0 57 72 59 67 32 47 43 24 248 245 210 229 224 258 242 294 240 279 285 334 317 258 274 298 289 283 276 320 301 235 231 251 
160 148 354 222 90 135 136 238 284 106 299 281 169 48 120 274 127 341 190 228 57 150 242 243 286 146 240 224 114 73 59 269 303 255 152 276 119 310 323 142 25 345 365 62 239 157 299 79 75 77 42 83 39 0 78 9 44 11 17 41 46 283 275 260 260 273 289 278 333 275 281 308 350 319 279 290 325 302 304 309 337 302 227 206 232 
78 61 334 286 151 112 74 248 313 46 334 311 194 79 39 185 134 329 201 289 82 94 241 227 305 195 314 238 50 137 139 177 235 236 139 307 62 334 307 116 92 372 356 41 314 216 296 27 33 72 110 32 76 85 0 97 47 73 68 51 55 263 254 227 244 247 278 277 314 309 334 345 370 363 313 313 355 331 347 338 379 355 288 296 316 
160 153 352 237 78 138 135 224 282 93 304 290 158 49 129 267 126 348 199 248 56 152 250 248 291 141 228 234 123 78 53 268 313 260 144 281 119 314 320 129 37 360 366 72 240 140 302 96 76 74 29 87 65 15 84 0 56 27 27 52 45 296 289 266 270 273 302 284 339 259 282 323 350 325 293 292 315 320 317 302 354 324 221 204 227 
132 110 363 265 122 138 124 259 303 50 328 322 161 65 87 234 105 358 215 268 81 111 263 248 320 164 276 259 91 108 90 226 282 255 113 305 116 344 330 132 43 366 377 48 277 169 300 69 60 36 71 43 74 57 51 47 0 58 29 37 52 295 291 253 274 271 304 294 331 299 325 352 382 355 320 332 356 342 337 341 376 343 262 263 262 
153 132 342 218 100 111 124 223 286 99 291 280 175 31 103 264 136 333 186 244 49 150 228 219 286 143 253 213 98 70 82 254 290 240 157 284 100 308 313 117 34 337 356 51 254 164 292 68 65 77 50 84 47 24 86 26 51 0 18 22 37 279 269 237 254 265 284 290 320 260 287 318 337 330 274 293 317 311 312 300 337 321 227 217 236 
142 119 345 234 101 124 116 238 294 93 302 279 172 45 96 256 120 332 183 255 51 129 232 223 297 154 260 215 86 95 76 247 288 251 138 279 108 305 318 123 49 355 357 45 262 168 293 60 61 81 54 75 41 32 78 22 37 13 0 31 44 273 279 241 253 268 290 282 327 264 303 314 355 327 280 304 321 323 302 314 361 309 237 231 243 
117 109 344 254 103 106 117 236 289 73 314 297 174 51 90 244 135 349 201 247 53 120 233 219 288 168 272 235 89 103 96 232 276 245 138 284 103 307 305 126 41 358 359 48 265 179 286 52 56 53 76 63 47 44 66 43 37 28 27 0 28 267 261 244 249 253 291 282 316 273 310 329 362 342 288 299 329 330 328 317 366 317 257 242 258 
128 97 334 244 118 99 107 231 284 77 286 280 187 37 74 242 143 323 175 240 37 123 215 205 286 185 264 226 64 92 95 235 280 229 151 286 78 291 289 96 52 343 334 34 270 192 265 52 32 79 85 55 25 42 55 46 43 38 32 21 0 253 249 218 250 231 275 275 303 278 292 323 356 336 291 302 326 309 307 314 341 319 254 255 268 
275 259 67 242 338 167 205 166 143 318 191 177 432 254 260 348 392 89 159 225 234 354 73 56 114 405 373 144 227 274 317 291 289 56 406 161 201 162 54 169 309 158 86 268 303 408 63 260 246 323 296 285 251 287 263 290 292 273 282 270 256 0 49 86 59 40 32 18 51 195 204 222 208 247 205 181 209 201 231 196 212 240 350 373 386 
257 236 86 269 337 157 184 185 157 296 212 199 425 244 230 310 385 124 172 242 221 322 96 68 126 399 391 162 211 255 321 276 262 52 395 202 203 199 87 151 307 172 98 237 326 408 89 230 234 311 304 280 232 272 261 286 290 280 267 268 247 48 0 52 22 51 38 45 55 231 222 244 249 272 225 198 237 222 255 222 234 260 366 373 409 
197 195 130 284 318 133 153 191 195 269 238 232 392 224 194 276 354 161 186 267 194 283 109 75 170 387 400 187 176 248 307 218 224 67 360 213 161 220 136 132 261 221 151 205 330 386 130 197 199 282 263 227 219 252 209 259 253 251 240 239 212 75 62 0 52 85 81 98 106 247 250 267 288 302 254 220 280 264 284 257 267 279 365 363 406 
245 227 115 268 332 163 187 189 168 291 222 202 433 249 229 315 364 130 172 251 231 316 84 62 144 390 399 160 212 259 313 261 263 43 380 191 181 200 99 142 288 199 107 246 324 405 93 240 235 293 278 267 223 267 247 280 269 266 255 248 239 53 26 53 0 47 51 57 75 225 225 245 241 266 233 195 252 233 265 225 239 271 364 362 389 
254 237 94 232 314 145 195 155 125 299 188 166 410 224 248 333 376 96 142 219 217 332 51 41 101 388 368 143 221 236 302 286 300 29 373 163 190 158 68 163 288 155 114 245 283 376 56 230 236 293 278 268 235 265 244 272 276 253 258 248 249 27 50 67 56 0 42 28 78 189 199 213 220 229 181 176 217 180 231 196 212 227 337 350 371 
272 263 64 255 336 181 211 174 147 314 215 179 442 267 250 337 406 100 176 249 246 350 94 78 118 407 399 173 241 264 333 285 297 55 401 183 207 177 57 178 308 168 91 268 313 424 80 264 261 332 317 294 258 293 273 303 297 284 277 286 262 26 21 87 31 33 0 40 54 226 218 230 224 250 210 184 231 200 242 213 231 254 370 377 400 
275 262 75 240 326 179 205 158 132 328 178 169 444 250 258 361 405 68 159 234 236 355 77 67 91 405 371 152 236 264 331 314 298 49 412 169 217 168 53 182 304 148 100 259 300 404 44 262 252 319 305 282 247 297 276 298 302 272 286 291 276 27 53 92 55 29 27 0 56 194 198 217 196 237 180 153 200 187 221 179 197 223 353 353 380 
295 278 41 289 385 210 243 208 168 356 236 196 487 293 294 352 432 89 213 268 284 372 120 105 139 454 428 205 274 313 363 317 303 83 431 196 248 200 75 210 343 173 55 303 355 453 100 282 284 367 351 320 290 331 312 341 330 329 327 328 305 48 57 102 66 87 47 66 0 242 232 244 246 269 232 207 253 223 256 234 247 260 394 406 435 
348 319 225 91 261 227 279 56 77 334 33 56 403 241 307 456 395 181 98 49 246 380 149 180 123 336 227 83 281 208 278 424 443 195 407 49 266 71 193 236 295 127 266 280 145 329 172 294 282 325 264 322 244 261 296 270 306 275 274 280 268 200 227 247 223 195 211 189 249 0 25 60 85 69 41 51 72 66 55 42 93 63 211 217 252 
376 340 225 93 285 252 306 69 76 360 32 52 420 279 340 466 410 187 128 87 249 399 168 186 105 342 231 102 312 225 301 448 452 194 435 41 286 63 193 251 308 128 252 300 161 338 169 317 309 353 284 347 262 283 322 283 318 281 302 308 285 210 235 254 242 195 222 206 248 41 0 33 71 50 21 47 38 30 40 35 71 45 215 231 256 
385 359 237 122 313 279 310 104 88 387 28 53 441 282 345 502 437 182 145 99 272 433 172 209 131 370 259 113 331 254 305 463 471 210 459 60 307 51 192 269 326 126 262 320 156 358 163 326 330 385 302 364 297 302 339 322 337 302 326 334 317 213 238 268 259 208 232 211 258 47 38 0 62 33 45 62 17 46 27 33 58 29 222 239 262 
419 396 224 161 345 295 355 125 85 417 61 78 480 331 375 524 480 168 172 143 308 468 188 211 121 409 296 151 360 282 346 487 482 209 496 88 346 69 174 306 373 91 246 360 195 408 157 351 362 420 346 387 324 345 377 344 387 344 347 360 343 213 246 276 243 205 220 198 252 96 75 62 0 62 69 67 47 51 62 52 7 63 267 286 320 
404 385 241 119 311 297 348 118 116 394 54 89 444 312 382 521 454 210 173 93 302 447 196 221 143 385 240 124 338 267 323 482 504 236 461 74 324 72 210 284 348 134 281 350 161 370 199 352 340 384 321 383 304 318 357 332 352 316 336 342 332 230 275 293 268 229 246 229 263 77 56 27 61 0 58 71 36 56 38 61 53 21 226 243 272 
351 335 207 101 282 239 287 78 60 358 17 29 420 269 332 476 403 173 128 79 256 398 150 172 105 341 243 77 295 218 285 432 440 181 429 28 287 56 184 237 311 108 256 293 162 345 148 313 309 350 294 328 259 288 310 296 319 275 293 289 297 195 213 255 217 182 208 183 226 22 19 35 77 52 0 32 40 32 33 31 65 56 213 227 274 
359 337 176 133 300 243 283 69 39 367 24 27 441 267 324 452 421 141 118 110 256 409 136 168 73 372 280 90 298 238 312 431 440 173 425 27 291 25 156 241 327 82 224 314 182 363 121 304 301 368 299 328 278 301 326 306 331 302 308 300 293 169 197 238 213 166 195 168 197 55 44 66 65 80 33 0 59 43 59 30 57 70 244 264 288 
402 380 226 131 327 270 335 116 91 384 35 69 458 304 357 504 439 187 145 110 289 444 183 196 128 380 261 120 326 267 321 461 475 202 459 70 313 49 190 272 339 111 267 339 177 374 157 341 328 391 325 372 293 320 362 322 347 320 330 336 321 213 250 274 251 213 230 196 246 64 35 36 43 28 53 45 0 38 37 23 34 48 240 259 290 
370 352 206 126 323 264 315 95 57 383 32 42 457 300 338 491 423 174 141 97 271 434 162 190 104 368 269 109 319 249 322 442 455 189 446 48 294 28 169 262 325 84 233 321 187 376 158 325 331 370 311 359 291 319 348 313 341 305 305 327 306 197 220 263 225 184 204 194 227 65 40 45 37 44 40 35 24 0 57 8 48 45 251 264 301 
400 361 237 97 308 271 329 91 105 372 48 66 440 290 352 491 434 203 156 72 271 427 181 214 136 355 241 120 332 242 308 460 472 212 445 61 310 70 210 269 329 143 279 334 146 353 190 338 327 368 303 357 281 309 334 297 339 310 308 329 308 233 252 277 257 224 248 221 270 51 37 26 76 21 33 66 51 42 0 40 79 25 206 224 247 
374 356 211 131 298 255 307 92 76 371 19 30 437 293 337 469 420 163 127 105 272 412 156 184 100 367 264 101 322 256 306 446 452 184 444 47 293 31 175 256 335 92 243 316 176 364 152 326 311 366 299 349 290 302 327 317 345 296 305 311 308 196 220 257 234 184 211 197 234 47 28 21 46 56 25 41 39 11 44 0 48 54 234 248 286 
416 383 211 170 344 290 338 122 85 422 71 72 496 331 389 503 472 168 173 136 313 464 192 211 121 406 297 144 346 285 358 471 481 212 488 76 338 64 172 287 368 88 253 356 206 414 161 364 353 408 340 398 315 343 378 360 380 338 359 348 340 221 240 274 251 202 218 193 245 95 75 51 11 52 71 67 34 54 68 62 0 59 269 302 313 
403 374 237 113 315 278 319 101 107 390 54 73 439 302 370 503 429 210 161 95 289 441 195 215 131 358 239 130 330 258 305 477 479 230 441 78 325 70 212 288 332 124 290 342 151 349 196 341 334 373 301 361 298 320 351 306 347 306 328 325 310 234 265 286 266 221 255 235 275 62 39 19 58 19 39 66 37 50 20 58 68 0 221 231 261 
352 350 395 122 166 266 311 206 272 313 228 240 282 219 308 482 309 377 215 152 227 361 301 319 289 179 32 226 309 167 181 462 495 325 326 232 296 262 368 280 237 317 423 274 85 168 320 286 278 295 205 292 224 229 287 225 258 227 240 257 239 359 356 372 359 344 370 351 410 208 224 227 279 234 218 242 241 258 211 230 271 210 0 32 43 
351 347 417 138 157 274 322 228 268 294 247 251 264 220 309 478 301 382 206 159 217 343 310 309 314 182 29 226 301 164 183 463 502 335 327 257 292 282 365 283 229 340 439 267 101 152 329 287 271 285 199 294 229 213 280 211 249 217 233 243 249 364 372 368 360 350 366 363 416 219 234 237 293 254 235 257 271 270 235 264 293 232 26 0 42 
370 348 448 173 175 293 347 255 316 314 276 281 263 235 335 489 308 409 250 194 256 352 332 356 349 167 36 265 316 184 195 484 512 362 333 278 318 310 394 301 236 373 461 298 117 148 370 294 288 284 212 312 258 229 300 218 265 240 244 268 262 389 410 403 394 364 403 387 436 252 266 270 309 269 264 286 280 282 262 275 324 271 52 33 0 

Depot information
244 390 1
244 368 1
463 150 1
198 66 1
89 235 1
265 271 1
266 323 1
279 102 1
336 79 1
164 366 1

Cust information
300 39 17
311 59 22
7 342 24
178 272 15
225 352 22
286 497 21
77 378 20
439 115 18
265 147 19
223 62 16
195 265 21
162 412 18
348 170 25
358 199 24
368 98 24
22 250 20
57 69 15
285 117 17
235 326 18
155 214 16
99 252 15
322 461 16
378 471 16
372 198 17
78 399 23
308 62 19
253 312 17
330 46 20
424 142 25
272 276 16
130 294 16
394 45 18
492 172 24
196 316 21
143 46 22
13 225 21
394 138 25
206 323 25
205 319 24
142 349 24
127 262 17
186 347 23
188 275 25
149 278 19
197 337 19
143 278 24
154 319 18
158 281 24
159 290 22
167 302 18
182 297 22
408 185 24
410 215 16
389 258 21
403 224 20
387 191 21
418 196 22
408 175 19
455 191 24
269 51 25
286 34 22
290 13 17
331 -6 23
283 -7 20
289 41 19
320 49 20
306 9 19
313 26 17
274 11 24
305 29 23
334 -4 24
276 4 25
80 80 20
68 90 22
38 87 24
