Seed 123 - Instance: n75m5_1
n 75
m 5
Q 205
L 0
U 1000

0 82 260 216 118 120 240 207 88 243 303 174 120 264 324 246 82 259 274 42 293 377 328 90 383 147 290 323 155 109 40 218 53 275 83 301 228 294 221 214 113 171 374 357 344 316 386 354 337 360 345 366 331 129 175 138 171 117 109 136 138 308 264 308 293 273 297 297 283 290 289 300 289 289 206 184 172 152 165 164 
91 0 334 281 26 55 195 188 157 316 379 228 201 349 315 330 140 307 243 82 331 346 401 161 411 237 357 384 242 180 94 265 70 315 103 392 270 365 297 285 194 200 406 385 379 356 413 382 383 377 377 392 364 203 258 224 261 194 208 212 220 343 331 359 361 322 334 340 346 344 350 335 342 335 220 206 203 193 190 206 
258 321 0 238 362 367 333 241 235 66 246 330 181 233 261 163 314 111 324 285 44 383 148 256 147 188 319 98 213 211 295 89 260 105 348 192 87 361 142 351 160 377 186 192 164 154 169 180 126 194 174 196 129 212 234 205 230 259 215 210 241 78 43 61 53 70 86 50 36 59 52 83 59 63 188 148 145 166 151 167 
205 295 248 0 311 310 419 349 142 188 112 121 126 73 439 105 173 307 442 219 274 525 195 136 393 93 97 226 74 118 213 251 249 310 239 139 278 140 127 128 172 202 425 400 380 361 404 386 367 406 405 420 348 100 58 94 47 122 108 89 94 295 263 292 295 279 306 290 255 295 288 302 294 283 319 280 265 248 233 278 
125 28 345 312 0 36 210 205 201 341 394 246 220 365 323 344 155 333 258 120 371 350 438 177 426 256 382 418 268 214 97 292 96 323 122 412 305 389 338 296 210 218 428 394 401 370 447 401 408 397 402 412 379 236 275 231 282 202 226 234 244 378 343 388 379 340 371 374 369 372 372 359 380 358 234 238 236 212 232 225 
120 61 379 315 29 0 224 238 196 364 402 238 221 376 354 348 146 348 293 122 390 386 451 191 452 258 377 438 263 205 106 304 114 356 113 425 329 382 335 284 221 200 440 424 425 404 471 426 423 414 423 434 405 222 273 255 286 210 223 239 246 389 375 398 408 355 386 394 377 387 390 397 397 378 265 256 241 237 239 238 
248 194 337 420 211 229 0 89 297 338 484 401 287 449 174 400 313 253 75 267 318 172 450 321 333 326 511 412 365 300 253 235 188 253 297 470 241 523 387 458 261 391 302 286 301 272 336 291 313 263 277 291 293 331 373 324 379 343 328 335 367 305 313 339 325 278 288 330 333 312 316 300 326 312 162 194 197 185 207 185 
198 200 239 357 199 239 102 0 246 256 419 363 222 376 137 321 265 178 94 233 232 194 367 262 269 255 444 339 303 247 237 163 155 165 279 398 157 468 293 407 181 366 243 220 210 189 266 222 231 217 219 223 219 257 307 267 304 276 262 271 297 221 214 244 250 196 219 241 253 239 229 222 234 233 71 109 113 102 127 94 
92 159 228 133 197 190 289 251 0 202 227 124 60 190 354 179 78 271 322 96 250 427 257 41 350 77 222 264 87 20 99 213 125 267 124 243 214 226 170 179 85 166 380 364 348 307 373 343 319 350 344 364 311 41 95 53 105 52 41 57 65 267 254 279 261 244 270 268 260 267 272 266 259 258 230 195 177 159 157 192 
248 327 57 194 350 365 339 253 211 0 202 289 151 183 291 110 275 145 336 278 86 416 124 234 196 142 270 80 173 187 291 119 244 141 326 146 133 302 86 314 150 354 234 235 211 183 219 224 193 241 228 262 172 187 192 158 181 231 184 155 203 130 98 104 97 102 148 108 89 119 119 127 108 114 208 168 164 166 142 165 
289 376 249 102 401 400 476 414 212 205 0 219 206 56 476 110 269 342 500 299 279 582 149 231 396 155 79 198 152 211 304 293 331 331 326 68 322 145 123 198 234 290 430 425 404 391 409 421 370 434 419 444 385 177 130 181 138 210 189 176 185 321 285 294 290 302 341 307 278 304 297 325 291 309 360 331 325 320 293 319 
162 225 329 131 251 245 396 349 132 282 222 0 159 178 470 209 113 369 430 157 357 531 314 101 457 148 174 332 112 134 151 314 216 368 145 263 334 153 218 64 217 96 489 468 449 428 490 450 434 468 472 488 416 123 109 138 114 71 138 140 79 382 337 360 367 353 386 363 359 384 374 375 364 364 350 315 287 283 280 296 
122 198 178 122 223 234 293 224 59 148 200 171 0 179 310 132 132 216 312 132 203 417 228 87 311 54 210 210 71 50 136 166 129 214 181 218 178 241 131 204 49 206 336 308 287 280 328 298 273 320 312 329 269 44 104 42 96 101 55 47 97 236 191 218 217 197 238 213 211 219 210 238 224 216 209 165 145 128 119 162 
260 345 231 77 359 376 447 371 182 177 56 173 181 0 463 98 240 311 473 265 262 560 169 193 380 123 82 180 114 174 272 279 284 311 285 99 284 148 114 174 208 262 422 414 380 361 415 406 354 417 407 430 355 159 108 144 99 165 154 141 140 300 266 281 276 284 309 294 260 288 282 314 278 277 340 294 278 278 275 290 
313 319 261 423 330 348 157 128 344 301 471 451 314 462 0 385 384 165 111 346 240 122 403 365 204 347 526 363 394 354 352 204 271 163 405 451 176 556 349 518 274 470 152 136 165 157 204 153 191 129 141 129 164 350 394 360 396 384 358 354 389 211 234 248 233 199 194 230 246 213 231 203 243 232 123 166 187 185 197 164 
241 320 167 116 347 365 410 314 183 116 100 220 138 86 392 0 240 254 423 250 197 481 109 190 303 97 167 119 114 145 268 196 263 243 282 76 226 226 29 218 153 307 333 337 305 299 332 329 282 334 334 348 286 138 107 124 117 177 130 119 144 223 182 195 202 201 245 203 176 222 215 223 203 213 271 243 226 234 216 240 
66 129 299 172 143 139 316 269 79 269 266 116 122 244 377 240 0 315 348 44 334 447 347 57 422 145 254 342 130 103 50 262 130 326 59 303 283 247 236 171 150 97 434 411 408 370 429 412 388 407 405 434 383 112 156 138 155 71 117 130 118 341 310 336 351 307 353 330 323 342 341 338 327 330 276 244 217 208 212 236 
275 306 110 323 336 360 260 175 256 148 348 370 226 322 155 255 330 0 230 301 97 268 260 280 114 236 385 202 272 260 297 75 245 20 345 303 45 441 227 419 175 418 116 101 78 71 136 96 88 103 101 116 61 253 285 251 275 304 257 256 295 70 78 100 92 52 47 81 92 71 62 52 92 75 105 111 106 133 114 104 
275 249 324 438 258 292 67 93 325 342 498 433 326 481 107 412 348 237 0 312 298 102 460 345 309 348 532 417 384 343 299 246 243 244 356 489 227 547 391 494 267 447 263 238 265 234 290 242 266 236 229 237 250 347 399 347 392 367 354 366 379 295 283 315 319 261 276 297 324 291 301 268 304 284 138 195 193 195 212 188 
43 93 285 207 112 122 252 230 102 270 305 162 140 257 355 260 52 291 310 0 311 396 344 91 403 170 278 345 161 102 20 246 81 293 65 319 254 293 242 198 140 146 395 376 376 336 405 375 363 387 381 393 356 137 177 141 176 102 120 139 144 334 298 319 333 299 326 330 307 334 322 319 311 324 226 220 198 171 190 192 
284 345 30 272 359 377 322 240 245 98 288 357 204 262 244 187 321 81 302 312 0 354 172 283 120 213 334 139 253 251 324 82 280 85 369 222 92 381 158 386 183 402 155 171 122 112 155 137 99 169 145 184 99 248 265 233 262 287 230 228 266 34 16 27 24 46 57 32 24 27 35 43 29 22 170 156 148 166 153 169 
387 344 375 517 359 385 173 204 429 406 582 542 410 552 126 481 441 280 108 414 361 0 505 445 308 450 624 463 472 441 412 306 346 277 457 542 288 637 466 598 357 530 250 243 266 268 295 250 290 230 245 237 287 438 484 447 489 461 435 444 489 330 341 350 358 315 305 336 365 340 344 324 347 341 223 264 278 287 291 274 
334 408 146 210 426 445 449 370 273 108 164 313 232 163 397 116 348 253 448 357 170 524 0 285 267 204 237 66 226 237 349 218 336 237 384 86 236 280 116 312 226 388 331 320 294 286 290 307 273 322 306 349 260 240 220 213 205 280 229 216 251 199 178 184 171 197 231 194 161 204 198 222 193 200 315 273 281 283 258 289 
93 174 253 141 186 197 320 266 40 224 235 106 82 190 367 195 67 282 338 76 288 447 288 0 389 93 216 274 94 53 87 220 120 279 104 250 250 214 179 157 116 133 404 373 366 329 406 370 356 392 386 391 336 50 105 79 105 33 66 81 72 292 260 302 295 262 300 289 270 294 281 302 288 282 248 214 197 194 177 197 
365 421 148 385 439 465 348 259 362 203 394 465 304 369 216 299 416 112 295 410 121 316 268 390 0 315 463 231 369 344 410 164 344 106 461 331 148 511 289 500 274 519 67 92 63 82 40 67 55 88 85 92 68 359 381 335 363 399 348 345 377 96 135 114 102 131 90 99 129 95 105 81 114 107 202 198 220 240 231 219 
149 224 191 95 257 260 330 262 72 134 173 156 51 132 360 112 144 235 352 167 205 442 205 95 316 0 187 189 59 62 169 184 182 241 191 160 199 206 85 183 85 218 352 330 315 278 346 309 301 329 326 353 293 58 62 29 63 106 56 26 80 240 202 229 227 200 237 235 200 226 227 232 228 222 229 183 174 165 164 183 
283 369 305 91 393 387 497 444 218 254 98 165 218 76 527 159 243 398 520 277 335 622 237 217 456 173 0 257 147 212 288 338 324 377 303 164 368 67 175 136 257 247 491 483 452 429 473 474 431 489 478 498 435 187 126 187 140 189 183 173 167 378 347 346 353 355 396 365 325 364 364 370 360 356 405 352 341 347 320 361 
313 391 107 220 411 423 421 340 252 81 198 328 206 184 368 110 342 199 407 334 125 464 66 289 221 190 256 0 228 237 337 191 321 201 389 131 203 312 126 345 211 411 267 282 234 238 252 260 216 283 277 291 220 232 214 215 219 286 240 214 259 158 142 136 125 154 190 138 114 154 145 165 130 148 288 246 242 245 216 254 
161 241 230 72 268 265 353 289 85 172 162 116 76 123 378 122 129 271 389 149 257 475 217 83 351 55 155 219 0 55 174 217 197 266 178 183 236 165 106 139 127 186 376 378 360 332 376 358 324 381 364 391 319 54 32 34 34 82 53 41 34 275 244 273 254 240 278 257 254 263 267 283 255 266 277 234 212 206 183 217 
95 196 220 125 210 222 316 243 24 177 213 123 40 177 353 155 95 258 337 105 232 423 247 51 353 55 198 238 56 0 122 193 140 258 143 225 214 221 132 162 96 185 364 360 322 297 370 331 308 342 344 357 314 36 70 49 86 65 14 53 54 256 222 260 252 224 270 247 230 255 243 267 256 255 219 186 185 164 150 175 
51 81 295 228 108 106 266 237 101 277 313 167 132 269 344 258 59 298 299 19 319 398 359 92 400 164 301 338 169 114 0 260 72 306 66 340 278 282 250 222 149 145 415 398 390 346 413 387 383 384 377 395 364 135 189 150 192 111 128 164 141 324 296 333 339 294 329 329 321 343 332 337 337 318 234 215 200 195 185 204 
215 256 98 257 279 312 237 152 204 116 296 322 171 276 202 209 269 58 228 234 83 300 228 231 169 173 350 184 210 204 255 0 199 66 290 267 36 377 166 357 125 350 185 163 155 114 184 157 128 163 167 173 111 209 233 189 231 245 196 203 239 91 83 96 115 58 87 89 95 95 86 94 96 92 109 61 81 94 67 77 
65 84 266 241 110 116 194 148 124 243 331 220 143 287 272 265 131 237 238 82 267 339 349 133 358 177 325 330 195 137 78 202 0 240 131 331 207 327 250 277 120 222 352 326 308 296 369 308 323 317 323 336 297 159 196 164 198 156 154 173 181 270 267 298 280 248 270 284 280 279 281 274 285 264 164 156 140 115 126 147 
280 304 101 305 341 345 262 165 251 149 327 375 223 311 167 243 331 8 230 291 71 290 247 282 104 223 377 193 274 241 314 74 250 0 347 297 35 422 222 404 169 404 126 111 83 69 135 107 81 121 114 125 74 254 278 237 279 305 259 238 293 59 64 89 79 43 39 71 88 62 55 42 77 69 122 95 114 123 124 127 
82 102 350 230 125 115 294 270 132 318 332 139 174 289 398 289 59 361 349 69 362 450 386 106 447 207 292 388 182 146 47 291 136 359 0 356 317 287 280 190 202 113 460 440 435 391 462 430 415 433 442 455 405 155 198 178 209 125 158 191 156 379 348 374 383 342 383 374 370 373 371 373 383 365 285 274 253 245 236 253 
306 394 193 150 426 418 470 381 235 148 82 262 218 89 449 77 312 294 487 327 224 547 90 256 324 172 161 134 179 226 339 267 326 299 349 0 266 208 112 263 231 337 379 381 346 329 356 356 331 388 376 406 321 193 177 192 157 238 200 179 208 256 244 237 230 257 289 255 224 257 261 271 238 247 336 305 295 291 267 295 
244 276 104 281 310 313 255 152 226 136 304 335 189 281 185 218 278 47 233 254 86 280 230 260 143 199 367 197 238 218 269 41 213 39 316 283 0 404 195 376 134 370 154 145 117 93 169 121 117 144 145 154 98 227 250 219 253 276 207 215 271 74 60 106 108 50 82 90 102 78 81 73 97 82 108 72 83 109 92 83 
288 373 356 138 378 374 522 451 236 318 154 146 242 151 545 221 251 443 547 282 384 634 285 221 506 207 65 310 179 217 285 377 327 434 273 211 393 0 228 104 285 229 534 520 502 485 528 515 473 531 518 556 483 210 164 205 154 191 202 195 179 422 393 400 413 395 434 398 382 421 418 431 400 406 432 385 381 365 359 391 
227 299 133 114 323 335 378 307 162 81 129 214 131 105 361 37 229 223 397 250 172 472 108 172 286 83 193 127 116 143 251 179 250 215 284 99 198 232 0 233 143 298 316 319 293 264 308 306 261 323 295 338 267 125 125 112 114 166 127 115 149 194 171 173 185 180 225 181 168 203 181 212 178 184 244 198 197 202 172 211 
214 282 348 122 310 300 448 406 181 318 189 64 205 182 499 223 170 406 492 200 389 578 321 144 487 186 125 336 151 171 214 361 266 415 195 244 377 89 235 0 250 132 518 499 493 459 507 496 470 508 495 528 459 164 134 162 128 129 159 174 116 418 371 397 389 374 424 391 376 412 405 413 385 389 384 346 331 319 317 350 
114 176 158 168 209 224 255 183 92 139 236 213 56 218 264 171 161 171 274 149 183 357 240 118 269 89 266 212 135 89 153 110 109 177 186 242 129 284 134 251 0 252 284 272 261 232 282 270 246 274 273 287 232 92 142 94 143 129 100 104 138 192 174 196 184 158 197 199 178 189 182 201 187 174 155 102 103 93 66 100 
177 207 379 208 213 183 393 362 166 352 295 86 214 275 469 295 109 411 447 136 405 538 404 131 507 218 243 397 196 183 152 350 221 404 96 336 375 219 284 128 254 0 530 509 483 463 538 491 481 515 501 518 470 178 186 189 189 140 178 207 147 421 409 433 423 395 428 423 417 419 413 436 420 423 371 328 327 308 298 324 
373 410 191 412 428 450 290 227 372 232 443 487 322 421 166 336 435 113 256 412 173 268 323 390 72 354 500 275 392 358 407 181 354 122 457 378 165 533 322 521 287 513 0 42 51 78 50 36 76 39 34 34 61 379 405 368 384 407 373 365 417 138 171 159 154 152 108 140 183 133 137 129 158 143 186 209 219 224 222 211 
364 382 186 406 403 417 274 207 352 246 423 459 326 410 128 343 420 106 238 376 151 248 333 387 96 334 495 286 369 353 384 158 321 122 433 376 154 534 312 511 279 514 40 0 54 59 65 19 68 19 13 34 71 358 390 356 382 411 341 358 403 139 150 153 152 144 109 152 164 138 148 116 154 143 178 174 194 209 219 193 
354 371 165 376 402 422 301 215 334 217 406 447 298 379 160 308 399 77 260 370 136 261 300 373 52 311 460 251 358 336 376 145 311 91 431 357 114 510 286 479 250 497 43 54 0 47 47 21 34 55 44 62 39 341 359 334 349 389 328 320 373 99 131 111 128 116 74 113 148 112 103 86 116 107 170 185 183 201 194 194 
319 351 151 354 363 405 269 184 307 189 389 427 271 362 153 280 380 60 243 340 109 266 275 329 89 280 437 234 330 315 347 126 287 66 392 329 90 488 257 465 224 460 63 54 41 0 85 32 55 58 54 71 26 310 339 305 337 361 310 294 344 85 105 110 123 107 54 101 120 96 102 72 116 99 139 146 151 169 181 161 
387 426 185 405 447 467 330 259 377 238 426 490 337 405 196 321 431 134 287 407 144 297 292 395 35 335 486 260 380 368 413 174 367 137 465 362 154 533 310 508 291 523 39 77 62 78 0 69 48 66 57 70 81 366 386 350 386 418 358 362 408 121 144 142 134 148 99 141 150 130 135 119 124 125 210 209 220 248 244 233 
340 370 164 403 392 425 289 212 347 227 410 462 305 400 142 323 402 94 237 367 142 264 312 360 64 323 469 266 370 342 373 149 321 89 424 374 129 508 292 484 267 496 27 37 27 43 63 0 45 23 24 51 49 353 378 325 362 397 329 344 392 116 137 130 138 133 82 133 145 124 113 107 126 129 165 185 192 214 205 178 
339 388 143 362 407 428 311 219 326 180 377 432 286 351 188 289 393 87 282 369 101 293 260 344 44 293 425 207 335 312 382 144 318 83 428 321 108 486 252 469 249 472 72 62 34 48 59 63 0 86 61 84 19 315 336 305 339 365 315 319 349 71 103 98 99 105 52 80 119 83 82 74 95 92 184 172 182 196 191 189 
360 377 200 413 403 434 275 211 355 239 436 469 325 406 123 336 406 114 233 385 162 246 331 383 84 334 486 281 383 354 399 165 325 118 447 390 136 542 323 514 278 507 40 6 44 66 83 37 79 0 32 22 72 350 388 342 382 412 348 353 403 138 154 154 158 156 116 145 170 143 152 122 143 143 173 192 203 221 212 202 
352 383 186 411 393 418 283 210 341 220 428 464 300 398 140 323 400 99 244 381 143 258 316 378 87 330 488 260 366 351 388 160 322 97 426 383 134 523 304 494 269 497 27 27 28 43 69 10 64 17 0 33 53 350 382 341 380 392 349 350 392 120 139 148 145 128 99 128 173 125 122 108 137 129 160 188 199 206 208 194 
365 393 210 434 404 445 292 231 378 246 457 483 333 420 137 357 435 114 241 410 185 230 331 406 87 348 502 300 386 376 413 173 346 137 461 396 161 543 337 520 284 520 29 35 65 81 76 44 90 22 42 0 72 365 411 372 405 427 371 370 419 135 163 169 168 166 135 152 187 159 162 145 158 152 185 189 219 234 236 204 
332 363 140 363 373 403 292 210 324 192 379 419 267 368 173 278 379 56 257 358 101 272 272 332 73 283 423 222 335 307 358 122 291 70 416 333 106 482 252 466 224 460 60 68 45 30 80 59 39 69 53 84 0 310 331 290 336 353 306 309 353 74 104 106 107 96 43 86 105 73 76 61 100 82 148 149 160 175 177 163 
131 200 214 108 229 227 330 264 44 180 178 115 46 143 358 146 110 261 365 132 252 453 246 54 350 50 191 225 50 22 130 201 142 249 162 204 227 207 134 154 102 174 370 365 327 313 364 336 321 349 361 378 321 0 60 32 60 55 20 40 41 255 230 250 254 234 268 259 247 272 251 276 246 258 250 194 180 174 171 193 
169 258 224 39 267 268 385 307 94 182 139 110 103 110 402 117 155 295 412 174 257 493 206 90 378 65 143 232 24 75 179 226 201 294 188 165 260 154 113 126 142 184 394 390 361 349 383 373 352 388 381 400 344 57 0 59 13 86 63 64 54 294 260 285 264 268 290 286 243 287 268 283 276 278 278 239 224 218 198 244 
136 208 199 101 251 251 339 254 64 167 184 139 51 134 359 118 131 247 351 141 217 436 228 83 335 27 176 212 39 37 149 182 166 248 181 188 206 204 110 168 88 193 361 338 320 299 366 328 306 348 344 367 307 26 64 0 55 70 35 9 60 258 223 239 248 220 271 249 227 247 239 260 246 238 246 202 184 163 153 198 
176 252 230 43 278 282 377 317 87 188 129 124 90 102 391 104 153 291 404 166 252 492 215 101 368 52 138 222 18 85 181 224 195 290 195 167 248 165 105 141 141 198 397 372 360 342 386 376 335 382 368 403 339 55 12 64 0 95 58 56 44 281 257 259 261 254 301 270 246 277 271 284 268 278 272 234 227 228 212 238 
120 198 271 112 203 212 335 282 52 236 202 89 100 173 383 179 78 311 384 112 295 476 287 45 390 96 183 275 79 51 112 254 152 298 129 241 262 196 180 121 144 124 407 403 392 348 425 385 377 398 405 423 354 64 89 85 88 0 73 83 34 304 277 314 315 291 322 299 279 315 299 318 301 295 276 235 230 203 194 236 
110 209 202 104 219 221 327 264 40 182 198 122 56 147 348 135 105 263 348 131 235 440 226 52 348 55 183 223 45 18 135 206 150 244 152 203 219 202 121 165 103 177 370 360 324 316 368 330 323 352 351 375 296 11 58 22 59 59 0 38 62 268 238 251 250 221 262 261 236 253 241 262 249 256 240 193 175 176 150 183 
143 213 204 98 242 244 336 272 65 153 170 136 45 140 360 119 124 244 350 138 234 445 213 79 339 30 173 208 30 46 164 201 170 237 175 177 213 198 109 161 103 198 368 347 332 300 349 328 301 347 350 370 308 33 56 21 50 82 30 0 68 261 222 253 236 216 267 235 219 249 243 262 238 234 243 204 192 182 164 197 
139 221 259 84 231 239 363 307 72 217 170 88 93 130 397 163 114 299 395 127 270 480 243 70 383 82 167 251 39 50 151 238 171 297 167 204 265 169 154 124 137 146 405 400 366 346 406 391 369 399 382 415 341 47 58 63 54 53 56 56 0 304 266 299 302 268 301 283 265 305 288 296 299 286 271 234 221 216 202 236 
298 351 71 299 366 400 307 228 266 123 319 372 230 307 220 214 342 73 287 315 45 324 206 290 90 235 364 148 278 273 333 85 277 61 374 252 88 420 208 406 190 422 128 129 106 95 122 117 68 136 115 147 77 264 283 245 271 315 267 250 301 0 42 42 47 37 29 17 52 18 22 19 21 15 168 140 162 171 149 159 
280 322 45 272 343 375 300 229 246 90 290 347 203 258 234 180 316 72 283 306 30 347 187 263 133 204 341 138 250 222 308 76 248 59 343 229 68 384 162 374 167 392 162 162 121 107 147 137 95 170 145 173 101 235 262 219 256 291 224 210 261 48 0 44 44 40 61 38 41 36 28 39 40 32 168 124 138 142 135 140 
311 353 63 295 377 395 338 245 275 112 284 371 214 283 240 208 353 92 310 323 31 363 178 293 99 221 355 127 255 257 345 105 287 87 379 232 92 407 191 403 191 432 153 146 124 116 133 135 93 154 138 176 105 264 265 251 276 319 263 236 285 31 40 0 17 52 65 20 28 31 40 53 21 39 178 162 170 174 165 181 
306 354 50 277 372 408 330 252 276 101 283 359 230 287 241 201 351 90 315 332 19 366 186 286 112 232 359 126 263 261 328 102 297 88 376 238 89 412 169 401 192 419 162 152 128 121 136 135 99 154 157 177 89 265 275 232 263 316 244 241 291 45 50 8 0 53 55 15 28 21 32 49 11 35 187 158 172 172 162 167 
263 303 58 282 345 361 286 206 234 103 305 350 200 280 218 206 314 50 275 297 54 313 211 268 130 195 355 169 244 239 297 66 253 43 341 255 57 390 186 385 156 388 148 134 126 102 139 122 105 150 145 152 86 239 255 213 255 287 230 222 265 35 26 59 48 0 50 38 60 45 37 50 40 38 146 124 118 145 118 127 
298 341 85 320 363 389 298 200 273 135 328 380 233 315 191 240 345 45 274 325 61 306 233 301 76 255 382 187 284 268 340 99 277 54 370 282 68 435 219 426 191 430 103 107 81 69 107 86 66 116 97 123 58 267 302 262 291 316 274 258 307 34 55 54 68 52 0 49 67 50 48 14 42 34 154 133 140 166 154 145 
289 343 63 295 377 389 311 239 270 111 308 363 227 274 228 209 332 85 292 321 17 335 183 291 114 217 358 140 259 261 335 106 282 80 370 241 83 418 194 399 189 417 139 154 105 93 128 122 81 154 144 153 89 254 282 238 261 297 251 241 283 26 25 24 24 45 55 0 39 25 13 41 8 18 169 144 167 167 161 162 
291 344 34 272 378 388 322 248 262 70 278 350 197 262 245 187 318 104 307 308 25 371 165 274 126 198 341 110 250 244 319 100 274 100 353 227 97 392 154 371 183 416 183 178 146 131 160 164 113 171 165 193 120 238 263 232 241 298 236 221 281 50 32 34 31 46 84 30 0 40 37 60 39 52 179 157 170 179 158 165 
299 350 68 293 372 388 320 233 283 125 297 379 223 296 218 210 348 69 297 332 39 338 196 295 103 238 362 155 268 264 329 91 275 59 371 255 88 407 184 402 200 438 138 136 104 85 128 111 85 136 117 143 85 273 279 258 285 307 267 247 307 21 47 36 36 45 43 20 54 0 16 29 18 18 169 148 159 168 164 164 
284 334 69 294 357 389 301 220 265 109 308 358 224 276 218 218 324 69 300 313 26 342 193 300 109 229 365 157 274 248 324 94 280 57 369 244 79 404 187 390 184 429 140 131 104 87 126 125 86 148 136 155 84 259 272 246 272 296 246 246 285 20 34 28 23 28 51 23 41 29 0 31 19 19 156 147 145 157 154 155 
302 332 71 315 370 380 295 215 284 120 315 378 226 297 197 228 339 62 275 322 47 313 219 311 87 247 375 163 288 255 327 86 269 43 381 262 77 423 214 412 190 424 129 122 79 80 118 106 64 127 115 136 67 273 282 262 291 326 265 259 309 16 48 41 50 38 26 38 65 24 31 0 35 30 163 149 142 170 152 151 
295 338 59 288 382 384 314 234 274 110 300 358 219 289 238 198 337 82 303 326 17 348 182 300 103 212 358 141 268 250 323 105 271 65 371 232 80 403 190 399 193 425 153 149 106 106 137 138 83 160 137 170 86 263 277 244 268 301 242 251 299 21 38 28 29 46 50 9 25 26 31 38 0 22 174 144 157 182 152 158 
286 343 69 290 375 386 304 220 265 115 309 372 219 288 213 204 325 65 290 326 30 335 186 283 115 217 358 145 266 258 328 92 279 53 379 256 70 416 187 404 174 428 149 130 99 100 126 114 82 146 128 163 92 256 265 240 266 307 260 231 286 15 28 42 35 45 37 12 50 17 9 29 15 0 160 134 145 169 158 159 
206 215 184 321 248 276 159 64 220 210 360 347 205 347 130 287 265 118 140 229 167 228 310 255 208 230 406 272 265 226 247 95 169 123 286 348 95 432 259 395 143 368 200 167 179 147 204 167 181 158 163 171 152 242 290 241 280 267 229 242 272 174 157 184 195 142 156 177 184 171 164 167 167 173 0 44 74 73 96 49 
182 211 141 280 229 254 196 99 193 160 330 298 165 288 168 232 251 106 185 203 143 270 269 212 198 185 358 240 235 183 212 75 154 98 259 293 84 384 216 345 101 332 196 175 183 144 225 170 167 185 180 201 146 194 248 189 239 247 194 191 235 153 134 164 163 118 146 144 160 150 142 135 159 150 61 0 25 41 43 30 
175 196 159 254 218 244 197 113 175 157 324 300 145 292 185 227 230 111 205 196 163 282 271 199 224 184 339 237 220 184 194 61 135 111 252 287 90 379 193 332 102 325 205 189 178 157 226 195 189 199 191 204 175 187 234 175 228 216 172 176 226 150 130 176 175 118 155 150 150 160 153 141 169 155 73 20 0 37 37 19 
148 197 159 253 202 236 179 116 171 183 314 272 137 287 189 236 209 122 206 185 174 292 286 192 232 164 335 256 207 156 180 86 129 124 235 301 108 365 199 318 90 301 229 212 212 184 248 203 209 212 199 223 185 187 232 171 208 208 163 185 213 162 155 186 173 139 162 180 182 167 162 162 171 160 80 41 17 0 28 35 
149 208 153 236 220 249 201 127 149 151 288 276 130 260 205 204 214 112 210 176 156 294 267 171 235 161 317 215 190 159 195 65 129 130 246 272 90 366 180 324 72 311 229 218 203 169 238 196 203 215 199 231 173 159 212 154 212 213 163 172 198 161 127 157 175 130 143 152 158 149 143 152 147 147 82 52 36 26 0 38 
162 200 152 264 220 252 185 107 181 173 321 299 145 288 179 247 231 107 190 208 153 267 281 212 211 186 353 242 218 192 204 76 142 125 258 306 82 394 203 350 114 328 223 190 187 160 230 189 188 187 183 210 164 194 241 197 225 232 187 194 243 158 148 185 171 135 145 164 167 155 146 148 173 159 60 18 25 22 40 0 

Depot information
160 339 1
162 421 1
350 163 1
118 144 1
153 446 1

Cust information
125 447 21
343 482 18
344 395 18
152 264 19
304 146 17
135 53 25
41 234 17
194 240 23
136 89 22
466 386 15
211 111 22
98 315 23
403 247 18
401 468 18
132 344 24
379 172 25
498 496 21
279 40 18
127 270 25
491 188 16
182 199 23
61 78 24
314 72 25
141 195 25
159 245 16
128 353 25
345 247 19
199 363 23
400 239 23
81 362 16
202 41 22
366 248 15
5 100 19
226 133 22
8 189 21
237 261 25
3 310 19
513 247 25
499 265 23
480 236 23
455 248 24
513 208 15
487 252 17
465 212 23
500 270 16
493 258 24
515 270 20
455 229 25
153 228 19
130 181 24
166 215 16
136 180 21
108 251 21
159 231 22
165 212 17
116 218 19
406 189 21
374 188 19
395 164 23
393 164 21
377 208 16
417 209 20
396 176 16
373 162 19
403 182 19
395 187 22
411 200 21
393 174 19
395 186 17
357 337 19
329 303 17
315 301 21
300 309 23
298 287 23
320 311 22
