Seed 123 - Instance: n80m20_1
n 80
m 20
Q 173
L 0
U 1000

0 126 496 303 216 363 356 437 383 520 68 57 247 412 344 244 115 402 395 265 265 352 47 493 223 378 356 194 78 277 201 425 108 248 336 489 31 469 381 25 125 104 107 138 393 395 106 383 309 116 402 382 336 285 385 447 228 218 57 95 176 179 186 125 136 190 111 156 133 553 574 541 521 519 542 575 532 543 544 543 548 550 537 542 67 81 114 93 47 63 90 66 93 85 287 290 257 259 250 265 
115 0 549 410 241 349 430 449 458 538 165 92 314 386 387 317 104 454 347 342 361 437 99 537 303 316 457 239 85 233 303 418 128 228 396 533 133 536 386 114 230 175 73 146 473 502 194 374 336 101 404 367 441 312 462 444 211 319 73 40 287 282 296 244 252 288 222 257 249 587 599 598 561 544 587 608 579 591 568 591 584 578 577 568 61 92 62 46 115 82 49 48 33 55 333 345 299 301 297 309 
497 564 0 360 335 316 166 177 133 118 438 504 256 347 230 258 611 112 455 289 276 220 526 107 320 500 318 323 484 426 436 336 598 393 191 101 483 43 306 509 425 403 480 442 140 289 398 298 264 465 279 272 298 259 256 251 400 380 511 519 417 417 403 423 481 452 460 406 426 95 116 125 112 94 102 118 86 129 116 130 91 96 126 117 506 493 518 525 491 485 535 514 550 514 230 236 271 257 285 260 
307 422 365 0 326 441 218 414 255 427 270 336 215 486 378 208 401 292 557 124 129 151 343 424 139 583 79 287 353 458 142 505 381 413 189 397 297 354 437 316 200 293 366 339 230 117 230 435 351 350 458 428 63 319 126 468 412 103 343 376 132 141 135 197 195 155 206 178 174 432 458 452 449 437 441 475 430 468 450 463 438 449 467 457 363 355 380 392 317 344 381 361 389 367 280 278 294 304 244 299 
218 234 341 325 0 171 260 246 263 333 178 198 149 213 163 150 306 251 243 234 224 288 240 321 204 244 336 63 177 133 300 239 309 91 220 300 207 318 182 222 221 104 155 98 278 366 154 166 116 128 204 174 326 108 326 244 96 266 213 203 260 248 254 208 276 302 254 220 217 367 379 371 349 332 375 378 357 359 354 370 355 370 369 352 189 165 177 210 188 176 215 214 213 195 136 130 81 88 104 106 
367 359 312 442 173 0 305 139 279 241 332 340 249 63 113 262 436 269 142 333 334 355 379 234 329 203 437 203 319 149 433 73 454 147 289 239 358 279 27 377 355 271 296 247 318 443 299 49 104 269 66 51 423 127 411 110 165 401 359 340 414 395 388 362 419 436 414 368 369 299 301 296 277 270 295 312 288 279 275 282 309 296 284 278 334 310 307 341 337 321 344 354 350 339 177 179 167 169 210 169 
362 423 164 216 247 291 0 232 48 240 291 375 125 344 211 121 456 80 418 127 121 72 391 219 162 462 169 204 358 361 279 343 453 306 45 202 330 158 297 370 274 282 360 315 31 168 256 285 208 346 297 279 169 179 110 284 327 229 387 391 274 248 250 264 313 309 315 237 257 254 266 268 233 238 252 262 238 263 244 275 230 254 265 244 389 350 392 401 356 366 386 383 413 382 128 142 184 182 151 171 
440 451 182 412 243 146 228 0 202 102 378 417 239 171 87 251 517 173 277 312 297 283 455 104 328 338 381 243 395 276 447 164 534 248 245 117 414 166 127 446 392 333 384 338 232 386 334 127 127 365 108 121 383 164 346 70 269 412 431 442 435 397 404 383 461 466 442 381 408 160 172 156 135 131 152 179 143 149 133 138 161 161 144 126 411 400 402 439 406 407 440 443 437 418 155 155 188 185 206 168 
388 460 141 259 248 288 56 190 0 205 329 385 131 309 191 149 488 43 413 172 167 114 413 180 204 447 213 218 375 358 320 326 474 313 62 157 363 120 258 408 296 293 382 321 33 201 276 269 196 356 268 252 202 181 152 243 328 264 417 408 295 288 285 288 349 345 337 271 299 206 228 210 194 192 203 223 199 233 213 237 194 206 213 203 394 363 409 423 370 375 405 420 427 415 141 146 176 181 157 170 
514 550 121 424 324 250 240 106 186 0 463 508 288 248 190 286 615 166 380 353 330 294 550 28 359 425 392 332 485 389 493 254 599 361 259 30 487 106 232 518 453 415 481 431 216 372 406 227 220 450 200 212 382 241 332 156 365 441 513 511 474 456 464 459 500 516 507 436 455 58 65 59 29 33 53 67 43 48 41 39 59 45 54 24 496 474 506 524 496 482 518 531 534 511 217 226 260 259 289 260 
71 160 448 251 170 322 299 384 331 457 0 79 198 372 305 184 174 332 387 201 214 294 97 444 162 381 306 148 102 256 151 393 156 212 274 434 59 418 350 78 88 71 126 114 326 359 46 343 261 106 363 341 277 246 321 408 217 174 105 125 154 137 133 86 124 147 90 110 91 480 501 491 473 466 502 516 483 494 483 504 479 487 497 484 111 96 139 140 61 88 120 123 146 122 230 229 196 215 178 222 
57 86 513 332 196 334 373 414 390 496 81 0 259 382 339 267 103 410 359 278 289 368 54 487 230 352 376 195 38 230 236 409 108 211 347 484 69 464 360 48 155 102 72 114 396 426 133 362 292 72 393 357 356 273 401 422 202 247 25 55 215 208 217 171 176 220 162 186 169 531 564 541 533 517 550 557 515 533 528 549 536 534 547 533 25 52 81 64 30 29 50 35 72 45 298 296 250 254 243 261 
253 317 266 222 156 253 117 224 132 293 200 254 0 292 178 33 365 161 351 115 93 147 278 267 111 378 208 92 248 275 221 296 348 220 94 252 246 221 250 264 181 169 258 205 157 224 143 246 155 231 268 217 192 127 188 261 235 189 283 283 208 194 177 168 237 233 219 165 180 304 333 312 298 289 312 335 302 316 311 312 311 304 318 305 275 241 276 289 239 255 279 281 307 280 85 82 92 99 49 94 
400 381 338 488 206 45 344 164 319 268 369 373 278 0 146 305 481 297 125 387 383 398 414 255 376 180 482 249 355 185 477 45 493 179 333 263 409 309 68 427 419 309 339 282 340 493 336 66 153 317 62 80 456 190 448 121 191 445 391 376 457 433 443 400 462 486 446 416 425 309 321 293 275 269 293 305 290 279 276 280 323 297 291 284 367 341 336 364 382 364 387 385 379 363 234 217 215 207 258 207 
351 381 232 361 158 100 210 85 182 181 306 333 164 147 0 191 438 159 245 275 260 256 371 167 273 288 343 156 315 223 376 143 447 174 200 182 343 201 83 368 316 240 311 250 224 370 270 82 51 280 100 78 330 69 311 107 201 343 357 356 364 348 352 312 390 395 375 317 335 222 254 231 203 183 219 255 204 220 210 217 234 235 225 213 348 306 329 360 332 312 358 345 357 339 93 103 110 107 150 100 
251 316 254 191 149 249 125 233 145 294 199 264 21 299 178 0 356 167 370 90 86 135 277 282 85 384 188 103 247 290 205 329 341 232 83 258 242 242 261 274 167 168 265 217 140 213 139 259 172 244 265 242 172 122 183 285 252 177 271 281 194 170 183 163 219 231 222 152 182 315 341 331 299 296 317 334 295 324 314 337 311 307 318 307 275 241 288 293 237 243 279 284 315 281 82 91 105 109 70 104 
112 98 607 403 307 436 465 532 495 597 177 111 348 480 438 349 0 504 451 355 380 444 87 586 325 413 454 303 135 311 281 492 36 312 435 586 122 582 450 92 226 208 161 204 497 507 225 451 391 171 493 456 441 388 486 529 291 308 95 109 276 282 261 226 211 258 193 236 225 637 658 639 621 603 645 670 624 642 633 645 633 638 645 621 106 140 132 107 136 130 108 100 90 105 382 389 354 351 339 360 
399 464 117 289 249 251 75 172 38 161 342 404 156 291 165 155 508 0 400 205 190 142 430 152 231 427 254 233 382 349 354 288 484 312 98 134 374 80 250 409 309 299 393 338 81 238 291 229 184 361 251 231 240 171 194 210 316 285 420 436 333 319 308 315 360 357 373 309 319 177 201 189 169 162 191 190 169 199 190 195 173 179 184 169 402 381 406 418 372 386 423 420 445 423 124 140 166 172 179 168 
396 351 448 560 227 153 435 285 410 378 375 372 366 120 238 365 448 395 0 453 441 478 396 376 436 76 552 293 326 142 519 140 460 165 419 374 404 425 155 403 435 311 318 286 444 580 374 179 225 304 174 178 544 246 521 223 186 508 368 345 496 472 473 435 483 509 477 436 439 427 427 413 392 394 419 432 407 396 398 394 425 422 392 387 357 331 321 352 368 354 358 355 349 350 314 303 279 274 318 273 
255 343 307 113 237 344 133 321 168 357 206 278 113 377 276 91 360 206 453 0 31 96 290 332 55 479 131 168 276 354 148 407 347 309 104 320 242 278 328 265 141 196 293 259 164 158 169 342 254 274 364 324 112 217 140 363 305 103 285 308 144 121 126 152 178 180 183 134 138 358 383 375 367 354 370 393 357 375 363 377 348 378 385 364 290 273 314 311 251 283 314 302 323 299 170 178 168 189 151 193 
278 353 278 133 225 329 111 307 168 347 212 287 103 370 250 79 362 188 454 30 0 86 312 316 63 460 114 177 293 346 181 389 363 297 104 304 246 270 334 290 166 208 294 262 147 151 174 327 247 271 354 321 101 207 115 349 311 117 305 317 152 134 132 158 202 195 197 149 152 353 375 357 352 327 364 378 346 374 350 370 339 363 365 345 299 277 321 335 269 289 319 306 341 312 171 161 171 186 135 185 
354 442 220 155 271 343 74 299 113 289 286 371 146 398 267 127 457 154 470 92 90 0 374 295 149 510 102 226 369 400 244 400 435 343 72 275 337 198 343 362 242 272 367 338 90 115 245 336 262 358 346 315 100 223 73 334 365 177 380 391 226 210 209 245 283 252 285 223 234 311 330 310 302 298 313 335 289 335 323 325 283 307 327 313 382 355 400 410 348 346 387 392 417 387 183 189 197 214 193 209 
39 96 537 343 243 380 388 469 416 546 99 50 278 430 383 294 88 423 396 301 306 380 0 534 261 387 380 223 80 275 230 435 76 259 369 514 58 506 406 40 161 134 102 146 423 434 139 394 343 125 422 390 376 315 409 463 239 262 41 79 209 225 217 156 163 206 141 179 181 568 599 576 559 544 582 590 552 576 578 574 570 568 567 560 74 83 104 77 64 64 69 53 69 78 335 319 278 296 280 289 
495 532 111 425 310 251 232 112 187 16 455 494 280 257 170 270 597 152 359 345 317 292 535 0 355 432 382 310 482 382 488 251 593 337 244 30 493 107 215 526 447 395 472 417 205 376 399 217 223 438 199 207 382 230 323 161 355 435 501 501 454 446 447 431 494 487 491 421 440 65 78 66 33 26 68 79 62 63 55 55 62 67 50 44 501 470 493 506 488 476 512 506 517 499 215 219 268 254 261 235 
212 321 332 133 215 337 157 321 208 363 155 229 94 365 274 99 312 234 429 60 65 132 257 358 0 451 152 155 246 330 145 390 312 268 148 335 203 298 338 230 104 173 248 214 197 199 121 333 232 230 347 317 131 199 169 367 290 100 254 277 108 90 92 111 156 158 157 98 98 387 417 394 389 365 404 404 376 394 397 407 373 391 399 390 255 233 285 289 216 233 264 263 297 261 166 175 174 191 133 174 
376 332 491 563 252 199 466 330 451 425 377 338 374 185 277 393 407 442 70 480 467 504 382 434 451 0 578 295 311 135 526 190 445 177 461 429 394 465 211 392 439 320 298 275 490 597 372 227 257 293 239 224 566 291 565 297 179 521 349 326 510 489 494 434 481 510 473 450 453 487 481 468 463 448 482 488 475 459 463 451 483 479 466 450 321 319 290 310 354 321 337 341 328 330 342 328 317 303 344 306 
350 442 316 71 350 435 175 378 205 384 302 384 208 485 354 200 448 248 555 111 113 103 380 386 159 586 0 282 381 473 197 496 420 412 160 366 332 306 427 365 225 317 407 373 178 75 278 416 348 372 444 413 35 313 66 436 419 139 389 420 193 183 199 236 254 208 253 211 219 391 419 402 398 376 396 412 377 417 409 429 393 399 423 413 398 380 417 420 346 368 421 398 427 411 263 274 279 297 262 295 
190 235 329 281 61 193 221 243 228 332 147 189 106 244 170 103 293 219 284 170 185 228 218 321 146 308 297 0 176 185 249 260 291 137 190 309 184 303 206 210 178 91 171 118 245 322 112 207 122 147 240 194 269 101 284 257 153 228 212 215 229 203 216 165 237 254 216 168 174 365 374 359 346 329 360 371 343 371 353 360 361 365 363 342 196 165 205 212 187 183 212 210 217 192 103 107 64 79 59 88 
76 79 491 361 170 303 356 398 372 477 107 50 262 349 328 258 130 396 329 281 288 366 91 476 236 305 397 167 0 195 246 380 137 175 331 460 88 462 331 82 184 91 38 73 397 430 141 322 275 55 359 320 370 259 399 395 166 267 49 49 230 231 232 169 200 248 180 205 190 524 553 527 498 498 520 543 503 516 508 532 533 530 518 503 20 13 41 38 47 17 51 54 69 34 278 270 234 250 233 245 
275 236 433 448 130 150 359 280 355 379 263 235 273 180 220 292 319 355 148 344 349 397 276 373 316 136 463 191 207 0 389 190 339 57 345 369 279 408 177 285 324 195 186 144 385 495 243 176 177 174 206 187 440 182 441 266 46 390 244 233 387 355 354 322 367 406 355 327 331 436 438 424 419 392 430 443 419 418 420 408 430 421 418 408 229 202 187 211 247 207 224 231 223 214 239 227 204 198 233 197 
187 311 447 151 301 442 279 455 328 485 164 227 215 482 389 215 272 350 525 165 171 233 220 479 134 529 202 247 254 392 0 502 240 345 266 463 167 421 431 191 96 210 263 273 301 266 163 434 343 266 459 419 196 326 239 471 360 70 248 270 42 44 53 94 76 37 74 95 82 519 537 521 503 480 512 542 503 532 507 522 499 504 530 506 263 243 286 283 203 227 266 252 276 266 290 300 274 302 256 282 
432 413 328 499 230 70 355 153 318 243 403 409 301 43 153 321 500 308 140 407 396 411 438 243 393 200 485 275 378 200 501 0 521 194 336 259 433 313 84 443 430 328 364 313 361 499 368 78 155 331 77 89 485 203 459 106 213 472 411 393 477 471 465 429 481 516 466 432 443 305 312 294 276 265 291 309 293 280 272 270 311 295 280 269 398 380 360 397 397 376 396 416 407 389 229 240 247 221 262 218 
115 125 599 370 306 449 455 518 468 614 168 126 357 477 449 358 39 486 458 349 363 433 80 600 301 447 420 284 136 336 242 506 0 309 423 579 128 560 464 89 197 218 160 217 484 490 209 472 410 173 494 452 418 378 461 540 315 296 110 127 252 255 244 204 187 233 170 224 218 637 671 637 634 605 653 658 631 650 636 654 631 636 632 635 136 154 165 121 123 128 117 111 119 125 392 385 339 355 335 363 
248 221 391 413 85 148 314 266 311 360 228 211 229 187 180 236 307 309 173 311 290 342 257 344 266 186 419 136 192 53 358 203 316 0 307 338 251 361 153 246 279 166 163 112 332 445 207 173 145 148 208 167 392 146 393 250 19 334 231 216 338 327 321 271 324 351 294 267 286 390 421 387 382 355 407 419 375 393 394 388 402 392 382 383 212 174 173 210 214 185 210 225 213 193 184 185 151 144 168 155 
341 416 198 185 233 294 40 242 76 242 271 342 97 337 207 93 440 93 428 111 106 65 369 243 132 443 163 196 349 352 262 342 421 295 0 221 313 172 277 351 231 257 342 291 74 166 237 272 203 310 301 276 157 184 124 293 321 201 367 376 248 228 223 243 290 264 291 220 235 269 293 278 259 237 276 301 241 288 278 278 264 259 289 260 363 338 374 382 319 324 377 373 395 358 126 121 163 161 130 145 
497 523 93 411 303 245 195 105 164 31 426 474 250 256 171 254 576 140 375 311 308 276 528 29 332 432 359 296 464 379 462 266 595 353 214 0 466 89 217 503 434 383 453 398 191 336 390 219 208 426 202 200 354 229 307 158 353 411 504 509 450 434 426 417 472 485 477 413 439 66 90 76 60 42 78 88 49 84 53 70 77 75 61 66 486 459 475 509 471 475 495 507 513 502 207 205 256 242 253 225 
24 132 491 291 217 367 331 431 361 507 53 69 227 403 333 232 136 370 393 248 241 322 68 478 199 381 340 185 89 270 177 428 132 249 306 466 0 451 381 39 113 101 107 136 371 380 103 367 310 112 395 365 323 268 355 442 225 199 77 106 159 166 168 101 126 167 100 132 125 537 556 534 522 501 537 557 507 538 522 535 522 531 539 515 87 96 133 104 47 82 105 81 120 105 285 267 241 245 224 262 
482 519 40 336 308 282 153 151 116 106 418 478 229 314 195 235 567 86 430 277 265 203 511 104 292 464 310 289 452 398 424 301 558 365 169 73 463 0 271 498 402 374 456 405 128 275 378 251 223 431 252 248 286 221 235 216 383 369 494 503 395 380 395 390 450 438 441 387 393 95 125 116 108 106 109 133 98 132 121 141 97 105 129 128 487 450 479 507 452 467 496 484 505 477 198 189 248 232 249 219 
386 384 294 443 169 28 298 120 261 235 341 356 241 52 96 255 449 248 161 338 340 350 404 229 337 218 426 211 336 180 433 69 460 154 285 233 368 261 0 384 377 275 314 260 292 442 307 16 105 292 40 34 423 136 390 92 177 412 374 368 426 401 396 364 424 441 405 369 371 271 286 257 260 232 278 280 271 253 258 261 273 280 263 249 357 328 327 350 341 334 370 372 376 357 178 179 167 157 212 161 
25 107 512 323 222 378 380 451 400 527 89 62 264 424 366 261 90 405 403 279 290 362 43 516 238 395 366 223 93 290 195 435 95 257 339 514 48 492 396 0 137 133 106 148 411 421 129 385 322 127 421 379 341 305 393 449 237 225 52 89 200 189 180 137 144 191 134 166 155 565 591 567 553 532 569 590 554 573 554 570 547 562 552 552 77 86 115 90 61 65 86 71 86 76 304 307 262 289 256 279 
118 232 424 183 209 356 262 400 291 453 77 153 182 419 312 182 224 320 445 146 157 232 162 449 116 438 229 174 175 309 84 435 216 282 227 422 111 398 369 136 0 126 199 176 295 284 82 367 291 191 408 360 215 255 255 410 267 111 166 209 80 57 60 9 63 89 56 25 13 473 505 496 469 462 483 510 466 487 477 483 474 475 487 482 189 171 215 214 131 159 185 191 209 187 247 232 215 224 183 224 
107 165 413 292 113 274 286 326 303 404 84 111 170 309 244 170 199 312 323 214 217 279 147 404 163 320 319 95 90 189 203 338 202 154 242 378 114 375 285 135 132 0 112 72 301 360 61 269 213 81 305 273 301 174 315 348 158 220 123 137 199 181 180 138 176 212 166 138 145 444 460 450 436 423 458 466 429 439 445 438 449 436 451 434 112 80 130 130 98 85 125 117 153 114 199 190 142 155 135 174 
99 77 498 380 163 307 361 397 385 474 129 75 254 341 302 268 151 397 305 292 305 380 107 478 267 285 398 174 33 173 283 362 168 155 352 458 114 449 312 110 190 110 0 60 389 459 153 319 271 34 355 317 382 244 419 396 152 290 83 49 252 256 258 189 221 273 201 206 214 515 533 521 495 490 521 532 501 517 512 509 523 508 521 510 58 30 23 45 76 56 52 60 61 41 280 259 229 236 219 244 
136 130 443 346 113 254 314 332 321 418 114 99 207 293 244 214 209 334 288 253 272 334 136 415 213 272 369 122 70 151 265 308 220 123 284 401 125 401 252 149 193 61 59 0 355 406 114 255 210 33 298 259 362 199 369 324 122 262 130 109 247 240 228 175 224 262 212 193 205 455 490 457 451 421 469 481 454 451 443 451 468 456 463 439 100 74 88 105 92 77 109 108 128 103 211 219 176 182 173 174 
389 456 153 218 283 304 34 221 50 210 326 406 156 350 225 144 492 76 447 169 140 80 416 202 199 481 182 230 387 382 312 349 474 338 58 197 370 138 303 404 290 315 405 353 0 176 292 295 226 379 306 286 174 197 129 279 349 247 423 426 301 281 286 289 348 335 331 273 296 229 253 233 230 219 235 247 214 247 238 255 208 220 232 234 418 381 430 428 378 383 434 424 439 408 163 154 199 202 182 181 
413 501 275 127 381 462 173 391 201 368 352 429 233 494 372 217 496 235 575 170 158 101 444 366 207 603 76 324 434 504 259 502 473 443 176 341 390 269 437 410 285 358 452 418 160 0 321 434 355 434 457 429 84 322 55 447 447 212 435 457 259 243 237 292 298 272 322 264 269 360 388 385 383 359 375 388 368 397 395 397 356 371 394 381 440 432 461 472 406 417 467 449 483 463 280 283 303 322 290 298 
111 201 406 241 148 303 260 340 287 405 47 119 156 340 263 152 220 293 359 171 165 244 145 400 123 368 266 106 121 255 163 368 205 207 226 390 105 365 313 141 76 63 149 110 292 325 0 306 224 115 330 306 255 205 275 369 211 169 135 170 140 139 118 84 143 166 117 89 102 451 470 455 427 417 445 462 430 460 446 461 430 447 450 431 133 131 164 158 99 125 163 148 183 144 198 191 158 178 140 185 
372 377 283 441 178 36 284 122 251 215 336 357 243 68 79 240 461 244 162 330 322 330 390 203 322 219 433 211 335 175 433 89 468 160 271 210 373 253 19 390 363 280 310 262 297 432 307 0 87 291 50 30 405 125 395 80 180 394 366 356 408 385 395 364 434 442 415 369 372 271 271 254 256 235 265 271 264 249 242 250 273 273 255 242 350 315 327 349 345 344 362 363 361 354 169 159 167 155 192 167 
321 326 268 345 112 94 203 135 197 226 263 291 160 156 47 169 405 185 230 248 247 260 330 207 240 255 351 138 285 172 356 164 404 138 205 216 309 225 105 333 293 200 259 216 225 366 230 90 0 245 131 75 340 54 313 132 171 329 312 315 326 304 313 283 337 361 330 288 290 262 278 260 253 224 276 284 262 257 248 267 264 268 264 247 300 273 286 318 291 274 310 316 313 302 99 79 86 65 109 67 
116 113 468 343 145 265 349 355 362 446 120 86 239 303 276 231 178 365 307 276 287 341 123 444 236 281 371 144 52 166 255 340 175 149 313 433 116 428 292 110 190 73 28 38 372 416 120 294 230 0 318 294 357 232 387 362 134 261 83 83 251 241 229 188 215 250 195 193 190 492 505 484 476 453 483 509 466 485 476 480 491 490 491 481 63 43 52 72 75 50 80 86 91 71 251 237 201 206 207 204 
402 404 276 459 206 67 286 96 276 210 372 389 267 59 109 271 481 246 185 356 339 346 430 187 350 244 445 233 370 210 472 75 499 194 289 211 406 254 39 420 398 309 340 296 310 443 333 35 128 319 0 39 421 149 402 62 209 422 400 385 447 417 417 390 456 482 442 397 416 243 248 245 222 213 250 266 231 236 221 219 247 250 222 223 376 352 359 385 387 367 397 392 409 396 190 199 196 185 229 176 
382 368 277 438 171 43 271 121 255 216 338 343 223 73 80 241 451 222 186 324 308 323 385 206 316 234 411 197 320 194 429 98 460 161 256 215 358 251 25 382 350 279 321 257 278 426 294 31 93 291 52 0 390 119 387 82 176 404 364 354 403 395 378 355 416 429 404 351 377 259 269 257 232 220 262 266 254 243 239 239 267 262 249 231 357 328 332 352 340 341 353 368 362 343 166 150 167 140 181 157 
329 433 297 64 315 428 153 369 204 393 286 365 195 464 333 182 425 230 529 111 95 94 378 375 136 558 15 264 377 453 180 478 415 403 154 364 310 296 413 347 226 308 396 353 172 79 253 404 327 374 438 394 0 301 80 434 397 128 385 399 176 180 174 210 230 215 257 202 218 379 402 399 394 367 396 408 382 422 398 413 381 393 407 399 392 365 404 417 335 367 396 381 418 388 254 256 261 276 231 263 
291 315 249 316 97 145 177 156 175 235 239 281 114 176 70 126 371 172 251 216 203 239 324 226 202 278 322 109 263 189 318 191 386 148 167 217 281 232 133 307 257 178 242 197 210 335 203 137 35 232 160 126 301 0 277 178 158 295 305 286 292 277 288 247 307 331 291 242 265 275 302 280 269 239 282 302 251 266 260 275 274 277 263 266 284 253 270 296 273 268 301 299 304 279 65 48 61 27 90 34 
380 481 240 139 328 413 111 341 164 344 328 401 186 444 317 174 471 195 522 120 113 67 420 331 180 568 64 288 399 441 249 466 470 391 114 312 354 246 389 383 260 321 415 364 121 62 277 396 317 397 409 383 82 293 0 398 411 190 407 441 244 227 232 266 297 259 288 237 255 330 353 343 327 335 342 356 333 363 341 369 313 338 358 351 425 399 431 440 375 385 424 420 452 423 231 232 270 266 237 266 
448 447 233 461 231 106 275 69 251 157 406 430 261 118 103 286 518 224 232 365 354 351 475 142 352 296 438 265 403 264 470 110 537 248 276 170 425 224 95 449 411 333 392 341 285 434 360 86 140 357 67 95 425 164 384 0 261 448 450 431 452 436 430 414 471 497 455 416 418 202 203 185 190 170 189 218 183 179 182 166 218 194 187 176 416 386 407 428 422 411 430 436 436 420 204 187 207 206 235 210 
244 219 403 413 85 163 322 277 322 362 222 196 233 193 190 244 288 321 170 313 306 369 237 355 276 184 421 151 174 54 344 225 301 37 311 364 245 389 177 242 273 150 154 104 352 451 205 180 166 135 208 182 408 166 411 263 0 336 208 189 334 316 324 279 314 359 308 281 279 424 427 416 388 373 417 435 395 411 409 398 417 425 415 389 182 176 162 198 196 193 203 199 215 188 201 208 165 165 178 167 
216 325 390 106 267 403 222 395 264 438 171 245 194 461 345 167 312 305 501 94 121 175 256 437 93 504 140 221 278 391 61 467 301 332 205 405 199 369 407 242 107 212 280 265 256 199 160 409 328 279 427 396 142 284 181 437 337 0 267 293 64 44 64 109 117 95 114 77 100 457 486 470 450 441 473 482 440 483 472 482 447 472 464 451 277 254 317 296 224 264 281 289 302 279 258 261 234 251 212 253 
57 74 522 342 221 358 388 446 401 513 99 36 270 396 362 269 101 414 379 302 306 378 43 514 254 353 395 214 49 254 240 420 107 233 365 505 71 499 373 52 162 126 76 127 417 441 141 369 318 90 410 378 372 302 408 442 210 269 0 40 222 237 214 182 183 231 167 187 175 558 572 555 544 519 570 589 534 550 557 557 555 548 552 540 43 46 67 58 49 55 42 25 43 29 309 311 265 274 259 285 
80 55 536 390 207 335 399 436 413 522 138 47 282 385 346 291 97 430 343 324 330 392 78 510 268 335 425 202 55 232 275 398 130 201 363 502 111 497 349 96 197 141 60 109 430 477 165 360 318 90 395 357 411 300 427 430 199 295 37 0 252 260 261 197 216 264 188 213 214 553 585 560 533 536 557 581 549 558 561 568 551 550 551 543 30 58 36 19 61 62 22 15 33 28 321 303 274 278 263 286 
188 284 421 134 265 406 264 433 306 463 153 218 210 457 354 193 278 329 490 141 162 219 225 465 113 496 194 221 250 384 37 489 249 323 249 440 165 394 422 193 67 202 263 241 291 245 152 403 324 242 435 408 175 296 240 466 330 48 237 259 0 38 30 78 68 43 83 69 70 482 526 506 481 475 504 508 482 502 487 520 489 485 501 487 232 221 276 273 198 224 245 247 278 253 277 275 243 281 220 259 
186 283 407 145 258 401 242 402 292 451 147 218 190 446 337 170 285 304 476 116 126 208 211 446 97 493 189 202 239 366 44 468 252 318 224 423 164 382 404 192 70 175 250 236 268 247 130 396 313 239 427 394 169 282 226 443 321 52 230 264 36 0 24 56 72 59 96 43 63 473 487 484 465 445 470 505 449 480 477 481 461 465 489 477 234 233 273 261 203 213 254 239 266 239 260 258 224 252 209 247 
174 280 411 137 251 395 247 402 286 454 133 204 182 447 348 167 273 319 479 130 140 210 218 449 97 484 191 199 233 367 54 463 257 311 222 420 151 379 397 189 65 186 239 237 279 236 127 404 317 224 418 379 178 272 225 435 309 46 223 257 31 20 0 54 75 53 70 52 40 468 507 481 461 461 492 500 470 493 474 500 467 488 496 476 233 228 260 253 189 218 243 229 259 248 250 247 239 247 200 253 
122 235 422 191 212 368 252 382 290 459 85 170 174 411 314 175 237 312 439 140 152 231 174 434 100 435 235 165 171 316 82 429 200 276 225 420 110 381 366 133 15 118 188 179 295 275 72 357 285 183 404 356 210 254 264 416 281 97 182 200 64 57 72 0 66 99 59 22 17 479 506 488 457 447 478 508 449 480 483 497 460 469 476 460 173 173 205 208 131 154 197 181 212 194 244 232 199 229 183 235 
135 246 474 196 273 428 315 451 355 512 121 168 232 466 382 219 210 369 488 187 203 269 160 495 160 480 248 234 211 376 75 483 198 322 281 491 113 441 436 135 60 175 226 218 341 305 135 418 352 224 447 421 235 313 291 472 323 105 184 215 68 70 82 78 0 48 36 70 58 533 550 547 516 508 535 567 526 555 539 557 523 529 539 536 206 193 247 216 159 193 205 210 232 214 301 302 263 295 237 293 
190 285 468 155 304 448 302 465 338 506 161 221 230 490 396 220 266 363 521 171 192 254 220 502 143 510 210 255 242 408 30 517 240 345 268 475 169 444 450 183 91 207 258 269 323 284 164 451 364 261 468 426 199 328 271 480 360 92 234 258 42 68 68 101 62 0 72 98 69 531 559 543 513 505 534 561 507 552 541 538 529 531 533 532 241 241 289 275 196 224 247 238 265 243 296 297 274 307 262 298 
128 233 465 210 260 396 312 439 350 495 90 149 231 449 374 222 198 369 474 189 207 288 159 480 155 469 254 216 192 344 83 476 171 294 273 467 94 438 409 116 63 166 200 202 340 324 126 403 325 187 440 394 239 296 308 460 305 120 157 190 86 86 81 52 32 67 0 70 64 523 541 525 506 502 521 540 503 531 531 538 524 521 530 519 176 175 224 198 147 170 199 181 212 180 285 277 250 274 239 284 
153 251 411 167 212 371 253 381 288 444 91 175 162 413 305 155 236 303 435 132 136 228 180 432 90 440 220 180 201 318 91 431 239 268 225 408 134 379 368 171 33 135 211 195 284 259 91 367 274 185 402 364 198 240 235 419 282 85 185 224 56 54 59 28 80 96 69 0 22 464 494 482 453 434 463 486 455 485 462 469 458 455 460 455 205 181 239 219 160 185 222 209 225 207 223 227 213 213 188 230 
141 238 423 188 236 380 267 408 290 446 89 170 177 412 326 165 237 328 445 136 148 239 183 455 113 461 225 187 197 333 84 431 209 290 230 431 112 393 386 152 15 147 204 202 285 288 98 375 303 192 405 367 216 265 248 435 287 93 172 201 61 51 46 18 57 84 57 37 0 485 494 498 461 465 487 507 463 495 487 499 470 474 482 472 190 183 222 214 142 166 201 196 223 191 244 238 229 242 194 239 
542 596 90 441 358 297 247 164 206 63 496 533 315 317 226 321 643 181 431 362 359 295 579 72 396 477 403 363 529 427 522 296 640 390 274 75 522 100 276 568 475 444 512 463 228 365 446 264 269 483 260 269 395 281 338 204 412 460 565 559 493 465 478 465 524 528 535 467 490 0 32 32 23 43 26 41 29 38 32 52 16 23 29 46 541 524 535 567 518 534 550 557 571 558 265 271 310 293 322 294 
560 599 125 461 394 307 276 173 230 74 514 558 339 322 240 340 663 203 439 382 367 334 600 78 411 486 423 388 553 452 525 299 671 416 284 94 559 129 287 574 509 474 529 477 248 401 473 281 288 509 254 277 414 301 361 220 433 487 581 572 525 491 493 505 556 542 550 485 509 27 0 30 51 54 36 4 55 37 50 51 50 32 32 56 563 543 568 570 542 538 572 582 596 578 271 281 317 320 333 303 
549 592 111 461 360 292 262 153 211 42 490 554 321 295 222 321 645 191 409 374 356 323 579 61 406 472 406 356 519 437 533 288 648 401 275 70 528 112 258 564 478 456 528 456 241 388 449 257 274 488 249 250 396 278 346 186 423 473 552 563 507 483 493 490 542 547 533 478 481 25 33 0 27 41 10 36 30 23 19 26 46 32 28 22 546 527 536 568 531 536 565 563 568 555 272 278 311 299 321 286 
529 566 100 440 356 266 241 128 205 36 482 520 297 281 209 310 635 169 405 357 356 294 557 49 386 448 394 344 507 401 511 284 626 375 266 43 523 108 260 541 477 431 498 436 230 379 429 236 256 473 229 239 378 264 334 174 390 451 542 534 478 469 467 454 516 523 510 450 465 35 53 28 0 18 26 47 17 33 20 32 46 25 24 18 525 501 520 542 505 506 535 539 547 538 245 252 298 280 308 263 
525 544 92 431 326 255 233 124 196 24 467 504 291 278 192 293 620 147 382 352 338 285 551 24 366 447 392 318 483 390 493 274 621 355 238 25 506 104 248 530 447 420 480 417 218 357 407 240 240 453 218 231 371 240 318 161 379 442 531 520 477 440 463 446 514 501 491 437 454 48 62 54 32 0 37 73 31 45 43 48 43 39 44 24 514 476 503 533 493 499 527 536 536 511 225 241 275 270 291 253 
538 588 102 445 363 289 259 145 219 54 488 537 307 297 234 324 644 173 424 379 370 315 575 67 397 482 396 361 526 427 518 291 642 404 277 68 540 124 265 562 491 448 510 472 229 387 451 272 273 501 252 265 401 289 337 188 414 464 558 570 491 472 475 486 531 542 533 461 485 25 17 11 23 43 0 20 22 34 20 29 40 25 25 42 552 528 532 570 524 523 557 566 574 553 259 258 314 294 320 290 
563 600 116 457 381 307 272 181 221 69 521 572 332 319 242 347 661 195 437 384 384 319 589 86 419 485 426 386 553 446 542 312 658 415 281 87 558 129 289 576 495 466 545 489 243 395 465 272 293 503 254 271 413 297 352 207 426 476 581 574 511 489 496 498 549 545 558 496 511 32 5 35 38 60 32 0 59 50 46 52 52 27 36 46 569 541 565 585 547 544 583 573 590 578 280 288 325 314 339 310 
534 581 96 437 357 286 221 144 184 51 472 528 285 301 205 303 626 168 413 343 332 295 553 55 364 460 383 351 510 411 503 283 632 395 255 46 507 84 257 551 453 434 506 440 220 351 423 246 256 470 233 244 381 268 314 188 407 436 535 546 475 467 469 454 513 505 502 457 468 25 45 28 33 28 24 44 0 49 30 58 18 24 45 31 534 494 520 546 501 501 550 532 559 533 244 242 291 286 303 282 
542 590 135 475 361 276 258 147 222 40 494 543 330 275 219 323 647 190 400 379 381 332 583 59 407 462 416 371 525 411 533 263 636 382 292 81 537 124 265 557 486 452 520 459 256 410 448 256 256 490 228 234 406 269 357 170 399 474 559 555 499 479 501 496 542 544 528 485 503 55 32 34 37 48 36 48 53 0 30 17 64 42 9 21 548 512 546 566 521 520 567 565 576 557 265 270 302 298 324 284 
546 567 125 453 353 280 251 150 205 30 489 540 319 294 207 309 631 185 398 367 361 303 569 51 396 448 407 346 507 418 513 268 625 391 274 63 534 123 252 551 483 435 500 457 242 389 450 238 248 481 234 239 400 265 347 185 402 471 552 543 502 479 477 473 534 541 517 469 477 41 37 20 27 39 33 38 45 15 0 20 51 20 9 8 543 502 519 542 513 512 540 560 574 549 264 263 291 288 314 285 
553 577 144 465 354 278 266 142 225 40 488 537 316 279 217 334 648 192 405 385 378 324 573 64 395 451 416 362 520 425 533 263 655 381 292 84 537 146 258 560 483 450 517 456 261 409 454 241 256 489 223 237 424 268 363 184 405 475 556 557 519 487 504 489 546 553 536 470 493 43 47 38 34 60 42 44 55 4 33 0 55 34 16 32 535 517 526 567 522 533 568 568 567 539 261 263 315 304 323 282 
536 596 88 440 356 300 234 163 187 73 493 528 302 305 224 300 629 169 425 360 338 291 574 77 381 489 378 358 529 431 498 302 643 410 266 76 525 93 274 552 480 440 521 459 212 360 448 267 272 486 264 275 378 280 322 201 426 452 553 560 479 461 475 478 518 528 525 463 470 29 39 39 33 53 43 53 32 68 54 58 0 20 62 46 544 523 542 566 520 529 558 565 562 552 260 262 308 281 316 285 
539 583 110 437 369 290 251 155 206 59 495 550 319 295 229 322 651 176 408 376 355 315 566 59 396 473 408 350 523 427 508 299 645 404 266 73 537 103 261 564 477 441 526 461 228 366 437 268 276 490 243 250 399 280 341 202 424 464 561 558 499 474 484 474 533 533 519 468 482 8 27 13 24 37 12 23 31 41 28 36 30 0 36 37 548 516 538 559 522 532 554 554 568 544 262 267 300 286 305 284 
550 585 117 457 368 287 259 153 209 39 499 539 319 282 215 313 632 183 402 380 362 320 571 48 407 464 409 349 527 407 529 286 631 382 276 68 529 120 259 568 484 435 514 447 250 391 442 248 262 487 236 245 414 277 358 175 406 471 560 553 498 484 494 492 540 528 540 462 497 41 45 21 29 44 32 31 44 9 7 31 46 39 0 21 538 519 542 549 533 530 558 561 562 535 271 258 296 287 310 284 
529 571 113 459 341 275 252 138 204 33 473 522 303 276 205 301 636 167 394 373 361 317 553 39 383 445 414 353 510 413 505 274 632 369 262 66 516 128 243 545 467 431 511 436 233 387 432 231 250 480 218 235 393 266 348 175 403 453 546 541 485 461 467 465 531 520 512 458 479 48 40 23 20 32 41 45 48 19 27 36 49 45 12 0 536 502 525 553 522 516 539 543 548 524 258 251 281 287 313 270 
79 65 513 352 184 331 385 427 406 506 117 26 262 371 336 268 115 412 356 291 303 381 64 506 263 322 407 204 31 229 258 404 119 200 348 491 91 482 352 87 175 110 46 89 408 453 140 340 288 62 377 346 380 272 408 415 183 277 26 22 247 243 238 192 192 247 192 199 194 546 562 540 537 508 545 576 532 542 527 550 547 535 534 524 0 37 52 41 45 34 15 17 47 16 303 283 250 259 238 270 
73 80 486 354 175 309 363 396 381 473 87 46 238 342 308 242 144 392 332 265 292 346 80 473 245 309 386 167 27 210 251 365 146 179 328 467 94 454 325 77 168 92 46 79 381 418 125 328 279 48 362 321 367 260 404 388 165 259 57 48 240 226 215 166 192 247 177 192 184 518 535 513 502 490 519 530 508 514 510 515 508 506 509 499 46 0 46 66 41 20 44 55 67 48 260 268 225 240 220 249 
109 51 520 400 178 312 394 401 413 500 144 69 276 342 338 291 146 417 318 321 334 402 101 500 272 285 416 199 38 192 285 372 150 168 361 477 137 490 337 107 220 131 35 80 418 466 156 325 279 63 370 329 415 275 444 399 168 317 72 47 285 274 269 212 248 289 215 227 228 530 562 532 522 497 549 559 517 539 536 529 530 534 538 526 50 59 0 29 79 57 52 67 46 39 292 296 252 259 243 267 
100 40 529 385 216 331 399 433 415 514 141 55 290 381 353 284 107 417 347 331 330 407 86 513 282 324 423 208 54 219 268 396 132 213 386 503 115 499 355 99 213 129 48 103 438 478 175 366 314 69 394 350 408 302 437 432 189 307 46 25 276 270 259 212 224 261 201 215 220 555 569 562 539 525 571 590 546 568 544 560 551 569 564 545 35 48 35 0 70 67 26 31 29 26 305 311 260 286 257 290 
31 112 476 313 197 327 344 403 368 499 57 29 245 369 321 241 126 375 361 253 271 333 52 480 218 364 359 171 49 247 205 399 126 213 329 460 46 452 341 50 141 82 83 97 374 403 109 350 289 78 380 348 345 273 368 422 208 241 53 76 196 185 191 138 152 191 136 150 152 518 548 520 509 494 536 553 504 537 515 519 515 524 522 517 52 46 88 77 0 32 58 50 76 65 265 265 237 253 221 248 
74 77 479 348 168 322 354 398 386 487 99 38 241 348 320 240 127 377 342 284 275 348 75 471 237 338 370 182 36 207 240 380 131 188 321 457 83 460 332 84 163 81 48 90 398 424 128 346 284 54 372 326 356 260 388 399 180 247 44 58 217 228 216 160 186 229 176 170 165 527 542 532 497 485 517 545 499 535 516 529 530 515 513 513 43 28 69 65 40 0 40 48 65 47 284 265 235 239 218 237 
79 57 525 383 199 341 391 440 422 528 115 54 277 368 347 279 110 423 349 317 321 393 60 505 276 338 406 213 34 223 255 398 113 205 360 501 105 504 363 79 187 129 48 101 435 458 149 357 313 77 396 367 388 284 423 432 206 294 32 5 250 245 238 195 207 260 200 212 213 565 587 554 552 535 553 586 535 550 548 554 555 568 563 543 16 48 58 28 59 50 0 10 28 11 311 313 263 279 266 283 
71 63 518 375 218 352 393 427 413 513 114 27 279 384 346 285 99 414 368 311 305 387 67 501 258 344 395 217 36 232 257 406 114 210 361 494 91 499 362 82 180 136 71 111 427 457 155 363 301 90 406 360 395 298 419 440 214 290 19 30 246 238 241 198 195 253 173 205 201 550 587 553 544 524 565 573 545 559 559 560 566 560 564 553 20 61 65 23 64 47 14 0 34 32 310 309 269 267 262 271 
102 28 551 382 210 352 409 455 442 532 143 66 302 380 368 303 88 450 358 334 330 421 80 528 286 325 423 236 62 231 274 422 119 225 387 515 108 513 375 86 203 146 70 117 449 477 167 380 332 88 410 369 409 308 458 441 197 316 55 19 277 273 268 215 216 264 215 241 229 574 599 578 560 549 570 601 550 579 568 569 578 564 573 555 44 68 43 21 92 58 22 28 0 37 319 320 289 284 274 298 
79 50 510 362 207 335 381 425 404 518 117 31 283 365 337 278 118 418 345 309 311 377 67 495 253 324 408 203 29 226 251 404 119 196 366 483 102 495 355 74 182 120 53 104 422 460 158 342 309 80 383 343 386 289 418 433 190 291 40 16 244 242 241 197 200 248 188 214 210 549 576 557 522 520 551 567 541 553 536 538 542 538 555 543 11 37 36 26 61 35 25 24 44 0 303 291 259 258 252 274 
297 336 234 278 135 193 127 166 133 226 241 283 85 218 101 86 390 138 307 175 167 176 318 223 165 330 274 108 271 235 302 237 399 191 130 214 290 199 182 303 236 196 274 207 148 278 188 176 99 243 184 152 243 67 231 205 200 246 319 305 276 253 262 238 305 305 288 220 245 270 289 260 235 230 256 292 240 267 249 271 246 251 268 253 296 271 301 304 271 270 321 307 317 311 0 16 49 48 73 47 
301 348 229 277 117 180 148 173 131 240 246 289 71 217 92 86 395 128 307 180 175 184 319 212 178 342 272 115 269 241 301 244 388 178 125 216 275 193 181 313 237 191 270 222 162 282 201 171 87 232 193 157 252 53 243 206 208 254 304 307 268 259 253 230 303 298 277 227 236 258 276 262 247 230 270 291 245 261 261 261 266 258 266 241 282 260 283 306 265 278 307 305 324 290 8 0 55 60 55 50 
244 295 266 294 86 168 178 197 174 260 194 251 81 215 122 102 339 171 278 171 165 209 286 265 174 317 285 62 239 207 272 233 353 142 161 256 243 249 167 277 215 144 217 161 194 313 167 162 80 195 207 172 257 51 264 224 167 237 255 255 258 233 242 200 262 280 250 196 226 313 326 318 279 265 298 334 296 306 302 303 306 300 296 284 257 217 257 256 221 227 264 271 288 264 58 48 0 19 46 31 
272 314 260 308 83 149 179 178 185 265 224 264 92 194 109 115 360 177 265 194 177 223 292 236 191 307 298 86 251 194 296 218 363 142 156 245 259 238 161 273 238 173 231 184 209 319 166 152 79 214 182 150 286 33 266 192 168 256 266 271 276 263 257 224 287 308 285 230 235 288 323 295 278 269 292 313 267 285 288 288 288 302 291 283 254 241 254 284 255 240 279 266 299 267 60 47 36 0 61 23 
239 300 282 244 106 214 148 215 171 284 193 246 53 241 135 76 333 179 305 151 151 178 264 273 141 328 258 53 222 227 250 272 329 179 128 258 230 247 212 265 189 133 225 172 176 283 149 195 111 189 234 199 237 91 242 237 184 210 262 270 232 214 208 179 240 257 237 179 205 310 333 312 299 278 326 328 307 326 307 325 317 318 306 295 244 215 255 269 219 224 251 264 283 248 59 60 40 53 0 50 
260 303 263 298 90 160 158 173 173 249 212 261 89 209 103 99 365 163 277 188 185 197 291 232 168 316 276 85 252 208 295 231 375 160 143 238 265 231 174 295 235 177 237 180 184 310 167 169 82 222 194 155 260 32 258 192 172 251 281 280 262 249 241 236 283 302 280 224 231 290 312 284 278 266 285 318 278 290 289 291 295 289 283 271 259 233 273 291 247 244 289 290 293 280 45 40 30 11 43 0 

Depot information
101 84 1
4 136 1
499 373 1
396 36 1
178 274 1
196 427 1
415 234 1
335 438 1
422 274 1
434 459 1
155 109 1
76 117 1
305 218 1
186 470 1
280 378 1
311 206 1
6 43 1
417 308 1
71 473 1
345 130 1

Cust information
353 142 19
426 172 17
65 78 24
429 449 18
305 125 18
14 450 15
442 75 16
214 236 15
70 151 23
77 345 18
266 6 19
196 493 18
28 21 19
120 316 16
392 220 22
434 429 16
121 85 19
468 365 18
219 433 21
88 74 16
219 72 22
155 173 21
62 173 23
109 207 23
443 249 22
495 99 22
191 138 25
226 430 19
249 349 23
88 184 18
243 460 19
234 422 18
429 84 19
257 315 24
465 135 24
290 475 16
103 310 23
309 44 19
61 108 25
39 134 20
265 28 24
271 47 23
265 46 19
221 74 20
209 14 23
249 -3 21
196 31 23
240 77 22
228 63 15
483 459 15
491 481 19
473 476 19
460 461 25
449 450 22
477 470 22
491 483 20
471 448 21
459 488 17
460 474 16
456 491 24
489 447 22
478 464 16
462 480 16
452 472 20
58 134 19
80 150 19
39 169 16
34 141 17
98 115 25
81 138 17
43 130 17
49 123 25
25 129 15
52 135 18
300 288 15
295 288 18
255 271 23
255 290 15
267 244 23
265 286 22
