Seed 123 - Instance: n85m10_0
n 85
m 10
Q 172
L 0
U 1000

0 305 129 156 247 213 224 200 151 125 492 415 452 254 187 466 171 436 200 397 347 452 375 486 272 391 261 298 130 137 308 208 319 448 309 467 474 332 294 246 208 286 139 190 513 162 319 157 427 357 310 275 297 342 320 339 309 338 307 342 333 312 325 340 305 294 30 86 77 98 59 67 31 71 47 69 67 82 71 80 461 497 486 479 463 457 506 488 545 476 491 150 220 161 230 
301 0 177 157 120 377 105 269 247 253 415 221 415 255 204 251 209 464 387 307 425 479 463 433 392 440 182 495 242 224 99 173 49 481 33 334 232 281 515 109 111 155 328 390 396 254 171 161 252 392 145 463 114 88 80 113 95 127 112 152 120 110 122 139 133 136 272 229 235 216 262 237 273 238 258 252 247 242 262 243 279 292 299 302 259 277 292 297 326 269 302 153 84 171 86 
144 169 0 74 143 256 88 189 128 116 445 310 425 221 135 368 124 425 269 347 360 447 408 452 321 383 189 382 92 135 193 118 196 459 165 386 368 281 396 137 99 192 204 273 449 151 221 50 343 337 221 349 206 221 189 239 210 243 208 255 217 208 217 222 200 186 111 81 77 57 90 87 109 97 103 85 105 66 91 91 382 394 403 398 370 367 402 400 442 373 396 52 96 51 103 
170 167 75 0 102 214 79 125 86 171 372 254 364 148 72 327 60 364 243 274 303 383 345 374 270 338 138 339 158 83 153 186 183 393 185 331 321 232 370 87 68 129 163 236 384 104 163 32 285 275 156 318 150 202 167 189 157 200 152 191 189 167 170 178 151 147 141 119 109 83 139 116 139 97 141 115 119 110 142 102 324 337 345 340 312 323 348 346 394 327 357 36 86 33 90 
252 101 149 105 0 282 71 171 147 253 340 179 346 166 96 244 109 359 305 234 338 371 380 353 292 332 87 399 241 139 60 222 99 379 139 263 235 189 437 32 47 64 236 300 330 150 92 121 194 280 79 372 62 97 67 101 65 108 61 117 100 76 78 105 67 52 238 198 197 170 218 200 233 186 214 202 198 180 224 181 249 247 267 258 227 233 257 260 305 246 262 115 81 105 78 
218 365 273 226 266 0 299 108 144 327 343 356 292 148 175 443 179 231 44 272 137 259 158 319 80 189 224 136 305 161 304 385 370 246 390 348 477 234 173 266 260 265 87 71 379 132 265 236 356 159 277 103 311 352 335 357 315 332 319 331 337 317 321 320 285 292 232 251 225 217 252 213 227 194 227 239 203 231 270 200 389 413 398 403 395 405 419 425 469 432 418 256 292 239 313 
207 91 99 92 88 301 0 190 163 177 408 248 399 219 122 289 135 428 303 300 373 430 403 420 327 392 165 416 178 149 107 136 130 439 118 335 291 246 430 66 42 118 245 314 403 174 172 78 283 330 150 389 130 144 125 156 134 158 128 176 143 135 141 168 143 114 187 163 147 132 180 166 186 146 183 169 177 156 171 157 316 312 337 332 307 298 340 333 375 311 332 71 14 77 29 
199 261 192 132 160 109 203 0 76 271 299 251 268 71 77 327 74 242 141 216 193 278 236 297 144 200 125 250 263 66 207 303 260 279 297 278 363 143 280 146 161 163 116 154 323 36 177 158 258 174 173 216 215 261 232 261 213 223 215 230 227 206 201 218 168 170 194 201 187 172 211 163 199 158 180 195 175 178 218 163 305 321 320 330 306 294 328 318 385 326 339 157 200 150 206 
140 235 140 96 148 139 171 76 0 216 350 291 329 128 74 367 60 321 155 265 247 337 275 352 198 265 144 263 192 25 205 250 252 334 265 330 381 197 292 142 131 155 90 170 386 45 186 105 295 235 185 223 200 245 217 244 214 237 200 248 227 213 213 225 195 179 142 144 115 98 148 106 138 97 126 137 118 115 155 92 338 360 362 356 350 333 363 356 403 352 376 110 168 108 171 
134 246 125 175 244 332 189 285 226 0 543 417 529 317 235 459 224 521 316 437 444 549 486 552 389 475 296 408 29 207 284 98 284 535 231 492 469 386 423 232 209 286 252 321 553 242 322 157 437 442 315 395 305 312 281 329 312 343 305 351 328 306 310 332 308 296 125 89 120 116 91 121 105 147 113 95 139 106 70 130 472 503 495 508 473 483 515 513 550 485 509 154 186 145 178 
502 403 446 369 327 341 392 302 363 540 0 211 95 243 326 260 338 190 390 112 278 155 270 52 306 204 252 430 527 363 318 525 374 183 442 113 325 166 491 326 358 289 381 391 69 327 253 405 176 191 262 393 313 332 348 327 321 295 299 270 296 295 305 280 274 302 479 476 465 446 488 464 489 443 478 466 458 459 501 438 183 211 181 180 195 194 211 176 229 215 201 409 415 412 402 
410 229 328 257 184 359 245 255 279 425 214 0 260 202 227 88 254 336 393 142 352 313 373 235 349 311 148 464 410 290 155 371 196 324 253 116 136 146 519 205 224 137 356 403 191 264 96 280 40 275 122 426 133 146 167 127 139 110 131 91 114 129 133 98 131 131 406 376 369 342 377 356 395 347 381 377 359 351 401 351 65 78 81 100 57 68 94 92 135 72 95 284 259 292 244 
456 435 437 371 331 278 396 262 328 532 103 262 0 216 300 316 306 101 335 124 197 70 185 52 246 127 251 341 508 334 339 520 408 103 455 178 369 156 401 344 352 293 341 347 138 309 269 385 224 123 289 325 320 367 353 353 341 320 335 299 327 332 329 306 295 305 445 453 433 413 451 424 458 400 451 446 432 436 484 413 242 284 248 255 275 265 267 261 286 278 272 396 412 395 407 
267 259 224 161 158 154 206 69 119 314 248 207 211 0 107 287 106 213 195 144 179 236 223 246 149 190 95 276 298 116 178 324 246 237 289 231 327 93 319 153 165 130 175 200 274 91 136 181 202 132 138 237 188 235 221 232 189 200 178 183 188 179 188 181 144 164 245 248 225 223 245 219 247 206 229 250 219 215 275 197 257 281 257 263 250 245 278 275 316 287 281 197 222 189 214 
182 192 127 79 111 178 136 80 61 245 313 241 300 106 0 292 26 304 213 225 264 325 285 320 203 268 85 307 207 66 140 244 206 321 229 281 319 163 337 100 87 109 151 215 335 55 139 90 252 218 137 265 158 190 168 196 162 188 141 182 168 165 160 159 118 115 177 181 144 143 173 139 169 136 167 157 143 142 201 127 292 300 314 305 297 283 313 306 353 299 309 106 145 100 134 
483 248 374 323 228 427 296 336 351 457 268 93 323 284 310 0 320 406 468 222 435 387 446 310 423 393 230 557 453 347 182 411 200 413 268 168 67 240 592 243 277 211 435 474 213 344 178 328 109 345 167 516 191 158 193 164 182 134 182 121 162 165 170 145 189 201 457 420 414 397 435 423 451 400 451 429 418 417 445 406 86 67 106 90 73 81 71 96 93 48 69 336 304 328 289 
176 192 118 67 112 178 135 87 59 227 342 252 318 115 31 308 0 313 193 240 268 330 303 325 215 281 102 290 198 48 155 230 202 342 220 303 344 171 328 97 93 116 134 202 357 64 151 76 266 228 139 275 166 216 174 202 169 193 158 204 189 156 170 177 138 130 173 163 123 120 167 122 150 116 155 156 134 129 180 112 298 329 310 329 303 293 336 332 370 325 340 89 131 81 138 
439 468 441 369 362 234 429 249 315 515 188 339 113 219 310 407 306 0 267 204 111 47 87 138 180 62 292 263 510 308 388 530 457 38 498 268 455 201 330 363 372 322 296 278 253 292 299 389 315 95 330 243 385 405 405 420 375 363 373 350 381 379 374 354 343 342 432 442 424 407 438 401 422 392 427 423 415 422 467 400 335 364 343 338 347 350 366 345 381 374 364 406 435 388 434 
214 384 274 249 295 47 304 144 163 322 395 392 320 191 218 464 206 268 0 326 158 310 186 349 108 218 249 110 317 164 342 380 388 284 419 401 496 265 134 283 276 298 75 23 427 149 301 259 393 205 325 93 347 400 368 400 355 373 344 373 373 339 345 365 312 317 209 260 219 226 234 212 228 208 206 244 213 236 265 205 435 459 441 460 450 428 464 457 515 458 465 260 308 263 322 
403 317 350 276 227 281 296 208 264 450 110 145 131 153 217 222 228 210 328 0 236 190 247 115 250 190 149 361 436 273 230 429 293 199 347 84 278 59 427 242 256 173 302 337 126 230 143 290 131 144 167 338 216 239 254 242 211 191 211 177 206 210 218 193 182 196 399 397 361 343 388 362 375 347 386 370 358 352 410 351 141 170 151 149 167 148 174 159 218 176 170 306 310 298 300 
344 427 359 313 333 136 376 188 235 446 265 354 188 185 255 431 254 119 162 223 0 159 41 222 73 79 268 160 420 254 358 468 433 143 459 312 470 212 231 320 334 310 199 184 314 218 300 321 339 85 304 137 348 399 388 401 369 364 364 345 366 353 363 356 326 333 353 371 328 336 351 333 349 308 342 361 328 343 388 318 361 398 375 388 393 385 395 397 425 413 411 331 372 329 373 
468 478 463 386 379 259 431 277 341 555 152 317 80 232 339 388 328 65 309 196 148 0 145 105 219 81 302 308 519 350 380 562 455 42 493 235 453 212 377 381 395 342 343 310 216 321 299 413 295 116 328 283 376 407 421 417 388 374 379 354 388 385 372 365 342 355 467 486 438 447 470 435 453 418 461 464 437 442 484 430 311 347 310 316 334 317 330 331 360 344 334 423 450 408 443 
370 479 412 358 361 168 403 218 279 474 271 367 188 219 301 460 290 104 190 250 58 149 0 237 118 77 296 169 465 279 387 516 457 120 491 330 499 242 242 367 367 347 234 197 312 257 332 365 354 117 336 155 395 440 428 428 400 403 394 391 402 386 380 381 345 363 389 400 369 371 394 367 373 359 384 397 367 370 424 370 387 424 402 395 402 398 415 411 456 435 414 381 424 365 430 
472 437 442 381 352 314 415 293 344 542 55 244 54 227 318 302 331 138 349 122 233 100 225 0 274 163 266 378 535 339 339 547 406 143 454 143 369 164 452 353 370 288 362 379 103 326 253 400 223 167 291 356 329 365 363 358 331 319 326 287 324 326 329 302 288 317 470 482 461 447 483 438 476 427 467 473 437 445 496 442 222 252 229 230 254 232 248 240 277 268 252 400 417 401 420 
284 407 322 273 309 78 325 153 185 379 296 352 227 160 213 425 219 164 108 242 75 211 104 276 0 129 245 123 372 189 330 419 395 197 414 334 461 218 192 291 304 287 151 124 347 181 278 273 353 131 295 108 321 377 354 381 332 337 327 339 354 341 333 324 298 292 292 314 275 280 311 273 286 257 286 292 271 272 315 267 389 416 392 395 382 376 402 398 444 410 413 284 332 277 339 
379 439 389 331 328 187 384 207 281 487 203 311 119 191 265 393 266 59 229 194 80 95 77 163 142 0 252 234 462 281 346 499 419 74 456 264 451 180 303 331 349 302 256 242 253 254 289 343 303 64 289 199 344 390 381 392 348 332 336 328 342 354 353 337 300 325 388 397 377 366 393 364 395 356 388 385 358 376 421 348 336 364 326 340 340 337 350 344 376 373 365 347 389 356 401 
268 190 191 127 100 228 163 112 150 307 248 148 253 90 97 234 93 290 256 163 264 285 292 258 243 261 0 355 278 136 115 285 165 307 220 203 261 110 381 82 125 44 222 258 258 127 71 145 161 204 75 318 109 149 132 153 113 126 103 118 115 101 105 115 73 69 258 234 223 200 256 222 252 199 249 227 224 227 272 217 215 228 227 236 217 215 234 221 268 233 234 159 157 147 163 
298 498 373 343 395 133 423 241 270 422 418 468 350 274 305 552 302 261 104 361 168 305 176 373 133 226 335 0 406 274 437 476 496 294 500 440 589 337 78 389 380 382 189 107 466 254 385 357 464 239 412 45 443 487 463 475 457 463 428 458 454 447 432 452 415 405 309 343 317 328 327 322 321 308 300 340 309 319 349 319 495 532 519 513 509 497 523 530 575 524 538 355 411 345 423 
119 241 88 155 238 316 170 252 206 26 535 399 515 308 222 447 201 491 309 439 418 537 464 526 376 469 280 394 0 202 277 112 269 520 222 470 444 377 396 220 200 266 244 293 531 215 309 135 425 424 312 377 274 317 286 323 293 325 276 325 313 287 290 319 295 274 104 54 90 93 84 101 93 113 106 89 102 102 56 116 464 472 483 482 460 461 482 481 526 473 483 145 178 133 172 
150 240 139 87 140 142 158 66 17 204 357 290 336 120 68 344 44 307 176 255 250 354 294 340 197 275 142 270 199 0 191 242 249 337 242 324 372 200 293 142 115 154 98 182 386 30 197 90 288 236 177 235 207 236 225 242 201 228 199 232 221 206 209 221 172 179 144 147 112 105 149 113 131 82 129 129 105 118 170 100 327 350 347 367 330 343 375 352 406 354 373 101 158 106 162 
304 104 198 137 50 306 107 214 211 287 328 143 342 189 151 198 159 391 348 218 349 385 392 343 342 347 101 444 264 191 0 239 68 399 127 234 192 184 471 72 98 59 288 345 318 195 94 157 165 298 72 398 28 54 35 69 25 52 14 80 41 27 31 66 51 47 283 255 240 215 265 242 264 226 271 259 250 228 285 241 217 211 221 237 191 190 226 222 263 214 238 163 126 162 123 
208 167 119 172 219 365 135 300 248 106 525 386 518 323 237 408 225 532 390 438 470 563 516 535 415 492 283 474 114 236 239 0 207 558 153 455 382 378 494 202 176 253 299 388 539 272 300 150 406 443 283 456 240 251 233 265 259 294 245 299 268 265 264 293 264 262 200 149 178 158 160 168 189 183 180 164 190 172 146 175 428 449 466 466 426 436 446 458 499 433 463 141 130 160 148 
329 41 201 186 104 366 121 260 245 280 375 182 401 245 190 195 201 447 408 294 416 456 450 399 399 424 174 499 268 232 70 213 0 458 84 298 186 250 526 128 136 127 328 404 363 256 161 190 214 364 133 455 76 60 45 68 68 100 88 123 88 78 89 107 112 116 303 267 259 246 291 267 288 268 287 262 281 257 287 267 244 253 265 260 238 241 263 257 298 238 269 179 121 188 117 
447 477 443 398 383 262 449 273 326 533 187 337 93 250 330 397 335 44 286 198 137 36 112 125 198 82 304 289 526 342 390 562 470 0 518 249 463 204 354 383 402 345 316 291 230 300 327 403 311 108 342 257 396 433 431 424 399 372 377 375 397 381 375 369 343 353 455 474 437 432 472 432 449 405 436 458 440 438 494 421 327 363 325 341 357 354 365 354 388 383 358 425 449 409 452 
295 48 170 183 129 392 118 279 250 247 447 268 449 279 213 265 226 503 402 342 454 502 498 466 428 459 226 519 234 242 136 150 79 512 0 359 243 306 534 147 144 179 351 410 419 260 201 169 282 405 179 474 136 119 111 129 143 170 140 191 145 152 140 173 168 164 274 237 241 233 262 246 269 241 280 247 270 237 248 235 312 322 338 331 300 302 320 335 356 296 320 166 110 179 89 
453 322 377 326 264 342 335 270 317 484 95 114 178 212 268 173 297 269 398 76 312 235 331 154 334 256 205 440 477 324 238 460 288 249 360 0 223 129 503 265 307 212 384 397 73 309 162 352 89 235 194 408 230 245 257 235 235 200 231 189 218 220 217 187 204 219 440 447 419 398 440 410 433 403 438 433 410 404 469 396 99 125 85 88 114 103 115 102 144 138 114 338 336 353 339 
481 225 361 326 232 461 295 375 380 455 327 148 382 316 331 63 341 465 510 265 477 446 499 358 463 434 256 577 452 374 198 394 184 461 248 233 0 273 635 258 291 218 452 506 289 366 201 346 157 398 199 554 192 141 177 152 181 162 192 145 162 183 173 161 196 202 462 423 435 409 447 437 465 428 450 432 444 425 449 424 136 130 151 150 133 140 142 157 139 112 138 333 292 349 294 
348 284 286 221 190 218 263 161 202 391 175 154 156 93 171 233 189 202 268 60 210 199 230 172 218 177 115 330 374 202 181 372 251 222 316 134 285 0 381 185 216 136 244 285 184 170 114 251 151 131 144 290 179 230 226 211 184 183 178 171 186 183 187 172 144 169 329 325 308 288 333 309 321 275 310 328 293 293 356 288 184 207 184 197 183 188 222 208 250 203 207 257 267 239 265 
290 515 393 356 434 170 439 283 290 418 478 529 418 319 342 605 327 333 146 425 231 376 237 454 185 302 386 70 397 289 483 493 538 355 542 506 637 392 0 417 423 423 212 133 529 292 445 369 523 299 453 110 486 533 491 533 487 496 477 505 491 485 475 492 449 456 305 367 328 338 344 320 309 309 321 342 315 343 362 314 555 597 576 574 560 567 598 574 634 584 597 385 447 386 458 
245 127 135 78 18 272 69 148 138 245 343 202 328 152 89 255 103 365 290 235 332 383 367 346 283 335 97 374 223 141 67 205 110 381 138 260 260 196 428 0 45 72 223 304 342 134 105 103 222 271 96 360 86 123 95 126 90 111 90 128 103 94 89 119 77 67 224 197 169 152 198 174 208 164 209 183 191 171 222 179 261 269 273 283 243 254 279 287 311 255 279 94 78 96 82 
211 117 94 72 42 266 47 155 144 209 359 224 358 170 101 279 96 377 285 263 339 404 378 381 290 351 120 387 189 128 88 186 136 409 137 300 283 204 405 34 0 88 228 280 367 136 127 70 250 301 121 358 99 145 120 154 117 143 104 159 133 116 115 147 97 95 198 168 160 139 178 156 186 139 181 158 168 140 186 138 289 305 309 308 282 282 310 302 338 296 319 59 54 75 65 
285 148 181 127 53 266 132 157 171 295 273 140 299 126 111 200 112 323 301 193 293 340 340 293 271 292 55 393 276 157 64 267 122 336 177 209 220 149 433 60 86 0 249 298 272 157 61 138 153 243 38 345 56 119 90 108 77 88 57 96 75 67 69 63 36 44 263 241 225 199 253 234 251 221 251 233 227 217 257 218 206 225 222 227 193 198 224 227 279 220 239 145 136 140 132 
147 337 197 177 250 94 242 119 104 253 400 349 332 165 149 423 148 303 82 313 204 338 248 370 151 259 219 185 227 107 279 304 339 325 342 373 456 252 207 223 224 249 0 74 428 100 269 185 372 224 276 149 280 343 303 346 304 310 300 328 323 292 290 304 258 267 160 178 150 159 176 135 142 124 141 166 126 147 183 131 403 422 421 426 406 414 444 434 472 422 438 189 245 177 260 
195 396 281 236 311 65 316 151 169 330 398 394 332 195 221 476 211 274 25 333 184 313 200 376 104 242 266 106 311 174 349 383 413 311 411 395 522 285 140 295 297 307 86 0 427 157 326 261 407 229 326 77 354 406 374 401 357 377 354 370 375 363 366 361 330 320 213 251 225 221 225 216 208 209 202 222 200 234 255 218 436 472 465 453 454 447 471 472 507 481 470 264 321 267 337 
503 402 447 381 322 371 396 320 381 549 50 178 151 273 342 216 357 250 414 133 306 207 332 104 351 251 258 461 539 370 306 521 355 235 435 75 277 191 518 335 373 291 425 426 0 346 244 400 152 244 254 429 297 311 329 305 296 276 289 254 281 285 288 263 278 286 503 507 482 451 500 476 496 444 485 490 479 478 529 451 152 180 142 146 157 162 160 144 164 191 171 411 410 418 405 
180 244 161 98 159 124 165 50 36 241 339 278 308 95 65 349 52 298 156 247 216 314 267 324 162 252 115 259 225 47 196 256 248 300 260 296 357 188 286 141 135 161 94 168 354 0 169 110 281 198 179 220 196 256 210 238 208 225 204 235 221 202 195 220 175 165 167 173 131 135 163 132 162 127 147 152 135 143 199 120 327 354 337 330 327 326 354 342 390 340 351 128 172 116 177 
319 176 233 159 92 278 177 161 195 331 239 109 250 125 143 168 148 301 319 140 295 314 325 271 275 273 71 387 316 181 94 306 146 327 199 168 204 110 449 109 131 48 267 325 244 177 0 180 122 228 21 366 71 116 123 121 78 84 69 59 74 69 70 74 37 56 293 282 267 249 286 266 304 258 283 282 262 250 311 251 157 185 186 187 165 148 191 194 232 177 187 189 181 188 165 
140 161 47 24 114 239 73 159 92 151 406 291 376 177 89 327 85 389 251 308 327 414 359 400 290 357 146 351 148 97 152 149 189 413 171 340 341 254 370 93 73 154 184 254 417 123 185 0 293 296 174 319 172 209 170 208 166 201 177 211 204 174 169 197 168 160 123 95 86 64 105 94 129 83 112 109 103 84 131 87 335 354 358 364 332 329 370 365 408 353 362 21 76 13 84 
421 254 341 285 210 349 263 259 294 442 177 38 237 219 234 93 267 312 393 120 338 295 366 223 352 292 175 462 430 302 163 395 211 317 281 92 153 136 527 206 251 158 367 411 147 276 111 301 0 259 133 429 171 173 195 163 156 138 169 116 145 147 159 130 150 153 420 398 382 359 402 370 412 366 402 383 388 367 410 356 53 77 74 71 48 54 92 74 120 76 79 300 283 307 269 
351 389 356 289 290 165 334 168 230 445 204 272 120 137 221 357 225 94 218 150 82 122 107 153 123 60 201 245 408 241 302 453 365 109 418 230 390 129 291 280 294 242 217 229 231 207 226 298 257 0 251 205 288 333 339 341 297 286 289 283 308 297 295 285 267 271 360 357 323 326 350 319 344 313 343 350 325 341 392 326 297 323 299 299 307 287 317 300 355 319 321 302 344 300 342 
316 152 211 156 86 288 161 168 190 322 258 121 272 133 127 168 142 328 312 159 308 324 340 273 299 300 58 406 311 194 64 281 142 336 183 190 200 139 437 83 118 33 277 317 264 178 27 183 131 243 0 369 51 98 85 91 61 61 67 61 67 51 53 55 18 47 299 270 249 235 291 259 277 243 280 260 269 247 289 234 171 188 187 198 165 174 198 205 243 188 204 165 150 168 146 
281 450 342 317 357 89 391 200 239 389 392 435 314 246 276 523 261 240 87 348 137 293 148 357 95 213 302 43 386 241 397 462 452 257 476 422 542 298 98 343 351 343 154 94 427 233 350 318 436 202 363 0 412 440 431 459 421 419 398 428 423 410 407 407 373 373 299 337 296 312 304 292 284 283 295 301 277 297 339 289 464 496 478 478 471 466 494 496 530 496 507 332 393 322 397 
303 106 198 162 72 306 125 208 199 288 303 141 331 188 155 176 155 381 347 212 347 374 400 337 338 339 109 435 273 196 13 245 83 388 145 239 192 186 486 78 106 54 285 346 296 196 76 160 157 291 65 405 0 66 37 48 30 47 19 67 32 24 22 48 48 32 283 252 259 237 264 259 282 235 283 260 249 250 280 241 207 212 226 223 181 195 212 227 260 208 224 163 121 170 120 
340 88 220 191 106 355 147 259 250 312 333 140 355 233 205 164 203 421 384 235 401 410 425 348 377 389 149 493 314 253 64 265 64 415 124 241 154 231 525 128 133 108 329 397 316 253 108 212 166 344 100 449 63 0 34 24 56 62 61 80 36 56 64 72 99 79 324 293 278 262 307 288 324 283 307 304 303 277 310 274 190 195 226 208 183 174 217 221 250 193 216 195 155 199 141 
321 69 191 167 74 339 108 226 216 295 350 163 369 206 169 192 188 415 361 249 386 420 422 364 353 380 140 456 279 207 39 221 53 429 111 260 180 214 490 98 113 92 317 381 328 223 103 181 187 332 99 428 48 47 0 54 38 75 46 79 50 45 53 72 87 74 286 254 247 238 279 253 277 245 278 268 269 243 278 237 211 228 237 231 217 203 230 228 279 222 241 162 109 160 115 
338 93 238 194 117 362 153 260 251 330 317 126 349 232 196 156 210 411 396 248 400 400 435 344 381 384 144 482 317 238 64 263 68 424 140 241 144 220 533 127 138 119 332 389 303 244 106 203 160 330 97 440 53 10 50 0 50 41 67 72 50 55 45 62 95 76 337 299 299 266 305 288 328 285 309 292 297 281 323 274 183 180 207 211 174 176 204 216 241 183 212 197 151 205 155 
322 99 201 161 83 319 126 221 218 294 313 137 334 186 151 166 165 383 351 211 369 375 393 337 339 351 114 457 290 210 34 243 65 387 133 223 182 201 485 93 105 84 311 369 304 215 78 181 152 296 57 409 18 54 48 43 0 54 24 51 21 16 27 44 62 43 307 262 253 235 282 254 292 242 287 274 278 257 292 254 199 203 218 212 178 176 209 219 241 197 217 178 140 171 137 
349 143 231 197 94 341 170 224 230 329 295 101 310 190 182 141 181 375 370 189 358 359 398 302 340 349 118 455 325 238 51 288 95 375 160 209 151 174 507 113 140 80 317 376 275 222 77 206 137 304 62 420 43 64 58 61 42 0 55 28 15 36 43 14 55 54 333 288 294 271 303 282 317 267 323 288 289 291 321 272 169 160 171 190 142 143 176 184 219 157 181 208 172 204 154 
315 113 196 155 62 304 119 214 201 298 298 127 333 177 153 189 164 380 343 213 356 386 380 334 334 337 106 432 279 192 28 261 78 392 150 222 193 191 486 74 98 64 289 349 295 199 76 171 163 291 57 405 17 62 39 58 25 42 0 65 28 23 25 49 42 34 293 263 246 232 280 252 293 244 278 265 255 252 292 251 199 206 207 220 182 188 214 226 256 201 208 163 134 175 120 
354 149 243 203 121 322 179 233 240 355 273 86 296 181 192 141 193 361 357 190 349 363 377 302 339 322 114 459 338 233 72 311 117 375 182 185 159 165 499 124 147 97 326 384 250 229 69 223 109 291 70 414 72 80 78 70 60 22 54 0 37 51 57 34 59 78 329 318 300 286 318 308 321 296 324 312 296 292 326 282 136 143 160 166 143 132 170 158 210 148 160 208 184 208 184 
335 116 219 179 90 332 148 227 226 320 299 126 321 207 177 145 187 369 359 208 368 377 395 331 343 344 112 451 317 218 39 272 92 397 152 211 158 184 488 108 124 87 304 364 288 214 87 186 147 304 59 421 34 48 47 52 36 28 36 41 0 18 20 33 51 58 311 283 270 247 295 282 304 271 300 287 283 265 306 259 176 186 199 192 157 162 186 197 233 175 189 197 156 195 155 
316 110 208 162 63 308 138 204 211 308 296 125 322 187 160 164 169 376 352 216 348 368 391 316 336 345 99 444 289 200 22 257 78 385 136 214 177 176 475 89 115 60 304 362 296 204 75 185 166 288 57 416 19 61 38 45 28 38 21 55 36 0 8 46 40 45 295 260 252 232 289 266 289 258 289 274 258 259 286 249 189 208 215 203 175 183 205 205 247 195 219 165 138 175 141 
307 108 206 174 67 311 128 207 224 299 300 121 319 176 148 174 175 371 358 202 346 384 398 330 328 336 97 432 297 210 41 249 96 393 153 213 186 179 487 100 126 77 303 355 285 208 82 179 147 289 66 411 22 51 38 44 29 36 28 44 20 9 0 43 42 45 293 266 250 250 290 258 298 252 285 271 268 262 290 253 184 198 212 203 187 184 201 208 248 181 206 178 130 185 131 
342 136 238 177 88 318 163 210 219 327 275 103 309 191 159 155 179 362 348 193 344 363 381 309 331 328 116 440 323 216 60 286 106 379 173 199 161 175 489 101 147 76 303 374 257 220 67 202 137 283 46 401 36 69 79 50 51 29 35 38 32 31 32 0 40 63 323 299 278 261 302 282 303 266 296 296 294 265 309 270 154 161 187 188 156 153 190 186 227 159 182 184 163 194 167 
293 143 202 156 74 280 126 183 179 295 280 132 295 157 123 191 149 347 322 180 317 343 363 288 303 309 74 413 290 169 60 269 124 343 177 198 210 156 444 78 106 43 273 325 283 165 50 156 149 270 34 381 54 91 81 81 47 65 39 67 65 52 53 50 0 31 275 265 241 236 262 246 269 235 271 259 259 245 281 228 186 208 216 202 183 170 203 202 244 190 205 156 142 158 140 
297 119 197 128 50 284 119 186 180 286 300 143 312 165 126 195 139 345 328 191 326 351 360 311 309 319 74 417 285 186 46 248 101 370 167 218 212 160 459 72 90 45 270 333 284 176 57 161 155 279 31 371 40 81 62 81 38 73 42 74 53 41 49 52 31 0 276 250 244 223 254 227 272 220 257 246 244 236 277 226 189 221 228 227 186 197 226 221 257 198 219 148 134 156 116 
36 280 118 155 234 216 201 207 147 123 490 395 462 240 172 451 169 424 227 399 342 469 386 476 290 385 262 316 106 131 287 189 299 464 289 450 467 331 313 225 203 265 141 210 493 175 310 134 411 354 299 299 278 322 287 319 298 318 300 332 324 295 297 312 280 275 0 66 43 68 47 42 15 71 18 49 33 44 54 65 449 479 466 477 462 442 489 476 524 464 476 144 204 129 197 
73 237 67 129 210 259 164 202 143 78 478 370 458 252 170 425 158 446 263 381 364 474 419 491 311 415 246 361 57 144 251 146 258 480 241 446 438 326 357 195 159 246 182 249 504 178 292 101 387 364 262 325 262 281 257 301 264 299 261 319 278 269 276 288 254 246 65 0 54 57 35 56 55 72 59 40 63 47 30 70 426 452 454 448 436 436 456 452 507 446 453 105 149 99 156 
62 238 84 111 188 231 148 169 106 118 467 354 439 228 155 425 134 412 218 353 330 453 373 453 278 366 217 312 108 114 238 181 273 438 248 424 429 295 332 174 155 218 152 222 471 131 254 84 378 341 262 287 248 287 262 299 261 291 251 296 272 253 266 269 250 232 56 50 0 30 43 20 41 38 45 32 16 9 65 30 410 432 442 429 421 408 443 435 485 433 457 104 163 91 172 
90 214 68 87 177 229 139 163 103 113 444 339 422 222 144 399 114 401 239 347 343 443 370 438 274 363 208 333 94 96 225 160 254 424 224 393 417 281 336 170 134 208 167 231 451 136 245 65 364 338 248 295 223 267 226 270 242 261 227 269 250 235 241 260 221 227 73 59 25 0 55 23 70 28 57 30 38 33 72 37 404 411 421 414 393 392 432 418 467 401 438 89 131 67 140 
56 252 102 127 209 249 178 214 141 103 493 388 469 250 169 449 152 448 240 394 367 464 397 470 308 403 255 339 72 134 270 163 278 457 255 436 447 330 329 198 178 242 173 230 501 164 292 119 411 351 273 320 276 313 268 320 282 319 266 327 294 273 276 294 279 270 32 34 48 63 0 39 29 52 28 28 55 32 31 49 443 462 454 475 433 434 466 458 509 461 463 118 167 114 187 
74 242 85 113 191 212 162 167 107 112 455 362 431 223 139 424 138 401 225 362 339 435 361 443 268 359 214 322 104 104 239 172 263 439 240 412 438 297 326 189 165 221 143 204 477 133 255 88 384 328 247 285 251 294 247 298 261 284 247 304 283 264 267 278 252 229 37 57 20 36 45 0 34 25 28 26 27 15 72 29 421 426 437 445 405 409 438 435 482 430 454 102 164 99 163 
31 280 116 134 219 221 186 185 136 122 482 389 444 247 176 448 157 420 219 375 355 450 377 464 292 391 255 314 93 143 281 195 294 442 278 439 465 321 322 204 188 257 157 213 489 166 301 118 415 338 295 298 286 321 289 313 284 308 273 338 303 280 286 317 275 261 18 60 44 54 33 39 0 63 8 36 31 40 47 62 452 460 475 469 444 451 478 474 523 457 476 131 179 133 183 
83 234 100 103 190 196 149 150 84 134 432 351 400 192 136 415 108 390 196 333 305 429 352 436 262 341 204 291 124 94 238 184 265 416 253 388 411 288 321 162 155 222 121 194 458 120 240 92 369 305 243 273 249 278 250 287 246 281 252 289 275 248 249 278 234 223 69 68 35 45 56 23 51 0 51 48 28 29 91 13 413 419 423 431 402 390 435 424 478 405 438 100 156 101 171 
45 257 105 141 216 217 192 196 121 118 475 378 433 239 176 449 154 426 223 387 333 449 373 456 283 381 249 306 96 122 275 181 289 451 265 425 447 323 317 197 182 251 155 220 485 156 287 113 395 342 276 291 276 321 284 323 275 321 281 332 299 289 296 299 264 266 27 52 38 50 35 40 11 58 0 33 33 39 46 53 447 466 458 471 445 445 479 465 504 461 474 121 186 123 189 
57 253 93 130 204 239 158 204 125 102 466 371 439 232 158 436 147 436 224 375 359 451 396 477 285 388 228 325 75 124 251 162 278 462 243 439 439 327 332 194 166 236 173 226 492 154 287 111 380 356 276 312 254 295 263 308 264 290 271 313 286 261 267 283 246 251 33 31 34 49 13 31 28 41 31 0 39 20 46 45 426 448 458 445 420 432 453 447 493 444 450 98 156 105 158 
68 248 105 118 198 219 164 175 99 129 455 364 419 211 138 430 127 396 216 357 326 436 369 455 260 365 223 296 108 114 247 179 280 430 251 408 441 304 316 185 157 224 144 213 481 133 266 107 389 316 270 287 255 306 272 308 268 295 255 309 290 257 269 286 249 252 33 54 20 35 53 26 30 36 26 38 0 33 67 33 414 450 442 435 425 411 446 435 485 433 442 119 166 103 181 
74 243 76 97 188 224 144 180 121 111 463 355 437 217 141 405 139 416 218 354 335 440 373 455 281 381 217 322 103 117 233 173 254 433 233 420 422 310 338 169 141 226 161 224 478 146 250 77 364 325 258 299 253 288 250 279 262 273 246 293 277 261 257 279 232 227 57 45 17 24 51 22 52 42 39 38 34 0 60 17 416 424 425 429 414 414 446 440 475 431 440 91 151 79 148 
68 250 99 149 239 264 170 235 156 65 515 392 478 267 205 462 188 473 262 414 379 490 426 502 315 415 269 346 68 152 278 159 293 493 253 458 467 361 352 209 181 257 192 260 529 191 314 138 411 391 303 328 275 313 277 313 301 314 288 338 312 298 298 310 274 282 50 27 59 76 30 68 48 73 48 39 75 64 0 69 464 479 470 472 465 444 480 475 525 469 478 131 171 139 179 
80 240 92 89 193 214 149 150 97 126 436 350 420 207 133 400 112 407 210 349 323 429 361 426 274 354 212 301 121 86 239 186 263 425 240 402 422 281 318 171 151 203 129 205 452 124 252 83 357 318 232 277 240 287 238 272 240 284 250 286 270 256 244 264 224 233 57 60 35 19 55 29 62 9 49 35 37 36 82 0 403 424 429 423 411 389 422 432 465 423 425 88 155 81 160 
469 290 377 323 247 402 310 305 345 480 180 59 255 256 290 76 301 347 432 152 377 311 388 225 386 320 213 503 460 344 208 445 253 338 303 86 135 173 565 261 274 210 404 444 147 328 163 331 61 287 178 472 194 204 207 188 189 163 195 140 168 192 189 170 184 198 458 427 409 395 439 415 457 410 442 437 426 409 464 402 0 42 38 25 24 12 38 37 90 47 53 347 323 339 318 
491 292 394 332 257 418 317 326 371 493 212 87 278 275 306 64 322 375 466 188 398 354 432 261 404 349 238 537 470 353 217 437 233 357 313 126 124 209 586 264 303 227 425 482 175 349 186 350 81 330 187 489 206 191 226 195 211 169 209 147 181 204 191 181 206 210 478 457 435 419 452 430 471 418 468 451 437 432 468 417 43 0 56 37 38 43 20 29 64 22 15 356 322 352 322 
484 299 389 347 254 398 332 327 351 497 181 97 252 268 314 106 328 332 436 159 378 312 389 218 385 321 232 513 476 349 229 453 266 330 335 79 167 185 576 266 304 217 427 464 138 347 184 360 74 300 188 476 212 215 243 215 213 185 209 167 190 218 201 176 207 225 480 451 441 413 463 428 456 430 464 453 432 434 468 424 36 39 0 19 47 32 27 25 64 67 46 357 341 355 324 
479 312 391 349 267 415 323 323 358 509 172 94 245 272 312 93 331 340 459 147 375 325 393 220 385 326 237 510 497 353 229 451 271 340 325 92 148 195 566 284 311 221 426 467 140 346 194 356 73 299 201 478 210 226 248 218 225 192 215 164 196 214 215 175 207 221 483 459 433 428 462 446 462 427 455 455 435 437 472 432 38 53 5 0 50 41 32 20 71 57 43 350 345 362 339 
457 279 363 318 229 396 297 301 349 478 211 55 274 250 287 58 301 347 442 159 386 327 404 241 382 345 200 519 454 337 199 428 239 359 300 109 130 186 558 247 280 203 420 442 162 324 157 334 47 299 161 483 182 181 213 181 176 143 187 135 167 185 185 160 180 186 459 422 415 389 438 411 436 404 449 436 417 410 460 401 30 21 52 35 0 13 45 42 78 26 49 333 316 333 311 
470 263 360 315 244 398 303 306 333 477 192 64 250 249 278 81 297 351 442 164 365 321 402 229 386 341 196 499 461 327 207 421 239 344 311 97 131 176 569 258 276 188 413 451 161 325 164 329 44 291 170 475 196 183 208 177 178 145 185 144 168 189 182 154 182 197 455 436 406 389 431 419 443 391 426 425 425 417 455 402 30 27 35 47 25 0 48 39 75 44 54 339 313 343 296 
487 296 409 347 261 430 334 338 381 506 204 102 276 281 319 76 332 371 473 175 395 343 425 257 406 362 237 525 500 370 237 456 252 359 322 102 131 214 582 270 313 227 428 480 154 347 187 364 90 328 205 502 215 202 235 197 215 187 210 163 204 209 198 178 207 231 482 460 442 430 478 445 484 426 460 467 447 447 493 439 44 32 33 40 31 33 0 19 47 41 3 369 332 361 323 
499 305 402 349 266 424 334 317 357 493 195 85 261 268 319 91 328 357 458 156 377 320 403 232 406 337 231 517 497 354 230 450 255 354 323 106 152 195 585 275 298 225 426 459 146 341 178 364 67 304 195 491 225 209 230 211 207 174 210 161 186 210 217 184 200 221 480 455 442 423 465 433 462 422 457 447 442 434 475 434 28 35 33 20 32 44 17 0 69 38 35 366 334 367 336 
540 331 437 392 296 462 358 367 403 543 212 141 287 334 356 100 376 390 508 206 436 356 450 264 456 390 280 571 529 407 259 481 280 377 350 151 150 254 625 312 346 271 479 519 181 385 222 404 118 357 236 545 253 235 262 226 259 225 254 203 222 239 242 216 258 250 529 490 482 471 505 477 504 476 499 491 496 487 514 478 82 68 69 57 89 75 54 52 0 64 56 404 367 414 361 
489 269 379 336 252 414 310 334 358 493 221 82 283 285 296 42 318 374 468 178 414 356 420 265 402 369 216 526 462 364 217 436 229 378 300 131 108 220 588 263 284 218 440 477 179 342 182 356 73 318 184 492 202 192 217 180 202 151 204 139 181 182 193 164 199 211 468 434 426 401 446 428 452 412 452 441 434 421 475 420 38 16 62 55 27 37 30 39 60 0 35 352 312 347 314 
496 290 409 355 265 436 335 330 367 500 197 94 273 294 315 67 332 375 471 170 409 342 416 240 411 364 247 529 489 378 226 467 256 372 335 116 144 206 598 274 321 222 447 482 152 348 187 375 85 330 196 500 228 205 247 214 216 180 216 168 187 206 217 177 220 217 474 467 454 426 463 453 479 432 465 457 454 433 492 432 51 17 33 30 49 36 19 29 43 37 0 370 348 379 328 
154 154 48 36 99 250 79 155 119 149 394 277 399 188 108 341 99 405 259 305 328 424 369 415 295 349 149 360 145 111 161 152 177 413 173 346 345 242 389 87 58 147 188 269 403 131 181 22 295 312 164 329 171 202 158 192 176 195 164 205 190 173 174 186 157 158 145 117 109 73 112 95 125 91 124 106 111 98 123 84 342 355 347 362 323 326 371 364 392 344 364 0 68 18 88 
215 96 84 81 82 299 17 197 157 177 409 262 418 211 128 293 140 426 325 310 376 446 420 417 331 390 158 422 176 153 122 133 122 452 105 342 292 265 438 85 60 135 256 315 401 186 180 86 286 333 147 395 130 141 117 163 141 163 138 184 145 135 148 153 144 133 195 153 165 133 169 167 179 167 189 155 165 147 184 154 310 323 345 330 315 303 346 332 364 309 346 62 0 67 25 
149 153 52 33 118 251 70 149 118 163 411 277 393 177 89 336 92 401 246 313 324 413 376 410 285 359 164 352 135 107 158 160 177 423 177 356 333 247 371 98 68 158 184 252 408 117 191 14 307 315 171 333 155 204 159 212 179 206 164 217 196 169 172 206 161 157 136 101 89 80 116 101 117 85 112 103 114 98 125 91 350 352 353 363 342 343 360 373 398 341 359 12 77 0 84 
216 95 87 91 79 295 26 213 174 180 400 258 408 224 144 286 137 426 317 307 386 436 416 414 336 400 171 422 169 171 119 133 120 449 93 331 287 261 455 75 60 135 249 336 408 188 170 96 264 347 157 388 125 141 120 150 124 159 128 167 154 139 130 156 138 124 197 157 159 138 181 172 193 172 195 165 175 159 186 169 306 311 326 327 307 299 331 326 360 316 329 85 16 81 0 

Depot information
199 9 1
31 245 1
115 107 1
160 157 1
131 241 1
371 129 1
91 183 1
279 186 1
237 139 1
74 10 1

Cust information
362 464 15
173 410 21
417 400 21
282 242 18
210 191 15
113 465 22
209 176 24
480 320 15
379 87 18
300 385 17
453 222 16
477 366 21
491 233 19
403 434 19
413 173 21
450 290 20
208 269 15
478 70 16
89 22 23
229 142 23
110 285 20
9 80 23
44 283 15
490 344 21
3 227 18
267 453 19
53 460 16
287 327 16
483 5 19
138 227 15
128 199 25
166 275 17
307 88 23
378 75 16
323 496 23
251 162 18
182 314 16
145 139 21
195 425 22
402 284 16
164 305 23
453 93 25
115 293 24
75 320 17
82 288 15
79 325 16
107 301 19
120 333 19
116 296 18
132 345 19
111 320 22
116 302 19
117 305 22
129 327 25
151 293 24
142 284 16
182 23 21
137 45 23
169 60 23
160 77 16
156 34 25
175 60 17
178 30 25
188 74 22
181 36 24
158 47 16
185 55 22
164 64 20
138 20 19
179 73 22
187 467 21
162 485 24
199 485 25
195 488 20
169 465 22
177 462 23
173 495 22
187 490 23
164 534 16
151 478 17
172 497 24
135 143 19
85 180 15
139 139 25
81 186 25
