Seed 123 - Instance: n85m20_1
n 85
m 20
Q 226
L 0
U 1000

0 260 260 239 330 275 229 398 141 183 233 162 244 94 106 55 391 291 203 139 140 128 331 283 196 152 135 327 299 352 278 369 364 301 80 446 260 295 229 89 109 230 278 253 130 260 219 141 377 263 281 238 187 280 148 193 115 227 150 195 87 229 135 96 166 77 116 129 102 151 173 85 105 126 131 312 343 318 312 300 316 306 311 320 308 324 321 314 313 349 311 68 95 123 88 83 93 85 88 86 60 97 97 86 95 
272 0 287 55 412 483 358 445 320 135 204 334 42 196 193 268 460 70 367 320 155 241 479 405 446 371 132 150 205 344 265 278 395 392 255 540 274 395 472 172 361 173 233 150 325 21 438 409 483 132 395 74 136 437 277 241 245 322 128 428 332 38 365 322 378 312 342 389 300 364 391 334 342 348 389 249 271 262 282 247 246 251 264 242 248 274 285 255 270 285 257 229 210 225 246 230 238 250 226 203 228 248 264 226 225 
257 278 0 251 138 282 138 178 176 316 78 178 261 201 200 307 175 275 152 184 289 362 228 136 341 228 266 227 142 116 70 134 132 117 318 261 27 119 343 255 271 381 75 154 193 271 262 318 212 372 149 320 169 194 134 84 152 89 272 349 286 255 236 220 242 223 229 300 189 245 232 270 233 223 297 116 123 91 93 99 91 114 81 102 100 98 92 110 89 110 76 281 323 339 325 323 331 330 298 298 301 324 320 306 327 
250 62 245 0 358 433 328 395 287 157 159 307 39 178 154 257 411 74 320 282 154 240 449 345 400 333 130 132 148 314 200 247 334 353 234 495 229 342 438 159 329 199 189 97 288 36 396 380 440 179 349 104 97 384 250 209 202 262 129 404 308 52 337 286 345 275 311 346 273 344 342 323 309 317 353 195 208 207 234 208 209 203 230 213 210 229 232 203 228 236 221 198 223 218 223 223 230 247 207 210 215 243 247 226 226 
319 409 143 363 0 200 97 105 193 438 215 181 394 283 276 366 95 398 121 195 390 422 108 34 308 218 365 347 261 162 184 249 120 40 401 142 155 29 303 335 286 493 208 278 194 392 217 325 77 506 57 455 298 100 181 173 233 116 384 333 324 384 237 249 237 259 238 295 237 233 215 300 255 218 310 238 231 212 196 205 215 219 203 233 208 196 197 218 194 212 189 354 391 424 401 390 393 383 387 368 360 396 400 385 402 
264 477 277 441 211 0 159 304 171 444 326 138 449 281 287 314 276 481 138 159 395 382 134 179 154 123 387 468 402 333 340 400 315 211 335 286 282 204 126 333 171 488 345 378 154 476 64 184 197 525 166 478 354 128 201 257 246 210 399 181 225 448 143 174 117 208 165 162 196 121 113 208 178 153 179 387 403 356 348 357 373 368 362 378 371 364 367 371 347 386 341 322 369 370 361 340 355 336 359 353 325 354 350 355 353 
230 360 124 320 103 150 0 181 104 360 191 97 345 208 211 280 188 367 41 99 331 347 139 62 240 135 311 339 256 202 179 264 181 79 300 218 143 78 234 274 193 419 200 247 120 360 153 244 137 426 47 384 244 72 99 136 143 62 322 259 236 330 154 158 143 186 160 207 148 143 141 198 170 132 210 234 243 220 210 223 222 228 217 227 220 222 228 229 209 229 201 287 314 344 311 316 330 297 298 285 285 309 308 306 333 
395 441 171 399 96 307 183 0 282 489 242 256 412 348 349 457 20 423 225 278 464 508 192 142 410 294 436 354 285 127 207 221 67 119 472 115 189 119 392 404 372 557 223 323 284 431 308 419 113 544 144 493 342 178 254 244 298 188 437 428 413 430 336 335 333 361 343 381 307 321 312 380 352 315 384 240 226 205 194 212 226 229 205 225 222 190 194 217 197 201 193 429 467 483 485 474 484 466 448 451 454 476 476 460 473 
130 309 178 276 206 178 119 293 0 280 175 47 301 136 144 180 271 341 79 20 238 247 205 164 163 71 220 318 276 271 218 298 275 179 217 322 192 178 191 178 92 327 213 241 15 319 124 158 251 367 155 331 200 164 65 135 82 115 243 167 136 273 67 63 79 76 59 121 48 76 73 108 61 44 123 260 285 242 244 256 251 264 253 252 248 253 270 255 242 283 238 178 229 247 210 202 223 205 198 193 180 210 208 207 233 
177 147 334 150 433 426 357 488 274 0 251 307 139 173 161 161 487 190 345 286 61 124 483 396 351 328 70 257 290 421 310 364 434 409 138 574 315 415 393 119 299 78 284 210 296 162 373 324 482 82 397 94 167 420 262 257 222 331 67 357 256 113 309 263 321 239 291 296 251 313 341 274 283 297 305 311 343 321 342 336 315 329 328 315 334 344 361 329 340 353 325 130 110 105 116 130 121 134 121 117 128 142 135 112 115 
234 209 91 172 222 329 186 255 173 260 0 185 175 158 142 270 257 204 192 186 237 296 302 197 347 235 211 169 90 175 75 138 186 186 271 342 74 205 367 192 276 319 62 77 205 189 296 328 285 299 212 257 107 251 130 63 133 133 218 352 271 191 257 229 254 206 237 290 198 244 258 266 233 230 293 95 116 95 96 92 84 86 98 98 101 114 123 102 102 119 84 236 268 284 271 267 266 269 259 243 257 275 283 272 277 
165 335 166 297 164 139 82 261 44 308 197 0 312 169 158 219 255 364 57 36 268 275 181 139 177 56 265 339 281 259 227 295 260 158 238 306 171 156 189 220 124 362 226 258 35 336 109 162 227 382 123 345 214 131 81 131 106 108 262 177 150 309 84 89 84 105 68 131 79 63 78 134 86 71 148 270 290 246 244 242 249 262 241 260 248 272 271 270 253 280 251 223 264 276 250 253 266 233 234 236 217 244 239 254 262 
251 33 256 31 390 446 328 412 284 138 176 328 0 196 171 254 419 53 328 298 149 250 469 369 413 352 122 134 167 335 233 263 356 358 235 516 245 377 463 173 350 186 216 109 317 27 399 392 460 155 374 93 118 410 246 210 230 287 132 412 312 41 341 298 352 276 318 355 274 347 370 324 307 323 363 222 239 230 252 221 234 226 247 218 225 255 256 238 236 253 247 204 209 222 236 228 223 245 203 209 219 245 240 213 230 
83 212 204 171 293 292 216 358 136 161 157 157 181 0 25 112 353 232 183 146 121 156 332 253 252 171 115 264 232 294 205 281 306 256 131 427 204 268 271 76 160 218 205 175 149 205 229 203 338 247 250 210 97 271 107 125 63 183 117 245 140 162 159 131 179 108 147 193 112 184 182 150 134 157 189 230 269 245 251 232 229 242 239 240 237 255 251 233 239 281 223 102 134 149 127 118 143 122 109 94 101 137 142 126 142 
99 186 183 154 286 295 205 358 132 163 133 170 178 25 0 135 335 223 197 150 119 171 325 262 257 190 109 240 201 292 206 267 297 260 137 407 188 271 301 76 181 219 180 163 145 184 237 233 347 228 258 189 81 277 109 130 67 173 127 253 168 165 188 142 191 118 154 199 112 194 194 171 152 171 203 225 245 229 241 212 216 216 230 220 218 231 240 223 219 248 220 107 130 148 149 146 143 144 119 121 128 149 156 127 144 
65 255 300 248 367 307 279 444 192 166 272 218 244 127 128 0 445 306 266 195 125 84 385 330 204 210 143 356 336 414 308 399 413 341 47 504 298 357 258 92 150 195 315 264 178 273 263 168 416 248 323 241 193 329 202 238 156 275 154 203 105 221 187 157 195 132 167 153 161 193 200 132 152 174 166 355 380 343 343 335 335 354 343 337 352 362 362 357 352 373 341 49 74 72 62 45 72 36 54 51 45 45 52 51 61 
396 449 174 398 85 293 173 26 274 485 246 261 415 359 347 434 0 442 214 275 451 511 183 122 411 299 436 368 283 133 217 217 77 112 465 104 185 97 383 415 370 551 223 323 280 434 295 410 95 542 141 484 343 174 263 240 291 196 430 424 406 435 318 336 303 350 323 375 308 306 310 365 332 300 394 235 236 220 205 219 218 219 195 231 219 199 192 221 198 202 207 438 464 483 466 455 482 463 458 449 440 462 465 467 476 
291 59 275 63 410 492 362 441 329 186 209 359 53 235 214 309 425 0 370 344 201 283 484 384 462 395 170 108 177 328 229 255 365 379 294 528 269 394 507 220 377 220 221 129 353 48 448 437 463 189 400 121 138 431 294 256 258 317 166 461 374 80 388 349 395 325 355 405 332 383 405 362 354 368 407 213 236 234 252 230 221 223 233 214 235 250 251 236 235 249 238 264 260 268 272 289 265 296 262 264 283 288 305 267 289 
201 366 138 325 133 133 44 224 91 348 182 57 329 197 196 252 207 375 0 79 304 334 144 99 199 101 286 350 267 222 192 284 216 109 296 254 165 106 214 248 174 412 213 260 95 355 131 206 164 416 88 373 225 82 84 139 143 68 298 214 206 331 125 134 114 143 128 185 108 105 105 171 132 118 184 254 265 228 235 237 232 246 217 245 239 237 244 240 218 247 217 256 307 318 294 280 302 275 279 278 269 298 287 286 292 
156 332 174 294 196 148 111 272 20 302 188 29 303 150 139 198 266 353 69 0 259 275 201 156 165 60 250 332 270 265 228 301 269 184 229 323 173 168 183 204 110 350 220 256 31 326 109 158 236 373 138 345 206 156 64 133 85 107 245 183 144 294 78 59 81 85 60 135 47 64 82 108 85 54 138 265 280 256 255 241 261 266 238 253 253 266 258 250 244 283 233 202 233 251 243 225 231 212 227 220 210 236 221 229 239 
145 148 295 151 401 392 326 458 237 63 243 266 153 133 132 110 453 202 304 250 0 88 444 369 327 276 48 267 286 387 297 353 402 365 91 531 283 387 369 63 238 100 266 202 244 175 343 268 447 138 367 131 149 388 226 238 184 289 51 323 214 123 254 232 273 198 239 259 218 266 298 230 226 246 255 312 321 324 313 303 299 304 314 318 311 325 327 312 314 354 315 81 62 85 94 83 82 99 80 65 86 101 102 79 90 
124 242 349 252 421 379 343 499 242 111 304 276 251 162 180 78 497 287 322 268 96 0 462 401 279 280 131 358 349 446 367 435 459 414 43 564 354 418 334 106 221 140 343 286 265 251 337 246 489 199 401 193 219 404 249 281 221 316 123 263 174 213 250 215 280 188 243 228 218 276 288 188 216 242 228 370 395 381 391 376 388 384 390 384 384 407 413 374 394 426 387 77 46 34 44 55 43 67 51 61 77 53 48 52 29 
326 493 224 434 123 130 136 179 217 486 302 175 461 330 334 386 186 478 142 188 443 455 0 114 269 191 423 436 371 258 294 337 217 138 417 155 248 135 252 373 265 544 296 372 212 477 159 299 82 556 94 502 350 68 221 258 274 185 440 284 307 457 233 238 202 275 233 275 237 206 193 274 244 209 267 338 342 316 307 307 319 314 301 321 325 306 310 318 298 317 303 398 431 434 415 406 420 416 408 408 389 419 423 409 427 
299 393 144 356 32 186 58 141 169 402 204 136 370 264 261 335 120 390 101 148 376 401 103 0 275 174 348 356 259 164 188 251 143 36 352 174 136 28 280 326 237 468 193 282 169 380 178 297 87 473 17 433 266 68 150 154 203 89 367 309 280 373 217 226 201 242 210 256 203 204 187 252 221 199 278 241 233 202 195 213 219 233 203 219 222 203 209 214 206 229 198 327 367 387 362 369 382 367 358 353 332 368 371 358 371 
193 433 338 416 307 147 246 411 171 366 347 174 411 254 261 218 402 469 219 165 311 290 276 291 0 125 332 477 428 419 367 470 398 308 233 423 341 310 65 280 95 391 383 394 150 429 111 65 345 445 277 426 343 237 227 283 212 252 332 28 122 395 98 137 111 148 126 77 161 101 112 117 116 119 70 413 440 402 413 414 416 422 412 421 408 411 428 413 410 430 397 239 283 276 262 246 259 238 250 254 236 240 234 256 269 
167 363 218 339 212 118 120 301 57 314 244 63 342 183 183 199 285 378 87 49 271 274 188 186 130 0 264 390 318 308 273 349 292 196 223 338 232 190 128 224 73 378 268 293 59 363 65 133 244 393 172 364 244 146 112 184 135 136 285 138 123 337 32 74 21 94 44 101 68 36 30 103 52 34 107 299 335 294 300 296 294 314 292 300 289 300 313 310 294 315 277 225 244 259 256 237 246 234 236 224 209 240 239 235 259 
143 133 279 136 379 393 299 427 221 61 201 259 131 103 105 133 432 170 293 248 43 121 421 357 326 281 0 237 246 358 270 332 378 348 112 517 255 365 353 55 240 130 236 170 248 153 331 289 438 142 342 113 110 371 204 205 158 258 27 310 206 94 256 223 269 203 249 268 207 273 292 232 228 245 269 270 306 286 289 279 271 286 283 277 288 305 295 284 282 325 272 91 88 103 117 117 108 127 90 88 116 132 130 104 119 
325 159 222 129 351 475 339 363 319 258 159 347 131 249 237 355 372 115 337 333 276 347 441 356 470 386 244 0 93 258 178 162 289 341 346 455 210 334 514 271 396 312 145 100 344 129 441 449 425 280 358 222 170 408 278 221 267 283 242 493 394 161 395 353 404 351 372 428 321 383 401 396 378 357 421 145 147 165 167 148 141 145 172 152 144 171 175 149 178 164 160 321 329 338 349 349 329 351 325 309 323 349 353 336 339 
296 201 150 166 271 410 263 266 277 279 93 270 171 222 204 338 283 173 269 276 285 353 365 269 429 323 243 95 0 172 77 87 207 256 336 367 122 251 442 255 342 350 70 73 278 184 372 409 323 314 266 257 148 311 218 155 226 201 241 436 353 200 338 309 343 294 316 379 266 328 347 352 322 310 373 51 72 78 83 67 59 57 73 58 69 92 86 59 77 106 80 296 328 329 335 337 321 327 314 300 309 348 338 329 327 
371 348 113 298 154 345 207 121 272 407 171 269 316 290 279 415 119 319 232 259 387 444 254 165 416 312 361 254 161 0 120 110 51 136 416 231 108 137 432 346 367 484 134 210 275 337 330 406 209 466 194 405 260 241 239 175 270 163 362 432 383 326 334 315 323 318 319 390 299 320 328 377 322 303 389 114 106 111 101 100 103 113 86 120 118 96 82 102 97 84 95 375 411 439 422 425 422 418 397 397 403 429 426 418 434 
279 264 68 210 200 323 189 209 218 318 77 224 231 208 206 323 205 225 208 229 289 360 295 182 372 258 253 171 94 118 0 88 141 166 324 308 54 179 398 246 302 380 23 110 221 240 308 360 260 351 200 313 154 235 168 106 180 129 273 375 330 240 281 267 282 270 259 340 224 289 290 306 284 253 332 47 67 41 54 43 51 54 45 57 42 47 60 53 44 66 40 302 319 343 330 327 340 321 316 305 305 332 340 331 337 
356 293 140 237 250 414 261 225 305 368 135 306 254 285 271 395 223 259 277 293 363 424 347 255 458 355 323 154 91 107 104 0 149 232 409 316 137 235 471 330 388 435 105 153 321 269 398 449 306 392 259 336 214 302 246 198 268 227 317 474 403 281 374 352 371 350 355 418 313 362 374 380 354 337 425 56 37 69 60 70 57 60 72 52 58 56 42 58 58 41 75 358 391 413 401 391 391 409 386 368 381 410 415 399 413 
369 384 117 336 122 310 176 69 258 448 186 255 354 316 307 419 89 374 207 260 422 466 212 136 416 298 375 298 211 52 141 160 0 114 423 181 131 112 400 374 362 495 175 249 273 369 320 414 157 485 166 437 288 206 241 201 268 162 389 411 395 360 319 312 312 325 323 368 302 306 304 364 323 301 386 163 156 153 125 139 154 155 142 168 155 128 137 162 141 131 137 393 440 459 433 430 430 421 412 408 397 431 444 424 435 
303 383 112 342 31 216 90 115 186 412 189 164 359 259 252 349 115 389 107 173 385 403 137 43 308 205 346 325 255 136 175 228 113 0 370 157 130 22 301 324 273 475 193 264 187 372 207 306 90 474 49 427 270 105 167 149 211 103 370 327 296 355 233 236 229 254 223 292 217 215 212 287 239 213 300 217 223 197 178 196 210 198 175 215 200 194 196 198 185 202 175 338 383 395 381 382 374 365 360 362 355 371 373 379 391 
82 242 312 236 390 344 301 463 199 132 279 233 249 139 133 38 458 295 277 231 107 44 417 354 250 226 111 344 327 419 327 401 431 373 0 521 317 381 284 99 174 173 317 265 209 261 279 201 436 219 344 215 194 364 224 242 178 291 135 233 130 223 205 188 221 156 187 200 183 214 241 157 184 211 193 360 389 349 371 362 353 351 351 351 357 375 380 355 350 392 357 51 46 36 28 11 32 13 44 51 34 17 14 29 32 
456 532 270 496 147 288 236 102 325 561 343 306 507 425 417 509 96 527 249 314 529 569 152 174 414 324 506 462 365 232 309 311 168 155 525 0 269 164 402 481 395 625 326 401 332 532 306 434 92 629 193 586 421 195 324 317 360 251 512 431 439 508 360 363 338 398 358 404 364 340 343 425 368 340 417 326 320 313 288 315 310 322 296 314 324 298 304 322 307 302 302 491 535 557 541 523 537 518 508 503 512 536 533 527 541 
250 281 24 239 149 289 131 181 176 318 86 175 258 192 185 305 189 255 164 172 286 353 243 151 345 231 260 203 139 122 53 141 122 123 318 261 0 125 346 254 283 389 58 136 196 257 265 320 214 370 149 317 160 193 135 78 161 104 268 348 284 260 239 237 246 239 231 293 208 244 245 266 250 224 312 109 107 79 79 89 94 88 80 90 80 98 82 101 87 115 68 286 324 332 326 318 323 312 291 296 300 331 335 310 323 
296 398 124 345 34 198 83 115 196 414 194 165 360 265 263 343 109 393 120 165 385 412 136 37 313 194 354 335 244 139 176 223 121 21 380 157 130 0 307 315 259 464 187 265 185 381 218 321 89 476 58 425 278 92 161 157 214 93 368 330 313 366 229 233 220 249 232 276 221 222 209 290 243 203 299 205 214 193 184 199 197 216 193 213 210 187 200 213 188 193 173 351 383 391 380 372 384 374 370 360 345 372 387 368 379 
227 465 348 451 312 132 230 403 183 407 356 182 453 277 295 261 387 492 204 178 352 321 254 271 65 143 371 502 437 419 392 477 413 301 294 393 353 294 0 301 116 441 399 425 180 473 105 92 312 475 267 467 356 231 226 293 248 267 370 67 153 446 131 163 121 173 152 109 181 128 118 144 157 145 99 434 453 417 429 423 424 428 420 429 428 436 427 420 426 448 406 280 313 324 303 304 308 281 293 294 285 287 277 311 317 
97 183 246 168 343 341 271 417 185 108 185 208 175 70 68 91 416 212 245 197 72 104 380 325 278 230 63 262 262 340 262 326 367 325 99 478 241 323 308 0 206 159 230 196 189 192 287 231 391 189 310 167 117 332 164 173 124 236 72 271 172 152 213 179 237 144 187 211 165 229 233 180 173 193 214 266 298 277 285 285 283 268 282 278 266 306 290 269 290 319 285 51 71 87 100 81 77 89 64 64 72 104 97 74 85 
108 351 279 322 288 170 183 373 91 292 275 114 333 162 182 156 362 384 169 102 255 214 256 246 89 79 247 403 358 372 313 397 352 267 192 408 266 264 135 189 0 333 303 305 104 354 118 69 313 378 237 350 248 217 153 213 150 203 251 100 69 331 40 52 70 71 42 31 79 73 75 31 53 65 31 348 362 344 345 329 347 353 332 350 343 359 355 338 338 364 337 172 212 226 188 185 213 175 183 197 181 172 183 197 211 
237 163 385 205 498 492 427 559 340 71 324 365 178 218 226 204 545 220 408 347 100 128 533 469 392 377 124 320 332 474 364 422 510 465 167 625 383 472 438 159 327 0 362 269 350 201 424 348 550 79 467 107 225 495 321 329 279 387 110 385 285 157 354 318 376 285 328 345 322 370 390 315 334 338 355 378 403 389 394 383 376 381 397 376 381 407 403 387 399 419 398 165 132 124 160 154 139 175 146 163 165 172 164 147 158 
263 243 74 182 201 349 201 234 214 287 44 231 210 204 182 314 220 220 209 228 281 342 306 209 375 265 253 149 69 124 22 97 174 181 320 327 60 184 394 244 301 355 0 88 218 223 323 366 279 342 208 281 129 262 175 90 184 155 243 388 312 219 278 258 281 249 270 320 219 288 278 308 273 251 333 61 79 51 51 47 41 47 61 55 48 73 67 48 45 83 50 274 315 319 320 304 311 318 296 275 297 315 322 315 316 
244 156 148 90 294 389 257 307 248 229 90 257 125 162 157 270 311 123 266 254 217 281 368 278 385 290 186 91 66 225 124 158 248 268 281 412 152 264 421 185 313 283 105 0 249 126 350 355 349 258 279 200 88 320 195 131 186 205 186 383 317 120 288 265 306 248 289 326 231 298 303 308 273 266 350 106 124 123 146 120 111 118 142 119 117 140 144 126 138 149 122 231 266 275 275 276 262 285 244 244 248 281 287 266 262 
135 328 180 299 208 155 120 291 34 301 201 39 299 145 153 189 284 343 81 15 246 262 210 171 150 41 239 348 285 288 222 303 267 193 216 335 185 179 174 192 102 346 217 243 0 326 113 146 240 369 146 341 211 166 75 145 83 111 259 162 139 288 62 63 58 84 50 115 44 55 74 102 65 34 130 263 297 255 251 260 263 258 265 279 267 267 268 273 259 292 253 200 224 254 234 221 233 211 206 201 201 226 229 232 234 
268 33 273 44 389 473 358 436 312 154 191 337 24 210 186 264 424 41 356 329 163 250 468 381 431 367 143 123 185 339 231 272 380 381 262 526 253 373 466 186 361 186 223 119 329 0 419 400 469 143 388 106 134 422 277 232 240 299 136 440 334 47 362 334 384 310 336 391 310 361 382 342 345 336 387 227 238 231 262 237 228 227 255 225 233 248 266 241 239 268 238 226 228 246 258 253 249 257 218 224 244 265 260 244 247 
222 436 269 385 217 76 140 307 115 374 293 93 397 229 241 246 295 436 133 117 333 325 174 195 107 67 331 431 364 330 300 398 305 222 294 321 275 207 94 290 111 423 314 354 117 431 0 126 227 459 174 431 315 144 157 237 201 186 344 123 169 386 92 120 66 139 109 124 136 69 67 150 112 91 119 348 369 351 342 345 354 346 338 358 344 340 360 356 327 357 324 268 305 315 299 290 302 285 287 288 268 294 296 293 306 
153 403 332 378 325 190 245 414 162 310 325 171 385 200 228 176 409 436 206 159 271 231 282 289 53 115 288 441 413 407 365 438 396 310 205 444 326 320 110 234 54 360 348 357 137 399 134 0 349 393 268 376 298 267 193 261 205 257 285 52 84 355 92 113 107 106 97 30 139 114 113 72 89 112 31 406 416 385 385 394 403 408 389 392 399 395 413 398 380 430 378 194 237 226 208 208 213 191 222 223 190 203 199 210 214 
362 471 208 426 79 205 142 121 253 496 270 225 442 333 351 416 95 462 165 226 466 476 100 91 343 236 443 419 340 202 249 303 156 101 439 93 215 98 325 395 309 547 275 345 235 462 226 357 0 564 111 512 347 104 243 245 285 178 443 352 352 449 266 294 251 316 284 326 268 253 246 328 295 269 330 282 289 263 253 270 274 278 266 290 276 269 257 285 252 279 248 428 461 466 461 444 462 443 429 429 417 444 459 447 452 
254 130 375 164 492 525 430 557 368 94 316 386 157 243 240 240 551 184 430 367 140 194 558 479 435 396 144 266 326 464 357 406 492 470 214 630 369 485 485 190 375 66 334 248 378 154 461 403 553 0 468 63 218 491 344 332 288 395 131 441 344 127 390 346 398 334 365 388 337 405 414 343 363 368 389 354 370 373 385 374 373 356 378 367 374 390 395 374 383 395 383 204 176 185 196 212 193 230 198 203 217 220 222 184 187 
286 407 151 355 50 166 48 156 150 400 216 121 370 253 244 320 139 400 71 143 357 402 92 17 263 160 353 363 277 194 193 257 155 60 343 174 153 50 262 314 223 470 212 271 152 383 175 266 107 472 0 417 272 55 150 150 188 89 357 273 265 376 197 192 180 212 193 240 178 171 177 252 203 170 247 245 242 219 221 219 236 230 217 235 233 231 226 227 217 241 198 325 368 369 367 350 375 356 351 332 321 364 359 352 356 
238 87 333 106 438 489 390 487 327 78 256 358 94 211 192 229 496 122 378 332 122 203 506 421 415 374 115 219 253 412 303 343 437 434 221 568 319 422 472 154 359 99 291 202 336 95 439 382 512 70 434 0 161 465 289 272 258 346 95 422 312 84 350 323 389 297 342 358 313 374 395 321 338 343 379 303 311 306 321 312 298 307 330 307 314 338 330 304 330 333 316 185 175 190 192 196 185 224 189 190 210 209 227 182 201 
169 139 163 87 299 350 244 348 192 176 105 222 122 113 77 210 328 144 223 209 147 228 351 281 337 250 120 169 145 254 159 221 288 261 211 416 159 266 355 118 248 225 133 79 200 137 313 293 345 219 267 160 0 313 156 124 126 189 113 341 243 113 250 206 267 192 224 275 190 257 269 244 225 218 286 160 191 176 187 182 172 159 173 180 179 184 190 172 187 211 169 175 183 203 199 206 193 201 168 159 182 201 202 182 207 
289 445 188 395 98 132 88 188 167 422 258 141 414 279 279 343 162 435 87 144 391 398 58 74 254 143 382 409 318 226 237 313 195 93 360 180 200 96 240 323 217 492 261 321 152 434 147 255 95 492 59 455 305 0 166 208 213 133 375 254 274 402 181 196 157 219 197 225 190 179 165 236 197 173 237 297 295 267 254 261 271 274 261 284 281 280 275 273 264 291 263 334 384 384 370 369 389 362 364 364 350 375 373 368 385 
140 286 138 243 189 205 104 268 49 267 141 67 248 113 120 200 268 286 93 68 231 248 228 150 222 114 216 274 225 241 174 254 229 161 218 316 137 175 238 179 151 328 165 183 78 271 170 198 239 342 158 297 154 169 0 82 62 89 214 224 166 250 117 99 130 104 109 176 75 121 121 151 122 108 183 216 243 206 199 210 212 202 207 203 208 204 217 210 191 238 193 187 232 243 234 216 230 214 213 208 189 215 217 227 237 
181 249 83 199 184 258 133 240 124 254 61 130 228 139 118 236 225 242 131 123 234 288 244 161 282 178 200 216 153 174 108 193 200 163 240 318 85 169 305 173 202 318 103 132 134 229 219 273 250 329 154 272 116 204 78 0 100 74 221 291 222 222 183 160 192 158 173 228 136 188 203 220 182 162 233 155 161 144 137 129 134 134 132 138 132 149 146 148 125 160 136 207 243 273 253 256 250 258 234 220 222 250 260 246 256 
112 237 150 213 237 249 150 300 82 210 137 101 232 76 68 153 309 265 132 98 175 202 272 208 232 138 160 263 219 257 181 268 257 213 174 359 166 209 258 129 150 289 179 181 102 244 192 192 282 301 197 256 128 227 57 100 0 119 174 232 152 202 130 108 144 83 104 172 75 130 143 137 108 116 172 220 243 223 215 219 222 208 214 216 212 234 236 215 218 254 199 144 190 189 187 170 186 179 163 153 142 182 180 181 187 
211 323 81 272 122 195 70 201 107 328 140 97 288 166 179 265 191 314 66 108 295 320 184 83 268 137 267 286 207 167 147 213 167 97 278 246 97 100 263 234 206 385 154 208 116 315 175 247 188 393 94 351 186 137 80 80 124 0 285 278 231 290 175 154 174 161 151 225 146 161 164 199 161 147 228 185 195 170 160 161 181 175 171 186 179 175 183 179 172 195 158 250 293 316 300 289 302 286 283 270 257 292 298 287 305 
155 126 284 129 390 395 306 441 235 48 202 265 118 126 118 144 438 177 297 257 46 125 426 355 335 276 21 237 254 361 264 335 387 361 127 525 272 371 384 67 266 123 258 186 251 142 354 284 438 119 344 91 122 377 221 215 184 266 0 335 229 103 273 236 289 205 241 274 211 288 287 239 243 258 275 277 299 296 292 273 284 278 294 280 280 311 302 276 289 328 279 109 97 115 118 128 109 130 92 102 123 140 146 101 119 
185 446 339 419 338 178 255 424 182 364 341 171 420 251 261 210 417 456 222 172 319 281 281 304 31 137 328 474 423 437 381 471 421 315 241 429 351 326 59 270 100 403 379 388 171 439 129 38 358 440 286 411 334 263 216 290 219 275 337 0 120 391 103 126 116 146 133 64 163 123 118 108 131 141 73 430 440 418 415 414 416 427 415 431 423 423 423 420 415 451 408 238 270 275 244 248 265 236 259 263 234 240 229 248 259 
90 327 284 311 316 229 238 411 142 262 266 159 320 140 175 114 407 373 199 143 211 181 319 288 120 133 217 388 358 392 327 415 391 299 141 436 303 313 163 174 69 300 316 310 138 342 159 68 360 334 275 317 243 263 170 230 146 230 230 106 0 290 98 82 107 64 87 70 101 111 133 47 71 107 67 355 379 346 368 346 365 351 363 350 352 378 372 363 344 375 350 133 160 162 155 142 164 133 158 151 140 144 131 148 158 
220 43 255 54 381 443 341 430 285 111 182 316 33 177 167 218 435 79 329 301 120 212 457 360 411 325 106 164 189 335 245 282 373 354 206 511 255 362 441 141 312 162 205 137 286 41 398 365 461 138 374 85 108 394 239 227 217 290 89 393 296 0 319 297 352 270 303 336 275 328 357 305 300 311 356 239 247 247 251 241 244 241 244 240 245 272 257 232 250 281 259 188 188 193 209 203 207 228 189 183 191 230 218 188 204 
137 353 238 338 243 144 145 343 66 311 246 88 337 176 182 179 325 389 116 72 270 246 230 214 101 42 247 380 333 342 291 370 324 228 213 369 251 233 136 202 41 355 279 298 71 355 93 92 274 388 188 354 250 191 118 181 126 173 272 108 100 334 0 40 34 77 35 74 78 33 47 78 46 24 76 317 335 312 323 311 312 324 322 312 320 317 318 312 301 331 305 203 234 237 213 205 228 208 204 203 202 218 221 220 229 
112 317 230 299 238 185 150 333 53 267 226 81 297 121 133 152 322 339 122 69 234 227 243 210 140 59 221 349 306 320 273 351 307 233 180 370 220 235 166 166 47 325 250 277 66 326 123 106 300 342 210 331 217 211 93 174 110 157 230 132 85 279 55 0 59 45 19 74 48 49 78 50 19 43 81 303 323 286 306 304 296 303 299 292 293 307 310 295 286 334 282 170 204 208 186 172 201 163 187 179 168 175 186 183 187 
153 382 243 341 235 121 136 319 85 330 247 69 367 175 204 195 305 394 127 81 291 270 194 194 105 31 275 400 339 321 282 366 323 215 224 349 245 223 120 233 76 377 278 306 68 380 70 95 270 398 171 370 259 175 126 199 149 171 283 115 123 348 39 73 0 104 40 70 81 26 18 98 56 41 73 320 346 309 320 309 316 319 319 328 330 335 324 319 307 348 298 209 260 262 242 244 262 218 247 236 221 227 232 240 260 
87 299 232 284 263 209 180 361 83 250 209 105 292 110 115 119 351 320 145 94 194 190 273 232 144 81 202 339 295 330 258 335 319 249 151 385 232 251 189 137 69 285 258 264 81 304 154 111 320 331 226 305 186 215 104 174 88 176 214 158 64 258 78 30 84 0 61 92 52 80 94 52 51 68 89 297 316 294 305 285 292 296 288 297 285 315 308 299 301 324 280 140 175 186 167 159 171 141 150 158 134 157 151 151 172 
130 342 225 304 248 150 156 337 70 289 233 75 330 152 154 174 332 366 120 68 243 246 233 207 125 45 245 380 321 321 260 353 315 232 192 365 230 231 134 185 43 332 260 290 45 343 101 98 288 358 194 348 221 198 107 178 114 169 251 121 85 305 31 28 59 60 0 77 49 31 67 62 25 20 76 319 341 294 303 306 300 317 292 304 298 312 315 300 303 321 301 179 208 234 202 190 218 180 191 193 182 193 200 210 205 
142 375 287 358 289 182 218 397 114 303 285 144 356 189 209 159 378 401 171 137 254 243 270 253 63 93 271 414 369 377 324 407 379 295 200 418 288 294 97 205 43 340 329 344 112 380 112 38 317 383 237 358 272 225 163 228 178 215 272 65 67 344 74 73 75 86 77 0 113 81 86 52 56 85 7 378 391 360 371 354 372 367 361 368 372 380 380 367 360 390 361 195 226 231 203 201 223 191 206 212 191 198 194 203 209 
99 311 190 277 225 197 151 315 43 261 198 65 287 103 121 161 308 316 119 46 215 228 247 202 149 84 197 339 270 299 234 323 299 212 174 368 199 214 191 156 85 316 234 230 41 297 142 129 287 348 177 300 184 197 63 140 80 142 225 161 102 258 62 48 85 37 59 99 0 79 91 78 49 43 110 280 294 260 267 254 259 277 255 281 267 283 289 281 253 284 258 159 202 204 194 175 187 183 169 176 169 193 188 185 188 
152 361 241 339 226 121 153 328 70 313 249 78 348 168 179 200 307 393 118 77 277 269 218 191 99 38 264 389 331 331 280 373 319 222 231 354 246 226 120 210 68 366 274 297 52 358 70 97 259 390 177 378 263 172 113 188 139 166 288 123 113 324 28 63 14 86 45 76 76 0 34 79 59 39 92 328 343 322 311 303 311 313 303 315 312 315 327 311 300 344 295 207 252 267 232 221 248 214 220 222 214 231 236 236 253 
163 383 243 359 227 114 129 318 89 332 263 70 362 181 191 220 307 396 100 81 295 283 198 192 103 23 290 409 333 322 287 363 307 216 244 343 239 205 124 233 86 390 282 316 70 383 51 122 241 416 180 382 266 166 137 189 152 169 304 120 117 344 45 84 9 101 48 77 99 31 0 103 59 55 87 338 344 314 325 306 317 326 304 333 314 327 330 320 309 345 295 228 269 272 246 237 252 227 246 251 221 238 237 260 256 
100 345 265 320 282 198 205 386 112 265 260 118 324 148 167 136 376 368 167 117 222 207 283 250 116 100 223 391 348 363 302 387 359 281 148 411 278 290 137 177 29 303 305 305 106 348 142 63 337 352 249 336 237 242 137 201 127 203 237 114 40 293 71 60 81 51 70 57 76 79 94 0 56 86 57 336 370 348 337 331 331 351 336 334 331 359 357 336 338 362 324 159 183 185 167 161 182 145 166 176 142 154 165 164 177 
104 341 237 315 248 180 158 340 68 275 236 95 315 135 155 144 342 359 137 74 238 220 245 215 115 57 233 374 315 342 275 355 329 245 188 370 249 243 142 173 41 318 272 288 64 326 115 93 296 353 203 342 216 214 122 169 107 168 242 114 74 303 41 25 51 43 13 76 48 58 70 55 0 29 73 314 343 312 315 310 319 312 311 315 312 323 316 306 307 326 299 178 214 210 194 187 207 186 194 188 169 177 185 193 205 
126 349 208 300 228 161 129 319 54 295 218 51 313 143 169 167 315 359 101 56 243 245 218 198 119 42 237 375 310 313 249 349 296 214 196 339 212 207 141 205 68 346 266 286 34 332 95 107 268 376 172 342 226 170 93 163 105 154 251 127 116 308 43 29 40 56 32 89 51 44 55 79 40 0 82 307 316 297 287 286 300 303 279 304 292 301 310 302 297 316 274 199 231 242 211 211 227 209 206 206 201 213 212 209 227 
139 385 295 347 302 164 215 402 138 311 300 148 377 199 212 158 378 405 192 136 261 231 267 259 56 109 271 432 377 401 341 428 376 295 196 409 295 293 112 228 33 359 335 347 112 384 119 30 332 400 245 371 286 229 176 244 173 220 284 67 57 349 80 93 79 90 82 16 104 76 96 48 71 100 0 384 390 370 376 357 368 372 357 380 380 373 374 366 375 393 362 198 226 238 210 197 218 180 217 215 191 182 187 211 209 
307 243 105 196 232 379 232 231 258 309 102 266 215 235 230 345 239 205 255 262 307 384 322 237 424 302 284 126 54 116 47 54 172 215 351 330 97 219 444 283 354 369 59 114 271 217 350 393 285 351 234 307 166 297 221 135 219 175 266 422 353 228 322 298 326 296 300 379 273 317 323 353 315 298 371 0 35 37 47 24 28 9 42 18 24 41 42 23 37 45 40 315 349 366 353 347 344 346 319 329 338 356 370 348 349 
330 266 122 224 235 395 246 217 275 339 124 283 243 259 246 365 233 224 252 285 328 395 342 230 439 333 301 153 75 105 64 29 168 221 373 324 125 227 449 302 377 391 82 133 283 244 369 425 288 379 240 327 194 303 243 157 236 201 296 452 386 250 353 325 359 328 333 400 291 352 351 365 341 323 391 44 0 32 47 43 40 33 44 42 43 30 32 42 47 47 53 348 366 376 373 383 380 387 347 350 354 379 395 359 382 
312 259 93 213 212 354 219 210 260 340 91 261 234 241 232 355 213 236 230 255 305 391 300 217 405 289 292 165 70 105 48 51 152 199 363 300 82 191 431 286 337 392 48 124 271 249 332 390 272 378 211 321 180 273 202 129 214 167 286 411 362 254 319 287 319 290 301 367 263 321 308 329 315 296 380 41 45 0 23 16 29 22 17 32 10 35 39 27 12 42 27 317 340 367 357 360 350 358 326 315 337 364 364 341 351 
315 262 96 224 197 367 212 191 253 346 112 242 237 252 228 356 204 237 222 252 318 386 299 204 416 304 298 166 96 82 44 62 125 180 374 289 75 180 432 282 346 395 57 129 270 261 331 386 264 377 224 319 193 271 206 143 223 158 285 425 348 250 325 300 327 292 312 370 271 312 311 344 310 284 380 37 53 17 0 17 41 25 5 28 20 11 22 39 25 29 19 318 348 378 374 354 373 366 334 332 330 361 364 361 370 
313 251 94 207 207 368 222 219 245 329 89 245 224 242 229 351 212 228 220 247 310 383 313 210 417 302 273 152 74 96 47 66 153 187 343 306 80 198 425 276 347 391 57 114 267 233 349 387 269 359 220 314 170 263 208 139 203 169 273 411 348 251 310 294 326 286 306 354 263 305 315 340 310 298 375 21 34 15 28 0 19 28 30 29 23 23 27 25 14 48 26 323 351 365 349 358 349 359 337 313 325 353 361 347 361 
303 242 100 200 213 361 216 218 255 332 84 262 226 239 229 352 213 216 238 265 299 377 313 218 416 309 280 147 72 103 49 55 160 206 350 310 99 200 426 278 339 385 48 122 265 222 338 403 288 366 230 313 165 271 210 142 222 178 288 429 355 228 310 292 327 293 312 360 259 323 326 332 316 289 367 19 27 18 33 9 0 19 22 16 17 39 33 14 38 39 23 307 339 371 357 344 347 365 323 330 322 357 367 349 352 
314 252 96 195 217 366 226 227 254 325 88 267 227 229 213 352 232 215 236 265 315 385 330 214 414 298 268 145 53 125 53 54 165 207 359 331 105 218 425 272 351 376 58 107 274 238 349 391 280 362 242 312 159 274 210 137 213 176 288 421 357 236 324 297 323 298 305 372 270 316 317 336 314 296 384 10 40 18 28 20 24 0 23 19 21 32 41 7 28 40 45 316 347 371 357 351 353 354 340 314 328 372 355 337 355 
320 265 82 211 198 348 207 195 258 337 93 257 242 231 231 342 210 245 218 238 320 380 301 201 409 299 296 159 77 93 48 63 138 184 364 292 70 189 423 286 332 386 47 123 253 249 347 383 262 380 214 322 178 265 208 135 214 175 290 421 352 250 320 302 305 299 300 353 255 301 312 334 302 279 358 48 41 26 7 10 22 26 0 35 33 22 37 30 2 32 21 315 351 374 356 361 367 361 339 323 326 364 363 353 368 
321 242 114 203 226 370 218 230 258 325 101 273 213 234 221 339 220 218 235 253 315 372 317 235 413 312 275 149 50 109 52 52 154 200 361 334 88 200 425 268 351 376 51 107 266 239 351 408 285 368 225 298 165 284 202 153 228 179 271 434 357 243 320 296 323 298 305 361 262 320 317 352 317 300 375 14 26 16 32 20 9 9 23 0 10 34 39 19 45 52 46 316 337 365 354 340 348 350 337 329 323 362 375 352 366 
300 248 102 216 216 373 219 224 250 323 88 260 222 243 220 348 224 237 225 262 303 372 309 222 418 298 287 157 72 103 39 53 143 198 346 312 95 199 419 271 338 375 55 120 269 238 343 393 267 355 222 319 174 276 208 143 210 178 273 414 356 246 306 296 326 299 293 374 272 321 309 347 298 286 360 16 30 11 25 19 14 25 27 13 0 42 37 14 25 36 35 323 344 366 356 357 350 361 339 331 331 365 364 335 362 
336 282 89 237 210 357 216 203 270 339 104 262 257 257 249 363 195 250 238 252 333 411 318 209 418 301 297 161 96 90 57 55 125 182 367 303 98 187 439 294 346 403 75 150 281 266 359 412 274 399 231 323 184 266 222 150 233 183 298 420 364 258 327 299 333 316 322 371 287 329 325 341 310 310 382 37 35 20 18 39 44 39 21 40 39 0 15 28 15 24 34 341 376 389 371 371 371 365 354 344 343 384 392 370 381 
338 284 97 232 210 377 223 204 272 353 115 262 248 258 235 357 190 246 236 261 344 411 306 208 412 315 302 167 99 85 49 55 139 190 374 293 99 197 429 302 354 409 75 143 272 262 351 400 265 400 220 338 203 279 215 151 242 179 311 435 380 276 327 314 330 300 319 367 273 324 328 348 313 308 392 41 47 20 15 35 42 42 27 39 26 23 0 34 28 22 25 329 380 392 371 368 375 369 357 348 348 375 380 368 382 
308 247 104 205 213 368 227 224 252 337 104 264 222 250 222 355 221 218 230 256 304 393 319 231 416 296 271 144 60 102 48 49 161 204 358 310 99 207 426 286 336 384 46 110 269 230 353 391 278 369 237 310 176 286 210 141 223 184 293 422 355 239 330 293 325 300 308 374 273 315 316 349 313 305 382 29 42 10 30 17 4 22 37 11 15 32 44 0 40 49 35 327 359 372 359 363 356 360 344 335 340 358 373 338 358 
302 258 82 222 191 363 212 203 251 342 93 256 239 237 223 350 196 240 233 255 327 382 311 192 415 300 280 158 90 85 49 70 142 186 361 297 78 186 421 286 343 404 45 125 251 246 343 397 256 377 208 314 171 261 193 137 222 162 294 420 343 254 313 296 319 296 296 361 271 299 305 343 313 290 363 50 58 30 19 23 32 43 20 32 20 15 32 38 0 37 21 313 360 361 368 362 352 365 339 322 332 369 378 359 364 
334 284 109 248 218 375 229 208 281 370 134 282 258 264 259 374 210 246 257 281 342 422 312 214 435 313 306 179 93 94 79 45 139 201 389 294 113 193 443 305 375 423 79 152 279 262 353 423 270 408 241 347 214 279 239 173 249 195 318 454 389 277 333 322 348 322 327 399 298 332 334 359 326 319 406 59 43 44 39 47 49 39 51 51 56 29 25 43 35 0 51 352 388 400 400 386 388 385 375 363 372 388 409 379 397 
295 274 74 210 205 349 202 200 229 328 97 247 241 237 228 343 211 237 226 238 321 383 290 191 406 288 277 162 79 101 33 82 135 176 358 296 73 183 417 266 331 388 50 127 254 242 321 376 262 385 202 327 177 262 201 134 208 164 285 416 340 254 303 294 315 288 287 360 261 300 300 334 297 283 360 43 64 14 15 33 28 34 9 41 40 23 26 39 13 48 0 323 345 367 359 339 350 348 331 324 337 351 353 338 366 
63 225 293 214 366 334 273 434 183 126 239 221 208 84 102 42 423 254 252 198 83 75 387 331 239 208 93 307 306 379 288 369 387 348 57 497 285 348 290 56 172 161 267 244 187 219 282 197 428 213 325 201 164 349 181 203 138 246 108 251 139 183 192 168 219 133 184 185 151 202 235 143 165 183 188 318 344 323 330 324 316 323 317 318 324 338 341 327 316 350 318 0 51 57 57 35 61 59 24 22 32 53 63 32 62 
110 215 323 224 410 362 310 485 215 99 271 264 220 124 144 61 460 271 297 241 65 53 437 368 275 260 105 323 329 419 325 399 438 379 32 535 321 390 323 73 198 138 318 252 233 221 304 234 451 181 373 181 188 384 217 244 184 294 100 265 167 184 234 207 262 181 226 229 198 243 264 177 212 232 221 351 362 360 357 356 355 352 362 353 344 362 375 358 354 388 338 47 0 24 36 29 17 58 36 39 56 38 41 11 34 
116 222 330 230 423 379 336 498 245 104 282 270 234 142 162 75 489 280 306 258 89 38 437 392 272 265 116 348 338 430 346 413 452 400 36 556 341 392 325 90 216 133 317 270 255 242 329 235 474 186 385 192 214 400 237 263 198 315 117 279 170 209 234 206 263 193 226 219 212 267 280 190 214 233 223 369 385 363 377 361 366 360 369 371 353 391 388 371 362 402 360 69 28 0 24 33 23 47 34 49 58 47 47 43 33 
103 235 320 233 407 367 314 480 230 131 283 246 226 126 140 60 479 292 289 228 90 30 427 371 258 250 114 341 341 417 342 396 431 390 28 534 326 391 301 97 204 152 319 280 226 258 291 222 463 208 367 194 200 380 233 247 181 292 126 245 151 213 221 199 244 175 198 210 186 248 254 174 194 219 213 344 389 368 369 348 362 356 361 364 365 382 385 353 360 394 353 57 19 32 0 27 27 40 35 53 46 26 20 26 9 
97 238 308 233 400 343 318 466 204 131 257 238 226 135 132 44 473 280 282 220 99 44 417 357 244 243 110 347 333 419 319 404 431 373 23 532 325 375 296 86 184 169 318 259 225 251 291 209 454 209 346 203 190 370 216 246 165 277 116 249 137 204 219 190 231 164 188 199 177 221 251 155 192 213 197 352 373 345 349 345 342 342 361 344 340 361 372 358 355 384 346 42 41 45 27 0 26 24 42 30 34 26 20 32 34 
98 238 327 221 397 369 314 478 232 115 279 268 226 138 152 62 467 282 302 229 84 47 436 375 261 249 106 337 327 419 328 391 433 383 25 535 329 383 320 86 209 145 313 272 237 233 314 217 458 179 366 184 196 384 222 251 184 291 120 258 154 196 220 193 246 180 212 224 197 247 260 182 206 234 221 356 381 346 363 356 362 348 363 344 358 376 383 356 357 383 347 53 16 17 26 32 0 42 34 51 46 42 48 18 7 
89 248 312 245 396 343 311 471 215 149 267 245 254 128 141 30 468 296 273 228 108 51 403 361 239 225 134 351 328 429 330 409 426 368 26 525 317 383 275 89 178 166 315 280 206 268 281 190 443 216 344 221 201 357 220 246 179 280 133 228 130 228 206 163 225 143 182 189 183 211 239 148 175 208 182 365 379 355 363 361 346 348 360 363 361 378 377 367 365 389 350 40 48 47 27 21 41 0 53 49 37 23 11 48 30 
92 217 312 220 386 348 292 461 196 121 249 236 210 109 114 53 461 271 289 216 66 62 416 349 257 237 98 307 307 395 314 384 413 367 34 524 306 366 310 73 195 160 292 244 218 236 293 213 446 197 349 178 178 358 202 241 164 281 106 252 156 190 212 190 246 147 199 202 177 231 243 159 191 204 206 338 346 326 351 339 333 328 346 341 336 344 347 327 333 373 322 21 27 36 45 41 40 46 0 28 36 57 57 29 30 
86 212 294 207 373 340 303 439 199 117 230 231 202 108 111 65 434 249 283 218 69 64 401 356 264 241 95 301 301 401 308 364 415 351 51 503 286 355 310 62 194 163 289 244 210 220 281 218 423 189 345 186 177 345 205 215 148 275 94 244 149 187 207 167 227 157 187 199 165 229 243 160 183 200 203 319 339 330 333 324 324 331 321 313 313 349 343 326 331 354 325 15 46 62 41 40 37 46 26 0 26 63 66 40 36 
76 225 290 220 361 326 288 449 193 128 244 215 215 106 119 44 437 271 273 208 100 64 398 339 238 212 104 333 306 388 299 370 401 348 44 494 303 342 280 60 174 180 300 242 190 234 277 186 428 209 338 212 172 343 194 234 147 262 119 225 129 195 189 162 221 134 171 193 161 203 231 153 169 196 197 320 356 340 349 322 331 339 333 340 321 353 350 331 340 358 334 30 36 61 40 22 40 41 25 27 0 41 50 45 37 
86 256 326 243 392 335 322 474 207 152 274 248 251 137 151 34 465 298 291 226 105 53 415 372 240 243 128 345 333 433 340 403 444 377 18 525 321 382 295 99 180 163 329 277 217 262 279 194 457 216 357 216 203 362 217 253 175 300 143 223 126 233 205 176 239 162 192 197 187 227 241 150 178 210 193 351 385 361 371 360 369 366 360 365 360 372 378 358 364 389 357 51 43 55 35 24 48 26 47 45 40 0 15 32 43 
88 259 324 256 396 348 312 479 206 147 272 250 257 134 148 35 471 297 285 225 107 53 414 369 240 241 123 360 343 435 344 424 438 371 16 525 333 382 285 94 192 166 332 291 227 276 297 196 461 216 359 220 221 367 228 264 185 291 143 223 140 223 220 185 235 148 193 202 190 233 249 163 185 213 196 373 397 362 369 364 354 354 358 355 372 387 388 370 378 391 365 62 50 43 25 36 32 16 48 58 36 15 0 35 31 
90 232 304 226 384 349 312 460 212 111 264 243 222 129 138 49 456 266 295 227 73 47 413 356 258 235 95 339 310 419 329 395 431 370 39 520 310 379 302 69 200 159 308 249 217 234 297 222 456 190 359 190 190 374 217 239 171 277 101 257 147 202 212 190 239 166 208 202 187 235 244 169 197 206 220 337 377 344 352 347 343 349 351 350 338 371 374 353 340 380 340 36 28 35 19 21 25 28 20 24 28 40 30 0 23 
101 242 318 238 405 372 329 488 227 111 283 261 236 132 144 64 482 281 304 229 92 43 432 376 271 248 106 342 328 417 331 407 442 382 26 529 328 390 316 90 197 152 310 271 222 242 304 228 464 195 358 188 201 378 224 266 177 308 125 250 149 212 235 191 243 180 211 210 190 246 261 186 191 218 209 363 373 368 375 351 347 365 358 362 349 375 371 361 362 397 352 55 34 30 12 25 27 40 33 40 36 44 40 26 0 

Depot information
86 257 1
175 20 1
337 247 1
204 58 1
374 372 1
213 486 1
288 357 1
467 350 1
189 326 1
66 86 1
290 185 1
211 353 1
191 43 1
149 215 1
162 204 1
43 235 1
458 358 1
224 6 1
259 361 1
198 338 1

Cust information
74 129 23
1 176 18
333 470 24
342 371 25
75 437 18
174 378 15
105 126 23
318 35 17
340 117 25
438 241 15
349 193 17
419 145 21
443 289 17
363 353 21
29 208 24
484 450 21
336 236 24
363 356 15
96 478 21
105 177 24
105 363 23
14 50 20
333 179 18
274 114 19
187 340 21
196 25 24
178 440 15
61 394 18
403 431 24
54 5 15
326 378 23
108 23 25
211 144 19
310 425 16
220 288 19
266 240 20
187 257 25
288 307 21
104 114 24
59 432 21
67 329 17
169 57 18
143 371 24
139 335 17
156 390 17
127 311 21
144 352 18
89 381 24
162 315 21
156 381 18
164 395 15
93 341 19
133 345 24
160 355 16
84 384 23
368 151 19
393 147 17
375 172 21
382 181 25
371 171 19
371 163 21
370 158 20
377 180 20
371 157 23
371 166 15
392 177 15
395 178 22
374 162 24
377 182 16
407 171 17
371 186 22
66 201 20
35 177 18
19 174 25
26 193 19
33 201 25
29 183 20
28 215 25
51 188 15
60 188 25
54 208 15
22 212 25
20 212 18
38 188 15
24 188 23
