Seed 123 - Instance: n100m20_0
n 100
m 20
Q 9999
L 5
U 16

0 397 501 555 865 355 992 916 333 23 407 321 430 687 260 289 178 630 613 148 198 769 708 857 93 875 989 617 474 974 228 387 192 315 981 246 964 518 270 224 801 644 727 498 895 742 254 584 597 107 97 313 641 725 36 635 109 574 13 548 250 48 669 37 704 339 712 154 472 169 699 600 305 536 17 69 862 447 82 322 216 681 939 25 866 545 778 890 705 397 752 596 367 629 520 183 643 279 244 643 397 39 566 653 204 684 348 912 175 968 385 557 77 960 169 340 55 153 91 327 
413 0 165 517 103 147 967 214 602 176 803 344 713 538 564 821 85 285 271 127 136 408 571 91 784 950 23 625 733 934 175 482 517 500 242 258 459 511 522 95 527 245 705 367 868 630 254 847 634 632 46 239 398 964 445 987 793 657 26 616 502 159 641 690 660 346 759 309 716 847 723 804 718 242 255 231 963 148 595 992 370 966 205 273 458 309 948 975 664 547 53 562 650 411 600 32 483 998 656 22 271 525 819 513 104 435 586 925 310 632 445 541 590 534 247 63 137 114 528 525 
511 169 0 264 870 831 135 632 840 944 834 782 738 40 358 731 542 1003 584 11 372 105 483 448 639 665 556 478 16 298 150 901 20 804 28 256 416 143 293 711 265 952 537 599 879 401 981 951 789 828 508 643 316 125 509 395 779 824 22 950 775 759 319 957 971 969 313 884 449 699 263 354 278 569 164 890 902 321 121 702 579 902 696 529 998 385 716 333 369 943 152 966 91 197 665 92 855 193 714 69 968 680 507 900 67 102 793 360 294 639 934 51 928 474 755 165 57 448 595 36 
561 514 278 0 498 815 768 431 571 710 890 276 864 727 987 480 901 44 939 405 461 417 43 372 680 239 719 308 206 547 466 521 730 937 973 407 210 989 841 184 899 589 57 230 571 596 507 847 371 1011 201 516 373 961 266 570 593 439 390 555 941 903 112 63 913 839 634 113 93 22 163 520 525 709 338 549 535 219 826 230 513 565 87 437 729 850 809 966 362 732 414 771 298 340 897 1012 871 112 288 256 811 180 282 671 884 496 912 343 246 908 597 453 960 167 386 803 266 500 431 935 
858 85 878 500 0 593 291 529 956 84 560 837 413 673 461 196 634 215 508 608 409 535 70 635 269 137 348 274 737 169 140 422 264 73 923 490 479 111 112 546 251 1006 597 220 844 758 58 573 15 601 711 985 942 858 866 38 385 290 334 939 423 863 110 307 684 472 936 724 866 496 14 766 114 660 980 524 697 721 381 122 809 462 396 29 879 178 854 397 692 769 923 516 502 653 764 730 987 78 396 547 123 869 980 149 696 634 473 576 611 467 373 547 463 745 914 19 261 302 256 398 
359 152 827 823 610 0 825 242 273 952 507 499 60 498 588 164 303 938 453 836 102 764 670 282 970 838 853 751 309 682 720 698 981 176 1007 958 1005 698 704 52 207 822 108 749 690 734 539 52 917 724 733 462 520 112 678 84 15 772 709 962 209 492 585 955 373 569 45 156 412 20 30 846 416 594 526 301 743 746 534 586 993 119 213 931 269 471 180 159 180 843 759 851 191 764 540 296 712 558 6 701 304 370 125 239 54 160 851 987 603 108 165 473 222 924 44 335 703 208 597 348 
1010 963 135 764 284 833 0 738 435 457 547 62 540 799 399 550 35 425 240 226 739 210 598 587 301 104 340 560 661 269 243 915 774 858 460 327 705 808 373 714 865 57 704 778 172 235 1000 592 172 184 20 994 37 181 365 674 748 602 19 812 536 686 430 661 214 66 874 271 887 36 549 581 181 985 838 368 803 566 871 796 48 108 448 206 701 588 696 26 731 81 290 827 615 312 689 351 679 243 507 945 908 227 661 998 366 746 65 435 909 763 416 676 286 477 708 571 249 981 775 882 
913 230 625 425 536 235 730 0 860 727 387 430 102 404 356 560 320 881 795 50 401 317 746 454 98 249 31 333 320 38 795 874 187 167 391 114 268 513 72 599 276 916 784 635 436 164 377 569 528 584 571 163 793 479 527 905 765 951 179 707 396 1000 710 677 99 773 880 841 242 1002 36 37 866 356 548 409 576 739 512 120 369 153 339 910 736 495 622 913 738 818 106 30 583 882 924 911 606 294 767 810 852 95 304 400 434 991 934 689 874 489 538 841 822 252 662 478 778 667 326 221 
330 603 828 570 958 270 451 871 0 660 247 789 818 20 338 83 362 150 684 46 132 352 478 90 892 73 500 172 417 163 674 637 170 25 455 272 83 209 871 168 292 304 494 497 891 142 545 142 58 946 754 158 60 556 988 652 291 169 848 383 575 909 189 638 463 807 85 844 853 173 335 384 674 848 588 342 527 500 978 823 927 158 535 913 280 740 795 435 104 288 845 17 342 521 7 341 298 208 771 309 520 380 695 559 910 858 909 416 81 857 360 725 635 453 898 325 702 415 737 662 
32 175 943 717 95 943 452 737 646 0 779 577 822 149 750 570 882 213 1004 204 650 328 68 960 694 442 469 241 674 377 194 93 334 981 157 432 902 85 210 877 190 783 905 121 93 351 224 871 704 412 542 643 124 36 927 289 327 63 1007 762 278 341 186 398 589 163 893 837 702 389 324 618 479 460 506 517 408 242 225 957 149 341 404 84 730 153 677 72 860 274 109 981 546 504 369 157 250 592 211 753 945 149 9 779 333 872 561 341 778 217 555 298 775 402 565 164 108 26 935 441 
403 807 835 885 560 501 545 376 256 786 0 244 142 292 251 283 166 530 313 973 273 739 301 337 758 471 336 918 412 340 926 743 343 303 990 936 572 595 374 642 292 976 228 331 30 659 551 891 148 774 526 643 950 501 729 884 979 545 97 16 73 64 530 33 613 394 805 903 717 377 752 61 954 455 541 346 729 951 790 691 164 328 751 393 918 433 782 177 56 114 201 499 53 658 580 242 244 467 375 657 955 699 254 232 798 24 238 872 309 705 962 594 901 894 641 168 225 872 27 97 
328 334 776 290 849 497 51 436 792 570 234 0 501 790 894 451 857 533 146 971 848 362 35 353 908 882 358 267 994 406 565 827 526 730 439 112 746 427 598 809 484 768 974 386 294 379 995 384 424 997 180 962 230 983 177 1003 73 452 603 161 478 362 416 357 42 68 717 388 843 1001 115 794 393 188 998 911 565 862 902 268 181 308 1008 687 689 200 123 20 226 24 592 430 367 317 214 782 228 307 871 567 826 798 587 963 262 840 875 960 769 251 547 605 347 1002 143 962 913 162 817 396 
431 705 729 860 405 68 554 98 811 809 129 517 0 632 363 143 402 994 966 881 94 635 21 170 867 753 924 411 272 107 531 304 495 525 611 467 238 526 109 572 749 185 129 656 818 712 868 786 614 224 936 785 608 704 717 153 930 123 318 235 482 745 863 635 601 390 113 822 949 1006 743 310 843 240 165 908 660 143 187 601 818 292 233 195 674 788 351 743 782 141 391 2 30 431 856 329 549 349 506 146 39 656 212 41 153 852 55 441 828 517 97 382 953 101 680 345 774 328 45 466 
679 545 58 727 671 486 805 415 22 136 283 780 635 0 147 601 704 326 706 77 890 441 391 406 952 850 416 445 217 159 636 76 787 187 270 236 773 931 863 646 714 16 425 60 992 659 161 536 689 254 221 537 39 165 924 560 514 175 211 224 938 127 159 891 420 452 838 928 958 24 135 52 404 812 893 950 746 854 696 384 710 225 850 755 685 884 945 273 660 549 147 916 633 466 531 153 685 778 32 510 362 568 561 554 764 664 653 71 610 72 262 335 287 552 992 546 42 932 269 811 
250 576 353 991 466 601 400 365 336 757 254 895 368 166 0 100 681 46 22 176 930 495 260 696 526 958 459 30 745 864 751 602 999 976 189 413 676 640 682 883 511 496 490 397 269 227 189 55 248 690 363 158 719 205 543 510 960 950 688 167 790 523 14 485 962 85 610 987 323 122 347 224 991 599 60 295 387 82 78 506 929 81 968 631 988 928 59 798 675 309 418 333 971 800 218 757 138 201 58 171 927 884 39 497 687 705 525 878 195 977 103 500 707 868 48 928 320 859 154 503 
271 817 744 500 181 162 554 542 96 573 275 446 135 589 92 0 222 742 124 400 160 39 355 826 144 820 331 244 627 373 59 619 638 999 336 118 262 226 977 820 23 561 125 329 8 51 207 522 326 616 896 672 167 962 217 104 654 478 918 86 558 774 784 273 997 211 683 300 942 843 173 700 427 457 54 131 236 671 892 485 662 716 453 553 748 781 762 322 802 395 841 95 816 663 304 472 256 304 112 502 776 804 285 523 339 612 848 176 994 821 282 809 161 83 87 992 795 609 384 195 
171 86 534 893 633 289 24 324 374 881 173 856 409 697 667 222 0 192 782 788 829 3 305 685 540 739 834 534 439 138 118 588 889 678 264 140 370 945 793 147 202 83 988 865 352 905 856 707 125 753 796 35 852 878 861 918 801 285 14 763 422 22 763 308 706 14 133 702 28 840 646 287 344 762 940 345 342 333 572 819 333 726 860 934 935 491 399 275 243 80 213 662 686 943 809 475 23 490 649 959 444 103 464 276 329 933 148 328 103 934 866 374 412 57 61 797 452 219 513 956 
631 283 988 39 220 939 431 877 147 207 541 539 1000 325 46 749 191 0 286 215 938 498 497 912 141 311 889 305 927 38 481 409 439 555 253 158 89 706 959 502 199 248 345 768 533 691 192 456 550 97 492 160 37 785 379 414 772 275 279 593 267 482 898 514 113 541 16 629 192 407 896 179 231 813 410 352 85 184 123 794 539 609 34 741 713 757 363 540 848 82 155 419 579 218 552 394 869 835 524 245 118 955 69 222 393 686 107 681 496 844 230 207 932 894 272 570 917 251 5 490 
611 270 593 940 507 451 237 797 691 986 308 156 974 690 20 125 774 282 0 563 986 462 1013 473 479 109 486 816 859 504 474 511 738 687 130 810 509 6 474 486 68 967 300 872 126 77 510 29 497 653 966 11 359 251 512 548 844 901 968 711 335 418 620 413 66 858 604 727 594 305 548 314 61 946 201 743 793 838 70 947 357 442 834 752 469 427 440 797 197 399 682 307 513 846 619 162 925 823 977 407 595 171 579 318 364 372 430 846 406 611 693 164 603 369 823 493 531 1002 819 836 
159 128 15 423 620 837 221 54 29 213 981 969 877 78 189 406 791 216 570 0 292 841 565 863 210 361 874 265 846 253 137 968 447 678 424 157 240 739 69 438 567 82 568 250 847 150 580 690 751 693 366 58 677 395 736 762 771 592 468 238 248 839 1013 849 350 652 40 578 444 272 290 369 462 470 437 793 901 542 601 452 325 772 238 612 251 605 457 389 834 519 631 708 983 255 229 957 166 474 29 260 844 760 817 650 78 102 191 480 585 550 620 431 26 685 578 59 960 700 359 352 
198 145 372 465 421 110 731 406 129 650 265 850 101 895 940 158 829 940 974 300 0 898 891 502 936 299 305 322 893 514 963 309 404 650 630 217 735 328 255 810 166 740 832 631 397 74 146 550 562 378 966 160 494 948 131 400 315 745 660 826 708 896 94 550 611 651 563 1012 27 220 336 277 850 56 779 295 876 567 919 154 459 487 689 824 1004 671 203 941 211 222 463 922 711 93 491 859 609 737 825 760 998 537 598 962 538 209 821 986 111 193 126 777 827 832 365 26 640 628 91 701 
776 411 98 430 517 773 216 301 355 340 738 370 635 446 488 39 13 493 447 840 896 0 492 331 420 300 106 350 832 674 611 181 182 956 289 881 659 651 697 899 288 297 541 455 683 581 810 106 767 215 579 979 85 254 562 661 100 724 829 286 782 952 392 399 342 841 619 293 674 333 803 831 877 296 629 722 58 675 685 51 63 402 46 975 934 176 562 764 230 116 897 279 874 839 501 858 133 151 548 109 235 473 347 692 479 551 622 411 812 788 513 87 362 829 280 89 1015 863 855 446 
715 580 478 39 72 680 588 732 489 57 305 36 22 388 251 372 322 497 1002 565 883 487 0 945 416 750 650 622 331 876 616 823 687 297 845 82 784 360 299 60 146 212 369 930 953 407 765 981 94 345 150 873 992 94 842 604 962 393 42 621 908 363 603 247 915 321 159 442 189 431 903 327 181 87 98 896 247 931 288 499 104 405 904 636 452 606 762 386 445 438 846 770 225 485 159 206 110 46 127 9 235 815 604 520 687 753 926 175 487 768 602 240 608 408 75 111 610 613 605 755 
850 98 435 372 623 280 597 468 81 972 326 368 172 396 702 837 685 898 474 868 484 338 949 0 271 234 944 847 663 977 897 891 720 345 706 571 819 315 976 56 24 874 241 685 654 809 233 240 605 228 77 978 326 584 641 738 930 807 557 431 477 760 822 618 421 655 756 65 703 489 383 521 1000 429 100 971 254 999 849 975 363 749 375 61 179 924 500 874 832 948 952 872 134 788 74 455 159 601 163 559 511 210 571 39 224 936 215 430 229 807 940 250 354 775 822 303 481 879 516 890 
91 767 655 674 264 972 292 97 898 692 744 907 869 957 518 141 536 148 493 203 930 429 406 270 0 175 301 483 644 442 383 637 385 800 493 411 192 258 47 861 75 618 516 656 546 1002 723 807 816 321 25 869 751 30 583 572 746 695 558 348 707 109 212 224 599 224 168 524 234 51 519 777 636 93 586 526 592 240 42 770 137 561 245 433 278 478 776 950 979 26 648 924 216 957 602 497 277 444 463 34 591 413 631 31 772 372 175 907 287 847 900 136 861 483 499 938 966 117 55 447 
872 949 664 230 132 831 112 233 83 453 477 878 759 854 960 839 727 324 122 367 286 301 750 243 170 0 565 597 742 324 643 548 176 285 418 772 161 581 959 73 676 732 34 183 227 227 497 401 190 630 626 717 481 25 732 683 636 501 223 539 961 656 98 225 115 291 34 514 661 427 911 10 609 20 705 719 896 265 558 67 972 793 873 124 366 778 702 75 360 891 302 874 877 249 600 844 70 296 953 274 608 39 690 733 247 109 903 324 247 128 959 483 142 494 539 378 408 953 937 949 
992 24 544 714 361 837 321 47 501 462 346 358 928 415 461 326 829 891 499 878 307 109 668 937 297 574 0 332 256 153 210 310 203 138 340 238 609 331 976 209 323 119 192 978 219 493 259 15 749 224 597 204 538 980 493 875 708 423 27 760 845 710 21 684 129 948 835 395 145 367 519 538 447 464 398 131 120 13 49 123 219 695 568 48 86 320 388 915 428 329 113 230 276 618 225 36 172 407 954 162 805 862 592 100 485 625 20 745 847 550 182 453 687 384 691 897 144 634 471 119 
624 630 491 310 280 764 576 337 176 257 921 254 426 442 42 260 532 294 829 264 324 351 612 857 480 608 335 0 685 259 170 812 100 201 329 480 1001 997 502 883 67 988 224 947 655 42 169 709 237 151 915 294 239 791 27 881 657 445 566 157 458 227 863 650 59 109 492 250 636 705 927 228 965 935 190 696 55 102 896 380 295 575 776 48 269 931 959 164 31 730 409 539 12 1001 150 197 801 170 453 319 901 546 728 433 804 834 617 474 725 308 574 93 969 485 171 991 654 584 243 756 
483 730 13 213 749 318 670 320 422 665 404 999 269 224 750 642 448 927 865 848 895 830 320 673 655 732 259 667 0 42 421 601 411 553 802 685 981 731 635 490 989 471 73 957 137 230 573 428 335 560 207 392 485 633 150 1001 655 9 309 474 242 19 298 390 404 563 562 418 519 217 594 694 882 410 616 915 708 627 419 730 169 719 516 261 345 954 491 491 473 343 983 763 773 360 484 165 149 632 50 86 586 175 194 774 786 989 117 860 38 814 317 912 823 731 249 103 139 200 839 554 
969 937 289 547 177 685 258 34 155 366 330 417 102 159 865 360 124 47 502 261 508 667 875 989 441 321 145 267 35 0 916 593 655 293 696 1008 708 986 16 210 296 258 486 773 279 897 494 1006 255 287 232 230 22 278 80 47 102 175 501 860 822 785 319 838 853 308 903 127 132 919 601 206 566 361 766 650 1001 562 751 332 710 679 838 965 961 853 643 335 259 972 338 772 229 834 369 670 550 616 793 537 975 236 158 896 336 778 905 375 222 688 47 547 734 410 464 51 516 263 512 973 
228 184 152 468 156 726 245 815 681 189 926 566 522 644 732 49 116 491 481 139 950 619 614 894 388 654 197 169 409 926 0 635 676 770 461 260 617 981 295 576 718 101 825 415 797 611 545 895 105 544 428 939 768 511 550 945 10 773 142 387 819 528 82 826 260 892 409 513 96 751 182 348 977 847 537 737 182 52 590 812 509 548 61 155 874 425 362 589 917 622 969 622 608 608 393 718 85 79 454 462 125 407 324 381 35 240 335 277 833 776 678 826 647 947 260 90 399 868 1007 151 
394 474 892 503 416 703 916 887 656 88 734 820 296 79 607 629 596 407 499 983 308 179 814 892 645 558 314 806 601 587 640 0 412 936 71 663 804 284 232 198 637 411 158 435 195 535 599 341 286 953 423 741 145 32 250 839 873 764 343 895 958 206 880 909 330 779 723 961 980 499 577 706 389 761 728 845 473 335 392 110 771 665 860 179 362 238 803 400 596 123 543 673 185 284 902 150 607 204 972 58 851 425 715 428 442 789 344 602 652 362 719 560 339 534 804 15 755 686 483 153 
190 534 36 748 271 981 776 188 173 321 348 521 506 775 1010 640 886 433 725 448 393 191 684 718 378 180 202 90 397 642 674 413 0 665 510 481 223 392 497 419 131 938 674 49 588 308 271 796 321 267 39 363 93 311 494 881 584 923 50 454 755 208 335 882 224 319 322 198 984 48 635 285 678 113 548 225 779 937 752 108 933 390 922 813 942 516 199 378 132 760 763 67 949 603 420 912 483 809 386 924 835 834 35 275 559 280 634 834 466 515 781 243 973 591 547 817 647 904 482 139 
313 516 810 922 70 176 856 156 24 994 295 719 524 178 984 1006 677 542 691 693 643 974 298 347 812 281 137 206 544 304 771 947 673 0 572 113 58 631 475 423 890 284 816 447 442 864 119 269 660 631 527 817 262 423 550 263 448 428 371 206 241 153 352 561 345 919 421 377 683 320 984 829 901 553 54 690 489 247 80 331 635 1006 725 337 787 951 424 200 919 311 670 984 431 852 461 802 744 27 244 954 174 861 489 941 316 373 361 541 140 703 353 160 143 194 72 977 671 891 820 296 
974 248 32 969 917 988 457 378 451 156 993 433 618 271 193 340 263 239 130 428 642 287 843 711 500 424 335 323 802 698 450 64 512 583 0 94 630 955 153 537 271 326 389 203 864 577 806 474 189 474 446 405 707 914 409 117 565 167 45 62 434 781 359 850 522 802 727 211 479 520 297 137 43 518 708 922 950 287 1015 354 473 756 908 980 941 814 605 594 449 379 38 360 905 318 645 108 468 750 814 338 120 50 914 268 928 898 584 89 86 394 79 458 143 182 341 461 540 236 346 313 
253 259 248 400 489 946 316 117 265 425 954 114 471 239 406 111 144 154 822 149 224 879 82 589 406 771 231 482 682 1002 248 667 484 120 88 0 805 290 975 480 311 632 490 841 351 554 948 104 146 761 941 287 400 248 961 371 243 973 296 513 860 76 659 484 83 27 690 270 474 141 762 84 306 658 33 279 834 391 1008 586 20 46 289 753 711 93 679 37 886 264 781 130 672 171 113 113 92 758 769 970 158 158 86 776 552 17 146 581 575 559 27 791 501 431 70 448 803 862 330 121 
979 465 420 209 475 1018 716 260 70 893 574 745 241 783 680 274 362 100 499 254 749 657 785 799 194 147 602 1000 987 710 610 796 214 58 638 807 0 111 775 992 733 963 903 735 972 752 486 405 613 560 507 870 696 931 47 100 474 639 989 483 632 135 674 706 1000 866 535 107 124 542 542 440 935 604 99 445 940 15 113 387 334 348 952 543 874 572 338 31 266 342 395 630 812 408 67 905 382 156 56 704 374 964 711 648 849 420 1006 182 679 395 423 125 122 947 456 833 854 233 14 835 
501 531 137 996 111 713 811 504 203 80 601 424 527 926 640 224 957 703 25 734 330 660 363 322 245 586 334 1002 717 995 985 280 381 626 959 285 125 0 500 60 777 671 880 697 867 918 471 736 492 341 316 953 681 415 389 59 863 363 205 688 967 851 394 160 962 506 657 1012 107 944 143 322 715 726 302 915 244 501 721 669 747 913 830 214 109 613 483 470 233 292 538 765 169 342 955 99 761 241 821 527 268 114 877 775 180 222 638 943 417 561 384 639 526 998 629 531 492 304 542 286 
288 520 295 835 101 719 377 63 868 206 380 592 98 857 686 966 792 958 458 80 255 691 295 976 47 961 972 487 624 17 305 212 508 486 159 991 770 502 0 999 496 665 985 259 201 997 513 601 657 339 697 715 739 334 567 868 109 458 634 998 312 177 889 38 719 325 869 549 274 689 511 370 734 29 186 556 131 146 410 784 594 571 51 1005 128 529 505 897 297 733 333 913 620 537 162 897 832 965 154 848 522 800 667 1004 212 319 231 162 439 602 291 978 418 214 546 816 318 130 332 207 
226 107 700 190 539 68 718 603 177 880 646 824 577 652 879 812 149 517 489 424 815 903 59 59 854 83 218 901 475 215 565 195 435 430 536 481 977 63 1001 0 924 645 935 1002 143 197 859 5 628 288 479 86 123 391 594 910 514 787 257 476 125 992 44 155 658 78 816 618 388 492 899 713 606 242 989 770 143 505 264 580 766 847 991 117 248 967 254 268 730 716 365 134 179 974 247 408 644 726 367 56 213 98 502 738 815 315 206 41 192 589 560 943 172 759 631 767 306 732 404 941 
804 515 279 905 256 211 866 279 303 192 278 489 744 709 510 21 189 204 80 568 155 293 144 6 88 683 325 69 988 290 733 637 135 890 266 315 727 774 490 918 0 215 869 761 812 541 150 228 270 121 708 864 563 55 417 53 707 939 872 847 461 959 844 848 916 642 638 400 97 957 880 869 204 333 685 314 818 295 147 943 612 493 453 440 519 943 747 268 839 357 493 431 39 846 273 679 635 356 399 130 173 298 386 722 180 711 280 371 619 855 490 130 870 360 346 248 264 943 545 370 
628 250 964 580 1014 820 56 917 309 800 973 763 186 7 503 563 71 241 982 73 724 300 212 882 629 729 131 991 474 263 90 413 942 291 322 620 975 662 681 628 208 0 154 289 560 842 252 261 442 656 604 885 111 178 360 269 847 757 377 495 410 159 539 936 683 94 129 798 661 899 611 830 83 538 207 31 207 271 421 31 169 248 728 990 463 208 608 651 317 642 176 558 147 378 897 861 941 115 803 640 741 355 456 494 59 115 401 767 635 248 164 583 871 862 363 826 519 407 793 906 
729 688 523 58 597 109 704 774 487 893 229 964 129 438 491 134 981 336 295 558 843 538 375 228 508 18 203 232 77 468 822 150 673 804 378 486 909 888 982 937 880 160 0 94 875 895 976 535 818 828 55 867 46 183 670 656 115 715 355 29 52 326 427 285 463 198 670 41 149 367 786 394 137 510 233 506 826 652 455 770 274 188 1003 631 545 749 610 129 730 541 833 333 150 941 566 152 41 960 24 798 492 164 78 219 566 787 537 976 438 875 145 640 132 438 233 665 393 117 890 744 
507 357 610 239 227 750 775 632 486 118 342 386 649 54 390 329 865 782 874 264 637 448 918 685 637 190 993 944 958 785 420 433 37 456 199 836 742 689 266 991 765 285 79 0 322 408 995 566 116 73 334 850 697 423 416 828 899 918 432 419 383 503 481 510 648 546 919 674 135 105 413 162 361 261 661 712 871 320 933 1010 336 275 332 265 165 714 645 788 572 570 619 794 614 952 587 959 420 894 662 635 93 907 782 914 234 274 753 976 622 216 163 146 248 544 519 124 341 856 542 847 
897 876 876 580 854 678 179 429 887 94 21 292 814 973 269 17 336 533 113 856 387 675 942 644 541 227 223 669 120 263 785 193 601 447 860 349 977 877 201 147 817 565 875 316 0 253 532 525 269 239 470 885 653 580 253 896 842 498 690 838 237 193 387 558 471 754 184 747 857 600 734 726 109 108 555 359 690 425 676 458 212 229 771 133 491 889 491 150 101 707 986 811 430 368 545 958 232 400 671 494 866 637 8 810 321 862 94 932 280 688 986 983 69 303 355 490 549 996 933 411 
728 635 404 609 763 740 238 176 126 343 671 377 703 662 225 53 900 693 71 148 61 578 395 811 1008 229 494 45 217 884 626 542 314 865 568 552 748 919 1001 188 548 850 910 401 250 0 646 360 998 763 974 910 278 814 482 38 76 265 420 662 830 210 159 342 809 241 846 440 902 343 178 415 139 337 774 277 473 372 127 157 528 528 999 568 424 346 985 737 158 839 142 654 908 668 312 372 356 604 816 931 769 970 416 275 858 958 85 820 152 376 352 479 545 463 981 781 286 351 20 586 
257 252 971 491 60 553 999 390 560 215 555 995 865 154 173 218 853 205 506 594 148 799 752 219 724 505 256 166 576 477 532 607 268 125 799 932 495 469 503 852 144 267 966 992 520 648 0 838 514 874 794 100 93 584 635 132 864 271 881 677 713 539 648 136 590 585 191 284 587 554 561 248 1003 428 783 109 740 628 432 122 675 562 619 868 928 86 507 453 471 519 771 415 598 953 418 924 827 923 977 266 148 620 417 540 952 625 73 600 968 314 431 714 846 849 290 718 46 13 334 383 
584 852 949 858 562 34 593 585 136 881 891 388 788 523 60 522 702 456 36 688 552 100 981 225 814 399 2 709 425 993 907 358 803 272 478 103 418 741 596 20 212 260 545 562 534 348 844 0 697 185 812 487 311 567 363 33 720 829 54 137 379 563 331 206 38 933 769 835 315 837 591 887 962 548 345 158 559 441 328 440 37 664 381 710 248 507 761 839 560 314 204 603 563 959 937 905 577 457 989 991 540 905 866 615 828 138 291 846 58 411 635 809 829 737 766 133 705 434 767 908 
590 642 787 373 25 907 173 537 53 692 138 427 618 697 246 325 122 560 496 751 555 774 93 605 826 196 740 240 342 267 108 296 326 665 205 143 611 485 646 628 270 451 814 114 278 993 504 695 0 332 389 914 398 599 112 761 268 633 238 497 469 54 550 671 427 656 1014 921 308 524 91 321 770 544 457 229 45 73 206 136 813 473 892 281 741 104 250 930 131 637 548 487 796 770 634 140 1007 239 885 507 925 208 159 696 447 544 268 869 340 564 19 596 332 209 578 645 1003 116 211 668 
103 628 822 1009 603 727 168 571 958 415 786 1004 228 249 686 606 754 108 649 685 392 231 346 224 334 642 209 143 566 293 531 959 278 615 483 754 571 338 335 278 105 652 820 86 230 769 886 203 328 0 342 495 870 875 409 891 472 731 793 528 220 798 64 155 573 483 350 251 563 313 452 159 627 895 858 823 275 158 694 249 801 969 981 814 128 274 731 359 439 400 198 125 317 141 52 755 220 103 335 516 964 740 667 220 253 851 121 820 104 891 498 765 557 690 939 949 229 915 574 463 
90 39 524 211 721 739 13 566 752 551 538 186 943 215 363 894 791 488 954 366 982 578 137 71 37 618 589 900 217 224 430 423 33 529 450 943 497 315 701 485 714 613 43 322 471 973 805 809 382 355 0 974 882 343 290 247 15 213 160 337 203 61 84 375 334 530 132 572 695 337 940 685 223 159 467 820 830 161 42 487 62 532 162 271 841 450 805 130 310 730 741 877 753 96 118 976 510 49 274 778 301 297 875 51 144 97 910 769 780 606 936 821 874 863 574 238 176 882 741 947 
327 235 627 535 978 469 979 145 158 647 641 968 802 533 150 677 38 161 23 76 144 980 878 973 870 722 206 292 406 228 942 744 357 819 405 284 864 946 718 78 867 893 863 865 895 920 110 480 908 483 981 0 677 661 102 489 77 909 94 224 384 179 418 957 810 530 572 557 619 347 707 369 169 604 205 642 731 32 753 688 876 809 75 85 179 512 603 812 719 170 196 112 217 27 350 897 967 362 894 321 855 290 682 79 815 764 295 152 844 472 793 645 411 736 756 711 356 652 407 106 
658 401 316 361 951 525 40 807 63 123 956 235 605 52 726 169 864 27 353 688 498 91 983 310 741 494 535 233 493 38 763 144 106 276 716 396 699 696 724 120 559 102 40 700 655 289 101 309 399 857 879 664 0 662 444 138 701 992 469 350 322 263 529 937 538 709 1 949 868 631 898 980 611 558 425 51 882 423 325 128 189 436 351 19 256 714 234 299 597 495 235 758 771 527 563 354 433 173 881 779 554 778 125 126 897 844 777 655 713 942 416 324 267 749 467 822 648 276 583 288 
726 961 131 961 850 108 183 468 542 39 508 968 696 159 208 968 875 788 259 412 948 262 99 581 16 30 988 789 644 281 514 35 326 409 907 248 930 423 336 383 63 173 167 414 598 814 596 555 604 866 351 658 655 0 630 691 959 914 675 634 764 398 97 293 583 804 903 278 98 299 353 583 935 229 490 983 141 854 724 428 606 629 325 930 194 67 219 986 124 668 386 764 133 446 959 91 840 300 466 792 505 323 965 355 582 198 343 507 700 654 104 668 697 902 204 551 484 268 703 204 
28 450 504 267 872 697 366 533 993 918 727 166 724 928 533 220 849 379 506 735 118 559 834 641 579 732 501 27 140 67 552 258 496 558 408 974 59 398 575 586 417 352 671 414 256 480 637 363 98 406 274 108 445 630 0 569 459 526 832 827 912 697 536 503 20 86 963 204 897 971 333 592 226 368 793 758 1005 945 274 372 79 114 156 421 776 320 514 905 554 475 628 74 801 860 184 483 272 135 671 165 489 764 925 96 660 384 135 366 937 437 281 290 398 655 546 648 628 205 109 553 
631 974 394 564 45 76 689 905 643 286 896 1004 160 579 491 94 926 410 544 755 400 665 615 738 588 685 864 873 1009 35 938 822 889 254 121 375 109 74 865 917 40 278 661 827 890 33 116 16 780 879 255 487 154 689 581 0 782 936 502 188 32 110 112 328 526 436 68 626 164 497 926 523 70 155 140 363 78 627 744 486 142 599 357 62 742 377 118 756 57 576 637 6 26 163 998 641 565 992 345 924 521 609 10 361 773 677 780 636 371 626 412 443 677 166 346 759 747 895 737 159 
112 782 779 586 380 25 742 775 294 334 963 76 931 501 950 662 788 777 836 781 306 107 964 931 734 652 697 664 655 120 10 881 591 460 578 226 482 852 109 521 717 839 111 905 839 74 873 726 264 472 23 69 710 948 442 784 0 320 671 37 982 664 392 283 759 28 805 65 719 621 635 72 436 262 805 466 400 305 750 953 924 605 337 983 588 357 901 55 823 337 576 557 473 797 483 37 750 308 961 174 997 916 405 197 977 433 364 293 323 348 257 6 198 687 918 183 246 514 125 197 
584 646 833 441 286 780 592 959 158 62 549 472 112 168 959 495 282 277 884 582 743 725 395 803 685 491 411 462 16 166 763 751 922 424 178 960 637 373 459 782 921 746 713 919 493 265 286 822 632 739 226 903 981 920 515 948 304 0 104 907 960 900 161 214 732 920 535 139 427 423 336 443 862 740 901 749 38 294 633 328 68 328 164 530 589 752 129 244 238 587 947 643 710 890 494 238 451 354 730 587 420 1008 470 321 380 333 650 144 486 77 888 474 569 113 760 53 470 811 396 54 
12 25 33 383 335 712 14 177 854 1002 107 599 308 203 688 916 22 275 974 473 659 829 40 557 565 235 24 562 304 501 156 357 63 389 50 291 995 193 630 248 879 375 346 441 672 411 883 61 252 785 156 86 452 665 830 511 671 98 0 892 121 750 581 96 748 876 606 366 815 584 366 230 351 532 171 328 361 807 700 886 631 286 926 896 488 189 817 724 829 663 133 321 1015 716 571 391 923 217 470 230 743 327 278 261 929 360 121 895 148 879 266 904 27 832 671 320 148 206 485 457 
550 612 950 555 943 957 806 690 377 749 20 156 231 207 180 84 750 605 715 228 830 285 615 438 349 556 777 157 471 856 393 888 469 218 64 497 477 691 997 464 833 485 37 425 846 678 691 133 485 530 330 216 344 620 833 176 43 905 896 0 420 696 672 735 790 669 465 999 676 593 960 354 124 812 602 134 926 215 686 293 574 841 576 737 900 802 998 164 435 842 164 996 783 17 328 977 88 930 1000 903 472 769 215 284 53 16 609 414 229 115 451 235 292 926 862 636 43 184 358 775 
262 497 786 951 423 216 548 388 573 267 82 486 470 939 793 544 419 264 343 263 693 770 904 468 704 959 836 467 238 822 812 953 746 248 426 879 648 973 310 133 458 415 57 379 231 833 710 379 470 230 197 403 338 763 911 33 986 972 118 427 0 548 985 783 878 820 376 46 539 756 629 216 637 127 922 166 602 950 839 775 141 878 530 675 679 498 930 327 22 145 29 240 535 292 726 915 193 317 708 28 494 242 399 239 210 16 538 914 275 694 669 493 885 328 568 584 61 560 137 24 
40 160 764 905 860 493 678 1003 905 339 57 370 745 109 523 769 8 478 426 853 889 961 374 758 123 643 700 235 27 772 547 195 192 136 795 91 129 843 172 981 945 146 345 502 183 208 547 569 49 791 60 172 273 405 686 101 663 888 759 692 529 0 923 72 23 244 168 387 447 473 949 246 387 583 856 625 273 74 78 808 314 378 445 675 59 917 827 273 246 609 942 748 539 169 970 730 620 648 60 252 635 908 446 168 731 225 181 125 745 265 102 449 931 899 157 571 987 732 902 852 
672 648 323 120 102 571 439 712 186 189 542 422 864 168 13 789 764 906 620 1016 86 398 604 817 214 111 7 853 304 328 69 878 331 362 351 664 669 389 887 46 858 541 416 485 395 155 640 320 549 50 95 430 535 103 546 114 388 159 589 685 986 918 0 317 1005 475 52 763 495 436 371 599 703 109 609 649 447 296 279 358 80 613 151 33 754 227 405 336 885 879 370 482 483 201 154 871 863 47 694 947 860 74 531 417 439 131 30 87 68 133 711 960 129 63 349 41 282 531 555 692 
21 683 939 69 327 969 672 672 634 395 46 361 630 906 483 272 308 511 410 842 535 398 252 634 211 212 685 648 397 841 808 912 872 567 836 475 719 158 30 155 851 951 277 498 556 345 134 199 676 151 385 960 943 305 493 322 279 205 89 741 783 79 314 0 516 90 313 191 336 712 73 794 857 637 408 565 597 458 554 235 121 164 240 83 981 774 449 713 350 425 50 292 728 147 330 377 490 468 633 501 643 280 777 453 358 13 701 724 23 235 632 428 86 839 221 716 589 644 48 97 
709 673 975 908 669 376 214 96 471 590 610 37 597 407 967 993 711 105 57 351 607 336 914 408 612 114 136 70 417 865 259 338 232 352 520 75 1001 967 710 658 921 678 473 648 476 820 589 48 415 568 325 800 529 587 20 530 757 740 758 786 883 9 999 503 0 473 810 493 582 913 813 597 370 163 988 449 186 709 735 348 166 819 726 746 544 454 340 768 195 5 323 887 817 371 592 727 510 501 979 728 186 481 814 744 71 322 84 387 539 569 54 67 869 223 752 69 588 302 519 444 
329 348 971 859 468 569 56 786 825 171 402 55 379 440 83 220 28 543 849 642 655 849 324 664 215 306 946 119 570 305 880 797 334 917 794 20 882 505 321 86 648 104 184 547 755 235 586 939 665 481 525 530 695 801 91 446 31 909 860 655 831 250 484 77 481 0 877 599 297 667 631 506 926 890 323 813 807 279 492 712 244 766 734 327 946 640 319 334 946 467 877 393 603 901 541 686 237 947 695 729 644 558 928 633 396 921 74 873 904 250 756 365 277 375 502 987 63 838 22 618 
703 754 309 633 926 37 885 895 99 897 795 716 116 849 609 684 146 17 614 45 550 624 145 751 187 33 830 502 561 923 429 737 318 427 727 678 533 642 874 818 635 145 684 913 194 835 175 759 1005 343 128 565 11 906 957 61 809 525 596 471 382 185 49 319 821 883 0 707 527 475 845 596 796 942 292 722 838 703 816 876 415 445 474 762 771 981 300 323 39 311 191 232 840 992 926 165 136 503 959 484 462 474 443 6 99 271 831 307 711 632 186 919 408 970 987 830 702 171 837 8 
150 305 893 115 721 149 279 843 852 835 895 382 808 916 989 302 690 626 729 585 1006 286 449 58 538 515 380 238 433 132 515 964 185 386 226 268 119 1001 539 610 395 798 34 667 743 448 295 815 924 232 576 560 944 283 194 622 80 133 369 1004 51 383 762 193 480 599 702 0 488 300 855 452 913 594 605 40 838 146 426 954 601 215 625 310 301 549 159 146 300 156 398 447 79 544 768 198 62 448 467 786 759 904 964 35 625 58 63 771 718 195 1007 907 390 691 420 620 535 106 826 996 
457 704 466 89 870 401 881 238 862 694 717 836 960 956 331 942 29 193 582 446 47 667 190 707 253 650 145 643 530 128 111 976 987 698 480 474 117 120 278 381 80 649 142 134 854 901 576 299 316 571 692 619 849 83 902 175 717 407 827 671 535 449 496 329 592 297 515 483 0 548 454 461 509 698 998 825 483 937 414 614 978 546 963 274 53 153 114 146 547 220 283 805 325 969 273 193 55 468 740 845 1008 680 745 704 820 661 405 360 465 321 51 304 816 42 429 306 755 848 48 771 
156 840 701 26 515 36 49 1002 170 385 368 1014 993 18 123 843 846 391 296 259 213 326 426 495 38 445 367 711 218 931 748 502 66 310 530 140 546 932 691 504 963 906 362 110 598 358 558 826 518 331 338 359 644 296 987 489 624 416 580 588 768 478 442 715 907 675 469 298 550 0 200 204 838 866 619 982 226 463 899 933 913 393 93 387 267 277 430 548 369 846 396 879 202 50 1006 618 744 289 835 718 972 79 900 310 933 651 829 379 825 393 895 985 865 317 837 909 379 496 839 298 
690 710 273 169 20 37 557 27 329 333 754 127 738 133 355 157 658 883 558 303 339 801 912 387 517 904 532 923 594 587 188 566 631 976 295 781 546 146 511 888 877 621 780 410 750 165 571 585 72 437 954 721 899 367 328 921 638 349 358 964 629 954 368 65 815 627 836 866 443 211 0 821 594 939 811 903 844 790 809 749 369 911 766 865 881 671 597 959 345 60 412 210 865 114 278 873 457 78 345 419 244 100 676 1009 604 85 965 109 850 367 200 869 124 296 327 900 92 6 653 307 
599 802 347 515 761 837 567 17 378 629 77 810 296 57 224 697 288 179 321 365 277 836 328 526 763 24 538 235 684 206 334 717 299 826 139 100 438 317 379 714 861 822 403 161 732 422 247 896 317 160 688 375 993 579 593 510 77 432 226 351 223 246 613 780 596 498 615 435 478 199 831 0 421 344 341 933 82 596 618 709 671 614 261 471 755 629 175 889 572 872 440 232 447 667 318 350 804 260 747 356 572 54 947 13 19 879 764 119 466 149 470 460 377 844 774 206 238 260 897 508 
293 715 262 522 104 423 189 864 659 480 958 386 842 409 990 417 352 242 58 461 860 866 188 1004 639 599 451 954 875 574 967 379 678 893 34 303 921 709 726 602 194 95 122 361 93 132 1003 967 783 629 228 181 612 942 228 53 435 865 347 130 622 398 689 858 352 915 783 916 520 819 608 424 0 977 98 617 569 764 574 847 342 585 30 720 968 951 888 462 699 361 438 933 881 844 995 474 361 391 739 330 592 646 454 757 587 176 609 547 618 900 486 568 619 800 652 263 340 752 692 636 
536 242 577 714 672 583 990 360 864 445 462 200 241 826 592 459 755 822 930 472 61 291 94 426 101 19 459 929 410 373 831 755 98 555 513 660 604 727 18 252 337 543 508 260 97 337 435 538 550 900 148 604 572 211 373 154 249 746 534 827 120 590 108 631 179 885 941 601 696 864 928 337 987 0 319 922 106 958 203 840 71 278 542 360 939 900 341 391 333 141 80 806 115 179 387 177 235 244 303 601 148 490 296 878 976 218 240 877 653 307 203 769 724 61 618 310 786 489 747 514 
10 251 177 341 977 522 835 538 579 517 558 1012 153 889 59 37 949 407 209 453 781 609 93 106 584 698 387 190 616 748 544 717 566 56 698 24 99 315 184 983 694 210 218 662 556 776 786 344 443 843 468 204 423 506 802 139 813 912 166 602 915 851 602 417 1002 320 289 593 1001 614 814 349 93 339 0 95 861 314 867 99 359 190 19 579 798 518 249 293 593 643 910 48 163 231 447 828 163 612 607 158 404 805 561 763 483 113 310 517 171 189 973 447 761 58 868 229 499 844 115 161 
54 227 893 543 519 288 361 402 337 518 353 909 908 944 290 132 356 364 744 799 293 718 899 972 526 711 124 694 921 655 737 847 207 695 915 284 453 928 568 769 310 47 509 721 354 276 110 157 237 810 821 644 51 991 750 344 464 738 342 148 150 632 650 570 450 816 723 30 822 978 900 944 610 909 87 0 465 578 913 250 485 920 224 519 211 322 158 1011 321 30 608 498 646 592 872 729 556 677 488 419 697 306 948 226 638 61 776 384 739 794 135 690 790 588 669 351 643 983 20 687 
854 967 885 540 704 745 795 584 520 423 714 580 648 731 378 227 335 89 786 902 873 50 227 253 587 889 116 52 711 1008 179 469 780 489 963 829 944 232 133 152 813 200 826 878 686 467 742 548 42 281 823 727 867 141 992 92 396 44 355 935 593 274 432 597 203 802 842 837 476 241 841 94 565 111 853 445 0 277 492 647 220 255 478 129 558 124 800 529 188 190 159 971 962 216 283 120 931 911 457 402 521 400 320 897 863 191 64 885 661 382 888 916 359 365 514 704 567 832 60 861 
443 164 318 218 711 740 554 737 499 240 938 866 129 857 70 669 333 179 838 547 565 684 934 1004 240 254 9 117 636 560 51 335 937 233 294 389 26 486 132 509 302 275 644 313 431 367 631 445 60 157 166 47 408 854 951 622 310 300 818 217 942 78 300 454 708 284 703 155 941 453 776 589 763 963 318 580 276 0 459 823 671 254 188 31 489 903 59 712 354 359 654 212 377 704 101 350 47 320 623 538 511 224 410 992 597 795 511 953 426 914 166 847 105 34 557 500 894 161 993 709 
76 592 109 814 374 536 870 527 970 240 782 908 173 679 60 898 576 115 81 607 906 684 286 861 23 548 37 892 427 741 578 394 744 88 1007 1010 113 724 406 267 140 430 465 930 675 139 432 329 204 695 31 767 334 733 288 739 735 646 704 674 841 88 275 572 722 481 825 431 413 913 809 603 590 209 865 899 485 456 0 868 690 714 815 621 457 579 254 694 548 968 659 1007 728 176 510 590 730 536 793 259 661 34 727 289 838 433 13 852 137 39 353 404 506 900 968 497 570 184 712 202 
334 996 707 229 118 581 786 135 830 960 689 268 597 384 489 478 818 799 930 459 158 44 499 981 765 80 105 382 741 329 805 114 116 325 354 579 381 663 780 588 945 30 770 1019 455 144 121 449 141 251 491 679 128 444 367 475 954 330 885 293 767 795 371 246 363 718 881 959 621 940 761 704 847 843 98 250 661 811 869 0 379 66 612 296 278 151 109 273 16 514 468 59 162 741 116 493 231 748 282 870 267 714 4 370 128 37 703 778 677 336 859 74 680 150 885 211 601 349 867 481 
214 374 593 505 806 994 46 356 920 144 171 186 814 712 918 658 333 553 373 330 458 65 103 358 145 955 219 314 174 727 503 768 938 643 481 23 323 748 578 764 616 168 268 346 230 533 676 28 811 789 65 890 186 597 97 141 917 84 621 576 154 323 83 118 176 257 413 587 982 916 383 651 324 72 353 484 219 662 687 383 0 923 701 572 370 607 653 632 874 504 580 16 311 930 584 801 592 303 480 886 85 506 825 746 655 863 560 589 834 275 16 164 292 352 64 332 869 46 782 585 
695 963 904 553 460 115 116 157 150 328 326 317 302 216 81 711 737 609 449 774 495 404 391 746 542 789 710 563 706 671 547 678 383 1005 747 42 333 910 567 845 491 251 183 285 218 533 577 671 462 965 547 818 442 628 109 599 606 308 285 839 891 368 601 148 826 775 446 211 536 391 909 619 585 262 186 919 262 259 705 65 913 0 915 265 629 9 578 989 814 464 397 616 663 832 815 441 442 776 819 143 102 769 571 214 707 604 355 153 134 995 245 203 823 384 876 373 926 793 167 301 
947 222 703 87 409 224 446 349 525 393 742 1005 241 858 964 437 856 31 823 244 681 46 888 375 240 883 562 769 525 840 62 862 918 720 907 287 947 830 34 977 461 723 1008 324 787 1005 618 386 887 979 158 67 355 312 160 356 333 154 929 570 538 434 148 228 723 742 482 624 955 86 767 254 17 532 31 222 481 177 806 609 704 916 0 645 610 417 436 185 285 283 76 440 788 54 239 113 163 227 683 393 755 154 357 662 165 907 421 70 119 867 301 243 747 387 944 134 295 124 761 438 
36 257 543 443 14 924 213 910 913 75 390 688 190 744 626 539 917 755 748 619 830 975 625 60 436 119 54 58 263 967 162 189 815 336 987 757 537 220 1014 104 444 1001 621 276 147 557 881 696 275 804 275 81 38 929 423 55 973 528 902 736 673 688 29 77 749 321 752 313 285 375 883 472 722 355 583 533 129 22 609 284 592 271 649 0 889 106 457 846 455 83 326 922 882 515 531 78 764 856 492 788 226 432 475 598 460 361 314 592 174 482 403 133 602 783 528 283 170 878 739 145 
854 466 1011 720 876 261 717 753 285 742 913 689 667 669 992 750 937 732 467 251 1001 917 452 193 275 383 84 264 355 959 869 369 929 798 942 719 888 107 118 238 534 470 556 152 498 424 927 246 751 138 846 178 249 204 776 726 592 577 480 899 691 66 752 974 543 952 779 294 52 272 865 773 959 929 804 203 563 491 464 272 378 626 594 894 0 26 295 357 285 405 598 511 163 379 183 368 284 808 846 639 565 88 747 468 147 596 394 820 515 719 398 893 204 59 898 455 65 605 536 139 
540 315 396 859 182 463 592 508 738 143 425 208 788 891 926 790 486 763 422 621 667 180 611 915 474 790 332 926 939 847 417 235 508 964 823 94 562 605 534 954 946 221 757 699 890 345 85 496 98 277 446 509 721 61 319 394 354 765 188 821 509 927 211 776 468 658 973 563 156 284 658 636 938 891 515 328 128 898 574 155 607 23 414 105 24 0 546 316 559 872 387 151 984 556 925 916 98 592 942 220 12 360 114 301 533 11 1007 796 905 782 697 956 702 954 358 33 211 927 809 222 
767 931 699 790 859 180 692 631 800 685 769 109 350 948 52 749 407 371 442 451 221 548 766 490 785 703 395 946 493 643 344 811 202 425 602 688 342 502 500 264 745 613 607 660 501 994 503 779 256 716 807 601 243 213 502 116 907 130 832 1014 917 833 413 455 340 317 287 147 121 421 597 191 887 353 240 146 798 59 269 108 647 568 421 445 287 548 0 669 347 743 697 18 641 128 973 805 117 331 287 739 263 214 42 859 849 940 419 820 559 671 17 645 29 879 52 408 585 866 257 427 
884 987 335 962 408 162 14 917 452 80 182 32 727 272 800 321 262 528 782 393 942 761 393 860 940 79 912 167 484 353 593 407 384 211 600 18 45 466 893 261 277 649 129 789 147 738 458 850 916 348 144 821 290 976 912 743 46 245 715 164 318 268 330 700 770 340 314 143 147 539 976 907 463 396 292 999 529 706 692 281 639 981 183 846 362 313 672 0 414 900 604 194 999 197 281 77 14 591 874 202 55 954 777 28 912 203 205 951 208 227 376 289 685 488 746 223 746 505 526 442 
705 673 379 369 699 184 727 750 95 864 52 227 776 656 667 809 233 845 187 820 223 220 442 842 987 364 429 34 465 247 908 598 130 920 457 876 266 248 293 732 838 322 736 562 81 151 483 579 136 432 318 719 589 115 568 66 807 233 822 424 18 249 898 360 202 940 28 295 561 362 341 564 683 332 593 314 193 357 542 14 863 814 294 467 296 552 342 425 0 844 346 104 636 956 355 192 263 34 459 518 1005 408 936 413 158 694 899 988 1000 669 262 768 115 826 530 650 806 746 721 367 
405 547 960 727 768 844 83 820 300 276 120 16 145 546 321 393 71 90 389 515 220 105 432 944 27 897 321 740 347 988 636 116 743 304 367 267 350 297 740 728 348 636 532 551 720 835 518 305 641 413 727 171 500 669 459 566 339 588 681 849 138 608 893 417 12 475 309 160 212 855 75 869 359 141 634 22 182 361 971 523 494 478 290 71 396 874 755 892 838 0 215 545 969 799 506 838 600 617 159 327 23 527 486 170 314 367 304 417 1001 874 888 970 445 882 462 344 38 876 824 841 
755 49 164 407 912 767 288 125 850 118 207 594 385 141 420 826 220 155 678 636 469 891 834 950 645 303 125 406 999 339 971 534 772 675 26 771 389 551 328 354 475 163 834 628 998 135 777 191 540 199 744 192 226 392 636 626 578 957 130 170 38 946 362 36 341 877 202 380 300 403 413 445 437 92 909 621 153 661 657 473 583 405 70 316 597 373 684 597 345 204 0 731 296 218 612 602 296 429 288 62 72 85 7 510 829 898 60 920 651 987 16 496 648 940 848 694 602 385 91 220 
593 562 972 764 517 843 815 30 22 967 501 425 19 925 327 102 660 422 307 705 919 289 785 885 921 875 217 555 751 776 621 682 71 984 375 126 637 767 920 137 438 564 313 793 820 661 413 609 484 122 880 113 743 777 87 10 557 646 324 983 238 751 476 294 896 392 230 449 800 882 227 242 938 795 41 499 980 201 1015 49 17 625 440 921 512 163 9 189 94 548 738 0 464 818 717 103 541 603 354 253 460 316 569 425 266 179 541 173 474 904 783 91 515 803 942 1007 678 476 648 48 
360 646 79 300 495 189 606 583 355 547 60 382 29 644 968 804 688 581 506 993 711 864 221 121 222 885 263 28 785 221 614 186 945 418 907 662 820 170 625 178 53 144 162 609 413 913 605 577 795 328 755 210 771 131 813 33 467 711 1018 772 530 550 493 727 813 603 847 69 322 184 864 451 872 100 161 659 960 379 716 175 314 665 789 876 163 991 624 987 639 958 289 473 0 662 137 106 327 508 261 823 63 783 397 761 369 156 665 601 515 685 849 564 417 762 771 126 779 516 723 458 
634 412 207 349 668 777 301 881 512 517 668 319 423 462 815 669 951 210 843 256 90 826 489 784 970 262 619 1010 359 825 603 291 618 859 318 178 401 341 523 965 845 370 928 947 375 670 957 965 768 153 85 37 527 448 873 160 788 890 716 16 303 187 208 155 362 912 1006 535 976 41 104 655 845 172 243 592 221 713 178 742 931 839 62 506 378 544 112 192 946 802 225 822 660 0 432 56 266 132 749 684 51 656 425 663 406 213 208 1010 497 608 312 496 174 466 878 1003 216 620 854 109 
521 612 655 900 774 547 672 925 18 362 589 225 864 531 216 312 800 561 619 226 493 492 151 56 589 603 222 154 479 371 407 899 422 463 633 123 76 946 167 236 276 889 563 583 549 324 425 951 617 64 113 349 563 958 191 980 486 487 590 318 722 969 166 311 581 549 921 763 284 1012 275 332 987 383 444 867 299 107 510 109 581 810 229 536 178 930 983 269 337 501 612 720 128 430 0 642 694 167 690 816 938 262 313 608 787 651 203 87 781 60 480 546 127 218 53 205 136 474 122 89 
179 33 99 1000 734 296 355 901 346 145 235 795 329 157 755 458 465 404 176 976 849 850 212 455 497 836 25 198 161 680 728 151 909 810 113 122 889 92 881 405 677 868 143 965 963 369 927 904 125 747 976 881 363 81 492 642 50 243 392 975 914 732 867 382 722 676 169 187 173 611 885 357 472 178 840 730 121 341 581 490 799 428 109 81 363 913 812 81 196 828 614 106 116 61 634 0 128 774 397 147 903 984 479 829 860 827 520 788 203 649 471 473 978 754 530 993 173 599 868 18 
655 484 852 879 979 724 677 613 297 255 236 240 545 673 128 252 24 859 930 174 604 146 126 155 275 65 165 821 140 543 79 597 502 757 470 91 390 750 827 644 622 949 30 406 239 343 832 577 1000 212 500 955 433 852 272 561 755 452 932 93 191 616 864 489 509 237 132 65 52 754 448 790 367 231 162 544 935 53 732 239 591 437 159 766 289 110 131 27 274 614 295 541 339 260 692 137 0 840 585 451 292 577 924 878 660 912 517 332 614 908 347 281 701 648 837 878 471 37 904 340 
273 999 210 108 87 562 243 283 208 599 468 309 338 783 205 308 490 831 818 483 726 154 55 600 436 290 404 167 631 603 70 195 813 19 748 746 158 230 972 722 354 117 955 903 393 589 915 466 246 121 54 352 169 294 119 996 308 363 205 916 321 648 49 456 501 933 497 438 456 293 76 260 396 236 602 682 927 310 535 745 312 783 236 852 790 599 346 582 23 607 419 594 512 140 167 789 831 0 836 79 108 465 477 722 975 470 63 557 115 514 328 640 126 177 346 753 568 14 579 517 
242 671 721 290 395 21 499 775 761 213 380 877 506 35 45 100 633 524 996 36 840 558 114 160 463 947 955 447 40 788 453 981 387 250 809 771 62 840 147 374 394 800 8 668 680 812 978 997 877 347 284 887 895 474 652 350 954 733 469 1017 718 63 695 636 977 691 975 481 750 835 349 737 730 311 604 493 460 632 778 297 476 814 678 494 848 940 289 886 462 149 268 356 246 762 687 393 569 841 0 418 933 654 149 955 636 686 525 711 230 590 425 872 587 151 801 631 683 507 415 6 
638 18 76 258 539 710 954 801 308 758 673 575 130 522 172 505 955 240 402 252 757 110 19 557 21 277 154 323 88 534 458 62 934 941 332 969 694 534 855 66 139 636 797 628 488 927 264 984 493 532 782 331 779 789 152 928 175 573 230 909 22 252 944 505 742 727 485 803 858 721 405 353 326 599 171 407 406 538 267 875 891 144 380 795 637 200 734 211 520 312 77 261 819 678 820 132 445 84 417 0 886 900 517 116 785 673 745 832 826 632 394 258 783 669 124 1007 217 381 684 714 
397 276 975 791 138 310 913 845 516 952 945 836 21 376 933 789 435 118 589 846 1002 251 240 517 586 593 790 893 590 977 119 857 840 179 136 156 382 259 519 223 176 750 493 93 860 772 155 536 934 958 302 853 557 513 486 518 998 428 750 482 505 644 853 651 197 636 471 757 991 978 251 574 603 159 411 679 529 514 663 268 94 100 761 219 552 21 258 66 998 25 55 463 73 33 945 891 282 116 932 867 0 749 998 27 198 146 216 551 472 896 986 827 524 95 812 143 747 239 34 816 
46 528 679 181 867 368 228 99 368 155 687 801 664 583 892 802 104 946 182 779 536 488 826 211 402 34 847 538 162 232 407 423 843 855 64 170 970 115 811 90 312 356 156 907 648 977 613 918 208 757 288 271 767 334 770 594 906 1011 342 769 231 892 79 283 477 551 471 907 696 85 103 45 642 502 808 303 400 212 19 720 518 763 155 434 81 364 219 958 405 538 77 325 778 658 268 977 589 472 659 898 734 0 90 835 74 570 639 902 450 593 301 545 605 202 289 790 214 65 968 785 
562 804 508 282 985 131 674 304 708 11 258 597 213 563 31 301 459 75 587 813 589 341 593 581 624 683 609 714 195 165 310 714 31 502 926 86 706 863 668 500 397 452 88 781 7 420 434 873 141 664 886 677 115 976 922 8 403 457 262 218 409 440 541 787 808 932 434 959 734 901 680 965 450 303 573 950 333 413 710 14 822 566 352 458 759 119 56 786 937 498 2 589 392 426 319 491 942 463 141 530 1003 81 0 896 590 82 292 833 490 523 557 494 917 139 645 575 718 544 672 344 
655 530 919 677 150 236 1005 390 553 780 242 955 27 556 496 512 260 212 312 640 971 700 508 46 49 733 116 442 756 911 371 421 263 947 279 762 629 777 1008 741 734 488 217 930 817 278 551 601 692 218 55 83 119 356 80 349 199 323 263 294 242 153 418 451 764 640 20 33 717 309 991 22 750 875 773 220 881 1009 282 375 764 216 649 589 465 304 848 15 406 173 504 417 770 662 600 825 861 722 954 116 37 830 898 0 207 340 497 986 422 992 457 20 390 389 87 597 458 70 182 412 
196 93 77 875 682 40 356 437 895 330 797 267 153 754 685 334 323 385 352 77 545 469 683 227 780 258 480 793 774 333 46 460 550 320 913 557 831 180 208 815 186 51 554 225 317 840 953 809 451 267 149 815 897 591 669 775 972 363 933 60 207 731 450 346 66 396 105 624 833 933 599 30 587 971 473 635 860 591 825 114 657 715 164 452 132 515 842 911 153 321 831 249 376 417 797 850 673 965 634 780 198 73 595 198 0 685 249 216 486 917 327 586 774 205 20 934 595 655 212 623 
682 424 111 480 632 147 742 991 854 883 23 839 852 666 695 617 946 683 365 90 215 552 762 919 371 127 618 840 992 775 241 781 276 364 882 13 420 229 336 332 718 112 782 265 861 947 618 152 553 852 98 776 843 196 379 669 431 324 349 23 4 235 129 29 314 929 252 58 670 663 74 870 186 208 101 46 201 788 439 46 864 610 906 366 588 19 946 198 692 380 906 187 164 218 662 827 921 484 697 660 146 554 82 348 679 0 891 668 1000 357 452 579 677 758 901 443 870 38 391 123 
332 582 785 913 476 863 65 934 909 551 239 875 62 662 542 846 143 115 424 200 819 632 932 216 185 892 27 606 124 920 339 344 641 366 584 135 1000 643 219 206 283 396 533 762 101 76 67 290 263 130 911 290 774 354 128 772 356 652 133 601 523 180 29 700 83 67 837 81 397 823 958 762 605 258 310 777 49 525 17 713 562 360 420 321 406 1004 413 198 902 319 61 549 657 209 198 531 523 68 524 757 224 640 291 496 243 896 0 929 495 765 37 581 594 22 500 640 874 682 556 854 
908 918 358 350 575 980 451 698 402 350 880 955 432 67 878 186 325 683 846 467 984 407 187 431 902 335 737 479 854 376 267 620 835 553 81 586 179 946 169 48 365 783 967 984 931 810 597 841 861 830 761 144 657 500 381 635 285 150 888 399 914 123 96 721 369 858 294 768 362 383 110 116 554 881 525 390 883 950 857 776 594 158 77 601 840 796 822 947 986 422 908 181 600 1004 88 780 329 540 710 821 552 886 825 981 216 669 917 0 531 286 743 622 781 513 974 495 367 502 197 423 
178 320 295 240 622 605 907 867 72 770 319 772 824 610 199 995 114 507 404 585 106 807 487 217 294 251 860 724 40 217 842 652 459 155 94 584 681 418 452 197 629 634 441 608 266 149 964 60 347 87 789 848 724 705 941 363 319 491 161 238 275 734 65 13 526 893 729 708 470 835 846 449 630 643 172 732 662 420 137 667 843 149 119 171 523 897 545 206 1003 997 648 483 523 496 782 212 616 127 229 825 471 466 488 411 482 990 488 534 0 365 284 911 330 17 693 213 961 29 877 33 
965 630 633 921 464 100 763 494 861 207 689 243 520 60 981 828 940 841 619 550 178 784 782 799 865 130 547 320 811 693 776 345 517 713 390 557 395 561 596 587 857 236 879 212 678 367 320 408 548 880 603 479 940 661 436 622 346 89 874 109 695 276 126 235 574 244 633 190 316 400 367 145 887 321 176 778 383 915 42 348 281 1008 872 483 734 786 685 228 664 863 988 904 679 609 58 642 905 528 577 631 896 596 526 987 910 357 773 275 364 0 59 123 47 135 456 983 670 601 364 340 
388 435 929 594 368 161 430 541 365 557 953 540 104 257 108 297 858 228 704 616 118 507 606 940 908 963 173 573 305 46 679 707 778 351 74 31 424 385 287 553 490 147 162 177 990 361 450 622 12 505 938 787 417 96 285 410 254 902 258 442 670 102 703 633 55 761 195 994 43 905 196 454 494 206 980 141 884 178 355 843 21 230 289 402 402 709 32 383 257 890 15 779 869 314 473 466 347 334 417 394 981 298 560 458 321 469 37 737 283 57 0 897 235 908 413 352 145 33 106 868 
561 546 63 454 554 478 664 824 728 301 601 610 385 322 494 809 369 190 178 434 791 95 241 245 148 471 460 109 910 561 825 561 231 156 469 786 122 636 991 933 127 588 647 131 983 467 701 816 594 759 809 649 328 674 294 436 20 480 885 220 490 448 964 421 66 370 912 905 299 997 876 464 565 765 454 685 919 855 408 70 170 192 242 130 891 939 640 289 776 970 508 85 563 512 545 474 289 634 875 245 830 545 495 3 587 589 580 631 901 142 882 0 37 506 472 316 956 713 848 672 
75 583 941 949 456 216 267 816 629 765 894 341 950 289 696 148 431 926 607 24 817 359 618 342 851 140 671 976 820 740 654 333 980 145 133 501 127 517 424 159 872 876 130 263 65 547 854 837 335 551 880 418 265 708 413 676 197 575 39 294 894 922 115 85 879 272 403 404 816 864 131 374 619 736 758 778 359 118 492 681 286 829 743 620 196 707 25 670 105 442 654 521 407 185 122 989 694 113 597 796 528 622 905 399 774 670 583 763 333 46 220 42 0 79 742 718 101 956 98 985 
963 537 485 180 732 920 479 248 461 389 897 995 101 560 866 88 40 883 364 695 818 834 412 762 484 508 378 479 735 398 944 540 588 179 177 418 942 1007 209 755 372 868 438 539 313 481 859 737 218 684 866 740 755 903 667 175 680 112 827 920 321 905 56 849 229 372 977 694 33 305 302 841 789 53 46 586 376 39 912 132 349 381 379 776 65 960 862 483 825 876 940 813 767 477 212 749 637 187 135 670 86 212 144 378 189 751 14 510 18 122 914 515 80 0 588 132 827 309 300 839 
165 235 751 383 929 50 709 663 901 567 644 157 676 992 34 77 51 268 836 588 363 292 64 835 508 542 702 178 240 474 249 799 541 74 347 71 469 619 535 619 349 368 238 519 367 991 271 770 571 941 591 761 461 201 546 353 924 775 660 846 569 152 338 228 746 498 981 414 418 834 330 766 638 625 877 674 517 541 970 883 75 886 953 532 908 363 57 755 537 465 854 945 763 870 60 538 835 335 784 123 820 278 659 86 18 908 513 973 697 443 412 459 743 586 0 504 434 575 992 323 
345 73 158 784 24 345 582 487 314 176 183 954 351 545 935 994 814 564 503 73 45 88 125 298 953 371 897 987 100 47 81 14 826 972 477 431 835 542 801 761 247 829 667 120 489 779 709 134 644 949 241 698 818 548 652 767 176 48 315 629 583 556 30 716 73 992 820 616 302 922 900 203 277 322 230 366 691 505 496 210 336 383 134 282 445 45 400 218 644 345 686 1003 126 1008 195 978 864 771 645 1009 135 802 572 591 944 450 646 486 229 973 338 301 720 147 490 0 892 682 993 724 
42 136 46 266 265 701 260 786 712 98 221 899 777 27 332 781 452 921 525 954 642 1012 612 476 974 398 147 655 130 522 401 752 648 663 530 788 854 492 324 296 253 510 394 336 557 290 39 710 997 241 193 358 658 468 637 735 250 456 151 45 65 987 285 581 588 69 702 530 746 378 93 232 343 779 516 638 581 887 577 599 860 923 295 173 53 212 575 751 795 47 607 671 778 215 145 165 475 552 678 216 735 221 712 466 603 878 855 365 951 673 148 949 113 812 428 874 0 184 768 44 
144 107 460 498 315 212 982 664 396 18 864 166 337 938 869 611 229 260 993 686 640 867 602 872 124 946 637 588 196 265 877 674 891 873 229 872 236 290 140 734 958 401 126 863 1000 371 7 427 128 925 881 665 266 257 194 891 517 806 207 188 580 739 534 653 299 831 184 108 854 501 13 272 751 509 844 987 838 164 194 355 48 785 116 889 605 913 860 499 742 862 375 480 516 610 478 597 26 22 514 391 230 64 532 58 656 29 676 501 29 594 48 715 946 310 568 684 182 0 724 708 
84 545 605 419 245 601 772 317 741 942 18 815 45 271 144 376 504 15 825 365 97 855 607 523 45 924 480 254 832 507 995 463 469 831 362 345 22 551 334 411 548 781 882 542 930 5 318 758 209 581 753 392 573 691 127 747 131 390 491 359 129 916 556 32 502 26 839 831 37 828 653 902 683 752 102 35 42 992 713 871 795 161 749 741 552 812 255 517 716 809 88 659 712 853 133 874 897 596 419 677 37 960 678 189 222 381 571 208 859 369 98 844 91 307 1005 992 769 729 0 404 
333 526 32 926 408 344 885 224 658 441 100 409 465 825 505 206 947 490 842 354 694 451 753 893 430 960 108 760 562 986 159 153 127 296 306 127 844 275 198 936 365 898 728 836 423 584 390 909 675 470 951 101 297 206 545 148 199 54 451 775 26 840 706 85 450 609 11 1003 776 301 309 502 628 518 180 697 847 708 204 483 599 296 432 130 134 233 421 458 369 828 208 40 459 98 74 33 339 525 22 724 823 789 344 403 631 134 842 419 41 339 861 674 978 841 328 710 26 704 396 0 

Depot information
1
1
1
1
1
1
1
1
1
1
1
1
1
1
1
1
1
1
1
1

Customer information
1
1
1
1
1
1
1
1
1
1
1
1
1
1
1
1
1
1
1
1
1
1
1
1
1
1
1
1
1
1
1
1
1
1
1
1
1
1
1
1
1
1
1
1
1
1
1
1
1
1
1
1
1
1
1
1
1
1
1
1
1
1
1
1
1
1
1
1
1
1
1
1
1
1
1
1
1
1
1
1
1
1
1
1
1
1
1
1
1
1
1
1
1
1
1
1
1
1
1
1
