Seed 123 - Instance: n100m10_0
n 100
m 10
Q 9999
L 3
U 16

0 843 49 873 721 655 586 71 842 253 431 897 253 755 278 356 174 440 306 962 751 319 638 620 472 463 945 281 431 407 553 29 673 626 336 535 267 96 780 512 35 729 475 998 359 84 52 29 933 587 806 288 1005 748 894 899 342 824 295 411 172 221 921 573 734 246 185 944 646 786 834 149 51 990 796 650 402 887 880 1006 195 413 828 38 772 21 446 488 400 482 560 280 641 975 104 121 187 796 890 339 812 311 724 611 419 935 621 476 202 370 
835 0 386 261 186 138 268 434 161 597 91 279 843 153 275 430 229 689 413 590 702 943 570 389 271 60 273 388 152 620 117 322 542 328 528 676 313 365 115 861 331 32 210 251 882 593 974 501 35 796 331 595 519 169 816 287 196 731 495 329 521 949 459 273 813 731 195 735 897 749 231 204 252 130 813 118 397 586 385 150 731 590 566 828 985 906 536 724 166 967 664 383 166 507 184 675 212 459 952 457 32 572 330 228 191 89 804 962 117 390 
50 377 0 397 503 860 333 752 70 45 888 579 977 949 830 53 884 92 546 16 515 51 171 670 1000 481 806 436 121 459 280 521 302 137 646 196 807 987 21 161 813 42 661 280 100 821 337 321 973 437 292 424 875 836 714 435 176 77 554 254 135 941 651 250 138 458 814 336 148 398 801 625 527 901 569 879 353 400 816 949 997 933 898 380 848 45 331 224 465 660 576 27 50 300 336 903 895 993 571 977 476 821 861 693 770 362 851 438 553 653 
869 269 390 0 898 236 159 420 427 153 227 426 958 373 804 121 86 767 713 272 139 848 893 522 123 357 120 240 793 950 65 320 762 426 427 91 785 402 813 609 800 525 914 901 354 73 173 511 261 899 601 253 778 672 763 153 407 316 530 121 121 730 264 88 956 672 378 225 969 136 573 937 780 304 667 510 325 510 567 52 319 847 81 331 1003 794 556 838 591 393 968 415 808 113 244 201 849 949 924 550 274 107 881 511 974 1002 897 48 862 899 
704 190 505 894 0 231 974 579 89 452 534 672 349 435 872 375 836 207 92 890 475 536 54 364 681 179 325 441 45 363 923 357 667 253 827 636 82 46 663 981 477 63 857 79 294 240 38 84 922 935 914 726 467 418 551 511 868 861 940 940 822 904 459 167 462 453 347 350 648 420 508 419 314 922 747 434 465 168 556 680 662 313 955 51 901 412 266 376 282 538 796 704 605 466 352 324 535 326 998 97 79 783 388 128 101 903 48 487 321 726 
659 137 862 221 229 0 127 526 508 882 935 277 111 630 880 65 118 31 306 440 490 419 889 20 676 334 99 890 746 88 96 912 987 324 527 199 787 633 860 453 510 821 987 527 751 408 221 552 669 234 447 357 420 969 801 960 743 477 935 528 181 428 324 179 451 651 738 951 759 374 473 981 98 908 335 227 749 261 133 452 196 458 201 542 830 368 113 131 642 540 596 230 785 855 156 237 939 643 311 193 664 556 754 713 156 271 814 528 369 546 
594 266 332 171 972 146 0 134 882 568 427 591 165 566 280 503 492 852 380 605 612 533 429 450 36 415 937 870 107 895 590 152 125 482 842 368 357 53 400 216 506 308 647 877 216 197 281 197 21 874 807 493 102 436 246 861 144 33 901 339 596 828 55 329 569 973 296 90 377 305 364 78 710 626 281 305 995 278 562 102 746 671 752 806 849 920 679 29 561 894 755 661 365 371 984 324 461 331 190 297 596 364 166 365 658 411 61 237 404 238 
69 426 751 430 575 513 145 0 592 170 73 716 890 198 1009 434 164 557 980 621 823 163 445 453 703 987 390 574 196 973 347 593 933 160 227 827 619 698 428 416 315 957 417 253 552 600 80 605 72 769 819 856 279 82 462 603 299 445 57 53 768 342 490 705 203 308 136 684 869 550 360 314 834 467 185 598 918 847 66 289 691 823 58 210 1011 345 808 472 325 986 920 689 161 714 275 930 390 756 313 56 935 106 1002 469 984 912 991 628 567 972 
845 166 66 430 90 504 884 586 0 399 184 133 886 598 38 186 555 201 97 399 753 648 1012 462 423 453 838 488 422 714 139 509 347 966 314 90 649 853 936 286 748 349 971 302 799 802 667 32 227 317 789 673 415 437 904 732 402 898 472 407 883 333 278 104 946 71 843 641 799 198 694 694 697 391 169 56 828 897 949 655 909 172 688 59 895 612 615 425 220 292 203 936 368 842 814 538 818 96 488 514 8 932 449 18 56 632 708 698 569 227 
261 612 43 161 442 868 567 175 406 0 371 478 150 462 158 898 798 606 841 256 830 631 767 430 107 340 105 49 369 73 312 134 538 672 838 228 114 782 898 702 826 677 182 257 948 880 902 896 748 272 446 158 234 125 537 368 802 324 9 825 511 922 839 261 724 452 441 842 59 228 106 466 997 255 630 264 453 792 343 338 40 889 85 136 95 612 491 255 71 925 148 384 916 949 310 163 992 961 622 350 533 633 740 695 600 151 870 724 603 148 
437 107 888 230 538 916 427 74 182 363 0 265 930 975 931 55 587 567 190 221 963 152 182 743 278 658 327 900 639 892 803 986 85 339 552 113 379 561 676 334 438 377 496 26 918 222 948 559 553 628 901 26 695 920 412 521 941 224 879 169 192 595 460 267 856 399 316 855 301 155 644 101 43 345 292 218 229 226 449 730 753 61 417 685 172 532 245 146 458 53 510 978 617 54 152 454 467 509 41 978 846 102 860 788 841 778 562 673 955 744 
893 263 576 424 669 282 596 718 135 472 269 0 379 586 248 905 50 975 867 800 946 669 107 189 176 169 177 922 924 953 351 720 317 284 417 629 697 80 545 771 857 685 369 742 556 821 73 335 312 342 967 646 343 132 688 795 559 719 477 319 908 816 344 696 223 467 759 357 339 795 635 997 537 136 247 920 778 770 913 185 766 239 677 824 241 538 437 619 772 308 664 999 202 448 303 338 264 312 545 360 674 871 357 84 671 637 194 215 26 208 
254 845 972 978 353 100 174 888 888 152 935 378 0 321 774 657 325 10 102 916 89 281 104 803 452 952 122 682 997 274 781 898 124 863 881 917 354 638 955 103 333 352 219 683 49 906 649 147 42 800 831 312 20 50 915 755 769 748 449 978 246 515 565 59 78 701 484 246 1012 1000 837 823 578 494 633 598 651 421 428 960 670 814 373 674 29 727 181 225 596 958 496 199 899 542 59 930 288 596 308 332 998 788 895 104 590 441 927 549 63 756 
745 159 939 375 426 629 558 195 592 461 968 583 313 0 158 478 859 989 369 217 974 632 561 268 849 605 443 271 450 365 114 299 409 667 814 679 237 111 663 888 411 647 873 891 589 127 847 882 588 441 662 64 999 909 915 960 315 193 658 505 36 631 476 185 72 958 867 825 676 63 97 580 381 492 345 435 621 217 671 216 166 304 1011 79 420 479 417 144 183 416 285 179 510 880 971 255 858 895 226 1008 319 67 764 504 637 166 409 697 810 754 
296 280 812 823 876 865 286 991 54 154 922 242 762 148 0 173 386 558 735 806 969 606 824 789 439 781 1000 189 677 65 237 30 999 367 470 479 995 288 161 198 826 998 634 798 52 215 793 360 347 359 745 726 697 18 741 584 211 44 206 769 420 643 387 31 869 565 640 514 605 155 917 911 782 284 281 403 328 321 843 960 542 280 812 370 629 635 869 350 280 556 57 244 754 718 785 46 170 889 508 947 885 339 909 363 786 836 410 953 210 51 
368 418 50 122 383 55 503 425 185 901 57 891 654 477 172 0 959 362 150 743 88 438 184 356 227 842 575 331 610 857 86 252 566 287 486 494 986 526 394 984 859 565 951 259 340 873 331 211 631 956 905 698 384 777 77 214 558 941 550 332 251 466 16 125 261 867 497 852 547 942 308 624 622 162 896 682 428 156 519 908 822 640 526 940 845 970 894 364 595 535 158 458 971 730 441 987 95 866 35 995 792 275 674 128 506 131 399 375 558 92 
177 209 869 86 842 102 494 163 567 796 602 47 330 855 387 956 0 674 909 290 331 73 372 396 671 955 8 67 813 462 60 23 986 549 663 20 957 898 838 25 164 531 555 36 538 273 500 637 587 511 901 752 424 250 439 881 815 836 762 567 18 926 156 857 215 566 46 889 995 177 229 990 283 569 820 872 870 320 402 773 773 216 614 710 887 946 868 618 249 489 797 606 37 456 328 675 325 157 79 924 933 328 545 579 632 787 954 554 450 749 
443 700 81 763 194 28 860 556 202 606 571 980 18 981 559 364 673 0 528 103 393 438 148 698 220 860 908 715 290 81 514 828 734 549 111 501 925 278 64 103 339 763 621 64 280 920 706 424 105 670 984 758 626 113 186 108 759 17 621 863 522 245 921 444 261 729 208 534 753 700 686 57 193 679 173 52 894 123 57 8 153 485 585 742 946 737 789 105 53 837 500 495 777 71 476 864 855 974 249 405 921 613 494 502 955 31 702 215 435 691 
291 410 539 715 97 323 381 964 95 838 195 862 101 358 732 156 918 535 0 204 790 631 799 417 1007 239 256 353 417 140 382 172 597 703 277 533 615 188 608 769 612 852 778 217 590 477 22 287 336 794 590 166 649 736 732 579 391 842 90 632 918 948 372 101 808 637 381 319 595 807 13 712 880 822 642 579 111 986 137 926 176 618 580 641 890 13 724 406 194 331 209 717 971 995 490 685 971 423 437 966 799 845 941 418 722 256 82 467 566 253 
955 595 11 270 889 437 620 620 397 250 225 793 913 211 808 735 290 106 198 0 950 992 392 425 528 898 1001 108 668 716 432 652 43 998 455 681 630 388 848 124 373 227 318 486 562 1009 650 433 669 543 203 303 199 615 89 673 835 482 833 579 853 337 432 601 373 651 242 137 514 562 279 184 1008 154 461 340 645 467 432 15 721 978 955 675 358 986 518 941 872 276 248 896 504 799 352 1004 356 126 737 586 146 672 365 965 958 875 292 70 268 228 
741 706 514 144 485 487 602 813 735 827 965 935 76 985 974 97 333 389 797 964 0 380 246 124 47 244 827 674 234 431 485 19 80 748 25 287 683 719 169 995 838 589 870 805 820 470 300 52 869 672 159 176 27 179 778 874 102 656 107 27 764 766 464 486 199 544 568 951 979 868 568 525 879 974 227 563 196 751 522 682 512 326 294 551 730 583 584 589 460 167 87 946 714 269 715 55 212 39 776 307 615 766 80 634 660 66 895 217 677 46 
322 927 38 850 537 413 536 161 640 624 132 660 290 628 595 437 87 446 646 994 380 0 865 566 336 367 922 574 982 304 158 807 380 604 40 638 155 598 727 143 109 928 152 254 950 751 666 363 23 994 840 498 482 382 34 397 895 479 807 352 506 930 645 367 16 70 775 458 131 715 30 728 1008 68 619 922 454 523 861 930 607 247 589 334 692 662 700 561 975 831 609 717 874 30 5 539 880 408 857 696 644 838 358 748 391 130 629 469 547 773 
623 563 167 904 55 888 418 451 992 769 181 116 104 564 821 171 370 155 793 390 251 879 0 51 17 537 710 429 629 439 161 342 946 989 362 938 460 768 833 167 299 887 225 843 697 297 407 211 203 369 449 355 548 827 565 548 601 509 589 964 583 819 851 184 38 398 498 487 477 865 45 334 880 414 289 292 878 769 210 12 952 482 801 569 808 606 363 102 627 463 473 230 1002 668 336 523 50 947 700 826 995 863 342 553 841 270 809 138 42 869 
619 382 681 534 374 13 454 453 453 420 749 179 807 273 790 352 399 716 416 412 124 554 63 0 271 767 32 115 908 672 656 536 166 348 603 849 584 578 644 414 846 779 160 30 423 768 981 212 560 765 864 570 639 319 235 69 24 664 548 57 447 100 364 47 807 94 255 114 944 78 853 248 46 306 791 344 905 440 30 738 867 612 945 171 762 341 591 52 106 337 799 124 794 458 624 166 611 996 314 123 298 727 502 82 705 734 909 238 831 194 
468 259 1006 113 673 683 36 701 427 92 283 190 455 854 430 221 669 221 1010 528 37 328 15 272 0 223 976 277 423 599 505 463 465 557 638 43 471 97 610 367 597 498 311 115 854 529 531 825 981 857 636 654 152 440 412 940 705 722 178 979 537 921 157 630 610 371 504 472 704 92 308 459 827 939 441 484 401 69 85 652 181 566 428 654 37 651 827 51 547 856 517 708 757 551 949 168 478 961 31 104 158 984 373 498 122 811 631 933 416 198 
466 57 493 360 186 325 430 989 460 348 660 177 965 610 791 840 958 875 233 889 232 374 541 760 222 0 576 976 567 834 78 490 914 557 717 776 453 597 496 873 825 541 836 976 324 171 104 407 948 521 530 182 65 736 498 45 785 226 870 791 579 388 798 301 540 701 18 767 268 382 59 579 623 293 477 565 722 169 378 839 153 686 209 408 632 470 229 205 250 749 728 766 335 987 845 59 930 159 753 752 851 479 532 126 194 588 133 400 646 831 
935 263 800 115 344 86 925 398 833 97 321 165 123 447 1009 587 11 902 262 1010 825 933 700 33 980 572 0 484 718 148 140 819 449 933 840 921 179 870 23 173 651 255 963 541 922 288 874 803 622 109 281 640 999 1000 69 919 577 641 647 879 768 77 996 543 244 433 825 737 798 378 611 31 596 118 635 772 479 104 553 652 663 327 728 277 849 657 785 872 664 252 645 73 617 879 248 142 590 470 335 311 446 408 733 50 124 351 678 378 517 140 
278 389 438 245 434 876 877 570 507 59 898 938 696 278 200 336 53 726 340 119 661 572 441 110 276 986 486 0 444 82 213 139 516 236 897 761 524 639 430 444 305 707 273 537 18 280 102 528 518 615 541 348 488 769 622 660 516 484 222 477 252 421 971 648 939 311 893 897 764 360 144 557 995 906 786 183 665 284 451 133 287 77 434 157 806 352 846 923 322 521 774 814 280 311 156 60 755 400 463 724 962 991 152 646 900 495 870 304 867 791 
433 149 119 799 59 747 104 207 432 365 639 923 1008 441 671 600 819 286 419 654 223 994 626 898 427 561 719 441 0 163 83 773 1002 769 990 823 484 795 487 748 893 505 44 693 77 237 247 641 831 1004 434 545 973 924 341 155 307 84 382 814 791 336 18 603 678 547 423 646 110 163 566 211 591 959 534 116 349 480 634 684 112 866 226 845 988 670 254 962 1014 345 646 289 1003 899 953 186 323 607 957 698 730 215 753 205 144 871 251 310 866 485 
410 612 454 949 365 89 896 960 719 61 909 954 278 368 68 868 462 87 143 713 441 300 422 667 584 827 138 90 176 0 60 685 332 361 159 257 620 620 936 609 600 609 471 728 629 922 682 710 883 606 958 318 121 407 455 474 839 593 788 214 101 559 457 457 109 677 847 859 890 277 87 613 883 746 529 760 632 529 134 576 277 190 134 799 213 470 527 601 881 618 689 526 197 854 896 736 925 435 851 307 338 744 206 1005 199 896 609 360 470 114 
565 122 272 80 917 100 580 346 124 296 793 349 786 114 227 88 66 501 389 434 498 160 167 653 510 84 141 212 84 63 0 129 272 356 467 217 601 752 895 754 801 763 266 282 367 331 681 912 885 595 587 695 818 738 632 757 662 373 43 627 839 405 26 347 412 741 809 289 222 582 435 76 501 853 173 548 826 842 671 377 443 799 64 502 427 566 513 895 680 214 140 591 358 636 832 33 740 958 203 973 368 589 91 634 591 406 849 351 78 829 
31 313 512 318 348 928 141 602 498 133 987 739 898 282 42 266 34 819 179 652 22 809 361 556 454 488 818 143 777 683 115 0 237 663 620 831 867 297 150 95 221 810 868 533 219 456 193 758 522 806 713 37 400 348 816 694 909 700 852 602 586 724 676 834 245 14 946 444 643 757 104 964 62 29 651 819 317 407 122 394 868 695 300 904 402 45 380 82 373 409 534 237 665 375 115 285 80 696 512 149 746 954 936 529 42 760 375 926 908 552 
661 542 306 757 674 977 128 929 342 533 96 320 116 412 985 570 984 738 598 52 78 379 959 160 459 913 448 512 991 325 284 235 0 301 870 425 489 84 182 677 140 317 805 849 863 74 710 87 661 53 870 348 871 632 150 590 767 10 175 133 224 918 464 930 707 675 751 316 427 250 271 91 654 780 285 812 572 113 982 935 198 898 883 696 620 365 19 245 395 984 334 372 659 340 906 462 767 144 461 775 360 900 499 557 750 634 788 251 679 751 
641 343 123 412 264 321 492 155 959 666 338 284 859 658 371 272 545 548 703 1000 736 608 977 340 571 551 928 230 782 360 353 678 316 0 45 70 929 862 516 710 782 281 342 463 46 902 908 510 278 75 588 842 373 911 241 146 517 496 48 946 684 347 89 201 5 107 513 600 744 293 43 353 57 274 451 587 657 807 735 614 472 646 134 209 591 204 596 296 11 232 672 821 319 681 157 75 7 328 752 106 880 740 479 137 608 262 1003 265 150 902 
337 529 653 423 845 521 845 218 298 849 547 430 882 829 476 496 658 100 274 444 27 51 347 615 656 718 826 887 984 172 480 603 856 40 0 542 724 441 771 323 364 655 951 301 423 648 785 322 516 498 934 336 165 469 556 640 970 869 215 523 96 951 550 970 162 391 545 187 660 495 988 705 430 538 689 447 305 597 409 15 430 136 166 257 278 890 814 791 932 166 188 675 339 279 849 843 530 291 438 568 912 139 968 322 596 242 624 293 986 126 
539 683 192 83 638 191 364 824 108 221 114 633 918 692 494 497 22 515 520 688 296 642 928 857 41 773 922 770 818 252 213 817 431 74 536 0 496 295 245 117 883 162 66 671 64 151 336 803 493 872 578 161 367 811 334 511 905 676 332 51 851 497 819 429 539 113 839 374 416 846 424 704 767 748 71 760 817 434 977 277 368 603 510 902 430 875 587 713 544 967 435 184 273 246 519 458 268 129 128 554 353 713 567 861 583 782 984 857 429 324 
254 316 802 803 82 793 359 629 636 113 371 703 353 221 994 998 958 935 610 628 686 148 460 583 464 461 181 516 485 613 595 873 493 926 717 494 0 251 55 354 410 591 985 1004 263 778 597 644 886 556 732 288 647 536 597 101 29 852 746 632 995 912 683 969 950 312 373 250 945 30 883 532 788 711 1013 733 559 84 701 861 968 425 772 636 663 107 785 640 155 201 658 900 214 467 235 927 248 455 847 767 732 507 104 369 224 507 141 772 924 532 
91 378 981 393 35 638 55 690 851 800 571 79 637 116 304 534 884 271 188 386 716 599 766 573 105 595 868 629 791 621 740 301 78 876 427 285 263 0 811 863 60 643 845 1003 604 674 934 741 277 568 1002 500 79 872 540 383 235 779 618 660 191 436 265 888 808 532 815 111 64 20 851 96 1002 398 796 719 788 58 278 244 698 547 506 809 451 924 630 561 399 719 267 369 729 800 668 400 611 50 790 625 925 196 1001 93 554 489 359 942 314 314 
785 104 12 820 672 859 397 433 931 898 678 546 963 665 168 375 847 72 602 838 172 722 823 642 604 493 26 440 498 918 889 135 189 523 760 258 62 807 0 384 179 147 669 406 580 721 77 417 146 256 377 985 869 184 132 911 801 296 443 167 472 502 442 141 533 326 996 117 904 156 697 129 98 705 384 54 374 148 548 484 343 16 992 436 19 757 313 467 999 322 320 772 837 836 245 485 892 374 401 915 575 652 778 505 934 950 716 454 649 804 
506 865 158 611 987 460 224 403 288 704 330 773 102 899 195 969 23 105 768 129 1002 154 171 401 367 885 186 447 751 603 756 91 675 716 322 115 358 859 377 0 773 553 194 503 730 636 532 332 625 745 109 596 543 868 921 612 511 936 1002 473 347 156 131 315 612 992 97 162 1007 61 996 300 50 534 925 351 514 230 812 909 601 157 743 546 312 438 28 812 901 917 1002 453 217 620 447 281 239 450 146 1017 916 393 822 232 309 365 579 767 502 767 
38 346 824 817 478 495 506 303 758 830 444 843 317 416 825 846 179 334 602 391 849 112 289 850 580 839 647 299 902 586 806 215 139 767 359 874 417 70 180 765 0 958 782 911 330 549 580 209 153 864 359 200 83 276 65 853 901 923 447 987 437 347 553 76 96 349 867 125 979 296 38 82 72 89 691 422 489 993 138 47 512 296 831 659 359 446 860 584 513 347 107 385 191 258 106 184 315 915 695 711 591 925 64 310 63 367 795 57 955 373 
737 37 41 522 67 818 319 971 343 666 387 696 353 666 1000 559 533 754 853 223 574 914 883 790 506 544 249 709 490 604 752 812 310 293 670 143 605 651 127 537 958 0 299 85 953 122 284 26 300 652 250 1008 36 73 633 72 628 366 473 895 486 830 685 173 459 114 208 861 147 711 730 457 414 756 598 59 576 648 277 587 928 964 878 369 336 665 136 205 159 352 414 254 932 849 345 695 585 844 414 338 393 948 677 541 980 71 931 737 786 609 
473 209 654 921 856 988 659 418 974 188 498 368 214 875 629 954 542 607 776 323 878 162 240 163 322 826 972 286 40 485 255 877 800 335 940 73 979 844 660 209 783 306 0 387 410 921 709 163 264 754 853 231 613 542 104 580 1012 64 141 732 209 720 905 978 120 842 518 942 245 238 537 987 546 974 254 986 102 505 290 851 416 391 559 552 821 904 480 619 467 690 213 217 60 779 164 289 991 594 452 574 167 849 20 368 909 106 234 286 905 121 
996 266 290 899 80 540 889 260 296 258 17 737 691 897 797 275 43 66 199 485 818 268 842 31 119 987 538 544 688 719 285 519 848 466 296 666 1004 984 409 489 895 95 393 0 523 926 808 680 772 832 26 988 367 222 877 748 928 354 881 926 12 691 667 381 94 390 913 789 54 333 435 380 751 429 762 358 442 532 435 298 927 390 819 371 478 991 493 675 652 725 700 114 658 364 338 472 511 229 622 158 394 212 124 247 770 681 836 99 816 253 
376 866 103 357 285 766 231 540 799 933 912 554 64 581 43 342 534 275 593 560 812 966 706 413 844 309 919 25 92 634 366 199 848 46 410 73 255 603 584 714 323 963 413 539 0 597 711 252 145 294 169 224 410 484 123 965 792 921 264 553 861 766 481 588 879 967 982 197 60 888 852 154 411 431 951 323 728 617 587 693 827 12 990 999 304 99 976 332 159 700 193 553 541 845 433 479 9 843 776 767 118 217 131 369 456 952 477 90 535 280 
70 583 823 70 246 427 207 604 811 879 228 831 898 125 220 891 290 923 469 1003 468 767 297 766 540 173 283 274 237 921 329 451 77 902 638 147 759 676 723 634 533 122 919 944 594 0 948 985 306 278 192 280 347 38 457 469 173 96 721 85 993 633 203 474 288 285 735 157 578 867 762 351 475 904 976 970 179 377 852 841 829 383 477 173 557 556 36 706 589 287 851 604 644 427 140 59 280 166 214 477 32 371 1008 606 154 771 864 368 796 444 
57 966 332 183 42 215 290 75 664 918 931 73 645 850 812 331 509 708 33 641 302 682 413 978 532 98 867 94 231 695 676 206 722 911 790 335 608 937 82 548 581 275 714 795 714 949 0 564 430 200 644 559 629 820 968 960 822 227 306 841 792 337 881 96 935 717 635 675 640 155 294 733 620 457 882 824 458 880 826 65 943 421 832 80 723 224 926 498 741 293 256 293 294 357 927 832 604 369 211 691 239 981 137 650 254 906 894 531 829 904 
25 493 306 502 91 553 196 599 15 885 555 333 141 878 357 211 625 429 298 439 57 357 217 212 832 407 818 519 658 698 908 762 101 511 323 799 635 730 427 339 206 21 172 688 254 983 545 0 869 712 524 517 397 160 361 901 702 577 506 26 23 70 584 287 727 713 268 120 14 28 67 464 623 711 321 96 243 195 319 304 724 586 390 554 613 512 117 358 353 565 913 516 941 572 914 17 558 110 337 234 818 153 589 721 756 287 388 448 359 361 
944 30 984 250 920 656 22 71 222 748 560 314 40 576 345 620 588 111 334 659 852 20 217 565 996 948 616 513 830 875 884 527 657 271 512 507 891 292 149 612 166 295 270 778 143 315 433 876 0 488 149 826 193 865 607 955 588 586 399 79 30 475 571 367 819 834 255 142 365 50 825 190 796 116 143 112 839 56 792 798 555 397 724 701 673 753 686 352 313 667 502 227 916 146 697 686 640 890 120 56 630 173 925 461 949 775 896 607 489 429 
579 789 426 897 937 242 880 770 331 274 628 330 799 428 369 943 518 679 788 546 659 1009 380 764 857 536 108 616 1004 603 586 797 53 75 496 863 540 558 256 748 869 644 756 841 306 268 197 711 504 0 900 954 269 591 806 249 144 17 367 873 536 203 893 241 532 530 530 659 444 565 274 558 229 92 916 635 729 513 742 591 171 692 473 145 830 49 134 999 777 788 220 103 719 326 458 984 566 340 1000 343 44 776 154 954 715 522 676 703 950 940 
808 340 285 595 913 450 812 819 791 433 910 974 839 678 732 915 886 993 584 203 169 835 452 868 640 529 282 553 429 945 592 699 859 599 937 567 719 995 366 119 372 236 866 27 162 197 649 542 142 901 0 697 605 193 850 903 933 587 507 373 584 579 330 897 379 445 519 727 340 350 716 922 684 372 663 388 246 294 922 516 109 687 600 586 319 974 817 312 303 330 948 475 822 452 46 506 997 277 357 103 619 585 740 177 324 790 159 176 308 752 
294 593 442 237 725 359 482 857 676 159 31 646 317 72 731 687 751 762 150 315 192 488 350 567 668 180 644 341 546 332 689 26 343 839 342 156 297 517 986 583 209 994 230 973 212 270 553 502 816 958 690 0 989 326 700 249 316 128 157 255 942 536 687 169 586 971 123 583 371 855 917 111 862 311 184 49 896 694 144 221 204 718 674 766 592 183 724 331 343 402 245 908 258 284 11 847 825 766 144 646 77 706 157 246 138 146 581 931 170 982 
1019 526 874 796 454 427 116 268 419 228 706 335 15 1000 709 388 430 623 642 197 28 482 550 631 167 59 997 479 974 125 814 408 876 387 161 368 628 78 860 537 80 54 601 358 403 346 615 401 183 280 613 991 0 430 13 418 160 246 281 392 350 702 276 827 998 589 153 948 184 804 34 913 394 920 712 72 369 587 298 542 356 959 247 548 87 161 514 814 891 942 492 781 489 453 181 832 123 622 59 33 241 8 738 913 672 427 217 322 748 168 
756 149 835 678 416 981 417 69 444 127 919 134 61 902 18 777 259 108 725 632 170 377 828 318 443 735 1000 773 934 391 731 350 634 910 456 822 531 881 187 871 269 74 547 225 487 32 836 161 866 589 195 330 432 0 672 185 1007 353 274 855 269 504 735 828 192 312 702 605 193 831 309 248 721 360 292 819 250 999 755 217 925 672 688 584 222 798 681 821 967 784 592 536 772 949 268 504 846 299 853 680 182 225 696 485 648 628 551 76 459 247 
892 805 715 754 554 798 244 463 913 538 399 689 908 912 724 69 442 178 727 91 771 24 570 242 415 505 83 620 341 458 630 819 146 248 546 323 590 528 135 904 63 621 92 887 127 466 963 364 606 808 847 697 17 671 0 942 142 904 879 836 725 798 472 657 191 870 129 359 82 616 668 897 358 958 896 590 88 459 839 198 587 867 268 825 1008 542 62 978 748 579 532 541 936 796 468 410 400 654 1009 644 228 652 323 617 621 74 475 92 631 959 
899 282 426 147 529 955 863 606 726 358 522 781 765 965 575 210 891 108 579 670 877 382 530 82 934 45 935 644 154 477 744 680 594 137 624 519 91 385 917 600 848 82 580 731 982 482 955 903 959 247 902 247 429 195 948 0 252 362 377 501 595 324 782 521 555 863 574 84 46 37 457 71 475 592 260 3 577 451 77 249 547 688 498 85 304 337 779 129 60 343 353 232 620 993 902 305 611 942 949 262 987 653 988 95 77 247 261 696 21 619 
358 188 187 409 865 750 131 295 397 812 948 557 780 313 214 555 831 739 400 829 98 904 607 24 694 788 594 513 311 853 657 906 764 516 978 905 18 217 808 500 893 623 1004 939 787 170 814 704 594 136 929 323 150 1013 134 239 0 372 51 724 645 366 836 661 896 970 405 811 743 95 863 830 544 540 893 671 261 795 549 375 816 121 944 628 252 144 315 981 206 519 136 413 786 318 842 703 364 813 399 760 448 278 992 586 964 511 149 729 889 207 
833 742 81 300 848 482 33 449 896 311 221 718 737 198 30 938 826 10 844 480 647 474 508 673 712 211 628 478 89 595 382 704 8 503 874 674 843 783 288 936 917 366 80 365 911 97 208 574 571 26 597 125 249 337 893 360 376 0 894 622 662 212 396 1004 198 36 735 644 602 810 118 28 977 621 877 554 981 195 407 845 575 375 787 229 349 873 188 767 430 21 170 724 856 1003 36 17 947 511 959 103 342 319 301 867 44 601 539 913 306 358 
306 489 553 536 938 930 907 59 459 17 868 475 465 644 204 541 757 627 86 840 107 805 581 564 158 885 642 222 366 796 42 834 176 53 212 322 753 631 441 1004 451 478 132 883 251 706 306 512 392 370 497 160 284 270 874 388 58 888 0 602 884 215 641 360 331 16 494 124 191 712 974 410 954 964 303 429 429 816 170 261 952 134 753 924 25 231 844 238 128 855 438 974 579 29 531 604 640 961 296 859 361 838 413 230 996 131 695 758 884 696 
398 321 258 120 935 516 321 49 420 828 167 328 982 523 769 329 571 869 628 582 26 354 976 56 972 785 874 475 812 234 642 598 129 956 525 48 629 672 175 473 991 893 725 919 555 84 831 26 79 881 373 259 385 852 835 510 721 618 608 0 763 491 422 494 894 410 739 134 940 733 178 1002 516 519 690 571 42 31 416 288 909 826 391 620 210 396 136 949 842 728 12 242 208 736 928 750 87 717 350 857 474 331 965 525 446 109 618 247 464 706 
166 517 115 132 805 177 595 769 884 501 199 903 245 45 406 257 33 510 922 846 761 498 575 439 537 588 765 237 802 98 832 589 243 670 93 856 998 177 468 360 445 491 213 24 862 1006 792 15 49 535 590 936 348 272 722 595 658 651 882 761 0 554 567 925 94 851 822 197 441 790 111 176 421 623 733 93 121 70 635 133 105 73 412 609 507 52 926 117 319 408 609 507 322 816 578 868 837 429 949 966 20 221 443 132 858 400 934 461 559 665 
218 954 938 721 915 421 827 329 346 912 596 810 515 637 650 462 946 254 955 333 769 944 820 109 906 392 72 422 327 570 408 733 908 338 952 501 897 437 508 169 339 836 717 678 776 630 334 73 481 205 583 546 721 497 797 310 360 212 220 488 534 0 909 787 372 742 643 533 629 314 661 800 60 294 345 749 160 959 410 73 474 585 350 145 424 360 750 258 184 266 772 584 888 417 968 136 206 72 945 1012 381 642 994 43 257 986 869 987 287 968 
925 460 637 269 473 327 64 494 289 843 461 340 565 481 392 13 161 918 380 434 463 642 857 380 167 799 1009 979 16 465 35 690 462 105 559 830 667 255 431 148 565 686 903 677 469 200 883 603 578 905 344 685 261 719 482 784 840 392 641 413 566 915 0 866 958 638 522 217 593 460 1010 158 176 688 232 373 173 739 726 712 868 768 735 281 198 479 784 207 141 208 131 161 674 554 94 917 115 285 21 805 710 347 701 332 597 754 733 785 617 281 
588 273 244 80 171 182 329 713 102 281 255 705 58 172 43 117 850 459 102 596 479 365 181 49 633 297 554 647 611 438 346 833 939 200 965 423 969 900 140 300 75 163 973 391 593 481 95 287 362 249 891 178 833 820 641 513 665 998 357 476 923 783 856 0 193 868 130 617 698 901 142 1001 875 645 820 242 392 613 784 895 538 690 471 362 384 279 776 521 90 601 349 914 936 253 613 644 82 103 800 609 995 409 745 318 273 943 572 451 38 62 
721 806 146 956 456 453 553 197 947 734 857 226 91 76 867 259 219 258 825 374 191 33 55 806 610 538 248 942 677 113 424 241 697 7 168 533 951 799 524 599 88 462 118 95 882 292 951 727 820 525 359 594 990 194 194 570 902 203 348 897 96 373 948 205 0 444 940 155 945 696 186 289 602 6 197 851 464 685 20 824 356 896 623 512 856 883 101 259 430 90 225 490 816 478 536 676 894 786 347 637 620 850 439 559 118 156 664 39 906 106 
257 733 467 669 447 639 967 301 67 454 409 465 702 957 578 878 574 720 642 645 533 64 379 82 378 712 428 319 537 666 741 26 691 102 392 102 319 523 317 1008 341 117 849 389 967 293 712 721 854 539 460 961 587 327 885 860 981 27 30 400 859 754 643 862 443 0 724 526 391 396 932 958 376 411 37 522 649 134 131 634 425 895 240 498 765 83 978 12 413 109 730 615 930 71 395 920 176 700 350 467 652 53 122 844 796 52 363 466 214 293 
191 187 818 386 333 733 292 131 830 432 322 759 482 875 648 511 61 208 376 249 573 778 511 251 507 37 826 899 421 845 800 959 760 523 550 854 374 815 998 116 855 204 509 918 998 734 629 262 256 532 535 123 165 700 124 585 403 745 492 732 827 649 530 139 946 720 0 290 791 75 154 954 690 5 655 973 212 405 525 735 778 767 197 734 451 667 726 126 1017 278 881 972 769 533 61 726 70 282 1000 32 414 168 631 123 302 389 267 1004 481 895 
945 721 344 227 350 958 89 684 631 835 839 348 256 836 531 845 886 543 306 146 937 458 478 119 471 764 751 891 641 859 289 437 302 605 183 378 253 118 118 178 125 852 950 800 184 146 660 116 145 671 728 579 953 597 362 79 808 633 132 138 184 547 230 615 146 529 292 0 1003 313 414 650 818 309 954 953 733 980 169 150 24 942 459 895 743 318 603 262 795 341 375 245 743 449 439 522 62 21 527 403 968 580 884 545 581 573 276 525 524 463 
642 911 140 978 629 770 390 865 808 65 306 330 1011 694 605 551 1000 750 604 521 987 118 467 943 714 272 806 761 112 892 222 634 444 752 654 409 938 65 915 1013 988 139 233 41 75 580 659 14 348 435 343 360 182 189 89 43 744 587 206 935 440 640 611 697 947 385 787 1004 0 774 531 827 817 886 885 718 320 32 460 614 943 437 358 524 203 999 403 940 80 865 974 254 786 657 1000 88 606 676 160 751 291 739 213 928 303 704 269 375 458 96 
802 746 411 128 409 367 306 549 205 232 155 777 988 76 160 924 168 716 795 555 871 733 869 68 104 388 364 346 162 289 583 752 258 298 480 843 25 4 141 52 295 704 238 347 880 867 164 16 42 560 352 841 801 833 613 53 90 801 699 746 792 319 465 894 692 396 64 310 759 0 794 284 219 617 408 638 532 167 161 458 30 170 247 380 331 260 164 350 471 247 154 188 572 434 316 444 899 459 864 295 834 671 380 197 345 164 950 101 121 169 
838 243 794 581 516 475 384 359 699 102 630 638 856 105 914 289 249 701 9 275 580 28 53 858 305 58 612 142 554 75 430 120 276 42 995 418 876 870 701 1008 34 738 533 438 846 744 296 67 822 259 717 924 28 306 667 449 854 112 980 193 121 671 1011 143 170 932 149 411 538 789 0 199 769 941 174 214 402 719 847 607 395 781 533 779 662 469 701 230 386 198 341 953 224 72 391 471 200 85 655 63 121 298 583 382 598 202 963 626 201 361 
154 207 622 932 422 989 93 301 687 458 97 999 815 585 907 627 975 65 705 183 532 730 343 238 456 573 39 569 191 607 81 969 101 342 713 710 527 104 131 298 94 456 987 380 148 346 725 467 199 558 921 108 909 246 908 65 823 17 393 999 181 792 140 996 280 954 959 662 833 295 204 0 294 512 179 985 957 680 36 984 405 700 920 10 339 688 662 951 40 408 76 123 726 200 510 34 712 925 644 615 27 639 924 231 360 591 972 522 783 380 
49 258 529 782 329 107 707 835 706 1006 42 524 568 383 794 619 273 193 886 1003 884 1017 887 46 827 640 608 990 597 872 489 56 649 70 429 766 792 1006 100 50 68 415 552 748 417 477 624 626 798 232 685 873 383 723 355 483 548 972 959 515 425 69 167 877 605 375 691 818 814 206 764 290 0 802 976 452 42 896 336 496 61 948 963 734 692 928 233 745 38 888 55 981 740 515 917 928 260 9 456 442 137 590 143 969 812 359 422 973 462 598 
994 138 886 296 917 924 626 471 387 256 342 127 482 492 288 148 567 673 819 152 967 78 406 308 942 311 117 890 959 755 845 32 777 268 543 749 720 403 700 536 108 766 978 435 427 920 441 712 115 105 375 311 924 357 963 589 530 620 972 522 626 289 694 644 11 408 16 305 897 626 939 501 801 0 895 287 83 289 78 214 585 630 900 64 618 443 653 83 456 763 497 395 866 553 326 650 175 715 812 588 439 358 550 143 878 534 843 994 148 338 
795 821 564 674 745 335 277 198 181 616 307 247 636 345 267 896 811 187 651 450 224 616 291 788 451 480 646 781 531 534 175 644 291 457 684 66 1008 790 390 923 709 589 248 758 947 973 878 338 138 908 651 201 699 300 899 272 898 867 294 699 727 336 241 820 201 24 658 951 890 408 167 178 972 888 0 323 546 448 245 621 209 896 661 545 934 473 421 28 292 773 920 801 83 160 376 417 907 946 204 451 503 984 540 216 710 54 505 439 373 285 
644 104 872 511 438 231 301 593 50 259 216 926 599 421 409 676 884 57 584 340 566 914 290 339 477 569 783 184 99 768 539 823 811 587 446 755 734 715 68 344 420 70 997 358 338 964 812 87 111 649 387 49 62 815 586 15 670 564 422 573 97 747 382 241 849 527 984 954 720 635 224 985 463 280 340 0 1007 1002 996 746 195 748 908 597 526 640 648 866 344 639 963 828 513 18 661 773 284 802 350 19 57 396 455 288 756 49 759 344 634 241 
398 389 347 328 454 754 1001 918 835 461 246 792 669 626 324 429 853 894 119 648 200 441 861 907 397 726 491 652 349 619 828 324 568 653 314 812 562 778 377 500 486 564 95 444 722 173 458 246 826 736 252 891 358 244 75 574 243 988 431 40 115 165 164 401 470 651 201 746 323 524 404 947 35 64 556 993 0 580 943 45 587 872 456 698 508 985 343 1012 764 764 972 118 689 101 615 870 419 638 168 828 766 79 744 148 67 922 753 332 556 892 
884 574 396 509 169 259 283 848 893 784 213 776 419 225 334 173 332 109 1003 476 753 533 759 432 84 160 117 292 467 520 848 419 112 807 608 443 86 58 155 215 982 651 501 518 618 374 891 197 58 515 290 680 592 1015 441 448 797 193 812 22 70 952 738 628 689 129 395 974 30 179 714 671 902 270 442 999 582 0 799 842 715 950 1008 526 581 264 135 769 142 795 878 979 221 412 104 729 943 580 835 561 614 58 714 850 963 664 906 47 556 678 
888 387 812 583 568 117 552 71 966 350 452 896 437 671 842 509 400 64 133 415 509 862 205 21 81 379 549 458 648 134 670 121 973 726 398 973 705 277 548 795 145 268 287 437 595 844 830 303 794 753 926 134 294 753 826 91 557 401 157 403 627 409 737 784 29 132 528 166 452 155 838 45 343 92 231 1009 938 789 0 714 943 60 341 80 339 74 208 330 572 752 570 752 719 982 896 1000 489 492 916 176 717 278 639 883 349 301 229 820 189 416 
1011 155 934 44 673 444 112 307 661 344 724 175 960 224 965 906 757 13 929 25 697 912 20 746 654 842 643 143 689 564 374 396 923 614 35 285 862 231 468 924 52 582 836 295 695 847 67 301 792 593 518 215 553 209 195 244 366 846 265 299 134 73 700 906 828 634 744 159 620 474 590 982 495 216 607 748 42 827 726 0 374 50 802 374 909 720 594 540 928 750 420 678 672 518 54 86 217 326 833 290 946 270 363 787 852 125 731 63 944 356 
207 739 1007 315 678 200 726 699 923 37 743 772 685 159 550 829 779 148 160 713 504 605 950 876 177 155 667 276 94 279 439 873 187 479 435 371 954 688 341 616 508 931 401 929 829 837 943 736 547 171 91 198 354 927 590 547 815 557 951 905 113 474 872 538 340 434 792 14 941 36 387 400 62 587 211 202 593 728 962 358 0 549 635 750 864 832 588 87 434 397 917 524 613 717 470 815 611 329 325 145 961 525 705 458 1003 705 486 613 69 45 
408 591 920 840 310 462 675 832 165 875 63 226 827 299 293 631 197 488 627 970 312 230 488 601 568 673 319 91 864 196 801 688 895 658 148 597 428 548 8 159 290 968 393 401 14 398 426 582 391 700 673 720 961 667 864 688 132 376 132 835 66 587 761 696 893 908 767 946 429 159 785 711 954 629 912 763 869 943 46 42 544 0 642 653 686 692 619 489 958 884 593 683 496 876 576 702 557 26 547 202 463 766 297 136 993 485 900 417 418 260 
821 584 891 81 964 205 735 67 684 70 418 669 370 1007 821 539 609 570 591 952 300 593 813 946 422 215 731 429 221 147 58 309 891 133 160 512 754 491 981 743 835 883 574 832 975 476 836 389 721 475 613 675 253 703 274 517 947 798 755 383 416 356 726 474 625 224 197 453 356 252 537 937 966 915 664 908 440 992 332 809 619 638 0 590 150 653 551 871 764 597 405 493 712 383 619 993 610 917 571 950 998 382 282 910 755 110 475 459 330 613 
51 811 370 323 50 545 796 214 66 122 692 830 673 70 369 944 709 749 638 672 537 345 580 167 644 410 268 158 848 788 484 910 690 222 260 913 639 812 447 533 654 367 551 356 1018 158 64 565 693 145 578 772 541 582 823 85 630 220 932 632 611 163 288 370 514 492 728 907 514 394 780 14 738 56 553 590 709 535 81 392 748 647 586 0 779 704 182 834 476 639 332 161 33 520 703 376 269 87 438 351 713 636 5 929 63 21 185 590 823 850 
787 994 851 993 914 822 842 1003 898 95 183 238 31 414 631 856 894 934 889 362 735 695 802 770 45 649 845 811 1003 211 425 393 608 589 277 425 647 432 13 302 365 354 812 482 291 568 726 628 662 825 302 611 91 208 1015 297 254 340 24 198 511 434 215 390 847 759 437 738 210 320 678 341 705 604 938 540 501 587 337 904 867 699 163 788 0 593 830 244 126 443 677 855 43 575 328 333 1004 822 512 342 696 541 594 757 114 606 826 529 553 965 
35 906 48 794 402 373 922 337 620 615 516 523 723 489 631 969 961 733 18 988 594 670 614 339 649 475 660 344 677 477 570 32 379 187 900 870 114 931 766 440 439 665 899 996 92 571 226 511 755 46 981 174 166 788 524 331 132 874 232 392 56 366 487 274 881 83 671 312 1003 268 461 691 918 449 453 652 999 262 77 728 834 682 651 697 593 0 880 70 144 535 572 488 566 782 147 849 604 784 340 540 571 159 403 158 851 133 233 589 218 104 
449 536 324 567 269 124 682 811 635 491 258 439 184 414 869 903 855 783 727 508 601 702 351 595 821 231 798 843 246 530 500 382 21 605 820 588 786 629 307 33 867 138 479 498 971 43 927 105 687 117 815 718 517 688 51 792 326 190 841 136 936 756 775 782 110 989 729 601 400 166 689 663 220 649 425 654 358 139 203 594 577 614 542 191 831 868 0 79 667 160 617 121 578 759 669 699 382 22 324 677 202 169 462 1000 57 1005 367 384 198 582 
491 727 228 829 378 124 24 467 419 259 144 634 214 143 338 371 632 103 394 934 582 569 94 65 56 190 876 916 966 583 893 87 247 291 801 715 622 565 463 810 587 204 625 673 329 704 489 352 355 995 309 326 798 826 964 133 985 763 239 951 112 239 212 517 252 26 119 251 944 352 241 949 726 83 31 860 1013 768 328 541 90 497 876 844 249 66 88 0 402 349 282 612 632 611 711 873 84 532 264 531 39 132 360 25 25 916 761 131 943 29 
394 168 470 594 289 635 575 323 204 77 453 774 604 198 283 599 265 64 204 882 466 973 637 105 545 255 652 332 1013 876 671 364 398 2 944 560 154 400 989 893 502 148 475 664 150 601 743 344 308 780 316 333 909 962 747 63 218 436 141 844 322 193 157 102 426 417 1019 784 86 458 371 32 39 449 292 347 773 150 592 911 444 954 775 483 124 154 662 387 0 854 630 70 450 408 221 275 46 946 921 959 477 147 562 801 928 425 201 370 391 708 
481 970 649 406 532 536 891 994 291 928 51 314 946 411 542 529 472 826 320 262 176 828 458 339 847 750 253 518 352 610 204 406 988 229 166 965 209 723 330 920 356 366 700 728 702 286 278 546 674 773 345 411 925 775 564 335 516 17 866 730 409 262 212 591 84 111 281 337 867 241 193 425 887 753 775 641 757 805 754 742 383 888 608 632 444 546 150 340 859 0 106 506 230 104 60 673 501 680 293 437 486 494 70 911 433 61 558 542 408 837 
547 659 594 958 797 604 743 936 215 153 509 658 505 288 48 167 808 494 215 249 97 611 482 811 520 717 649 776 646 671 155 537 329 674 180 453 660 275 327 1016 104 417 227 710 200 840 248 905 493 231 936 257 487 601 543 346 147 165 439 7 621 765 125 342 238 716 894 361 960 156 337 65 52 486 904 965 959 867 570 423 906 600 420 323 682 563 617 293 624 115 0 866 520 689 54 903 691 102 346 937 573 177 299 55 670 139 632 32 406 828 
262 403 32 419 708 228 661 690 943 383 976 1002 207 167 244 455 594 488 732 914 961 707 236 138 707 768 63 825 297 529 593 251 368 820 685 170 911 368 776 470 374 251 213 94 559 609 275 529 211 103 487 888 787 534 527 236 422 722 980 253 495 589 153 905 488 622 982 259 263 186 968 136 979 390 804 822 134 990 745 689 531 688 490 147 851 481 114 609 66 501 861 0 93 198 644 735 667 56 659 711 32 521 905 573 787 172 132 109 752 406 
647 178 35 812 611 771 371 150 351 917 630 201 909 512 765 971 40 768 982 509 713 866 999 791 744 334 621 286 1018 198 349 665 659 339 334 280 212 720 842 209 207 925 63 654 552 643 281 929 905 731 821 240 496 772 932 612 795 840 579 200 320 874 672 946 818 938 760 736 786 575 230 718 742 868 67 529 699 218 702 665 605 513 716 13 49 574 574 615 441 234 517 75 0 415 73 187 24 1012 339 760 43 122 626 559 252 769 406 837 870 10 
988 524 305 119 461 845 356 719 825 955 48 454 541 878 712 733 447 65 999 787 268 42 685 438 561 974 865 323 888 855 641 366 357 682 292 249 479 791 831 612 240 835 782 355 845 418 350 560 140 317 466 292 451 938 796 1002 322 998 22 737 814 435 558 267 488 68 542 443 648 427 82 210 512 549 160 20 106 412 988 515 724 875 385 526 586 789 759 604 409 105 680 183 409 0 806 902 753 178 877 523 447 213 579 445 727 736 739 421 787 728 
103 201 331 242 355 164 981 279 817 305 151 304 55 952 775 450 339 470 475 356 716 10 339 627 950 842 255 158 961 897 825 105 916 151 850 535 228 658 231 445 111 342 155 354 440 159 915 923 696 458 46 4 184 265 462 904 843 32 535 930 578 959 94 618 522 395 68 432 992 307 373 495 909 337 364 670 620 98 900 70 469 571 609 699 323 145 661 709 211 52 59 650 53 815 0 1001 261 310 324 834 551 610 593 588 115 291 580 508 227 689 
137 670 905 201 318 230 323 931 537 162 438 344 933 257 49 974 681 882 669 1000 59 547 536 168 165 72 148 41 197 724 37 284 459 64 844 457 929 420 496 279 201 709 304 479 481 63 835 17 688 977 503 867 821 523 408 297 699 20 601 756 863 135 935 662 661 909 733 514 98 446 459 50 927 644 423 780 864 729 999 74 823 696 1005 384 334 854 710 879 265 670 914 739 181 914 1003 0 846 90 75 17 1007 930 465 789 713 43 164 117 863 242 
205 218 893 862 536 946 443 392 819 978 452 249 295 846 172 79 340 853 951 342 213 885 41 608 473 923 587 747 321 921 740 74 762 23 539 265 252 597 874 248 327 590 994 520 10 274 600 557 645 560 990 826 131 849 418 612 346 942 643 101 838 196 114 81 906 157 69 62 606 904 209 698 262 187 899 286 434 949 490 230 616 541 601 271 997 616 377 92 42 504 680 662 25 767 274 849 0 981 722 839 456 828 390 775 225 425 274 921 734 826 
803 454 997 961 330 644 323 757 91 970 506 297 612 890 882 876 168 976 435 135 33 401 951 997 956 166 484 407 609 426 969 705 137 328 287 127 461 52 360 446 918 843 581 231 831 154 385 111 888 335 263 755 632 281 642 941 806 518 950 726 420 63 285 101 790 700 285 26 659 462 84 910 26 708 944 795 639 591 485 310 320 32 928 102 818 782 10 538 941 681 105 50 1013 172 315 97 975 0 836 679 877 892 276 520 867 567 36 668 772 359 
882 948 572 912 996 308 200 304 501 621 52 543 311 236 500 36 77 259 438 729 788 858 694 305 40 754 348 472 950 842 203 511 471 736 444 129 848 790 409 157 704 416 448 616 790 212 206 324 123 1005 353 141 67 836 1008 951 415 964 282 362 936 939 27 795 333 345 1007 540 164 876 658 654 444 816 220 348 172 834 917 833 331 557 561 436 522 344 311 255 923 276 337 666 336 880 325 90 723 848 0 511 100 750 514 284 500 858 725 560 98 767 
352 443 960 561 94 201 305 58 508 366 986 367 338 999 957 978 916 413 972 585 299 686 819 126 99 764 301 725 705 305 974 135 786 105 564 561 780 631 908 1015 713 339 570 141 774 478 685 243 45 330 103 627 34 690 652 266 766 101 853 862 982 1008 796 603 629 465 35 405 745 305 71 624 452 581 459 19 820 566 182 303 148 202 944 344 335 537 671 514 954 442 938 701 744 542 848 26 848 686 518 0 463 868 40 465 446 927 268 501 733 889 
805 18 471 278 92 666 606 933 14 521 848 659 999 304 889 780 930 915 798 140 625 649 998 293 165 868 444 960 735 340 370 742 356 880 898 345 741 918 566 920 602 384 159 397 113 23 231 809 620 51 619 72 248 178 240 986 451 337 362 486 25 370 696 979 625 668 416 978 283 818 110 32 141 427 510 55 772 620 704 956 967 459 983 718 688 580 205 40 474 491 566 29 36 454 566 1003 465 869 101 448 0 557 296 773 767 548 236 57 770 411 
310 576 819 114 778 541 369 107 934 618 102 858 774 66 331 267 334 605 856 679 759 847 845 727 992 488 422 994 196 743 573 960 900 738 144 701 515 183 666 377 925 960 836 214 200 377 975 151 181 773 581 701 9 209 652 664 284 320 853 326 209 631 343 418 841 68 168 581 736 683 311 643 584 368 971 398 80 46 274 259 515 781 390 630 545 153 166 131 141 488 163 531 121 223 604 921 815 887 757 870 562 0 808 695 140 88 200 827 67 394 
713 325 855 874 387 755 172 992 436 730 846 342 893 760 921 665 554 477 947 365 82 347 338 515 356 537 724 154 738 219 96 925 505 478 978 571 93 1007 779 813 61 676 13 121 136 1012 137 588 919 167 732 151 755 701 328 998 988 303 427 982 430 991 689 738 452 123 642 884 231 386 587 918 147 541 532 449 744 696 629 351 712 284 282 6 583 416 466 368 570 75 284 899 623 580 581 472 395 282 509 33 304 804 0 654 992 929 458 10 600 605 
615 214 694 516 133 712 356 459 17 703 784 94 87 516 365 132 592 486 406 956 640 744 545 92 493 130 54 634 208 996 638 529 551 125 329 868 368 83 515 227 297 533 371 248 361 596 652 740 450 964 183 241 899 479 610 87 591 864 235 531 135 44 342 315 555 830 119 550 929 201 380 230 972 156 215 295 158 843 875 792 470 134 897 923 750 152 1000 26 800 925 49 572 545 440 576 779 759 526 293 460 784 709 657 0 184 825 184 819 353 799 
427 191 783 972 96 150 656 992 64 599 845 656 586 622 800 518 638 953 724 953 653 389 852 700 103 183 110 901 144 185 590 47 750 608 612 571 228 551 931 315 71 984 924 761 470 152 236 755 951 718 311 142 673 649 615 74 944 46 1004 448 863 251 601 266 129 788 303 588 301 339 607 361 821 873 712 752 61 965 363 861 1000 995 767 79 109 862 59 30 918 435 658 778 254 723 112 702 223 852 498 443 766 133 999 188 0 635 796 135 670 387 
929 86 363 991 914 269 421 913 630 153 783 646 451 154 837 128 805 36 254 886 60 114 284 732 805 590 364 506 863 886 403 768 645 265 244 774 506 494 954 360 374 76 94 670 945 777 901 283 770 535 797 149 432 643 67 254 518 611 143 103 403 996 757 929 154 57 384 575 695 153 195 610 365 529 47 49 932 670 319 125 706 488 109 9 586 142 994 906 432 65 156 172 780 743 298 44 432 554 861 915 560 96 923 824 628 0 928 235 290 813 
624 810 837 897 40 818 69 992 710 885 556 193 926 396 417 410 944 703 87 285 898 609 799 898 626 127 665 874 251 611 847 373 804 983 637 989 128 356 726 583 807 945 254 822 484 874 899 373 895 675 167 596 228 555 482 266 149 535 707 617 939 870 742 579 661 362 265 288 263 941 951 974 432 846 503 762 747 912 232 724 483 916 473 168 845 235 369 763 209 562 629 131 400 738 571 164 271 26 718 267 223 220 453 183 802 929 0 815 264 349 
486 946 448 45 494 529 225 628 703 738 676 213 549 701 950 372 548 214 482 60 218 483 131 249 923 407 378 296 307 352 359 930 271 278 286 846 775 943 447 774 46 745 277 100 89 379 524 454 590 694 167 933 319 83 94 708 735 910 750 238 451 989 766 439 30 461 1012 524 371 95 631 522 962 979 443 355 330 43 820 74 608 421 458 593 524 583 371 127 369 543 30 114 835 437 517 117 913 675 571 492 48 820 18 809 125 230 816 0 476 412 
187 113 535 851 324 364 395 562 585 604 944 19 77 809 200 543 440 447 564 260 679 558 43 828 407 641 535 861 872 470 71 891 675 163 973 443 920 296 667 499 954 777 908 823 537 786 824 358 504 956 309 162 740 463 625 37 898 306 886 466 565 296 614 43 921 223 498 520 465 113 199 778 457 151 368 642 558 560 200 938 65 426 330 820 563 233 198 939 391 409 397 752 856 798 225 849 747 759 95 742 778 74 596 338 682 278 268 464 0 314 
379 392 657 890 740 550 246 980 226 158 761 198 757 736 46 82 754 681 247 225 40 758 867 198 208 823 144 780 481 123 820 564 758 894 120 331 518 308 814 779 369 602 125 260 281 436 910 348 420 941 753 991 178 240 944 619 208 338 699 715 674 955 286 44 105 291 890 463 92 175 362 378 599 353 287 240 901 688 421 352 62 260 617 852 961 108 587 43 695 849 842 400 21 716 686 246 813 351 764 881 408 389 600 789 395 810 339 404 313 0 

Depot information
1
1
1
1
1
1
1
1
1
1

Customer information
1
1
1
1
1
1
1
1
1
1
1
1
1
1
1
1
1
1
1
1
1
1
1
1
1
1
1
1
1
1
1
1
1
1
1
1
1
1
1
1
1
1
1
1
1
1
1
1
1
1
1
1
1
1
1
1
1
1
1
1
1
1
1
1
1
1
1
1
1
1
1
1
1
1
1
1
1
1
1
1
1
1
1
1
1
1
1
1
1
1
1
1
1
1
1
1
1
1
1
1
