Seed 123 - Instance: n100m10_1
n 100
m 10
Q 9999
L 6
U 15

0 873 92 384 386 654 968 140 259 952 29 825 98 279 373 10 587 138 215 715 1014 367 372 951 92 207 928 649 689 391 279 777 320 706 965 415 526 527 545 973 275 1003 826 155 853 967 968 78 831 84 319 595 1001 244 158 995 288 899 809 788 443 141 439 44 669 306 957 724 473 913 855 825 917 617 534 382 394 760 114 315 559 925 412 885 192 877 713 906 946 942 828 443 794 553 907 167 742 308 835 82 363 204 331 469 595 142 351 607 289 645 
859 0 377 683 214 848 196 677 334 915 990 914 985 846 664 821 719 827 1016 430 294 880 120 522 243 454 417 957 407 96 578 273 679 531 843 317 425 15 736 655 584 519 609 458 894 486 402 647 984 201 461 483 605 318 882 649 441 871 278 785 871 391 257 212 450 957 873 642 161 613 706 698 853 944 582 578 344 201 820 967 434 282 557 776 841 193 70 235 271 372 235 263 613 256 66 394 20 165 704 476 915 87 786 293 899 586 482 641 315 316 
94 381 0 256 399 408 475 191 54 267 347 895 491 830 256 525 678 457 755 16 665 670 798 686 988 264 539 762 528 138 971 735 156 838 477 277 893 750 658 377 28 113 50 244 56 207 597 1013 262 217 73 849 156 24 729 617 159 318 384 376 524 539 834 72 301 456 63 567 243 631 439 313 331 586 314 543 980 459 400 165 313 629 1002 137 368 603 903 556 165 800 745 520 910 118 901 649 208 118 88 290 50 342 277 947 141 772 291 921 935 944 
403 681 260 0 987 591 411 87 110 678 974 147 916 832 753 440 530 282 372 670 744 844 43 208 458 888 640 74 810 222 728 866 675 684 392 337 634 83 266 423 832 696 624 605 800 646 931 495 964 174 357 410 799 175 843 308 316 97 271 562 138 306 775 158 493 77 602 611 603 781 290 458 63 119 40 189 638 520 670 566 94 55 139 405 165 522 860 896 58 851 487 868 963 415 64 902 440 635 256 618 258 660 872 363 1001 380 369 620 600 571 
376 216 399 975 0 777 5 705 67 640 899 283 971 552 429 333 186 31 62 137 718 973 867 274 927 940 32 886 314 40 35 563 774 811 838 801 700 472 739 658 858 907 969 57 318 320 543 859 853 184 274 487 957 159 224 199 612 885 176 154 376 548 72 542 682 677 1000 505 376 578 552 85 450 867 220 71 364 171 154 404 158 367 410 555 669 460 700 360 749 878 232 445 816 637 721 268 510 586 58 224 613 939 911 241 940 279 457 813 30 308 
669 853 417 594 764 0 1012 275 353 580 320 225 716 986 420 507 513 258 389 872 966 718 1005 233 483 852 762 751 979 802 358 309 61 793 761 984 277 636 128 130 916 993 959 666 542 365 390 146 716 600 734 859 258 802 528 295 556 119 975 572 344 193 404 697 371 867 929 37 469 67 983 248 814 296 529 458 177 735 986 431 647 508 722 572 585 962 939 457 860 66 35 642 768 820 1012 106 257 800 317 838 121 487 436 532 703 840 979 479 197 696 
965 214 468 409 11 1017 0 176 239 675 515 102 192 126 133 9 177 595 81 633 793 207 778 530 175 349 155 268 688 68 606 838 881 211 927 952 276 999 823 730 351 230 245 601 750 696 447 169 584 147 328 187 783 524 783 473 804 534 472 914 43 977 568 54 593 29 816 415 419 555 482 464 257 236 898 237 776 791 32 762 440 74 219 278 559 454 967 627 837 600 277 598 604 778 581 105 380 999 8 820 827 503 74 609 314 422 1000 515 267 530 
150 674 198 101 705 271 170 0 537 673 204 135 586 629 114 181 256 1003 317 913 575 485 788 518 275 477 596 685 181 839 849 964 727 329 388 882 771 155 807 295 737 382 74 578 614 420 977 521 980 539 976 445 303 877 976 463 589 315 647 438 579 854 423 134 777 46 5 24 71 275 82 181 917 182 77 957 1008 1009 494 403 365 390 874 105 778 973 697 352 800 102 302 73 840 849 364 91 876 463 534 465 910 744 675 374 351 774 776 58 637 465 
271 331 58 100 52 348 221 540 0 888 642 633 632 517 340 333 677 298 73 798 979 605 831 648 544 651 175 66 876 299 565 864 728 568 731 256 307 840 638 695 605 156 775 658 815 279 306 676 878 129 159 29 799 764 601 884 676 548 310 722 36 939 296 32 326 592 175 892 90 29 819 329 741 861 556 216 589 559 962 448 488 450 105 381 404 332 471 655 675 673 252 22 556 390 649 953 673 383 682 874 960 524 805 494 689 571 118 756 18 823 
945 929 278 680 625 566 662 683 873 0 107 336 274 557 808 729 367 276 811 266 736 830 734 935 366 50 678 887 195 721 42 774 886 212 508 551 985 224 805 980 782 794 594 99 897 222 437 428 564 207 93 390 170 731 681 619 694 504 177 680 111 539 679 943 120 341 116 951 56 899 722 927 584 272 967 118 823 448 919 412 795 150 521 315 187 517 487 836 114 617 630 939 804 401 987 359 463 234 568 598 486 109 853 667 451 388 885 507 659 112 
27 978 335 969 889 306 522 199 641 114 0 924 517 104 53 898 90 220 695 742 90 55 858 15 678 46 160 144 767 625 457 176 942 362 669 297 741 351 399 1011 9 730 651 319 86 441 615 971 444 216 243 458 399 751 189 355 220 500 42 700 269 588 201 388 27 829 88 65 739 186 557 201 321 841 103 469 443 493 826 944 671 811 18 258 526 438 447 266 260 746 532 728 739 948 817 793 841 718 376 1006 751 881 249 511 666 654 697 24 888 120 
811 926 901 144 295 215 106 124 618 331 908 0 724 666 820 678 890 469 680 433 373 12 470 461 108 808 922 87 694 214 962 593 632 904 553 1003 832 341 676 972 601 753 828 704 778 23 758 411 170 497 90 458 274 180 735 612 687 513 702 728 506 469 404 691 46 875 805 457 301 661 312 832 760 859 852 135 11 789 362 578 717 265 172 191 106 314 61 967 399 963 311 265 242 455 511 984 822 680 660 804 810 439 902 581 538 729 555 312 319 52 
105 996 488 921 968 701 192 595 625 277 508 725 0 233 595 636 141 823 942 368 732 977 934 274 645 366 67 148 372 790 1013 791 94 998 339 592 632 32 689 131 628 544 44 953 770 312 422 860 620 424 630 318 649 399 372 257 294 65 317 127 645 899 399 99 540 468 784 218 1004 994 578 170 365 679 240 146 918 635 6 473 428 431 355 469 583 869 282 746 857 528 829 884 975 391 925 259 437 350 973 733 590 334 388 703 527 59 190 598 691 82 
282 849 813 833 558 994 122 618 518 562 111 662 227 0 173 653 459 422 933 948 353 994 956 348 438 20 547 607 138 925 1000 825 401 720 306 789 211 658 352 16 890 713 310 813 27 978 844 434 706 269 866 725 657 889 366 121 458 470 612 111 897 687 406 139 537 240 334 246 557 262 491 338 198 164 62 103 939 382 367 148 334 305 178 242 627 155 98 669 519 880 615 258 379 323 118 905 803 762 889 210 489 69 940 622 987 719 374 946 833 777 
381 675 260 763 436 407 128 107 352 809 45 825 606 175 0 74 267 475 295 976 456 411 758 383 979 262 770 536 851 584 613 877 954 382 773 939 883 145 411 936 671 428 336 214 569 735 895 753 132 637 48 916 448 656 387 919 363 235 652 309 571 569 791 59 37 131 644 663 935 460 263 75 102 660 922 1004 367 659 926 500 21 581 57 814 286 964 884 319 396 862 1016 590 923 698 898 81 126 666 739 57 133 768 148 639 351 725 254 608 757 809 
6 807 516 440 342 508 15 185 329 737 897 675 627 658 58 0 851 218 904 977 91 702 548 650 986 829 336 764 232 323 180 440 418 789 429 403 276 162 354 514 691 623 151 233 112 755 365 725 996 926 101 925 982 690 620 292 338 710 240 391 146 529 1020 404 765 565 251 789 232 834 476 445 902 634 802 386 826 334 419 122 382 16 802 737 84 628 220 887 59 129 841 471 791 104 999 956 843 672 785 447 200 510 367 349 171 538 677 705 845 774 
597 715 677 530 188 505 177 261 681 376 90 883 135 470 270 853 0 625 697 208 344 47 434 807 847 753 26 663 748 562 606 111 533 932 136 425 348 446 779 729 759 535 830 434 284 845 45 892 693 682 255 559 690 439 854 526 343 909 237 966 128 423 287 62 652 933 46 777 346 607 35 969 571 146 370 14 365 835 123 857 999 389 995 84 159 110 730 879 147 278 771 855 324 995 44 189 812 512 946 329 945 245 502 162 629 207 533 350 851 806 
140 844 438 272 43 275 604 1002 290 261 218 478 828 413 481 208 644 0 88 235 973 422 830 909 791 690 206 31 266 59 92 158 253 623 911 182 515 487 252 279 625 953 409 948 76 1018 854 669 874 203 393 641 958 714 958 101 697 837 393 553 350 888 690 844 837 143 1011 10 428 526 234 355 791 138 85 472 154 580 61 675 242 52 256 411 691 377 755 388 835 843 588 547 693 286 255 127 136 714 559 872 820 524 387 748 721 725 167 690 641 197 
201 1015 768 382 62 404 73 307 74 812 697 668 936 931 295 910 678 82 0 112 619 592 783 328 148 489 668 111 187 911 840 601 232 346 25 365 901 984 784 881 396 846 853 639 430 120 986 732 274 586 950 402 484 777 958 668 258 892 31 442 779 461 136 103 222 852 778 419 960 908 228 95 707 727 607 398 541 824 865 383 584 217 186 310 892 753 739 22 325 220 891 45 211 453 158 934 105 145 44 653 864 729 136 621 454 56 34 194 306 449 
719 441 10 666 138 872 630 902 803 271 747 451 372 952 993 966 208 240 98 0 165 997 225 189 749 323 279 792 496 755 55 274 509 105 170 704 36 919 947 768 810 250 548 824 192 382 185 194 743 314 251 500 669 453 427 41 679 269 125 402 557 245 311 21 565 213 774 506 239 537 518 329 233 973 269 747 522 83 456 772 200 960 307 401 512 865 819 620 34 557 155 922 98 735 174 562 565 163 303 225 298 745 670 538 327 84 325 816 321 492 
1004 300 663 741 720 957 797 571 988 745 88 380 723 354 452 92 348 963 619 174 0 154 625 429 399 202 457 372 571 588 1001 580 774 424 835 737 428 874 512 12 288 376 815 370 394 47 273 800 981 172 606 662 566 747 921 612 619 1003 699 51 670 529 964 883 656 688 259 973 664 33 818 464 622 790 529 899 846 595 938 128 932 371 672 180 255 791 330 277 979 531 597 72 140 80 759 603 345 775 421 845 133 473 596 365 630 759 853 598 314 232 
360 892 672 840 968 699 208 494 594 827 40 5 988 1000 417 697 61 422 596 1012 167 0 361 863 12 80 772 57 781 471 624 45 385 141 914 966 603 274 919 736 453 729 571 311 803 894 593 216 843 16 815 760 214 492 868 170 903 272 413 371 48 554 668 685 607 396 439 278 860 459 716 843 755 398 626 6 22 414 65 545 856 124 675 712 301 474 90 217 765 892 581 308 833 364 885 802 349 573 726 414 686 921 147 936 433 360 300 670 211 102 
376 115 798 53 886 986 761 787 830 722 851 471 929 948 748 561 419 834 774 220 612 365 0 325 323 559 699 655 306 654 99 416 734 267 1007 322 635 520 95 702 321 174 710 783 668 887 305 553 89 386 645 669 776 337 375 760 139 703 767 614 471 311 143 334 406 581 196 567 529 225 293 623 451 800 648 151 158 686 527 763 595 280 750 79 602 425 678 675 961 577 534 926 186 114 854 859 585 924 301 837 988 391 984 177 40 566 987 571 964 5 
945 528 679 208 271 238 521 502 654 934 22 466 272 360 372 656 798 914 332 182 439 873 320 0 669 634 221 861 709 527 487 875 734 941 690 670 686 1011 401 730 506 287 671 930 591 232 245 620 12 713 833 57 809 999 757 994 603 75 308 29 801 494 324 876 910 223 364 911 727 861 233 603 180 549 888 371 15 144 727 839 450 537 528 765 756 925 660 335 483 590 42 934 774 718 755 204 249 564 956 658 642 656 385 152 871 587 388 192 920 803 
97 237 1002 470 924 470 165 258 555 380 672 106 645 433 974 980 831 792 162 737 384 18 341 677 0 344 408 390 830 725 175 887 131 828 120 599 246 295 846 538 225 87 791 228 875 872 309 747 393 777 903 900 560 248 555 521 302 520 840 499 354 584 727 12 346 563 624 28 269 804 913 729 605 53 829 540 524 128 247 441 508 847 259 867 179 162 88 360 832 958 27 863 724 378 869 855 787 177 709 256 358 678 482 567 160 936 820 165 268 60 
215 465 262 898 946 846 342 478 666 67 48 801 364 19 269 839 750 689 489 313 198 81 548 640 345 0 864 340 46 41 738 183 943 333 957 789 342 831 221 60 887 412 473 41 877 126 40 303 294 846 71 360 35 894 212 35 955 871 535 736 646 173 977 733 39 849 518 109 655 752 678 303 575 85 471 436 215 581 775 486 689 303 587 884 580 251 1009 454 22 835 384 341 236 284 907 213 407 883 764 515 491 549 139 819 681 571 898 987 398 856 
928 413 537 646 27 768 150 606 170 685 156 927 65 557 770 353 20 205 668 286 455 786 680 215 418 868 0 793 195 109 541 970 654 298 671 522 379 453 836 225 120 19 361 971 257 576 779 116 117 721 435 887 940 996 583 820 84 630 910 868 672 106 56 614 139 584 355 682 119 655 985 132 562 561 304 220 63 57 77 148 32 1020 265 692 889 465 886 831 246 948 283 171 437 926 883 668 752 840 89 969 126 525 463 667 58 560 742 943 895 107 
660 950 773 80 893 747 256 671 74 898 141 89 145 599 527 759 663 32 121 794 362 63 670 876 402 347 800 0 619 900 474 48 76 285 384 767 213 754 250 933 291 925 355 946 17 371 72 947 119 535 854 372 290 386 835 60 793 946 419 870 896 407 574 881 362 999 122 154 717 377 490 38 136 593 1019 462 796 869 145 868 1005 869 687 551 808 505 48 40 474 367 854 90 911 907 522 1007 101 903 609 996 492 575 12 945 841 506 741 525 756 54 
688 393 521 824 321 980 692 178 872 212 770 714 377 129 860 240 732 271 188 510 581 785 293 690 816 40 194 624 0 108 314 677 107 140 498 831 897 118 782 328 735 418 985 564 186 155 761 508 953 124 80 692 684 543 206 29 564 711 398 340 746 703 934 156 640 847 164 219 567 355 733 971 138 502 867 136 833 243 600 189 936 650 365 863 369 538 597 709 646 669 987 537 138 694 316 289 233 810 474 941 246 410 932 283 648 836 745 836 214 849 
391 94 126 227 43 802 75 822 303 727 624 198 788 934 589 317 575 59 910 767 589 478 653 539 720 41 94 908 115 0 387 955 940 805 166 764 474 552 752 54 626 869 182 882 589 769 299 630 689 511 900 362 505 568 718 778 141 139 34 216 238 603 573 72 318 826 2 471 452 667 672 55 557 479 835 901 533 640 763 531 875 320 779 923 148 363 554 206 568 662 290 756 1001 20 212 794 68 901 663 982 829 882 733 909 635 129 92 609 290 342 
276 581 962 723 33 362 622 836 571 28 440 969 1003 1001 605 194 614 89 851 51 1007 617 103 476 178 735 546 464 321 381 0 418 940 569 685 536 682 104 894 620 658 948 956 783 615 844 637 1001 166 151 796 799 715 587 231 764 479 603 66 486 740 50 682 352 287 982 884 542 90 40 959 676 985 617 189 814 995 723 229 190 433 304 754 103 111 581 781 89 92 212 385 728 786 838 938 372 185 645 666 284 997 968 856 108 22 45 406 410 512 300 
788 283 719 864 557 292 841 968 865 771 179 591 787 813 862 451 115 158 595 269 581 39 404 875 869 179 972 37 680 954 416 0 839 290 86 787 97 442 658 524 191 802 293 337 873 978 388 70 296 747 891 68 540 656 546 20 405 692 617 60 626 392 350 1009 349 272 726 978 90 280 262 629 650 182 484 735 922 115 314 460 369 72 1007 759 811 291 283 321 536 175 471 52 231 919 608 318 615 475 100 60 912 994 650 43 448 827 385 981 968 673 
314 667 142 668 789 69 888 739 741 875 941 631 97 386 964 419 540 250 242 499 782 388 741 726 134 947 646 70 102 946 939 857 0 282 257 671 499 452 607 515 84 630 356 172 762 719 251 474 877 215 768 390 106 234 391 160 960 426 369 767 13 611 497 182 240 514 228 960 397 992 168 427 233 751 253 404 206 147 471 490 938 193 285 199 52 669 954 262 724 735 318 791 737 357 781 903 249 595 811 453 374 449 819 960 543 123 328 548 228 626 
713 532 827 675 817 788 213 325 549 202 370 910 996 717 383 793 930 624 353 119 424 126 281 940 810 322 302 270 148 806 564 278 293 0 420 392 63 735 517 814 38 298 912 321 672 998 721 430 260 827 794 692 548 915 910 480 285 735 612 498 1001 432 657 406 415 30 639 90 851 671 636 107 431 948 553 33 583 353 647 331 155 355 142 996 843 58 733 79 136 685 421 326 334 185 762 92 305 756 927 58 802 518 898 622 669 337 613 216 197 605 
966 845 469 378 846 743 924 380 733 520 667 553 352 296 775 428 140 911 11 169 821 903 995 696 114 946 662 366 488 160 687 87 250 430 0 976 232 830 841 582 721 913 323 165 596 115 888 399 458 750 338 541 773 457 743 208 425 27 580 539 859 306 642 424 854 355 760 830 821 388 807 567 691 551 257 914 585 126 858 927 497 512 69 772 904 933 794 853 293 712 41 122 304 739 716 862 407 126 445 663 264 140 606 978 338 880 890 898 453 172 
418 308 276 332 810 983 964 881 243 553 290 1012 591 805 951 411 419 189 364 707 741 966 317 668 616 792 519 753 834 758 533 784 669 409 969 0 625 32 739 22 170 29 30 777 635 277 42 254 266 745 310 858 773 629 140 365 430 60 920 495 594 249 95 377 276 807 283 795 270 889 538 604 454 147 351 616 69 130 640 693 386 206 1000 234 547 396 994 140 30 757 784 44 326 250 931 27 880 950 553 920 767 501 652 363 59 248 562 863 529 663 
535 426 886 628 684 288 269 768 314 977 740 828 618 228 878 291 353 516 887 33 425 607 628 699 237 351 361 217 883 486 689 94 496 75 244 637 0 642 310 983 360 799 409 61 878 365 468 524 676 361 779 92 731 683 985 301 107 161 523 238 232 869 228 835 520 67 997 465 157 442 380 621 536 158 926 521 683 873 537 909 908 232 950 200 781 173 328 898 292 778 640 547 278 381 365 695 119 983 267 737 875 274 903 324 374 42 398 674 684 940 
536 11 761 93 478 647 999 154 841 240 355 349 39 656 132 159 438 470 975 919 881 276 501 1007 295 823 452 739 122 562 113 437 452 741 832 30 647 0 900 312 487 370 487 778 260 287 230 294 277 236 233 262 87 489 914 202 407 993 294 558 812 736 972 220 581 988 948 256 274 826 720 382 781 263 486 508 527 298 67 805 472 457 482 803 355 739 322 422 826 624 309 1001 224 634 926 969 100 839 780 162 208 821 810 149 356 898 912 590 806 667 
559 728 641 273 753 133 829 805 634 816 401 660 691 344 417 356 787 266 784 945 509 918 86 386 844 215 826 244 771 758 888 659 621 509 842 732 296 904 0 322 693 459 283 341 527 188 507 961 188 384 92 243 1003 952 920 760 255 965 652 503 918 88 235 64 698 902 982 210 302 805 49 569 311 99 187 712 828 200 822 711 715 311 509 635 368 1006 161 266 523 789 712 775 917 1004 350 673 159 245 955 647 474 937 662 660 172 694 532 266 494 927 
974 673 379 432 673 119 720 301 686 994 1001 967 131 19 932 531 715 281 887 759 18 746 699 726 537 65 231 944 315 62 630 524 507 824 592 14 989 317 328 0 194 484 938 264 946 983 123 925 497 953 799 184 996 861 97 305 66 732 454 746 826 598 569 106 930 163 14 840 140 842 155 630 18 88 311 471 439 590 534 67 165 144 597 497 512 600 889 200 119 730 920 552 761 875 731 180 51 720 441 49 141 762 753 998 359 591 122 115 104 444 
272 580 41 827 850 929 351 746 595 778 24 607 640 886 669 691 755 622 384 819 282 455 320 504 230 891 106 306 723 639 669 193 85 49 729 185 347 489 689 205 0 401 263 459 543 326 196 655 76 434 616 497 844 328 842 375 67 759 253 552 237 615 428 953 401 163 322 722 876 196 910 584 978 385 476 190 250 161 100 415 769 1006 593 652 197 34 390 711 18 732 506 600 542 238 110 340 765 744 264 588 538 833 320 617 72 363 890 220 881 399 
1000 521 123 685 905 1008 231 377 156 776 737 755 544 712 428 615 537 951 847 255 395 730 172 291 97 412 25 915 430 883 954 808 632 299 914 19 782 375 453 486 415 0 167 768 688 805 307 1009 743 954 329 868 145 167 510 545 939 342 574 392 819 511 404 575 644 44 834 927 121 856 261 242 601 305 543 304 394 711 370 93 498 1012 414 832 781 854 221 818 752 894 789 937 299 382 416 409 106 716 319 240 885 302 799 456 50 622 229 733 1002 364 
829 592 44 613 971 960 242 61 781 601 656 839 28 302 331 147 828 403 839 551 803 581 714 671 799 479 362 349 973 184 960 292 358 911 325 46 420 495 287 943 252 178 0 391 714 534 560 394 472 522 806 310 550 458 262 37 665 325 600 573 944 229 175 221 584 507 357 945 197 664 120 455 134 644 357 629 785 797 42 551 258 717 302 839 93 555 817 255 499 825 713 857 373 72 531 450 549 365 256 199 580 577 277 829 581 615 303 142 373 431 
162 460 247 610 47 674 600 565 672 102 316 688 953 826 208 232 436 937 632 827 380 308 779 922 227 41 959 957 571 877 779 335 177 318 153 766 66 780 341 260 468 751 377 0 377 471 150 910 185 821 627 605 226 334 937 452 76 765 692 719 184 6 287 261 199 955 976 312 932 76 155 905 826 255 502 822 394 34 825 426 339 297 243 330 521 261 952 794 773 225 466 289 441 161 876 723 165 441 202 489 409 978 737 758 662 402 690 742 293 373 
854 898 52 786 313 560 753 618 810 905 84 791 781 24 577 115 276 75 418 191 378 813 674 594 880 877 249 7 181 590 632 882 750 676 587 644 874 276 523 944 546 687 716 371 0 318 729 283 317 407 694 451 754 577 53 15 273 91 753 921 438 115 975 770 172 936 30 667 927 95 388 473 282 194 301 93 408 159 158 76 128 1002 407 258 813 660 691 594 437 327 385 30 485 24 332 297 924 550 384 351 411 342 682 774 696 916 330 380 183 639 
982 490 203 648 328 360 691 413 291 212 449 24 300 980 735 750 838 999 118 380 52 901 880 231 886 114 592 385 144 770 841 993 723 985 115 289 369 291 192 973 311 816 540 483 316 0 711 986 116 874 186 50 544 715 300 230 657 339 497 24 587 776 262 1008 811 224 824 766 512 907 961 165 699 624 379 456 152 743 360 116 239 247 611 332 396 302 541 703 498 1004 177 603 832 699 50 338 175 59 388 599 210 733 407 441 162 501 437 346 689 157 
963 394 615 925 540 392 447 977 319 434 617 758 427 846 895 357 48 853 985 175 286 598 291 259 319 23 783 64 748 306 621 399 240 714 879 41 474 232 506 121 196 303 575 162 743 701 0 929 26 432 589 299 890 597 66 359 391 578 607 891 929 342 287 452 86 829 66 472 933 854 456 607 142 650 993 137 636 62 880 549 644 556 1010 848 500 630 659 701 117 941 617 286 400 646 25 369 991 744 415 683 528 415 385 387 757 929 966 124 373 358 
86 651 1017 496 862 148 155 524 677 434 976 430 866 426 763 742 909 663 726 194 792 230 561 615 753 305 104 952 497 637 1001 60 458 423 402 243 524 284 958 925 649 1005 398 919 282 989 935 0 798 1012 444 951 242 343 647 710 531 767 119 446 394 147 807 612 478 54 92 299 741 834 75 160 712 617 239 674 838 620 336 94 182 879 870 204 549 97 911 859 412 916 203 957 839 510 587 60 899 106 874 176 987 926 360 65 99 963 540 940 978 506 
849 991 265 960 869 720 590 983 869 555 449 169 625 707 124 1003 702 871 270 737 961 841 84 22 406 312 120 113 967 685 179 305 889 259 467 265 688 264 187 482 69 739 479 179 319 126 38 798 0 765 800 804 654 820 920 459 84 385 951 937 694 835 264 430 954 294 698 680 957 630 316 515 785 520 733 416 898 461 562 488 297 241 310 321 403 313 955 758 453 622 87 640 171 929 527 890 42 156 193 528 658 166 725 992 48 533 36 117 874 662 
94 198 217 180 192 581 146 544 133 196 203 497 438 269 627 913 680 205 599 315 180 20 375 704 781 851 727 535 138 529 156 745 204 842 765 745 360 254 371 949 424 955 512 826 406 869 432 1008 776 0 807 770 647 980 989 453 115 960 104 858 264 694 424 801 78 195 618 811 519 453 102 562 882 626 279 414 430 602 537 795 27 937 419 317 834 989 673 932 938 477 34 133 831 49 610 425 591 415 488 283 673 589 247 954 688 914 999 613 737 921 
331 469 83 359 256 753 329 990 159 111 254 81 625 861 38 115 255 382 953 257 608 803 642 832 890 59 436 851 72 897 790 897 766 793 323 299 787 240 92 795 627 331 801 618 688 192 583 427 811 788 0 738 169 83 70 70 347 877 489 835 643 219 568 209 246 602 329 984 506 767 195 40 630 600 49 808 615 585 310 246 582 492 218 855 494 696 612 803 74 451 337 573 192 609 176 629 938 122 978 509 540 379 820 737 72 336 776 877 447 568 
613 478 857 408 502 861 199 438 32 397 478 464 315 735 907 929 555 635 400 490 653 761 657 57 911 354 886 370 695 367 814 57 379 683 545 861 88 267 248 166 507 866 325 611 435 57 312 937 813 775 736 0 558 481 26 837 542 349 394 401 752 180 350 827 337 759 329 310 420 44 173 747 366 373 979 88 329 472 56 725 106 1005 680 884 61 299 521 555 377 992 551 386 1000 418 748 520 522 291 625 861 580 205 584 807 446 228 681 310 785 129 
987 603 154 795 955 256 769 300 807 169 406 288 659 654 449 981 695 955 481 669 569 222 785 802 573 30 947 292 681 498 713 535 106 543 776 792 719 72 1012 998 859 136 559 233 753 526 896 252 651 646 170 548 0 270 62 624 483 910 179 754 92 825 598 900 277 293 103 309 332 877 638 842 674 4 49 362 847 672 353 533 275 647 222 240 826 398 24 225 694 506 315 399 744 796 709 209 341 832 392 767 269 107 916 633 150 882 321 186 211 213 
241 329 33 176 178 816 519 877 781 727 734 170 398 884 638 691 438 705 764 471 746 476 332 1007 252 897 997 381 559 561 590 655 238 906 445 643 686 489 948 866 332 169 451 345 583 713 589 341 828 973 72 481 257 0 190 102 805 747 464 394 537 69 369 357 124 39 855 148 806 290 233 509 108 64 349 58 855 714 631 35 294 361 545 670 198 777 81 465 318 837 79 495 214 90 900 957 874 751 500 10 517 590 335 331 312 202 241 458 842 790 
161 882 735 827 229 524 787 985 607 681 202 750 376 379 379 619 860 975 963 423 918 856 388 769 551 229 575 840 199 724 227 556 383 908 752 140 990 905 921 94 845 507 258 952 61 316 71 653 925 993 74 36 75 201 0 842 197 845 248 683 594 196 794 479 248 688 195 242 477 823 452 768 791 84 297 700 395 777 118 618 432 438 299 505 100 265 369 403 746 61 639 425 529 250 281 524 271 940 539 866 901 506 229 610 436 917 567 896 109 951 
988 642 626 304 194 299 472 475 866 618 355 627 254 125 918 284 530 95 661 40 612 181 764 994 529 34 834 46 19 775 766 13 169 494 207 357 320 194 767 306 378 536 43 437 23 220 341 727 476 442 52 847 619 102 843 0 423 12 262 16 667 761 633 855 289 86 442 89 88 337 185 762 293 776 835 727 703 888 681 205 797 394 273 796 435 1006 757 746 806 418 126 370 690 333 597 952 829 103 400 160 751 254 210 599 789 254 614 339 66 646 
307 452 164 312 613 551 798 584 680 687 215 699 312 459 362 349 348 708 262 685 620 901 154 615 282 948 73 790 578 139 480 395 955 292 428 414 112 412 246 67 64 927 664 84 269 670 399 539 89 101 340 546 492 804 202 414 0 171 896 455 255 570 464 188 987 547 658 934 546 964 926 127 35 745 932 324 323 81 876 190 1003 890 503 15 590 791 629 98 702 1004 624 237 567 294 822 167 907 879 275 770 675 861 515 287 42 627 478 158 151 561 
909 865 322 90 898 116 530 326 563 508 500 532 65 471 222 715 902 833 900 284 994 278 692 77 515 859 645 943 713 137 610 695 433 723 31 64 156 1000 971 744 763 347 325 755 96 337 581 770 399 946 881 340 925 747 831 7 161 0 325 557 377 248 804 838 195 46 709 798 979 955 538 706 200 344 637 887 330 173 71 894 521 47 799 792 679 76 319 727 983 875 511 188 713 895 244 449 885 556 797 605 94 108 62 100 641 763 405 901 397 566 
803 273 376 269 177 963 459 635 311 173 36 716 324 623 651 250 220 403 41 120 690 409 771 306 849 544 914 410 388 35 61 610 374 600 577 923 526 291 656 447 245 567 586 679 735 495 604 112 948 92 488 384 177 474 233 258 889 332 0 168 215 568 162 49 853 387 256 354 370 940 600 317 785 142 181 353 141 996 894 884 481 220 722 633 105 549 326 985 20 363 148 502 88 124 886 623 567 620 110 718 203 708 1009 160 692 641 258 585 595 684 
783 779 381 560 154 571 923 438 727 674 705 722 134 119 307 389 948 561 444 412 56 384 604 27 495 737 860 863 345 228 483 40 760 515 542 494 250 559 516 744 541 389 571 715 903 27 880 453 949 855 823 405 754 402 684 16 442 571 170 0 252 727 429 976 80 912 884 875 353 92 434 944 1007 154 632 952 612 540 220 289 464 784 505 282 468 617 185 583 656 175 967 141 699 44 678 576 648 607 968 264 672 551 372 943 324 680 398 782 109 197 
460 881 531 132 374 334 45 588 31 113 272 503 637 901 584 136 133 368 785 548 677 44 466 792 361 658 670 883 746 241 740 627 17 1001 852 593 223 811 927 807 245 823 930 186 446 595 932 391 699 253 638 744 103 555 604 665 255 375 223 232 0 77 618 659 870 251 858 744 260 653 997 748 787 780 557 715 765 813 82 319 193 783 222 376 1005 317 577 424 191 17 541 586 669 479 872 559 1002 299 857 957 320 147 54 217 352 458 153 913 399 619 
132 405 536 308 563 188 985 871 940 537 599 468 904 694 582 536 426 891 472 232 524 567 306 493 576 165 108 394 694 588 45 375 609 427 296 238 867 743 76 612 618 503 211 7 120 788 345 150 826 675 222 175 812 61 208 759 566 237 560 735 70 0 480 64 309 958 787 752 253 214 439 419 401 702 210 820 244 684 560 641 411 634 443 490 470 915 372 176 296 201 578 508 276 135 26 183 668 109 434 369 317 611 311 674 60 631 397 968 954 195 
454 270 818 786 72 396 567 433 300 681 200 398 414 403 797 1020 290 690 124 304 961 662 137 327 709 983 47 576 943 569 671 332 487 659 657 106 227 975 234 567 438 410 177 278 975 263 298 820 274 426 553 336 599 363 796 634 465 803 167 439 620 472 0 464 139 521 746 726 751 22 784 571 394 325 468 482 791 238 965 569 287 705 261 359 878 23 589 498 3 450 720 444 64 673 408 136 609 175 184 961 667 286 178 47 720 718 454 655 918 809 
44 203 75 152 538 715 58 135 21 938 392 691 105 122 74 394 73 842 106 4 893 679 325 879 11 743 615 896 146 72 344 1003 179 396 428 388 850 207 69 98 947 571 228 279 763 1002 455 606 434 806 195 827 911 365 480 845 186 828 49 981 663 74 457 0 282 771 675 880 612 490 428 225 502 420 471 863 818 173 997 995 424 690 247 921 775 411 988 975 800 731 59 766 666 471 260 425 696 94 151 756 427 48 134 582 678 279 449 91 18 683 
667 466 297 489 692 370 591 774 337 108 24 38 551 534 40 751 659 843 228 554 651 610 406 911 357 34 141 365 629 321 292 346 240 415 859 274 521 568 702 929 400 633 592 182 174 806 93 475 969 91 244 352 288 122 249 307 1000 199 864 77 863 292 154 284 0 320 256 182 959 464 213 607 413 945 221 316 644 620 894 151 889 191 887 360 793 318 515 645 934 560 667 991 972 366 209 895 844 172 760 836 914 71 341 253 968 946 665 562 283 389 
303 957 461 61 677 863 23 58 599 340 829 875 476 230 149 559 917 142 848 211 693 395 562 214 579 852 581 997 845 824 975 266 509 31 355 796 74 1005 894 145 167 56 513 972 946 232 831 43 297 196 613 750 299 41 687 89 530 39 384 907 245 960 528 771 326 0 643 517 730 548 427 683 1003 53 150 351 190 861 151 805 559 123 1001 997 329 627 624 976 233 625 967 703 120 268 771 793 196 557 175 224 668 145 621 918 511 366 262 621 147 511 
943 872 64 605 1005 938 804 8 178 100 96 806 776 331 629 259 39 1007 784 776 265 442 194 373 622 531 373 107 157 19 891 721 228 652 757 284 1001 940 996 30 310 833 356 983 23 829 71 90 708 615 320 336 107 853 180 439 647 697 253 897 866 802 746 675 259 628 0 433 608 547 165 812 23 998 514 739 434 970 289 294 613 868 819 13 734 83 809 120 780 647 480 344 236 11 844 917 702 491 606 419 461 706 239 590 62 634 517 481 607 809 
717 640 578 618 516 32 413 13 906 960 58 451 214 246 657 796 780 17 422 508 970 278 567 912 31 113 687 163 209 479 544 979 951 97 844 789 463 261 213 840 720 927 931 322 662 771 465 307 676 813 984 299 303 158 239 98 927 795 345 884 742 754 737 862 181 513 422 0 301 48 454 158 230 709 442 556 590 880 749 892 290 729 665 267 712 674 655 609 596 29 960 995 583 947 925 223 977 764 893 505 565 915 852 594 654 614 580 79 749 814 
469 144 258 603 376 454 422 54 88 45 736 306 1010 542 943 246 337 435 964 243 673 861 524 735 276 653 106 724 567 438 79 90 400 850 835 266 160 267 286 144 874 105 185 930 925 509 948 740 957 523 494 419 333 805 488 95 536 981 381 346 263 262 749 619 954 719 617 299 0 999 126 738 509 59 1006 109 1004 765 389 888 493 67 931 947 620 110 946 959 1015 34 531 231 16 407 956 188 58 743 480 754 600 673 548 636 342 828 290 790 981 983 
921 626 628 796 580 73 550 291 21 917 195 656 981 272 451 845 624 529 902 529 38 451 237 849 806 737 668 368 352 671 39 289 989 654 395 890 456 839 806 829 180 861 666 71 106 925 838 830 621 453 755 50 873 280 818 335 964 947 941 97 652 203 17 506 457 548 540 60 1000 0 328 231 567 27 721 671 793 343 704 890 5 97 44 489 970 679 383 537 690 1006 731 130 713 650 492 104 1002 527 400 146 404 441 966 874 212 864 660 32 325 865 
849 713 442 279 551 983 491 81 815 723 575 298 591 479 279 460 41 241 225 526 825 701 290 238 910 681 977 484 737 684 954 260 179 621 810 538 387 720 50 145 922 249 112 155 381 966 470 84 311 115 198 160 639 243 453 184 937 536 599 447 993 442 775 431 206 439 166 457 112 325 0 884 839 381 872 902 411 980 10 680 235 265 929 298 532 396 772 318 28 898 482 943 319 467 37 425 899 703 407 309 518 375 493 507 496 49 577 399 627 542 
838 706 327 475 83 249 476 179 328 928 205 840 155 357 69 446 970 366 98 327 476 850 636 602 734 299 140 52 967 59 681 614 423 96 549 599 626 378 566 629 586 248 456 898 461 169 600 170 505 550 31 751 842 518 762 760 134 692 328 932 758 409 564 230 614 686 816 161 745 229 866 0 217 204 653 89 92 612 945 562 491 758 610 250 248 855 478 696 730 378 205 689 428 723 554 215 616 894 471 17 755 494 464 454 447 903 400 40 316 981 
923 844 340 46 456 809 261 910 745 572 311 757 374 188 111 915 572 773 722 234 621 763 451 181 603 562 568 127 151 571 979 651 216 447 683 455 541 789 314 10 962 607 123 842 273 702 141 702 800 886 640 357 662 103 790 287 50 201 785 997 789 386 408 509 403 1007 21 218 510 582 843 230 0 911 25 494 262 779 366 554 565 779 328 32 45 767 410 863 185 97 685 732 406 859 365 514 369 148 782 115 578 19 686 386 218 133 310 38 718 173 
627 942 578 114 857 287 237 179 853 283 827 854 695 168 654 634 155 135 719 960 784 397 786 550 47 84 567 589 507 470 599 172 748 965 557 152 155 266 113 92 367 297 648 262 188 621 642 605 509 632 592 379 8 66 72 776 749 342 141 169 792 707 312 423 936 37 994 698 48 33 390 213 930 0 233 378 724 748 526 179 680 724 116 940 433 815 153 756 855 82 584 919 345 223 188 35 680 535 363 488 433 705 131 752 147 842 331 171 762 584 
530 571 307 33 237 540 903 64 561 972 86 848 242 77 923 813 365 87 608 275 513 635 645 881 839 471 300 1005 863 825 179 478 250 556 255 358 927 469 186 316 473 545 369 520 292 374 985 223 741 284 48 978 51 356 291 827 942 625 187 647 546 211 466 482 215 163 498 444 1001 717 875 643 36 230 0 151 182 779 514 776 302 495 265 406 908 621 878 60 853 316 1013 751 133 950 141 932 172 179 998 929 41 249 43 132 310 89 211 749 438 1001 
383 571 554 196 63 454 233 944 220 116 464 151 146 114 1003 394 16 487 399 744 890 17 166 361 536 437 237 466 123 910 806 740 402 32 907 624 518 511 710 490 190 315 629 831 87 456 122 687 426 417 804 96 370 69 712 712 330 867 360 952 706 811 495 857 321 355 737 568 102 673 908 78 510 373 154 0 209 866 998 989 448 559 449 869 548 868 597 241 254 576 950 431 181 959 740 329 510 902 538 446 87 324 795 438 225 85 622 296 359 850 
409 356 984 634 369 191 775 995 590 831 448 7 910 941 358 827 373 165 537 516 857 23 168 7 517 225 58 802 820 522 981 929 217 573 575 67 673 527 817 430 245 397 780 393 421 154 642 836 907 440 629 324 855 854 402 714 311 339 156 622 767 249 801 832 643 200 429 580 1009 806 414 94 263 714 188 213 0 430 689 531 620 327 581 485 259 234 1012 290 566 666 1010 13 531 875 136 845 323 880 569 725 303 238 694 157 229 162 180 716 940 220 
763 203 445 519 173 735 780 1014 565 456 497 779 621 390 669 331 828 578 818 68 595 423 681 143 131 591 52 867 240 624 723 118 128 358 124 144 872 296 213 602 166 717 794 28 156 761 70 630 459 612 594 487 676 723 782 885 81 171 1012 539 803 682 242 169 633 866 971 882 764 348 981 615 776 737 760 873 423 0 819 31 76 27 366 654 133 236 781 728 37 461 598 141 941 611 55 815 327 751 822 33 547 657 824 425 436 991 796 703 531 750 
131 824 408 679 165 991 38 498 968 919 839 361 14 370 929 411 127 62 879 456 934 58 534 739 244 778 60 134 605 768 212 329 473 652 857 650 528 57 831 528 113 374 30 816 158 344 865 327 555 541 317 53 360 625 115 663 876 67 896 227 87 567 970 1001 891 157 281 756 383 697 12 959 371 537 510 986 704 816 0 767 826 301 767 762 145 846 949 744 459 151 756 826 282 1004 466 526 437 646 653 853 446 772 867 728 395 653 910 882 53 490 
312 976 161 563 384 428 750 390 464 404 935 593 477 141 495 121 847 668 383 783 131 527 765 831 446 500 154 860 173 544 198 473 493 331 927 700 912 805 698 73 404 75 541 418 76 117 555 81 499 806 245 724 533 31 631 209 188 912 878 284 332 648 574 984 149 815 307 901 896 879 683 562 559 190 779 992 530 25 768 0 872 1002 549 63 976 255 348 121 632 28 146 60 962 999 31 916 96 143 833 825 239 253 841 495 312 764 480 203 22 805 
541 430 324 90 178 650 433 366 474 791 683 704 436 321 38 375 997 237 592 206 941 845 607 451 511 677 36 1008 926 881 434 353 933 145 491 383 927 473 712 160 764 503 267 354 143 225 638 191 296 20 579 109 277 307 422 799 988 540 461 459 194 414 283 410 890 568 608 293 491 9 251 491 568 668 291 446 629 73 814 874 0 598 122 457 108 262 973 65 58 940 117 248 251 359 868 938 49 5 683 168 541 143 420 802 448 286 988 174 968 511 
920 283 632 70 364 494 76 385 462 157 817 262 432 297 569 3 370 50 212 967 387 127 276 536 847 314 1015 856 652 308 313 68 186 355 521 202 237 464 322 141 989 1004 712 295 1008 246 549 877 227 941 494 1012 642 355 428 393 896 39 220 775 787 634 702 681 207 122 872 731 70 98 273 747 778 711 494 560 333 28 293 985 613 0 965 17 889 523 116 352 478 541 897 180 957 37 185 801 808 695 104 885 493 54 117 312 546 998 240 490 19 392 
427 563 1002 146 401 740 228 866 94 529 22 187 356 178 55 789 996 262 186 314 683 684 749 521 271 578 284 680 368 782 749 1014 277 157 66 1002 937 474 504 598 603 399 304 256 406 601 1003 879 315 402 216 683 219 534 304 271 516 798 714 494 224 439 259 251 884 996 820 676 929 38 919 606 326 112 276 435 575 364 770 561 121 965 0 868 857 451 227 712 76 329 803 722 648 180 228 264 115 861 623 932 297 590 943 334 450 538 270 527 196 196 
885 783 141 406 553 581 282 103 374 309 278 203 461 256 806 739 89 411 291 397 193 706 90 770 877 871 688 548 867 920 118 751 188 998 780 228 207 799 628 509 646 822 827 330 246 339 842 204 326 309 856 882 246 670 505 798 21 787 628 280 394 494 356 925 359 1006 16 283 953 492 303 259 41 935 406 872 487 655 759 50 459 13 881 0 975 189 591 572 169 456 643 75 358 828 701 467 133 973 104 971 687 850 938 742 393 449 459 241 544 148 
197 839 370 151 669 569 556 764 415 185 540 106 584 621 286 84 152 692 889 513 260 295 611 770 172 571 889 805 370 154 114 813 69 853 899 546 788 354 364 510 203 781 92 523 824 401 510 555 415 836 485 73 830 201 92 429 579 673 110 465 1017 467 879 774 779 333 728 701 625 971 529 245 52 440 911 558 269 132 146 965 126 895 851 961 0 207 1002 992 910 401 72 130 720 414 859 136 854 413 100 813 39 126 233 870 985 276 788 519 438 966 
873 207 599 515 463 955 443 979 345 522 427 313 867 154 964 633 111 372 757 879 807 480 418 915 161 241 466 504 525 368 586 304 681 49 934 397 181 744 1015 598 51 836 565 254 655 302 639 79 324 992 699 297 379 783 248 1004 785 74 534 612 322 907 14 413 303 618 75 676 124 685 407 853 756 834 635 874 238 235 842 247 251 516 464 173 208 0 247 227 825 542 906 432 682 606 846 694 199 433 175 503 566 30 987 791 480 385 655 948 971 291 
725 77 917 856 697 942 968 694 477 497 455 58 286 89 889 234 726 758 731 816 335 92 677 663 96 996 887 40 608 566 781 274 953 733 793 998 337 321 159 892 391 220 816 955 693 542 662 901 952 673 623 524 27 94 367 756 621 314 342 193 566 375 578 989 505 634 817 657 938 397 777 490 415 144 873 596 1017 778 945 342 972 135 233 606 992 230 0 13 52 240 213 511 797 687 888 686 332 249 877 773 359 441 956 182 890 279 65 276 983 364 
920 240 547 888 355 467 644 346 654 853 266 956 736 653 323 891 868 393 19 619 282 217 675 341 343 467 847 46 692 198 80 332 264 72 869 136 900 435 255 188 723 813 239 800 592 703 687 859 748 938 810 547 234 479 408 746 98 722 974 589 430 175 506 968 650 983 120 596 955 540 320 698 862 745 61 246 292 740 747 117 52 340 696 569 984 230 22 0 435 757 808 216 28 606 374 563 912 68 664 979 101 241 859 901 274 793 374 753 292 291 
944 268 161 72 753 869 857 808 683 103 244 394 846 514 379 54 152 835 325 36 983 771 962 489 832 22 235 482 659 570 97 538 716 132 296 25 301 822 539 130 15 745 507 768 435 495 112 421 449 954 86 383 680 305 728 809 698 981 23 650 203 287 13 799 940 236 794 611 1016 702 39 719 176 857 855 252 564 52 451 629 53 479 77 169 915 813 52 438 0 116 591 580 134 825 257 706 343 762 792 713 473 538 456 246 258 369 821 777 499 243 
949 379 786 858 867 62 598 101 661 607 748 960 515 877 859 131 278 836 230 551 537 902 570 609 973 828 930 355 669 664 212 168 740 687 715 758 796 627 784 732 729 877 817 219 322 1000 934 932 614 474 463 996 508 840 59 433 1012 876 362 166 20 203 444 735 555 623 656 15 36 1002 896 393 102 75 317 572 666 464 138 36 928 526 319 446 406 541 250 749 122 0 751 21 172 555 926 689 731 475 738 29 673 460 462 935 687 230 229 54 835 11 
830 242 748 481 240 18 283 304 259 627 526 295 846 626 1020 836 757 587 884 142 602 589 534 38 32 384 278 836 992 275 378 459 305 432 35 776 642 309 695 936 505 790 706 473 389 179 618 207 87 47 341 535 308 65 639 127 621 512 155 964 542 583 717 68 666 973 486 959 528 730 477 215 685 596 1013 945 1007 604 764 139 114 885 809 650 70 900 212 797 586 746 0 21 204 864 416 804 457 307 385 136 97 568 879 988 865 312 736 141 582 882 
455 263 515 855 455 642 608 73 24 941 721 267 877 271 588 475 850 552 44 928 68 291 934 934 861 332 172 94 527 753 731 63 788 333 138 36 550 997 757 546 588 922 859 280 28 602 275 976 638 143 586 379 388 496 423 369 226 194 501 144 576 512 438 771 988 707 345 978 246 135 934 690 749 915 742 435 21 144 844 74 245 180 722 79 140 431 507 229 570 4 33 0 850 411 583 426 559 479 624 267 708 918 956 193 37 240 484 523 622 958 
800 617 898 961 815 757 613 852 572 798 745 244 972 388 927 793 320 702 219 98 133 825 185 762 727 245 425 912 140 1007 774 217 743 335 295 329 286 209 921 760 530 293 371 440 481 829 386 837 182 833 178 1006 739 207 530 684 571 698 103 694 677 280 59 662 968 122 226 595 28 695 317 420 405 351 130 170 515 946 276 973 258 971 644 369 722 694 801 31 127 163 200 842 0 310 284 227 251 572 588 115 654 363 437 992 744 134 250 994 541 158 
547 243 111 402 639 814 777 852 398 397 948 442 394 335 709 112 994 297 443 737 93 381 113 716 386 288 924 911 710 26 827 905 345 183 742 244 386 620 1007 873 233 383 74 158 8 702 648 515 945 49 595 429 810 73 232 340 303 892 136 53 485 142 678 469 368 272 13 940 415 658 456 721 852 235 964 961 873 605 1004 983 373 35 187 813 431 593 686 621 827 556 850 421 307 0 1009 440 940 360 724 596 40 679 691 849 492 194 225 991 969 747 
915 52 904 77 714 1014 580 353 638 984 803 523 931 111 889 997 47 262 166 188 739 878 848 758 854 889 877 515 309 205 937 592 768 764 718 939 376 923 355 722 109 413 526 865 335 46 26 587 524 606 187 752 692 901 269 590 833 254 881 677 875 25 402 255 200 789 857 924 958 487 28 564 359 173 138 734 123 41 458 37 876 180 239 704 867 828 888 364 266 914 417 581 300 1009 0 282 969 910 755 358 453 207 338 621 539 96 458 264 717 957 
164 388 638 916 253 86 113 80 950 355 791 985 260 905 82 960 196 135 943 559 599 803 852 220 862 217 677 995 297 797 372 326 899 85 869 17 684 984 663 186 333 404 441 710 310 332 360 44 890 418 631 509 208 956 539 960 170 445 638 585 560 185 146 417 891 797 930 215 191 98 420 208 524 39 949 329 847 809 520 923 951 803 274 482 148 704 705 548 714 698 798 425 227 440 273 0 364 179 40 32 855 626 29 716 820 776 356 389 856 137 
732 27 199 425 512 254 377 876 654 460 838 820 442 806 121 829 811 134 96 550 325 365 587 251 787 408 759 110 232 78 176 609 250 302 404 884 120 101 142 51 769 93 565 166 923 177 981 904 43 603 933 527 339 889 277 830 911 899 573 649 1006 669 614 697 838 200 696 993 63 997 898 606 350 664 164 527 325 337 439 106 59 804 114 131 839 192 332 907 338 719 450 550 262 943 970 362 0 730 20 323 837 439 5 88 12 764 81 437 54 165 
308 149 125 649 579 801 1017 472 386 241 731 682 340 782 656 666 508 696 130 164 774 572 922 575 180 881 854 887 792 921 636 473 583 761 131 943 965 831 249 725 752 717 372 429 546 45 763 112 154 408 129 300 846 756 936 118 871 561 630 612 302 119 177 83 158 556 509 761 742 520 702 891 136 528 165 894 878 764 653 144 6 701 861 992 405 424 238 79 758 479 299 469 585 346 905 167 733 0 661 55 837 54 239 236 697 798 768 526 318 477 
844 693 100 251 60 315 15 539 672 576 392 667 966 893 730 785 941 553 43 311 408 730 310 953 694 752 76 602 477 653 663 93 798 933 441 553 273 788 960 444 273 303 256 198 386 392 430 890 206 491 974 626 395 510 541 387 276 808 105 956 858 429 173 134 759 170 617 890 486 392 412 473 782 360 986 530 566 824 661 825 675 113 632 99 99 183 877 652 799 754 383 612 584 737 757 44 26 671 0 98 635 560 912 86 204 505 577 902 410 959 
94 466 290 604 213 825 819 448 866 606 993 802 741 212 51 447 337 874 664 216 855 398 826 651 274 502 961 993 927 1000 285 48 459 56 671 917 737 163 652 62 591 236 197 491 344 598 666 160 542 293 507 864 762 24 854 168 772 611 731 275 956 363 961 739 826 231 416 514 759 147 307 29 102 487 943 460 741 42 862 831 155 892 926 956 807 506 759 988 709 35 140 266 98 591 358 29 323 57 101 0 785 757 697 519 871 502 753 151 679 368 
362 904 64 259 609 116 833 891 956 474 758 810 590 475 133 191 948 815 860 295 134 685 989 643 363 491 126 493 244 828 1009 913 387 800 261 777 885 196 483 143 533 883 578 416 417 221 531 978 657 659 546 591 265 503 906 738 673 85 214 685 320 320 655 426 923 688 453 552 589 411 516 748 576 433 30 82 306 536 438 245 532 493 289 681 35 564 342 106 459 666 91 715 651 22 451 847 849 840 650 788 0 638 794 487 219 587 491 581 615 672 
192 94 336 662 942 481 502 754 519 110 872 444 343 83 771 527 247 527 738 736 467 914 373 646 694 537 536 571 409 881 975 999 442 524 138 491 288 832 938 767 840 295 591 972 341 735 404 916 175 588 368 203 106 597 505 242 853 107 712 555 146 613 292 52 72 141 701 897 673 450 366 480 16 691 249 327 222 646 768 235 137 55 586 857 118 34 441 237 535 450 557 914 372 678 217 614 441 49 572 748 637 0 12 338 629 429 537 434 683 482 
335 784 289 874 918 435 74 678 805 850 253 894 405 943 162 363 505 388 133 677 600 139 983 394 482 139 459 11 931 736 847 642 820 906 609 658 893 803 674 747 332 792 287 744 696 417 374 368 735 254 827 588 905 335 223 200 508 57 1007 367 43 314 178 121 321 609 237 850 545 955 482 460 684 134 29 796 698 830 855 852 429 117 950 951 229 996 944 841 454 450 871 942 450 690 333 20 16 231 917 705 792 28 0 424 801 218 381 776 832 304 
459 294 950 363 241 526 601 372 487 666 507 577 711 625 654 347 148 737 626 539 355 927 173 166 564 814 648 947 282 914 120 49 972 637 986 362 334 157 664 1004 635 451 828 750 762 433 372 63 993 944 727 805 636 349 609 603 284 110 166 942 215 657 54 587 258 908 590 598 648 868 514 466 382 763 133 433 151 410 729 495 798 311 336 748 870 779 192 908 251 925 990 193 988 851 618 715 85 246 93 516 491 327 430 0 14 283 423 683 389 830 
588 898 151 1010 950 692 319 339 694 447 666 545 522 1000 353 180 623 719 458 330 628 447 33 863 145 677 57 851 648 623 6 458 545 664 356 46 387 351 162 342 54 49 569 664 692 171 763 107 59 687 89 454 148 302 440 791 38 632 693 318 339 59 722 665 965 514 59 666 346 218 488 444 221 143 310 221 225 450 409 300 453 554 445 399 978 473 902 281 263 686 864 24 745 502 532 816 22 685 217 869 217 635 795 6 0 971 888 369 276 168 
146 590 767 378 283 847 423 763 566 378 646 732 61 733 722 524 198 717 45 82 760 352 571 580 937 577 579 520 850 124 56 827 138 326 887 257 60 900 699 586 363 626 606 387 902 500 914 962 522 914 332 228 872 200 921 252 626 766 658 689 448 628 712 278 933 383 635 624 820 860 46 910 123 844 77 89 170 989 656 748 295 992 540 452 283 374 281 793 368 230 299 227 134 196 92 768 762 800 513 497 578 423 219 287 971 0 189 107 822 785 
343 476 284 380 471 977 1010 788 106 895 688 573 193 372 268 674 543 171 33 324 847 298 970 379 825 904 736 739 751 95 422 379 329 617 894 559 402 909 541 123 888 228 304 701 338 446 967 534 30 997 783 675 325 228 561 622 482 402 272 386 161 394 457 453 668 265 534 591 274 669 563 390 298 329 218 635 190 784 914 478 998 232 273 456 795 643 61 359 837 226 731 491 252 206 461 361 83 762 571 750 488 546 372 426 872 188 0 537 333 566 
616 625 914 623 819 474 502 61 756 503 10 321 599 956 617 717 353 700 197 816 600 671 579 189 168 975 946 521 832 607 421 996 550 218 884 865 689 599 255 122 223 734 153 734 379 341 134 931 119 611 878 314 180 473 907 342 168 895 595 788 897 961 656 97 557 611 473 89 791 51 387 39 27 174 732 306 712 703 871 204 174 486 530 243 528 938 264 755 778 58 141 531 1007 994 266 402 430 516 902 161 572 451 777 691 381 109 541 0 425 390 
277 305 927 597 34 184 259 628 17 660 889 330 687 830 763 862 860 651 300 333 310 196 961 929 258 404 896 759 225 280 512 968 224 201 462 521 679 810 496 113 873 988 390 288 188 671 366 986 870 751 444 780 221 841 121 54 157 398 584 110 384 950 916 34 298 143 610 741 994 316 633 319 729 765 433 348 936 537 64 15 973 18 200 539 431 963 979 275 503 848 578 631 536 962 712 849 53 322 406 668 613 698 841 398 290 820 350 427 0 275 
649 305 935 576 296 702 530 472 831 110 114 53 102 785 823 774 796 192 454 497 219 103 3 802 68 850 111 54 853 331 301 669 620 598 174 665 936 683 922 463 391 362 429 369 621 149 359 516 672 939 569 146 213 787 958 645 560 566 668 182 616 190 800 685 392 523 810 815 966 857 542 977 161 592 1015 849 211 737 497 813 506 376 196 147 966 283 360 304 241 19 886 958 149 738 970 142 170 467 957 360 668 488 319 842 162 783 564 372 274 0 

Depot information
1
1
1
1
1
1
1
1
1
1

Customer information
1
1
1
1
1
1
1
1
1
1
1
1
1
1
1
1
1
1
1
1
1
1
1
1
1
1
1
1
1
1
1
1
1
1
1
1
1
1
1
1
1
1
1
1
1
1
1
1
1
1
1
1
1
1
1
1
1
1
1
1
1
1
1
1
1
1
1
1
1
1
1
1
1
1
1
1
1
1
1
1
1
1
1
1
1
1
1
1
1
1
1
1
1
1
1
1
1
1
1
1
