Seed 123 - Instance: n60m10_1
n 60
m 10
Q 9999
L 2
U 21

0 48 707 506 926 577 594 404 270 230 439 647 643 507 595 450 189 672 90 850 25 368 936 649 37 654 526 513 863 382 213 444 701 633 304 528 444 980 959 882 162 43 112 556 245 916 267 858 981 283 800 988 345 654 693 694 184 401 528 138 607 604 545 270 277 271 351 636 352 784 
36 0 500 461 631 803 35 216 624 329 834 788 154 610 986 503 350 268 998 753 13 775 958 114 300 897 943 944 949 918 682 771 530 906 411 641 684 49 466 433 886 814 177 967 476 919 45 712 980 901 192 91 851 300 338 733 827 827 142 200 239 719 655 265 929 955 698 1000 541 692 
714 495 0 967 843 256 636 150 596 746 513 82 443 454 939 883 167 549 814 803 836 995 85 996 212 737 444 451 516 228 822 11 654 74 473 695 537 798 855 42 64 97 274 203 320 705 916 230 674 800 120 87 89 835 400 695 997 324 466 113 464 890 776 551 651 596 353 356 126 723 
513 461 970 0 551 19 833 501 100 459 205 524 1009 400 808 492 656 914 385 820 795 53 313 47 921 608 633 228 369 500 28 374 155 367 216 478 253 446 647 920 607 84 435 127 735 626 573 266 999 467 191 156 821 849 610 707 524 365 35 256 928 132 650 453 522 869 293 444 200 892 
922 625 845 545 0 867 698 494 803 257 139 62 735 210 269 194 142 599 857 549 918 418 82 131 743 605 872 114 355 797 695 38 118 930 34 708 697 973 568 81 380 815 818 163 47 801 993 689 993 814 104 950 421 51 546 533 565 803 225 664 700 856 389 613 110 525 842 16 546 682 
579 795 254 8 878 0 812 369 417 838 929 487 242 886 153 925 202 520 382 839 539 537 419 535 38 351 640 57 492 967 592 996 395 835 480 141 687 256 881 682 375 817 939 93 892 863 84 1002 892 610 978 597 398 386 413 875 185 270 301 850 165 557 1011 950 745 276 753 568 769 168 
608 44 640 825 715 823 0 187 753 777 29 152 40 19 59 648 950 998 481 271 837 23 601 661 323 171 773 618 523 703 200 904 260 360 512 149 18 838 274 782 714 724 315 356 638 917 185 286 731 434 806 371 535 122 235 665 93 94 701 83 145 862 831 406 738 313 22 414 408 937 
394 217 154 497 483 374 195 0 704 749 696 745 428 532 713 463 176 845 91 238 130 403 855 983 459 471 534 903 340 953 502 336 512 433 949 776 211 788 147 735 684 494 291 474 190 554 648 766 993 736 653 534 894 751 886 900 336 580 494 655 250 854 133 677 78 709 362 571 591 926 
269 608 609 102 808 431 746 715 0 674 69 918 832 163 315 856 909 913 612 601 257 978 717 661 690 128 465 164 608 489 841 80 158 241 19 807 1011 666 671 867 238 288 494 179 907 171 649 886 597 849 748 356 679 252 840 261 574 54 218 938 929 755 197 599 756 993 920 76 957 528 
231 341 760 452 258 829 779 738 683 0 725 403 835 997 20 361 696 977 715 669 120 450 592 483 120 541 189 958 277 425 745 928 501 525 848 808 213 911 304 325 781 625 43 449 783 205 825 53 798 94 614 454 274 28 888 724 124 360 77 727 279 375 653 538 755 778 662 898 592 233 
429 852 511 215 143 943 33 692 68 729 0 525 388 243 358 722 697 523 997 798 413 1000 883 896 489 211 281 135 73 379 943 730 1002 41 82 113 646 326 834 544 595 72 1012 351 872 713 854 834 763 757 964 544 295 189 616 482 840 370 518 486 664 511 936 370 989 165 402 492 612 279 
636 780 75 521 62 497 145 729 905 406 516 0 538 364 445 127 953 526 376 704 642 70 487 372 385 778 293 428 802 256 79 304 441 375 579 910 278 417 550 864 736 41 254 30 705 493 625 364 759 945 576 958 33 545 596 38 2 721 304 480 488 87 525 90 488 276 989 360 608 881 
641 136 433 1005 741 243 40 414 827 836 384 528 0 438 991 98 999 759 444 542 812 60 922 579 804 77 478 541 230 563 640 913 720 482 519 666 464 741 569 85 817 701 514 897 780 826 598 477 126 832 400 705 783 248 34 518 518 776 125 448 201 67 590 765 820 495 349 652 821 23 
497 612 455 415 212 898 17 522 162 997 257 368 428 0 897 98 983 206 880 305 26 825 141 638 758 813 30 343 61 549 229 206 903 395 87 60 510 231 18 325 344 769 317 380 302 851 663 162 79 534 611 334 440 417 765 129 533 799 758 48 407 581 804 512 959 727 226 680 410 594 
593 977 955 808 270 158 51 707 321 8 357 455 987 907 0 878 357 427 973 974 371 689 78 926 501 220 967 1012 40 173 912 72 812 569 859 370 43 50 688 542 969 405 239 701 574 71 480 259 641 833 871 239 181 349 497 119 1003 869 129 580 687 642 906 674 325 231 483 577 935 30 
450 496 869 478 203 925 643 462 840 362 723 134 108 91 884 0 943 851 168 199 864 303 745 204 269 566 796 800 553 78 452 782 677 868 729 696 366 855 835 1001 701 160 959 642 714 849 148 512 67 333 767 855 560 64 256 850 166 308 296 627 319 79 897 207 538 884 42 973 43 317 
183 365 172 663 133 201 951 180 900 711 697 965 997 976 351 944 0 257 952 98 602 37 263 825 1008 52 999 273 145 243 213 287 501 826 162 703 38 479 230 106 827 369 422 90 506 885 342 429 1006 357 471 738 467 613 530 173 902 239 753 212 515 586 546 88 769 255 734 888 177 326 
674 261 562 909 601 522 993 849 918 984 521 540 762 219 421 854 256 0 19 84 589 406 85 530 498 83 374 160 272 440 42 348 882 676 171 731 813 288 991 978 460 714 951 392 296 214 696 462 343 428 113 345 488 715 454 632 258 782 484 435 975 64 68 852 460 508 565 550 31 407 
74 987 828 379 857 387 479 74 622 711 1001 362 452 881 969 172 949 19 0 728 334 625 66 278 991 104 126 488 172 782 813 640 168 964 839 780 807 17 987 463 888 516 588 682 260 202 393 930 995 298 284 614 803 485 215 542 938 971 972 426 873 708 873 885 18 691 871 512 43 531 
845 748 788 819 540 836 264 252 605 659 818 701 544 318 967 205 105 95 736 0 842 657 67 236 893 411 59 115 221 154 740 342 218 90 805 852 444 342 90 75 135 436 140 753 786 531 181 542 506 602 250 854 389 381 264 397 912 19 185 896 480 469 17 822 611 963 649 719 223 45 
24 23 835 781 913 547 832 129 246 109 428 636 805 31 365 858 599 596 343 840 0 722 36 834 374 914 133 129 452 58 244 514 806 875 90 480 72 957 126 920 146 236 681 498 274 792 604 305 777 264 227 782 417 541 613 845 633 411 52 695 900 382 162 711 123 855 134 902 74 521 
382 787 989 59 431 517 38 409 988 442 1003 64 61 812 688 302 27 408 630 643 711 0 992 648 382 31 433 503 829 679 24 877 892 421 619 996 194 741 806 269 1012 742 916 74 765 184 952 935 8 337 711 647 49 491 759 9 668 856 402 955 808 249 201 212 542 819 636 363 450 649 
932 944 66 305 94 406 595 842 708 596 885 486 919 155 69 759 266 82 53 69 35 986 0 153 929 985 132 821 661 790 250 783 434 1015 343 944 243 731 93 949 12 227 974 766 965 345 221 508 84 674 209 496 226 326 873 88 387 224 523 429 429 276 718 221 625 575 154 760 899 580 
642 128 983 61 144 539 659 981 650 496 894 363 572 621 907 186 826 516 289 235 823 632 143 0 496 640 727 411 692 516 107 177 865 552 802 767 732 442 716 182 771 241 490 66 328 243 77 583 629 152 749 344 855 872 124 894 978 257 633 220 573 976 697 986 760 753 987 141 593 319 
50 308 218 937 744 41 315 464 698 123 481 376 816 751 503 258 1008 498 993 902 370 387 926 498 0 375 790 134 436 928 1005 549 151 369 870 345 222 930 95 823 589 674 504 68 434 764 346 994 150 776 30 772 656 993 405 850 312 674 151 84 296 812 212 280 989 89 1003 833 520 635 
641 886 750 603 608 358 173 463 125 547 218 777 87 812 217 569 45 95 104 405 914 29 981 632 386 0 343 644 775 983 505 264 822 745 290 750 592 730 188 336 966 634 650 111 152 414 558 435 594 869 406 438 593 147 461 210 109 695 720 260 351 859 243 942 863 51 511 289 281 267 
521 947 443 622 883 649 777 527 461 178 282 312 478 25 970 799 996 355 130 57 127 422 127 717 790 339 0 719 896 927 804 378 241 979 682 489 581 41 613 269 168 599 126 120 463 550 512 815 552 924 253 819 370 73 285 627 632 889 574 419 980 71 838 737 221 252 47 515 794 883 
512 946 453 210 117 39 627 917 159 950 143 415 556 340 1017 808 268 142 488 117 128 500 824 406 148 657 714 0 757 497 311 330 735 552 569 459 314 768 945 602 657 802 599 426 715 676 63 862 20 385 769 172 537 846 764 103 828 320 567 799 189 693 86 444 29 183 813 502 209 903 
875 953 515 376 371 478 506 330 617 271 86 804 239 59 46 565 160 255 185 222 446 819 646 691 438 779 908 763 0 416 683 291 112 14 800 418 357 822 55 844 504 207 73 829 378 551 278 891 604 713 872 143 436 845 621 883 930 348 135 978 311 783 887 459 118 114 954 420 91 29 
377 913 226 496 803 985 701 946 482 417 385 250 550 553 176 73 243 441 795 162 66 674 798 498 940 986 919 498 421 0 893 531 63 756 69 985 42 892 374 992 778 112 196 262 76 326 349 313 150 497 829 452 816 693 712 115 458 277 406 915 407 269 685 367 931 815 414 332 396 858 
216 681 820 15 690 582 202 487 835 748 951 74 657 246 911 463 220 36 819 753 247 29 254 99 1005 510 818 306 698 911 0 156 599 591 883 936 580 575 40 893 812 355 103 899 69 731 473 966 580 330 468 840 27 534 232 400 779 69 264 480 764 256 383 590 133 162 569 337 675 530 
447 781 9 374 28 996 902 337 96 935 722 303 924 205 76 784 292 346 633 352 522 892 785 183 549 276 372 335 291 536 155 0 931 363 956 381 102 89 506 607 709 744 897 263 814 159 218 906 246 404 241 124 693 799 812 81 554 692 85 486 87 231 756 550 446 786 960 703 695 479 
712 527 663 148 119 402 268 515 161 518 996 438 715 899 819 680 497 878 180 217 800 881 437 884 163 836 245 736 112 69 590 919 0 998 477 814 569 432 905 211 93 727 303 38 242 416 39 605 80 101 622 1017 636 666 807 530 619 808 91 693 292 966 187 206 387 702 863 862 288 361 
634 906 70 363 922 839 354 444 240 541 22 386 483 379 579 863 821 674 952 78 879 402 1019 559 378 739 993 547 26 744 595 363 988 0 659 430 891 28 877 402 966 708 576 993 578 687 333 187 734 128 359 918 122 65 872 437 988 424 626 788 188 967 34 447 493 113 635 374 588 404 
303 395 466 225 51 485 521 959 4 833 72 575 522 71 851 721 164 163 841 799 87 616 355 806 873 284 684 565 798 67 880 964 470 676 0 961 505 740 771 853 866 996 430 711 670 507 449 204 600 835 312 662 494 744 152 920 139 144 630 1003 606 110 540 967 681 341 62 531 933 624 
538 655 689 490 720 140 159 756 805 792 113 904 667 72 375 689 706 727 779 859 489 1001 950 775 351 767 478 461 427 988 925 385 820 433 966 0 62 126 701 509 218 565 34 893 628 896 316 102 938 661 982 690 47 576 892 160 90 697 994 126 509 66 679 497 175 762 174 685 80 782 
454 691 535 253 679 689 15 200 1015 223 646 266 454 510 39 369 49 814 796 461 77 205 248 745 226 606 574 304 351 29 582 104 571 876 509 51 0 239 219 290 861 144 143 650 259 282 37 285 565 811 838 877 985 553 123 845 299 916 106 49 852 260 787 762 719 476 866 865 396 719 
973 42 796 449 985 244 844 789 668 922 330 413 740 234 52 851 481 306 17 338 969 741 735 436 928 739 38 777 821 902 574 96 431 25 740 132 243 0 592 532 275 386 868 953 921 415 799 748 1005 111 359 986 832 552 848 286 232 1003 54 168 573 935 798 408 298 72 703 904 648 48 
961 469 854 648 584 879 273 137 671 309 839 549 581 12 690 827 223 982 984 82 131 805 82 719 92 188 612 950 43 383 39 487 912 887 766 700 211 607 0 629 508 129 559 849 470 63 338 655 157 213 957 662 525 61 50 690 159 595 691 287 227 76 164 896 767 422 403 121 116 734 
883 434 38 922 81 681 781 742 877 312 543 852 86 338 541 1004 108 981 460 64 912 275 932 189 816 334 276 599 848 984 887 598 211 395 863 505 304 537 629 0 384 980 142 339 356 345 360 119 1004 730 119 511 217 453 502 327 678 587 886 419 466 64 401 905 450 323 15 1014 453 570 
154 881 78 600 379 366 712 671 239 786 602 730 815 346 971 695 839 449 891 141 146 1001 11 765 572 960 165 646 498 779 801 717 95 957 865 212 854 272 518 377 0 263 436 657 812 877 66 326 40 226 358 931 947 293 617 307 532 225 941 812 596 410 213 841 770 217 976 159 368 34 
39 820 99 94 810 800 712 496 291 624 74 44 693 758 397 159 371 715 518 429 231 754 225 244 663 633 598 800 195 111 342 758 720 721 997 559 138 382 130 988 282 0 30 189 575 987 558 783 173 402 492 844 810 751 576 690 517 350 449 923 570 870 84 483 775 228 366 685 943 103 
111 191 278 443 816 934 331 288 475 43 1004 270 514 313 240 950 409 946 590 137 676 906 987 497 519 659 125 596 85 181 110 894 299 576 415 30 149 870 567 142 426 40 0 576 352 541 669 247 748 45 840 636 577 216 578 369 766 412 483 48 250 197 743 661 731 681 593 907 787 100 
557 949 210 126 156 83 375 477 177 463 358 44 891 394 685 650 89 380 691 746 501 77 763 71 71 120 123 429 842 277 898 267 29 995 714 886 662 953 848 346 655 194 574 0 367 966 620 593 976 812 750 760 976 379 637 262 731 246 477 869 199 287 980 1002 957 583 769 689 424 996 
257 462 323 739 48 889 627 192 899 783 877 702 761 304 576 718 495 314 274 795 271 774 967 338 447 140 461 722 386 65 74 820 254 591 658 625 253 936 462 345 818 581 337 368 0 61 200 394 127 438 861 45 592 355 325 565 810 428 988 792 791 121 838 523 837 818 242 297 967 312 
924 910 689 612 798 871 927 555 173 196 728 502 830 853 67 859 883 225 200 524 793 193 343 244 757 418 557 691 536 326 736 166 419 682 501 881 282 405 76 344 888 981 538 955 50 0 287 492 168 840 45 879 790 135 791 546 607 630 74 956 71 923 346 372 261 884 345 81 472 827 
272 37 935 587 985 79 195 654 649 823 839 621 590 672 476 138 351 687 407 172 587 953 224 80 344 568 523 56 281 351 466 200 53 322 448 307 32 811 323 357 77 560 667 627 193 272 0 210 930 833 948 187 65 644 668 210 536 195 866 375 518 268 13 434 502 796 126 92 583 924 
861 713 233 277 685 1003 278 756 877 60 837 358 482 153 272 508 413 472 920 538 290 938 498 574 1002 430 811 852 892 314 957 906 594 197 209 103 286 767 654 118 332 785 248 599 403 474 210 0 221 238 557 626 357 959 532 457 642 322 420 159 544 721 246 879 499 477 166 254 217 275 
985 976 668 997 989 890 717 1004 604 795 770 762 107 90 629 55 1006 342 995 508 775 13 98 624 142 599 536 23 612 149 563 238 65 742 606 946 571 1004 158 994 33 163 762 971 125 168 924 210 0 599 299 222 833 611 39 108 293 362 754 911 871 461 295 202 588 651 952 536 748 1014 
283 900 790 453 799 615 434 746 851 92 765 954 822 534 822 334 361 437 283 606 263 325 676 160 759 880 928 397 714 488 323 410 93 126 833 665 809 115 226 716 224 407 40 823 427 835 831 234 599 0 330 358 687 696 71 912 636 251 16 679 902 182 141 195 483 447 189 227 916 632 
815 182 109 191 94 983 798 646 743 619 958 562 393 611 855 770 461 99 286 255 243 713 193 752 17 391 243 781 867 835 468 238 620 374 304 988 837 346 954 123 355 499 832 741 849 35 955 565 294 330 0 747 168 644 611 787 653 471 795 504 867 807 192 755 499 718 295 370 355 55 
993 105 85 144 953 597 379 538 357 437 560 942 695 339 241 855 746 341 618 852 782 646 487 349 770 432 838 182 142 451 838 128 998 900 656 696 893 990 662 517 914 855 627 769 42 891 187 634 224 341 737 0 463 568 709 227 521 492 316 158 462 358 713 653 853 421 159 20 772 599 
339 852 89 818 409 402 532 875 680 266 298 24 780 448 175 571 478 491 789 385 407 54 235 853 661 608 364 532 421 810 19 700 635 127 481 43 975 813 525 205 947 814 572 983 603 796 73 361 847 687 165 458 0 370 685 1004 369 27 108 741 288 629 766 938 527 272 16 49 63 157 
648 295 842 841 48 395 121 748 246 23 187 541 233 419 357 76 623 720 480 384 555 483 336 869 996 151 93 855 843 700 537 798 662 66 747 585 541 560 71 444 282 757 207 388 358 131 628 962 600 692 662 582 368 0 962 255 160 122 992 435 367 959 917 37 845 427 359 159 261 88 
696 346 406 628 563 409 232 901 855 889 614 601 36 755 496 259 514 454 218 273 606 765 873 134 400 460 283 775 620 707 233 801 822 882 158 886 130 847 46 505 622 590 573 646 333 777 673 536 55 55 603 694 691 963 0 125 598 702 30 812 198 166 255 207 142 637 619 598 431 316 
703 725 709 694 532 878 654 897 268 718 478 39 498 141 110 852 177 628 548 400 833 12 99 899 843 207 633 88 886 125 394 86 529 443 916 174 843 296 691 319 297 674 361 248 572 563 213 460 94 906 781 226 992 262 122 0 613 102 476 896 632 345 796 328 137 898 648 755 615 869 
181 819 1009 516 553 176 93 324 568 131 845 4 517 527 1003 162 908 249 932 924 627 662 390 975 305 109 629 824 930 458 773 559 616 991 137 94 295 236 161 677 547 509 749 730 802 616 536 629 279 621 665 520 371 153 598 620 0 104 339 582 55 707 547 196 798 645 146 245 817 10 
400 826 328 382 805 258 82 589 64 357 371 718 777 805 885 293 243 793 968 4 413 854 235 263 662 705 877 318 364 274 74 694 807 428 141 690 910 998 587 589 236 367 405 251 411 636 200 324 360 263 477 486 27 119 706 101 117 0 571 525 717 115 969 225 171 94 705 233 709 691 
517 131 474 22 219 303 688 483 214 72 530 305 134 757 129 288 759 489 953 196 51 396 525 620 158 731 582 584 141 402 263 65 102 623 638 983 112 42 687 872 937 434 476 486 986 91 862 419 763 30 786 302 103 985 48 464 352 564 0 756 638 55 449 672 773 773 854 571 353 469 
138 204 100 268 681 849 81 654 951 720 490 491 444 30 574 624 205 437 431 899 676 943 430 207 84 268 424 799 981 926 481 492 694 776 989 121 55 158 279 409 811 929 50 861 790 946 366 162 911 692 514 154 741 444 812 915 579 526 768 0 565 322 929 127 262 524 714 738 243 776 
616 255 462 930 701 159 153 248 926 290 648 490 191 405 678 319 520 973 881 468 901 806 436 571 297 365 980 205 307 422 759 76 292 187 596 513 853 557 226 461 598 579 244 202 793 65 522 538 864 914 868 445 293 367 196 626 56 719 643 566 0 819 191 789 672 907 53 26 182 629 
622 732 892 145 841 558 863 873 758 370 523 75 60 591 655 70 583 64 707 462 382 248 276 961 816 840 80 691 770 274 241 230 973 972 103 72 257 934 74 66 409 871 193 272 111 921 266 705 472 177 804 355 635 961 164 354 705 112 64 329 818 0 455 787 511 170 352 96 876 140 
556 670 760 648 382 997 830 145 208 665 939 525 587 813 910 900 562 54 862 11 158 198 713 705 212 228 851 88 894 685 365 768 180 34 535 677 780 800 164 419 226 94 736 987 838 335 10 251 309 127 185 709 758 917 253 802 542 964 463 942 189 462 0 572 57 521 60 223 217 325 
278 265 552 471 600 946 405 673 594 524 381 87 769 507 671 195 104 847 893 807 719 204 227 995 279 949 735 451 466 354 583 555 205 449 948 506 757 415 890 901 839 484 657 1007 542 372 434 878 194 212 758 656 929 52 199 313 195 216 655 133 792 796 562 0 851 248 810 529 593 164 
270 933 638 534 105 751 742 92 758 739 979 476 827 957 315 555 767 463 6 605 122 530 634 759 996 868 219 35 105 926 135 453 385 496 678 176 729 296 758 450 768 776 742 961 838 261 491 503 592 496 499 854 530 851 132 144 808 164 787 258 664 530 59 841 0 910 75 666 19 856 
274 950 604 879 523 267 320 720 1007 791 152 266 492 724 236 889 254 509 690 960 860 834 560 763 86 53 234 191 103 818 176 791 719 109 352 756 479 86 423 321 204 219 674 574 803 888 786 459 669 451 721 437 276 435 636 892 645 93 772 523 906 174 506 264 902 0 758 196 667 426 
345 684 353 295 840 747 19 362 911 670 397 1002 348 222 477 43 728 572 864 635 134 640 153 993 1000 512 49 807 962 419 569 974 864 644 64 180 860 697 396 25 962 384 591 769 231 357 115 173 950 172 307 178 5 366 619 652 148 704 862 727 48 366 55 818 78 744 0 286 815 383 
640 999 360 439 6 567 419 572 69 913 490 347 655 675 583 971 879 540 520 726 901 378 761 152 833 272 512 513 410 339 326 691 856 368 549 686 864 901 116 1002 159 674 888 692 302 81 84 240 544 232 357 20 45 173 604 774 247 243 572 733 34 80 232 527 656 198 281 0 743 980 
348 558 128 209 545 783 408 600 961 609 607 600 812 409 936 47 170 25 59 233 78 455 907 601 511 285 811 196 99 384 675 701 302 579 943 90 410 648 114 453 365 942 800 439 955 471 578 215 753 923 370 764 47 262 414 610 817 708 346 243 180 889 223 596 4 659 829 737 0 42 
774 692 733 882 678 149 953 933 529 226 274 885 29 590 41 311 317 400 535 51 522 640 587 331 647 277 882 900 21 869 524 475 377 396 633 773 705 39 736 562 38 109 108 1007 322 843 918 290 1008 622 57 611 170 74 305 860 7 674 458 767 638 135 333 150 863 421 369 985 46 0 

Depot information
1
1
1
1
1
1
1
1
1
1

Customer information
1
1
1
1
1
1
1
1
1
1
1
1
1
1
1
1
1
1
1
1
1
1
1
1
1
1
1
1
1
1
1
1
1
1
1
1
1
1
1
1
1
1
1
1
1
1
1
1
1
1
1
1
1
1
1
1
1
1
1
1
