Seed 123 - Instance: n70m5_0
n 70
m 5
Q 9999
L 5
U 15

0 372 298 563 463 642 366 624 474 852 605 99 257 249 515 305 777 682 600 537 156 459 170 262 243 796 767 822 865 752 820 357 176 388 774 477 996 425 553 985 474 33 936 772 124 602 61 663 907 649 209 904 699 656 891 930 292 897 848 709 72 254 588 697 98 690 200 312 573 317 518 656 700 780 252 
366 0 119 763 295 303 894 46 791 599 165 920 45 393 487 160 327 869 363 727 405 548 646 808 789 896 949 326 334 568 297 574 646 66 709 50 889 431 970 732 748 635 483 582 197 549 441 110 284 507 401 383 798 756 963 141 913 63 84 110 364 85 214 276 82 490 603 619 500 23 653 950 53 50 874 
301 124 0 238 369 151 140 431 492 751 178 167 95 71 927 606 736 621 821 704 913 451 374 327 956 641 684 239 813 460 939 315 206 924 336 1000 724 526 650 998 300 818 84 893 153 924 458 664 861 210 347 926 843 799 616 148 188 163 514 741 209 845 48 103 329 165 841 457 285 813 612 398 586 563 979 
548 748 246 0 303 845 32 970 955 989 358 451 961 992 142 562 730 48 593 668 223 551 291 417 802 35 975 585 825 925 98 633 320 994 730 679 384 805 152 8 356 914 390 195 406 341 402 351 476 787 833 471 753 354 748 80 452 744 546 342 292 669 818 615 295 641 507 76 791 224 221 941 332 159 703 
474 310 358 289 0 625 714 964 389 785 24 554 701 857 9 126 948 523 678 484 577 895 681 400 562 482 17 21 980 194 69 811 433 118 909 369 105 454 123 38 900 114 763 861 111 637 943 885 913 705 100 798 625 839 72 487 631 146 957 641 229 302 235 78 703 146 331 151 125 858 705 201 293 574 505 
654 317 147 848 631 0 460 53 387 815 536 487 567 997 71 213 577 988 12 468 807 156 277 363 191 442 1012 624 242 637 329 352 90 487 518 746 522 792 585 953 926 540 714 430 99 422 992 398 151 419 816 360 502 948 4 240 956 200 109 266 351 52 297 204 648 195 799 569 794 1000 905 591 616 533 539 
372 903 146 26 699 462 0 341 672 843 955 404 54 173 494 414 566 505 261 840 436 835 514 990 725 591 719 705 780 683 739 709 788 150 132 773 732 877 252 515 293 39 164 523 545 487 413 17 8 792 947 814 332 122 792 479 410 819 442 972 209 69 853 126 703 674 722 336 556 876 487 970 567 538 133 
630 50 424 987 961 47 326 0 103 952 37 756 353 503 759 460 889 411 905 576 149 927 459 212 260 654 926 574 127 65 219 499 386 597 270 585 959 720 895 753 79 335 509 791 513 818 421 664 723 12 42 372 463 267 203 264 16 740 302 413 446 62 653 366 360 485 367 520 299 575 716 80 331 486 162 
473 782 499 966 386 396 663 116 0 217 408 547 889 398 124 373 735 400 443 493 975 648 181 377 350 76 632 652 609 831 398 836 465 597 518 837 200 639 489 313 775 98 958 156 967 838 590 978 912 36 289 74 356 238 276 207 762 979 264 826 247 906 789 786 701 912 23 353 317 347 398 193 873 510 419 
863 604 741 974 783 808 840 968 207 0 807 754 699 153 954 319 121 503 511 448 546 43 665 395 604 602 315 504 50 695 384 789 821 383 611 373 558 702 847 797 205 152 471 916 599 598 575 995 765 763 602 326 194 813 581 377 661 157 368 703 686 252 368 424 519 104 552 888 953 213 361 555 742 526 586 
595 153 191 351 23 544 966 30 425 796 0 955 981 415 949 665 583 970 705 152 27 475 55 379 182 722 201 524 693 781 290 953 53 686 860 438 506 700 936 810 347 596 614 374 289 353 422 470 932 968 491 927 179 288 702 260 216 945 519 731 166 1013 280 467 966 421 256 736 985 522 372 134 459 321 120 
104 916 166 453 554 486 408 770 540 738 942 0 559 788 163 875 978 659 785 731 734 495 317 609 421 35 1003 618 1002 78 856 463 226 609 935 296 251 787 773 870 965 22 557 116 270 592 82 35 651 574 681 289 357 629 932 664 513 56 864 473 901 801 1003 509 171 147 627 144 124 574 399 928 452 58 504 
244 46 90 960 709 566 71 334 875 698 989 558 0 115 497 554 986 241 583 356 792 939 171 602 947 599 407 217 811 433 409 707 875 779 861 887 197 347 385 236 976 157 53 996 983 85 779 576 237 703 258 863 410 296 258 41 765 162 856 870 147 384 9 832 190 500 715 650 288 39 548 942 293 813 51 
243 401 68 1003 877 997 183 495 417 150 418 787 112 0 963 501 185 250 140 81 557 895 433 130 868 185 879 648 562 679 322 931 945 661 328 855 178 38 673 247 734 523 6 456 998 323 540 573 661 405 173 289 691 960 615 676 951 777 814 320 884 122 625 706 114 848 810 567 45 979 736 952 882 434 883 
502 488 915 152 4 62 487 750 134 948 941 156 496 946 0 968 759 984 476 709 191 960 522 504 959 869 92 735 423 884 480 302 957 829 145 512 167 341 1005 156 998 144 258 209 879 199 468 776 619 299 483 899 518 982 840 558 60 312 255 624 833 433 792 80 428 939 808 700 696 215 136 665 701 19 782 
305 151 598 555 120 224 404 448 369 316 677 887 567 494 959 0 411 7 676 278 218 462 415 860 669 363 143 201 369 456 426 404 432 54 625 824 466 300 683 521 722 112 868 874 1005 566 910 609 125 763 440 838 335 126 836 116 375 222 861 54 59 397 254 893 26 21 152 409 305 929 188 127 945 406 497 
772 325 722 724 938 582 583 891 724 104 590 975 994 181 773 414 0 558 184 440 675 938 914 750 783 196 201 807 121 338 162 1008 813 555 469 335 58 711 832 932 624 612 627 506 200 401 368 621 413 834 811 876 80 738 31 249 647 583 176 962 16 996 825 182 614 38 453 199 406 639 380 564 431 614 993 
675 868 625 62 523 972 522 417 418 495 954 644 236 240 979 13 560 0 219 233 633 807 173 321 654 623 884 731 702 416 497 537 110 292 337 217 325 460 612 331 545 150 506 245 319 342 601 13 934 656 171 189 754 172 203 519 249 182 516 227 810 803 566 759 64 879 618 939 1019 573 85 623 1 432 508 
601 357 826 587 675 25 273 913 451 522 704 785 600 131 470 675 194 213 0 478 66 162 845 721 617 546 506 473 781 954 611 847 424 924 415 559 240 630 78 118 936 161 428 664 680 125 945 265 749 765 834 832 320 638 890 97 558 510 290 950 168 298 807 584 316 891 277 823 38 306 93 443 144 96 657 
527 719 707 662 496 462 840 581 495 429 157 726 353 83 704 274 453 249 473 0 747 375 601 513 687 539 122 850 627 958 701 401 231 245 715 244 875 470 600 952 211 1009 14 840 747 360 319 799 878 971 977 596 990 788 761 126 653 27 517 284 345 652 959 398 753 131 947 875 204 822 518 689 810 295 812 
147 411 912 237 573 815 440 135 969 544 17 741 787 557 202 220 676 650 60 750 0 25 367 554 113 103 366 991 1002 571 785 465 802 134 150 763 64 385 274 9 678 595 111 687 422 392 621 765 517 391 156 31 829 529 485 78 792 954 79 537 718 732 737 671 446 407 280 763 612 473 449 82 892 483 884 
464 540 443 538 902 137 829 932 659 49 463 498 925 896 957 463 941 800 168 379 29 0 468 896 958 985 976 821 806 419 859 84 778 406 583 963 496 841 111 303 935 489 200 675 90 552 218 892 80 677 835 802 326 999 247 429 321 460 376 852 19 221 843 98 763 840 78 738 505 707 785 688 971 1010 100 
182 638 380 285 675 262 534 442 180 673 67 311 171 432 525 416 918 189 861 601 383 477 0 128 205 327 237 530 707 454 607 408 806 406 278 688 103 25 784 985 882 765 306 737 561 915 420 568 366 634 459 581 603 240 611 861 419 911 133 294 217 167 254 970 939 649 378 223 27 793 645 158 329 183 573 
256 797 340 430 402 363 990 206 376 382 391 613 597 121 501 868 745 331 726 507 555 897 145 0 637 953 731 428 278 561 10 194 1005 429 142 111 73 121 996 944 608 303 965 954 254 623 510 892 579 251 820 957 207 326 214 834 896 493 758 129 290 129 356 780 224 611 52 383 556 382 912 836 510 1012 332 
255 795 955 807 555 189 712 247 341 602 181 424 933 873 964 656 789 655 605 688 121 969 218 649 0 313 179 550 812 532 1009 800 102 715 607 973 217 241 156 82 820 550 443 259 1008 418 960 962 686 799 340 843 151 770 461 652 664 346 664 192 596 412 679 632 137 485 753 516 379 475 48 371 95 353 781 
788 887 635 40 479 442 580 649 70 592 725 29 595 193 865 361 186 613 550 544 96 985 327 960 312 0 727 592 377 343 914 927 696 320 954 472 296 240 589 653 372 132 363 57 922 111 528 726 77 570 939 897 490 674 406 117 23 829 241 282 1005 661 798 946 837 624 883 684 887 366 378 324 488 576 565 
762 943 701 979 30 1004 723 929 627 317 207 997 422 882 95 138 198 897 504 113 358 969 238 728 164 740 0 685 747 977 224 49 551 303 504 478 284 675 1012 243 873 383 402 522 183 138 757 554 734 326 598 615 394 85 793 260 818 425 919 371 526 482 762 872 1016 800 549 241 341 719 912 318 464 150 647 
819 324 239 594 12 610 709 583 647 510 526 618 211 649 753 217 818 723 460 852 1001 828 526 422 537 592 682 0 900 272 747 252 778 583 197 60 436 451 596 338 702 661 47 594 538 465 288 255 777 321 831 289 328 48 88 999 526 718 186 577 490 750 73 763 598 426 120 87 672 799 209 201 54 901 132 
867 337 828 828 993 254 773 128 612 69 687 995 815 569 424 364 107 717 798 618 1015 804 695 280 800 371 742 907 0 90 565 218 78 612 379 62 39 740 122 448 64 990 659 139 857 976 1011 466 982 423 106 544 1005 543 844 444 292 13 726 919 540 782 591 878 97 448 716 985 75 435 325 583 800 561 821 
763 571 464 926 196 639 669 78 842 695 786 69 429 670 887 458 338 421 970 971 576 421 456 567 528 339 978 272 88 0 410 122 376 302 935 695 857 181 587 332 573 377 254 58 727 413 183 555 698 252 57 467 620 844 684 163 996 754 862 602 456 663 360 60 34 942 501 30 274 453 984 192 787 530 631 
822 297 931 107 66 333 733 203 388 381 280 852 408 327 482 432 173 503 611 690 800 851 621 15 1006 917 232 767 571 406 0 485 313 268 471 63 18 378 545 586 998 570 154 953 832 422 626 826 573 892 507 421 169 755 532 663 997 476 286 431 340 365 554 903 522 933 978 43 989 86 980 352 730 46 349 
341 590 309 647 807 352 695 498 836 786 949 465 706 939 307 417 1001 534 830 402 458 88 420 187 807 945 59 242 223 122 488 0 771 604 158 553 1012 852 673 907 566 440 737 406 739 998 698 134 482 462 585 564 882 56 171 808 204 470 94 962 526 272 829 465 110 555 333 849 488 185 666 927 886 349 352 
175 640 193 323 438 96 790 394 453 810 53 230 872 955 951 426 824 115 427 241 787 770 822 999 95 699 542 774 65 379 299 773 0 392 737 71 613 996 859 578 857 632 315 22 555 998 435 65 935 225 837 870 88 20 521 524 614 248 424 246 354 913 697 926 881 419 770 56 164 362 895 603 745 510 818 
399 70 924 995 129 489 144 615 599 392 685 602 773 661 822 43 563 300 922 249 136 402 393 428 725 324 309 591 609 295 252 597 407 0 44 296 289 564 379 889 125 162 706 52 870 752 623 679 359 770 848 314 485 617 99 243 850 133 776 654 688 706 689 265 77 269 139 14 78 754 322 624 473 140 953 
782 710 326 725 910 525 137 286 527 610 855 939 863 334 146 628 472 340 426 725 153 586 283 157 604 961 485 194 379 938 459 150 748 50 0 685 530 936 291 184 692 899 36 238 77 723 794 512 130 166 890 501 885 811 287 718 966 371 355 515 357 309 464 662 354 353 543 47 869 253 496 13 261 648 525 
475 44 1000 668 383 748 786 595 838 371 439 287 886 845 511 823 339 218 556 244 776 963 679 126 978 460 483 42 75 692 66 545 68 285 694 0 359 79 957 58 80 482 422 901 42 48 192 536 82 905 438 1012 357 551 226 300 238 578 599 636 256 572 790 809 253 235 542 284 40 607 949 340 270 530 99 
1004 889 707 392 105 511 730 973 213 566 509 234 198 190 152 460 49 321 224 867 65 504 99 76 206 313 283 418 48 855 4 994 596 284 523 359 0 892 940 410 674 234 598 949 651 918 562 347 94 980 706 782 86 931 245 766 35 821 1009 836 821 604 594 533 583 660 793 693 859 666 951 1013 604 342 225 
439 435 515 807 460 801 876 724 643 709 699 796 353 43 342 305 703 441 624 463 380 857 35 123 256 227 671 451 752 168 372 868 991 573 941 79 888 0 22 486 608 684 794 82 202 180 879 880 222 785 905 660 795 772 699 117 605 375 324 984 106 756 274 951 309 144 543 708 611 76 924 936 529 151 361 
559 975 654 171 107 582 255 889 488 849 932 784 379 674 1009 689 821 613 67 595 279 95 785 980 146 595 995 598 120 585 540 666 855 376 301 942 929 24 0 123 914 144 979 857 181 338 154 836 492 749 570 953 655 232 159 972 637 752 380 757 556 529 254 335 50 187 438 981 407 957 307 820 213 368 454 
970 731 1005 7 28 953 502 768 320 811 801 869 240 252 157 540 944 330 108 947 16 312 988 943 81 660 236 350 452 330 596 910 579 908 193 64 399 501 108 0 379 833 989 967 845 705 571 592 607 157 872 86 803 60 748 921 548 524 894 193 132 918 333 965 757 617 19 230 648 382 218 894 476 46 922 
476 765 300 344 889 917 311 77 759 200 365 966 971 746 996 715 625 538 936 208 672 935 883 604 823 366 869 695 78 570 999 562 855 138 703 82 681 610 911 385 0 690 333 654 367 505 488 805 184 715 697 836 527 184 120 748 574 808 269 895 263 189 779 605 939 696 103 211 794 398 937 900 968 419 544 
48 643 818 923 121 532 27 335 105 152 586 20 155 540 129 108 611 150 148 1009 599 498 755 308 544 123 382 666 976 372 576 449 624 159 881 470 245 690 158 838 695 0 430 413 943 712 69 952 830 582 722 402 356 493 761 124 41 711 466 394 749 379 998 536 237 987 25 695 953 401 656 308 158 291 247 
944 490 91 374 769 722 149 511 954 468 619 567 46 24 259 874 618 518 427 12 112 185 304 959 439 366 394 37 656 243 162 728 316 701 42 406 612 793 987 993 333 426 0 764 490 915 205 813 319 188 980 683 687 646 28 951 886 226 57 308 849 133 637 377 972 65 51 315 724 1006 152 308 771 420 59 
776 565 902 193 874 434 527 780 161 918 370 120 1005 468 216 877 506 251 661 823 675 688 717 950 256 58 535 589 136 51 956 408 30 58 239 901 957 73 861 971 667 398 752 0 433 580 106 396 39 980 817 213 398 517 751 618 895 471 158 89 810 400 556 682 1015 795 65 161 112 831 529 238 928 395 15 
136 215 155 401 93 100 526 527 975 599 299 280 988 985 878 998 191 315 680 747 429 75 548 252 992 916 181 543 851 728 822 752 547 865 65 39 646 214 170 836 372 943 502 415 0 153 399 976 914 805 672 577 917 789 460 809 337 913 932 440 125 519 773 135 187 81 993 929 678 165 983 670 458 411 719 
607 554 938 340 652 430 492 819 828 589 358 599 69 328 184 564 398 342 131 364 391 555 913 617 422 111 153 473 983 412 435 992 1002 743 724 37 914 183 332 703 510 705 912 577 146 0 232 125 988 609 440 753 432 618 964 925 586 164 502 201 25 712 92 694 973 680 391 300 767 426 505 797 117 562 431 
59 430 442 403 929 1010 406 411 590 593 431 84 771 547 454 894 374 606 939 324 630 219 437 506 955 523 741 285 1010 194 611 691 426 627 798 209 571 866 151 561 477 68 216 110 411 219 0 137 546 385 17 870 293 417 661 801 392 1002 979 439 715 713 954 396 872 263 571 306 207 288 370 957 562 495 513 
655 123 654 366 871 396 28 665 973 988 480 38 580 563 787 605 630 19 276 805 763 893 573 901 945 736 544 253 463 547 826 147 55 673 512 534 353 876 840 585 810 945 813 404 958 118 150 0 213 569 525 361 191 540 601 169 560 382 643 992 752 237 938 970 227 122 1007 633 391 952 752 155 886 745 744 
910 293 858 471 916 163 19 711 905 771 927 645 248 654 617 125 412 940 732 874 504 85 357 597 671 81 749 766 967 692 566 480 924 353 135 86 78 213 506 611 182 831 326 29 914 986 554 214 0 697 561 361 431 124 661 207 597 200 711 229 613 445 18 137 828 692 781 695 693 170 455 846 153 285 475 
647 509 221 776 712 430 780 2 29 751 971 570 710 414 297 777 850 656 753 976 390 683 629 248 788 574 328 316 412 257 889 473 239 781 160 908 975 802 756 144 725 579 190 980 806 610 397 568 696 0 68 612 968 543 284 153 621 487 850 374 874 474 454 844 223 462 224 814 270 389 92 533 727 624 653 
226 403 332 841 98 810 952 30 288 604 493 689 251 161 482 444 831 169 833 989 154 827 452 834 335 933 608 833 92 55 500 589 827 834 882 422 701 898 575 880 700 732 972 815 657 444 16 517 560 68 0 133 880 904 938 459 120 937 820 203 121 326 760 812 599 260 783 770 201 164 1001 52 408 534 819 
919 396 934 462 794 354 812 370 73 332 930 287 868 295 893 841 872 181 836 607 43 790 581 962 845 891 631 286 538 457 434 566 871 327 494 1008 790 653 943 103 837 392 671 214 591 753 878 364 364 616 123 0 774 540 177 901 435 143 125 220 448 732 104 598 960 923 220 850 501 10 909 694 155 665 349 
684 798 852 766 623 503 336 467 344 197 184 358 419 698 526 325 75 758 311 995 819 313 616 212 144 492 386 330 1000 637 183 872 73 485 900 356 72 798 670 802 510 340 683 400 923 425 291 177 436 981 882 790 0 975 874 573 361 134 383 830 712 599 88 300 628 630 417 19 228 915 106 434 943 413 823 
667 756 802 354 822 945 131 270 249 816 282 622 308 954 983 110 743 187 637 799 525 997 260 325 753 680 85 40 556 840 748 53 10 609 799 542 935 769 236 54 183 487 642 508 796 627 416 545 117 543 916 540 977 0 331 626 782 63 63 262 810 891 367 399 301 650 957 356 99 633 540 667 923 312 723 
906 974 616 745 82 10 809 185 276 595 708 931 256 604 839 837 27 189 892 779 490 248 596 199 473 399 801 70 846 700 526 167 524 100 292 226 233 698 171 759 110 757 42 757 448 959 657 603 676 280 930 170 869 330 0 507 1006 191 513 580 483 18 534 413 74 598 1011 720 447 113 835 875 923 512 901 
921 130 145 71 485 241 499 268 206 375 242 660 28 676 566 120 256 530 92 137 89 431 858 835 663 115 249 995 444 166 655 803 523 248 719 294 751 114 968 928 762 127 957 624 798 922 786 172 217 158 473 906 591 609 500 0 500 630 243 924 944 648 901 177 15 177 585 828 838 400 127 866 862 745 999 
293 912 178 453 626 973 410 4 754 658 201 517 757 933 59 370 649 247 549 643 793 334 424 896 661 29 817 541 290 983 995 213 608 864 968 223 37 603 645 547 574 47 876 903 342 590 381 561 602 620 137 422 354 781 995 493 0 966 823 393 339 17 831 984 131 1005 261 926 304 128 698 660 90 167 175 
897 72 172 742 143 197 820 740 974 172 936 52 161 767 299 221 581 189 510 27 958 472 913 485 349 833 438 729 18 736 478 471 243 133 388 575 815 377 756 525 795 718 226 480 921 173 1017 380 213 476 934 149 131 65 192 615 967 0 701 635 476 448 563 994 994 982 61 583 993 263 287 850 185 122 365 
852 83 506 558 958 104 440 301 258 361 509 862 836 822 265 849 167 505 294 511 86 382 127 765 675 249 917 187 725 854 281 91 427 771 351 601 996 334 375 904 274 466 49 165 915 501 992 638 719 863 833 120 385 61 504 237 807 706 0 70 719 428 824 557 443 103 750 762 661 435 33 996 848 470 980 
710 121 750 325 638 260 973 424 824 714 726 478 877 312 619 47 974 246 948 293 531 850 306 140 202 280 369 577 918 586 437 971 259 641 516 623 827 983 760 182 895 392 305 103 454 185 445 1006 225 360 219 219 832 263 590 922 397 646 79 0 917 854 866 446 131 634 99 270 513 390 361 215 897 62 700 
74 347 191 281 246 336 211 449 241 683 161 900 141 876 820 59 28 828 161 342 736 36 228 289 593 1000 537 480 532 454 352 522 351 680 350 247 816 110 565 133 265 738 855 795 139 35 715 768 606 872 110 440 714 810 475 942 339 474 735 911 0 830 276 146 215 486 761 574 757 860 442 939 213 910 895 
254 91 851 671 300 46 71 67 900 266 1007 809 387 115 437 383 1002 804 295 650 734 231 171 111 401 668 482 750 775 650 349 271 922 703 293 588 612 758 539 919 185 373 121 388 522 729 703 246 449 472 329 736 598 885 5 646 2 445 437 849 825 0 783 836 941 696 649 857 512 984 206 116 450 343 45 
581 201 47 825 239 303 851 667 780 378 278 1006 17 623 811 245 809 568 798 958 736 838 251 353 685 796 752 60 593 361 555 839 684 702 468 793 593 268 248 333 783 1003 631 544 781 108 946 937 8 462 760 99 96 372 538 895 828 565 822 863 265 777 0 589 909 655 892 556 993 527 698 546 686 428 137 
697 268 110 624 78 208 117 367 798 436 478 502 840 712 96 896 193 758 577 397 660 97 961 799 634 937 857 767 872 70 906 458 930 272 652 807 530 951 342 951 600 521 370 688 126 687 384 976 133 843 814 587 298 396 418 160 994 1011 549 450 139 839 570 0 177 70 149 197 708 517 102 847 492 437 178 
94 70 325 313 716 662 702 359 686 515 963 186 192 128 435 23 616 51 304 753 464 749 930 231 149 851 1013 599 99 32 508 104 873 78 352 248 582 313 50 754 934 251 978 995 193 964 865 222 848 216 598 947 621 308 79 7 135 988 440 133 214 946 910 183 0 257 168 162 787 421 446 20 962 848 118 
709 491 156 652 131 205 672 497 896 90 414 150 506 848 938 16 40 863 875 139 404 829 640 599 482 611 796 429 462 953 932 556 417 252 360 237 677 136 195 620 699 996 71 796 84 681 274 131 688 455 260 928 616 656 595 191 1001 982 119 632 482 704 657 79 274 0 891 530 365 205 251 689 437 36 78 
201 609 844 512 334 805 709 360 20 569 250 627 716 814 795 163 456 617 283 967 287 70 376 45 744 884 561 126 709 504 989 332 760 139 544 560 795 542 439 22 120 12 36 64 985 389 567 1001 778 232 786 224 425 961 1008 566 246 59 753 90 759 642 898 140 169 902 0 827 97 757 73 218 801 753 554 
320 627 456 93 144 570 331 503 355 884 724 138 648 576 696 398 209 953 834 871 763 753 236 380 520 681 251 86 974 38 37 856 45 26 47 281 698 702 976 217 202 696 316 149 937 297 318 632 700 811 768 866 15 343 737 842 923 579 769 273 577 854 545 217 165 543 831 0 659 257 190 102 671 470 159 
559 496 277 794 113 799 540 304 317 953 1004 119 287 30 706 302 415 1014 53 197 605 506 17 546 398 883 354 679 77 275 986 484 155 80 862 42 861 615 407 648 787 965 732 109 679 757 219 384 695 280 194 511 229 85 440 850 308 1003 661 505 756 520 989 694 806 374 108 663 0 480 600 858 926 693 543 
300 11 820 236 867 987 887 582 351 200 513 587 25 969 211 914 634 571 305 832 472 712 808 388 485 365 718 815 442 442 80 176 359 766 250 596 676 77 958 381 407 399 998 828 176 434 299 958 177 394 148 12 912 616 98 399 117 273 436 387 866 975 542 519 422 207 761 264 481 0 714 777 253 577 868 
519 648 613 217 712 895 492 732 405 367 375 396 558 738 134 183 378 67 96 521 439 795 652 905 37 392 920 218 326 976 973 665 891 320 492 954 963 921 308 218 934 651 163 531 969 503 351 739 467 99 1004 910 108 522 854 126 690 280 35 355 447 194 695 118 436 252 73 194 607 728 0 365 893 633 65 
647 943 391 941 217 600 971 88 193 550 128 925 949 957 674 110 559 624 431 675 72 685 153 842 389 325 320 215 566 205 364 923 605 623 8 337 1005 941 816 900 909 301 306 237 672 798 966 151 847 533 56 702 426 682 879 864 664 845 997 199 927 115 545 845 28 694 218 98 862 768 359 0 477 799 224 
700 47 575 331 283 605 575 315 882 745 449 461 278 891 698 959 414 3 151 810 876 958 344 517 103 482 461 61 811 792 726 887 743 474 278 282 620 533 206 459 971 161 777 938 460 116 565 879 152 739 395 146 949 923 924 860 80 182 854 912 227 456 685 511 966 423 804 661 919 255 891 467 0 971 183 
787 39 576 153 584 541 546 488 496 545 309 69 809 421 31 400 613 443 96 294 490 995 186 1003 356 573 142 909 545 516 64 361 508 146 650 531 331 131 355 40 423 291 424 393 420 566 500 754 270 626 524 672 414 309 521 738 161 119 459 65 917 346 419 444 838 28 766 482 709 572 645 780 978 0 500 
253 859 996 697 490 529 132 166 402 582 126 495 47 891 785 509 993 514 658 801 881 118 578 329 784 561 642 134 817 626 339 353 815 955 512 103 227 352 449 927 543 244 43 12 720 431 500 731 468 636 807 358 842 710 902 1012 173 364 973 682 882 57 140 167 110 94 547 164 550 856 62 243 181 518 0 

Depot information
1
1
1
1
1

Customer information
1
1
1
1
1
1
1
1
1
1
1
1
1
1
1
1
1
1
1
1
1
1
1
1
1
1
1
1
1
1
1
1
1
1
1
1
1
1
1
1
1
1
1
1
1
1
1
1
1
1
1
1
1
1
1
1
1
1
1
1
1
1
1
1
1
1
1
1
1
1
