Seed 123 - Instance: n70m10_0
n 70
m 10
Q 9999
L 4
U 24

0 457 999 961 357 342 554 26 609 215 730 757 407 668 697 186 377 87 197 301 1003 75 800 148 671 532 624 692 330 648 754 22 213 821 836 115 456 167 833 191 703 265 692 55 412 778 283 848 533 231 912 582 20 562 37 680 16 706 96 157 49 83 987 253 430 223 732 892 300 186 73 612 581 133 915 15 559 297 925 108 
466 0 898 429 489 253 162 576 656 882 203 98 379 770 513 491 387 216 861 251 277 863 423 93 261 1016 502 107 223 349 904 991 472 965 137 196 898 461 882 348 1003 651 735 758 538 102 292 428 269 920 676 310 713 947 260 419 720 925 510 55 907 1000 726 419 746 899 303 987 625 930 987 120 418 287 361 93 20 892 802 699 
1014 892 0 972 891 860 505 504 687 286 195 543 728 676 246 767 786 318 156 319 52 866 501 852 404 131 873 65 434 986 747 586 733 46 934 426 492 606 120 320 399 138 755 641 414 155 588 415 976 1013 495 439 720 215 72 324 658 152 405 514 341 237 409 636 492 683 568 654 257 384 80 856 581 492 901 797 893 544 97 291 
955 444 978 0 436 903 256 504 726 473 613 698 796 696 111 945 378 458 36 825 275 791 147 11 757 733 13 635 843 860 564 661 778 367 126 688 215 637 332 882 220 874 652 318 678 633 587 736 826 78 660 264 662 595 377 818 106 12 684 33 315 451 352 829 365 966 658 604 1010 878 917 333 563 727 73 436 977 320 283 214 
369 489 898 426 0 79 397 998 742 26 394 590 37 705 462 788 665 200 878 411 314 989 898 544 985 657 202 542 164 756 645 941 615 299 715 446 908 777 509 963 838 272 464 309 681 180 489 394 439 401 73 605 191 89 486 191 297 828 545 373 337 667 48 557 49 432 884 505 968 788 234 429 409 533 185 230 288 726 33 741 
341 250 878 899 81 0 761 645 490 916 404 777 325 684 522 83 682 281 696 436 766 568 632 494 149 925 658 452 654 236 254 971 461 724 345 129 530 516 609 557 308 212 395 381 654 174 741 995 190 179 106 350 304 830 81 962 136 436 79 643 9 173 751 759 815 181 23 229 139 994 309 998 874 888 966 718 945 483 563 167 
555 151 492 274 387 754 0 12 833 286 462 916 762 889 202 754 70 393 146 777 266 721 891 1012 993 471 650 991 12 823 951 780 449 33 123 489 737 24 331 446 570 413 484 217 834 847 166 486 133 257 785 502 108 693 199 476 284 328 792 422 239 959 826 9 715 1013 45 595 399 91 849 904 943 193 754 90 580 633 329 862 
19 571 497 501 1002 636 4 0 310 254 699 566 37 540 943 212 716 417 1010 17 544 594 897 389 970 771 482 402 103 80 90 446 790 613 619 1012 64 680 398 661 586 382 667 25 42 942 757 957 321 1006 608 863 739 523 991 719 459 670 675 870 127 130 946 332 90 185 314 821 393 698 484 357 257 847 421 83 448 623 401 144 
600 654 678 728 757 502 832 318 0 448 927 414 769 286 846 184 70 56 876 891 241 246 1 563 403 148 570 783 992 978 459 132 41 337 237 969 512 86 698 434 48 943 978 926 807 794 551 459 971 443 105 215 425 134 715 850 778 11 239 671 571 824 97 423 839 295 715 692 807 419 380 645 415 694 158 262 424 137 531 164 
216 877 276 481 28 926 285 267 456 0 733 420 949 867 347 719 905 369 923 986 200 619 639 736 505 426 659 215 467 373 913 59 487 677 902 870 760 214 195 167 482 949 727 384 331 554 61 645 404 685 864 712 657 688 366 537 874 593 201 752 311 732 430 388 888 842 77 532 263 307 933 203 978 292 623 776 566 863 121 188 
734 219 206 606 390 405 475 690 919 734 0 762 135 233 689 566 198 174 600 491 527 597 220 770 737 400 659 222 907 576 796 374 457 512 335 515 840 267 255 306 64 295 25 773 503 269 776 757 716 755 575 128 849 104 792 116 139 609 1005 289 191 641 520 710 227 562 886 256 1010 609 684 562 991 439 470 780 963 544 38 368 
760 113 542 690 598 791 914 567 406 431 779 0 284 36 145 771 203 783 846 951 375 70 684 916 886 210 231 946 101 182 892 767 169 491 647 857 274 143 707 963 503 391 227 964 230 651 738 6 338 557 124 360 947 212 689 968 19 581 576 112 793 356 25 259 38 658 913 471 463 582 219 526 458 975 478 970 22 922 863 959 
408 395 718 789 47 337 760 52 775 949 141 282 0 70 751 621 582 366 560 137 836 259 928 843 145 998 636 655 617 843 357 105 501 398 493 94 392 305 98 990 135 284 69 97 505 204 637 576 8 879 522 874 13 864 710 291 189 781 620 981 356 762 967 175 131 255 780 92 736 104 712 295 982 552 126 455 876 222 843 69 
680 773 678 712 711 683 900 539 268 865 236 29 80 0 565 871 401 41 213 576 375 220 441 497 456 407 949 937 954 87 167 230 669 207 605 188 348 74 492 701 293 500 381 350 182 0 61 96 315 317 574 184 815 116 745 267 788 461 133 26 791 947 237 787 264 70 239 147 47 403 467 96 698 578 203 753 211 362 404 351 
698 522 254 105 460 513 213 938 852 357 681 154 751 556 0 707 23 296 195 564 437 773 994 167 643 982 587 182 602 721 206 457 235 491 75 549 544 600 277 446 948 780 992 475 144 854 917 847 209 674 36 805 684 290 458 232 510 459 265 215 1013 993 604 413 372 619 485 573 881 716 80 665 907 423 156 21 344 410 187 114 
186 476 763 946 784 94 758 197 200 712 570 760 616 885 706 0 522 140 608 817 352 854 804 631 803 794 279 827 889 114 233 969 394 605 471 870 345 785 137 234 848 279 168 734 471 958 57 470 261 293 196 834 445 935 270 170 893 920 128 596 20 588 259 571 766 682 732 999 662 639 536 454 810 785 371 440 670 651 323 87 
379 385 778 382 680 669 71 708 70 891 194 191 580 405 37 529 0 746 390 684 990 778 986 653 978 317 956 376 713 442 330 794 661 1008 369 740 340 935 765 643 539 714 517 730 925 702 408 692 765 141 568 908 946 53 566 908 919 84 476 598 870 202 365 234 568 136 238 229 783 538 391 219 940 991 652 314 706 52 43 344 
86 210 307 451 195 273 394 415 55 370 167 780 369 32 287 125 764 0 159 453 314 567 250 881 496 622 865 390 369 601 91 561 139 352 266 405 336 992 635 160 232 336 628 346 114 578 5 683 157 427 966 260 699 408 396 575 337 666 161 300 446 107 385 344 378 487 939 528 469 998 462 115 365 756 335 165 639 854 978 740 
196 868 153 40 869 697 135 1011 869 925 605 842 561 212 206 617 394 156 0 138 562 265 228 727 301 120 462 930 922 264 245 684 132 352 105 877 184 75 580 505 444 629 199 22 46 731 661 1006 258 357 888 600 785 411 757 144 945 746 825 377 400 472 135 591 726 83 77 724 456 197 579 97 159 169 311 665 385 750 506 485 
304 263 318 826 430 440 776 16 893 986 504 943 139 585 566 829 683 464 137 0 143 669 739 138 261 19 644 851 709 898 63 642 836 827 106 799 928 686 284 914 169 195 708 891 177 564 739 51 581 212 651 582 267 51 724 912 861 325 502 724 573 697 90 301 534 582 777 132 949 636 157 549 185 752 124 380 774 792 357 79 
1004 268 52 276 306 768 267 543 248 197 525 368 843 386 442 343 987 295 552 142 0 279 789 576 840 474 673 834 124 669 867 409 429 661 278 934 440 154 102 622 1015 1009 84 903 177 316 58 74 381 354 638 645 255 189 947 841 211 231 155 778 265 819 256 58 658 731 326 486 592 519 31 844 271 838 876 764 261 997 493 951 
66 863 857 782 999 564 723 600 251 619 608 70 262 222 779 865 778 560 264 676 287 0 184 110 586 879 937 47 125 861 245 61 24 971 116 85 45 151 549 348 239 694 922 382 248 705 829 120 396 937 734 635 812 682 919 668 679 677 64 22 443 528 414 616 45 145 412 868 712 15 800 371 745 198 938 1002 565 52 962 385 
811 422 500 147 888 631 894 887 17 650 214 672 943 452 996 815 1001 242 231 742 794 180 0 547 32 37 405 450 144 63 845 477 881 302 391 517 512 79 1013 595 26 134 909 816 926 705 359 334 242 560 608 53 666 509 566 292 677 748 107 723 338 691 556 272 205 84 631 797 764 757 652 128 72 683 780 913 616 678 995 37 
146 78 860 5 562 510 1004 396 576 736 768 915 831 499 166 632 652 871 730 155 583 102 547 0 973 116 302 842 236 782 461 616 30 743 182 961 609 146 324 682 982 455 641 393 926 29 769 602 635 736 638 640 757 886 308 812 590 927 110 291 209 726 743 462 28 927 215 551 904 68 204 884 415 17 770 1018 997 991 160 9 
678 269 415 762 983 144 999 973 418 507 734 882 156 461 657 803 979 488 305 276 848 598 20 980 0 490 426 104 557 400 455 605 833 802 248 409 606 146 546 466 383 479 550 127 22 528 232 742 352 151 509 319 283 174 716 824 791 571 215 56 437 16 612 256 701 756 94 440 917 965 783 899 373 966 308 978 725 636 905 245 
536 1011 144 730 655 911 481 783 150 430 402 202 1012 405 989 799 324 623 132 11 481 888 23 123 491 0 18 423 750 338 912 593 241 902 904 365 495 987 648 339 45 313 588 546 916 992 258 127 537 376 799 498 660 89 377 596 542 249 802 616 681 987 259 646 664 650 983 728 914 86 981 683 757 551 67 671 42 909 893 602 
630 491 855 5 203 661 643 488 570 674 652 236 641 949 573 282 963 866 450 651 671 946 393 293 412 0 0 391 966 271 811 785 12 491 35 952 926 90 526 704 513 517 704 701 316 671 552 448 369 814 93 117 90 441 174 508 944 937 860 390 455 677 714 736 214 517 616 424 633 106 365 586 268 924 907 40 597 599 787 861 
679 100 68 634 543 469 991 402 770 209 221 952 667 927 199 825 369 394 937 853 830 58 455 824 109 428 393 0 459 370 991 182 193 233 282 462 720 737 675 69 769 883 522 509 448 926 697 959 308 232 878 268 40 808 769 875 265 32 875 881 390 362 311 921 219 419 45 582 711 577 682 687 980 141 488 770 293 298 595 738 
330 213 439 837 160 664 10 85 999 470 908 102 601 967 612 898 730 359 923 710 122 121 147 227 567 752 959 469 0 242 411 583 191 532 224 421 120 36 257 141 368 977 813 691 347 200 359 336 616 576 154 270 630 992 742 848 581 809 56 899 452 65 763 658 375 642 802 578 381 655 295 466 758 143 500 871 230 917 552 266 
659 354 977 869 755 245 838 77 975 389 584 177 850 100 721 105 435 598 252 897 665 853 61 780 397 330 274 370 255 0 26 152 281 800 678 684 961 48 384 944 584 623 828 418 687 325 839 647 164 941 829 794 59 906 555 586 532 722 149 868 431 775 921 168 14 654 887 578 523 17 274 254 773 982 720 742 923 85 86 550 
759 887 754 581 659 253 935 100 452 930 785 890 369 172 205 235 333 83 235 57 877 243 840 464 464 917 816 996 418 17 0 154 677 482 259 1006 842 976 324 755 791 325 958 862 928 957 683 932 676 685 757 51 287 762 828 481 387 399 380 700 833 320 405 657 765 913 236 252 990 414 542 563 953 7 84 80 624 197 100 673 
31 994 573 655 941 966 773 447 127 62 373 769 107 224 466 977 794 575 688 628 419 50 484 627 609 576 770 195 583 161 157 0 375 877 795 990 697 619 201 990 280 709 53 142 314 244 103 684 383 162 47 715 627 856 172 819 271 661 935 955 763 692 766 966 523 502 419 822 752 529 619 217 202 459 99 758 129 73 494 72 
202 472 738 775 631 477 452 797 36 494 445 152 489 670 228 397 674 150 120 836 415 16 884 31 836 235 20 198 183 288 696 375 0 741 227 783 573 534 144 333 357 424 851 948 615 778 535 252 228 279 80 608 353 265 327 931 251 931 478 73 397 828 49 302 982 898 429 172 173 402 383 713 461 340 961 480 951 553 644 732 
839 975 32 366 312 727 25 626 339 668 509 486 386 207 484 604 995 338 346 824 671 965 300 745 806 901 508 230 532 800 480 878 734 0 238 319 288 302 94 495 839 531 207 603 336 294 492 957 526 212 432 126 958 629 230 710 448 141 480 557 979 325 367 817 704 626 313 744 181 260 214 178 348 894 924 770 919 887 288 172 
846 138 936 131 711 331 117 638 244 899 350 640 493 610 62 470 374 274 101 108 268 98 387 182 258 892 29 283 215 672 270 792 233 239 0 426 602 58 794 746 231 651 687 631 394 306 86 313 769 995 258 610 526 789 214 623 909 320 144 396 657 891 326 69 741 642 260 734 250 308 997 1014 760 829 638 121 438 37 904 717 
125 194 427 688 450 133 490 1014 966 860 517 867 93 186 545 870 730 413 880 790 950 93 513 968 410 368 947 464 434 674 994 971 775 320 437 0 659 925 990 65 506 834 74 440 987 555 96 570 676 114 1004 232 112 397 400 165 765 506 426 406 906 757 810 796 177 412 493 932 669 566 488 338 15 470 512 260 535 786 522 707 
457 897 487 214 898 526 721 68 525 767 834 259 393 358 544 358 349 337 184 932 443 36 510 607 619 513 931 730 109 955 842 697 590 283 598 663 0 840 297 670 160 967 289 78 125 981 874 196 326 623 743 297 898 104 688 764 418 726 132 489 673 583 693 86 777 978 741 612 754 377 325 461 728 293 64 398 619 66 38 249 
174 451 596 641 788 519 14 671 92 224 248 137 294 83 608 775 936 994 72 688 161 151 88 154 151 998 88 742 44 47 968 615 536 299 62 936 835 0 271 498 31 365 99 888 401 331 129 839 399 408 319 944 647 101 480 682 870 572 546 170 451 206 900 365 806 516 115 22 547 613 907 670 1015 498 326 944 267 935 479 665 
843 881 119 315 504 613 340 391 686 186 252 697 88 490 274 132 762 640 583 278 119 552 1011 328 546 651 515 666 258 381 319 215 146 94 788 988 283 282 0 49 841 920 86 289 736 47 594 283 35 98 1005 281 653 287 170 421 196 308 361 314 265 1000 914 45 392 770 107 358 611 531 973 855 717 824 215 163 876 261 33 892 
181 353 318 874 978 559 447 666 426 157 295 975 989 711 456 229 644 164 494 916 624 344 590 676 452 332 689 63 139 935 748 988 336 495 744 61 679 497 42 0 293 887 136 441 361 165 973 385 218 631 50 318 973 721 62 487 315 636 981 541 550 30 717 42 468 853 28 38 441 829 904 873 166 28 32 549 257 761 594 183 
689 1003 398 209 836 321 567 588 54 476 70 512 125 310 933 841 526 232 434 155 1006 238 31 968 383 44 516 775 365 576 781 273 361 834 227 498 165 36 827 294 0 50 174 588 21 567 32 260 805 699 453 133 425 897 637 460 480 543 867 700 24 203 78 286 189 782 298 709 704 831 9 893 929 127 749 185 539 278 140 778 
251 652 141 861 272 223 415 390 952 957 293 377 297 504 776 273 715 343 623 207 1010 696 140 451 478 322 527 878 963 617 314 719 421 519 652 833 962 379 927 889 51 0 872 673 899 694 251 895 330 388 965 495 493 588 850 463 404 823 597 900 121 614 904 525 802 689 263 99 110 763 36 957 490 512 467 915 510 317 490 24 
687 727 757 646 478 391 490 676 965 722 35 244 72 383 990 156 530 628 210 699 90 939 927 643 558 576 694 515 803 830 972 53 843 227 687 73 279 94 89 143 172 874 0 698 293 781 78 408 462 600 261 689 520 597 496 438 982 974 339 86 750 62 34 473 271 760 495 85 453 906 547 423 63 981 376 54 926 759 167 977 
54 756 639 312 318 370 216 31 909 401 756 961 111 357 489 744 727 359 13 899 900 372 809 394 128 556 691 501 698 429 854 156 937 593 626 446 89 875 290 437 585 673 701 0 574 822 271 883 91 894 123 135 800 140 762 818 859 850 387 456 807 600 887 378 479 889 298 774 564 1003 775 104 486 846 647 291 161 264 629 294 
419 536 430 686 688 667 824 58 824 326 499 235 490 170 129 471 922 122 44 165 179 233 915 936 33 914 307 454 357 678 923 324 622 320 385 972 137 407 732 362 24 905 289 572 0 377 482 51 398 368 812 121 604 510 932 919 900 682 585 843 38 566 113 315 985 973 917 652 524 469 517 795 745 381 584 469 270 90 997 196 
778 117 161 636 177 159 843 935 808 555 269 645 205 18 871 953 700 577 731 553 328 704 705 26 541 1004 675 927 199 321 949 257 766 305 324 539 976 340 42 156 571 691 791 826 376 0 391 526 517 659 193 585 752 129 462 754 744 982 28 225 158 180 418 449 838 804 264 660 147 325 636 662 714 705 909 816 953 267 737 674 
283 292 595 575 481 731 169 763 553 72 778 743 643 65 914 70 392 17 666 738 44 833 355 782 220 240 568 696 364 839 682 102 536 494 78 111 889 127 595 971 36 249 86 271 495 390 0 247 675 200 424 938 685 225 98 365 13 690 354 970 661 831 106 632 392 53 326 467 509 577 513 561 497 588 951 344 203 932 811 971 
850 435 415 741 389 998 492 950 457 639 760 1 570 101 840 487 686 672 1013 62 87 132 336 599 745 127 452 953 345 639 939 689 235 963 323 570 205 847 293 388 272 902 421 890 58 533 238 0 715 852 41 694 929 706 605 64 610 43 707 800 368 710 573 444 671 772 850 420 490 334 405 798 558 727 611 938 164 561 532 864 
544 271 984 833 436 190 121 323 957 413 720 328 26 302 209 266 750 161 271 582 390 388 245 646 338 537 365 289 603 164 680 391 213 527 778 683 328 409 46 201 813 324 456 100 402 518 680 719 0 705 623 252 379 820 897 855 911 675 904 74 927 226 269 509 581 795 668 547 219 838 11 471 259 983 202 294 505 286 793 135 
235 927 993 83 382 173 250 1007 446 684 760 563 878 319 676 304 144 426 366 212 340 937 541 724 166 370 823 234 578 928 690 152 280 210 993 106 632 417 94 617 695 382 613 899 355 661 196 853 700 0 321 396 413 616 255 178 959 822 71 452 132 190 39 612 989 706 520 362 302 26 125 807 475 417 212 339 263 419 8 188 
927 661 484 670 79 104 777 607 116 869 585 112 528 562 40 197 566 977 881 641 623 726 602 649 513 813 99 863 162 827 763 41 80 432 244 1008 752 323 1011 56 461 958 261 118 813 205 426 52 636 309 0 561 565 35 69 203 230 460 919 785 611 816 347 394 293 61 698 747 203 151 58 119 970 780 379 707 502 509 84 853 
568 314 450 271 596 366 490 876 212 718 119 368 867 182 802 838 899 271 605 572 643 635 51 626 305 515 126 254 270 793 52 713 605 133 594 246 300 946 292 329 125 504 693 135 129 587 930 693 243 400 562 0 99 996 685 446 815 733 393 455 767 834 876 956 503 246 642 19 1002 258 746 946 29 201 825 484 738 590 130 340 
6 708 731 649 192 289 114 759 419 663 858 939 22 810 679 448 941 694 790 264 251 823 672 752 278 664 89 48 633 50 290 642 345 961 533 113 889 636 654 975 434 502 510 795 591 763 676 924 377 399 567 109 0 494 395 636 129 65 739 999 55 348 337 647 89 615 615 733 879 755 765 95 192 320 973 29 150 597 508 375 
556 944 215 588 97 830 704 521 143 683 97 224 862 104 275 933 49 407 414 42 183 695 502 890 183 84 446 808 981 911 768 848 267 638 781 397 97 101 288 718 899 595 601 141 498 134 219 696 824 620 24 1007 480 0 64 673 579 521 491 960 449 658 126 673 170 224 848 985 999 329 512 336 472 798 779 726 403 743 256 376 
55 269 80 382 475 89 192 989 710 360 788 682 711 743 450 279 570 384 750 734 952 925 585 316 731 384 169 765 748 558 837 171 331 216 208 395 705 484 162 64 638 852 481 767 924 465 114 600 903 251 74 700 397 78 0 264 388 745 770 60 183 221 507 216 275 253 882 682 74 494 533 602 505 532 867 577 265 683 459 672 
684 431 323 816 187 956 468 716 838 526 131 965 287 266 235 159 908 564 151 917 829 656 290 806 828 607 517 869 849 588 485 833 922 696 625 161 760 689 410 486 450 466 438 819 923 762 373 62 849 191 209 442 627 665 276 0 306 972 169 554 752 692 425 193 657 24 544 680 833 787 850 613 771 630 529 406 924 893 592 630 
12 718 655 96 312 154 291 456 771 884 150 28 198 775 522 891 914 330 950 856 202 683 679 584 808 546 940 275 584 529 406 270 234 448 920 754 431 867 210 323 473 417 963 861 899 742 9 622 910 954 243 823 132 567 387 304 0 814 849 20 704 538 675 165 430 415 21 862 293 913 26 145 706 529 875 780 748 600 683 729 
697 924 147 15 833 443 311 670 11 593 608 565 784 454 455 911 83 654 755 336 230 693 766 923 574 269 933 20 818 732 396 647 925 155 326 513 722 590 300 646 540 816 967 865 682 978 678 52 691 818 449 729 71 510 757 961 807 0 349 818 433 991 423 215 156 327 897 60 160 445 815 705 776 578 540 225 417 255 787 118 
90 515 413 687 557 73 798 663 241 184 989 576 628 125 272 117 463 157 840 496 155 51 94 111 216 811 859 864 63 136 375 941 464 473 144 425 134 533 345 967 867 614 338 388 576 38 350 705 909 55 920 394 757 491 758 171 855 360 0 741 837 289 285 946 745 701 547 865 537 246 420 141 146 849 621 662 324 492 484 178 
162 57 515 24 359 659 417 879 664 743 304 111 976 25 218 603 604 317 360 735 781 27 719 288 60 626 394 889 895 872 708 953 62 548 391 406 506 173 312 534 704 903 86 464 847 215 966 801 83 446 790 448 993 967 58 539 23 811 737 0 438 407 864 422 855 5 177 60 653 190 248 323 509 694 264 690 677 430 196 282 
39 911 327 321 350 22 232 138 573 313 209 784 350 785 997 34 877 447 402 572 277 446 348 213 431 689 448 386 458 435 833 757 408 983 651 896 675 446 265 548 35 112 759 820 45 160 670 352 928 134 618 758 56 439 192 737 710 423 842 426 0 919 569 372 19 989 711 224 916 314 972 455 492 265 750 378 320 943 192 75 
85 989 251 464 664 174 963 123 812 729 630 357 761 944 997 580 203 121 478 692 827 543 708 724 29 986 681 378 71 778 318 690 833 320 877 759 570 187 995 33 199 620 60 588 554 187 827 712 220 190 822 847 351 664 222 692 544 987 294 403 910 0 372 304 549 175 759 173 743 612 592 471 1015 932 643 712 890 391 565 202 
1001 736 395 336 42 752 813 947 79 424 515 24 968 236 607 259 381 376 143 83 247 420 548 737 608 260 706 312 760 923 407 778 40 353 342 819 685 903 924 718 68 903 27 887 105 412 99 572 266 46 349 868 334 125 526 421 675 423 273 870 566 375 0 892 103 820 357 399 280 260 262 811 986 97 163 159 27 851 219 896 
243 400 633 848 546 767 14 326 425 371 709 276 178 771 396 559 229 350 586 305 48 630 266 456 256 635 736 912 664 169 655 954 297 826 67 808 90 365 43 39 282 537 470 375 334 440 640 431 516 609 407 945 636 676 222 190 158 234 946 424 363 289 893 0 263 912 559 1003 406 708 622 501 259 165 227 354 79 927 786 469 
435 743 503 357 54 815 724 96 848 871 236 31 128 267 382 772 560 371 731 537 656 42 203 46 711 660 205 234 379 23 758 530 975 701 742 173 772 811 388 458 174 801 261 478 982 845 391 666 588 984 294 502 94 176 260 652 431 152 753 872 19 555 99 262 0 853 709 447 953 723 657 51 931 989 318 773 437 660 481 637 
226 905 685 964 444 180 998 183 299 839 551 665 248 76 610 674 149 496 73 595 730 137 98 930 756 647 509 414 643 641 909 511 893 621 645 416 984 514 775 863 775 692 764 895 970 808 36 771 780 710 49 245 605 235 257 18 401 331 706 11 996 175 811 920 845 0 711 409 964 892 392 304 603 333 1016 929 962 761 73 698 
738 302 566 671 900 8 48 306 718 69 891 922 783 237 478 734 238 945 83 774 330 415 632 210 95 971 621 37 816 889 220 409 426 322 268 480 729 119 106 15 304 266 501 305 916 251 339 861 674 526 681 655 615 848 890 528 34 908 552 167 711 756 371 556 725 714 0 834 879 258 981 120 658 551 929 351 347 121 887 696 
881 985 639 614 518 235 599 812 690 516 245 460 99 150 565 1004 220 519 706 127 486 855 783 535 438 736 424 574 565 580 265 817 170 744 717 943 605 31 341 47 707 93 82 768 646 664 457 421 552 359 751 9 734 999 674 697 858 74 872 64 216 181 399 1018 444 399 834 0 622 616 719 200 41 731 274 894 177 778 181 356 
305 620 257 1002 963 153 401 403 800 262 999 456 733 44 892 669 785 466 460 940 593 709 767 913 929 901 627 702 370 514 998 741 162 189 242 675 752 560 607 432 698 120 446 568 507 146 504 486 221 298 209 1008 867 982 65 840 287 150 549 655 916 741 267 407 943 950 874 624 0 145 467 543 374 589 338 186 574 181 911 487 
176 930 385 886 790 993 89 700 416 319 613 576 107 402 715 644 533 1001 186 623 526 29 768 82 962 84 89 571 655 6 403 544 392 250 308 577 386 626 543 833 837 760 898 1005 469 329 573 353 841 25 152 253 751 338 488 794 914 458 263 188 313 598 261 718 718 883 257 619 139 0 472 732 113 104 485 679 189 968 513 332 
59 994 95 923 215 306 842 495 380 926 685 229 712 475 83 541 384 444 583 149 31 799 642 204 782 978 378 674 291 258 557 623 377 218 992 475 342 912 955 916 18 44 548 785 519 628 523 409 22 115 56 750 752 525 542 851 23 810 416 254 967 588 265 619 661 387 985 719 467 467 0 538 770 610 813 961 629 901 255 939 
610 103 849 319 429 999 899 360 655 206 563 524 298 101 676 443 217 102 91 566 858 375 119 892 899 684 581 685 472 252 570 221 718 187 1008 329 463 677 839 874 895 950 438 93 795 659 548 794 468 808 135 945 94 324 600 615 158 708 133 336 461 470 810 510 41 305 117 185 529 720 528 0 795 571 406 114 168 651 987 862 
581 416 569 566 421 879 945 244 425 983 975 465 973 691 919 819 926 361 139 192 271 744 75 427 363 747 277 988 766 782 938 189 463 338 778 16 723 1016 707 151 910 490 78 496 740 717 515 538 275 464 971 16 178 482 499 773 723 790 152 508 476 1013 981 255 933 595 658 41 380 125 778 785 0 130 724 51 556 77 793 847 
133 275 494 744 535 885 192 852 698 277 435 957 559 565 421 778 1003 757 165 763 838 204 668 10 952 545 918 140 139 973 6 462 356 889 827 455 299 489 814 30 126 516 980 848 379 710 585 732 981 400 790 193 329 782 537 633 521 584 848 697 276 937 112 177 995 329 550 717 583 100 624 559 150 0 798 139 198 775 638 545 
933 372 901 87 182 969 763 432 150 630 484 477 117 214 137 369 645 336 312 123 872 929 785 761 319 75 905 479 492 729 88 90 964 915 646 512 59 324 231 36 732 463 363 643 587 896 934 597 208 213 394 823 972 782 861 520 878 540 615 253 748 645 160 223 314 1002 939 274 333 468 799 410 725 794 0 373 993 833 42 830 
16 83 793 434 232 722 91 94 264 780 774 969 448 736 35 439 301 175 669 379 769 1000 914 1004 986 668 48 764 858 742 90 770 462 776 120 265 408 942 146 556 186 913 45 289 470 818 341 925 293 341 705 479 30 734 579 400 769 221 673 688 374 721 159 347 784 929 344 890 177 678 954 115 57 148 373 0 202 484 296 226 
567 8 886 969 293 957 579 456 432 562 958 26 876 206 341 685 703 634 379 759 266 567 629 986 727 54 591 300 234 937 618 132 962 916 457 531 636 271 862 260 554 525 928 175 276 955 203 157 509 268 504 736 152 401 249 917 756 411 313 677 315 886 33 72 419 963 338 187 576 201 619 163 551 194 1005 192 0 213 941 1007 
296 904 545 333 727 483 634 628 126 868 540 918 220 356 405 641 54 837 749 794 1015 47 680 984 635 890 585 295 930 93 200 87 552 870 30 787 69 933 266 758 278 321 768 265 99 268 927 567 280 418 525 582 612 730 699 894 608 267 478 441 945 385 853 926 664 776 110 774 178 970 911 663 77 758 840 490 216 0 71 996 
930 785 90 289 25 562 326 414 533 112 40 871 835 417 196 328 42 971 506 363 503 957 992 163 921 893 792 596 563 76 112 494 633 290 917 533 26 479 25 599 136 500 167 622 1010 754 825 532 798 14 78 145 509 244 459 600 695 786 480 202 203 583 221 780 474 65 886 170 906 508 256 979 785 619 50 294 952 60 0 365 
114 700 283 211 744 176 865 150 160 191 363 951 80 358 113 90 342 731 491 80 935 378 52 21 238 597 865 733 272 552 662 73 735 161 708 711 249 668 904 183 778 26 986 306 178 672 985 859 133 179 853 341 376 367 691 629 730 101 180 272 79 211 898 484 625 706 708 342 501 344 957 873 832 541 829 222 1005 994 370 0 

Depot information
1
1
1
1
1
1
1
1
1
1

Customer information
1
1
1
1
1
1
1
1
1
1
1
1
1
1
1
1
1
1
1
1
1
1
1
1
1
1
1
1
1
1
1
1
1
1
1
1
1
1
1
1
1
1
1
1
1
1
1
1
1
1
1
1
1
1
1
1
1
1
1
1
1
1
1
1
1
1
1
1
1
1
