Seed 123 - Instance: n75m10_1
n 75
m 10
Q 9999
L 6
U 17

0 219 731 972 604 740 115 433 890 247 781 214 558 554 396 545 584 858 627 174 402 504 342 889 937 114 166 307 916 759 612 443 432 528 50 235 353 431 931 548 832 286 1016 545 231 562 655 935 671 957 257 843 330 753 630 309 347 460 625 740 184 685 1018 943 429 780 564 177 527 576 877 726 851 227 479 29 544 619 818 746 795 607 647 393 165 
220 0 487 385 63 611 968 43 867 369 630 319 900 129 683 990 10 708 509 118 953 647 958 665 1004 537 1002 633 100 507 400 723 685 120 542 248 913 408 514 210 877 786 964 203 39 773 27 90 494 428 270 970 734 378 964 570 1003 160 588 43 984 749 198 314 899 631 418 272 650 808 71 779 135 105 624 669 58 579 782 128 306 186 93 479 945 
733 480 0 490 329 34 298 549 139 965 398 622 407 895 225 759 552 614 14 512 32 977 791 173 729 782 168 27 878 728 636 407 881 70 124 608 800 739 486 833 532 272 701 409 844 951 999 533 348 562 126 411 151 796 888 431 675 611 706 380 833 951 820 448 334 638 23 166 876 248 268 52 701 537 776 920 700 973 101 508 811 401 46 616 300 
962 395 501 0 641 442 757 246 908 660 859 835 190 165 744 308 968 260 991 106 239 615 544 899 663 362 321 455 266 979 294 607 984 860 458 786 166 832 773 745 316 645 532 79 176 632 347 848 425 629 671 646 493 832 131 908 130 428 38 331 181 856 806 679 888 199 282 954 601 28 824 562 231 580 506 573 951 978 110 421 164 934 156 36 182 
599 74 329 646 0 809 955 716 654 709 57 420 989 42 209 330 210 464 673 511 458 947 770 80 663 973 336 203 21 862 646 635 587 343 151 302 507 877 641 624 45 1000 610 25 308 896 619 724 250 860 536 489 355 613 448 557 118 169 435 489 628 637 181 890 23 965 803 973 124 65 657 99 178 727 320 125 889 329 750 87 580 602 236 602 574 
747 613 24 456 808 0 470 244 377 924 648 990 980 344 447 251 543 68 465 312 668 982 971 591 865 750 699 105 79 731 556 65 748 53 69 216 832 962 513 513 393 847 871 606 783 773 782 313 918 412 670 893 172 353 63 315 817 860 492 126 818 35 854 67 712 908 229 979 493 348 639 347 209 971 846 248 784 420 793 521 740 731 408 930 670 
124 963 290 744 965 487 0 479 262 752 30 367 636 642 597 220 563 181 795 867 703 771 917 32 932 991 771 686 124 1009 69 826 600 760 630 481 797 589 330 291 834 481 254 35 927 484 932 539 143 483 1016 654 109 46 726 199 629 47 401 301 468 533 749 81 149 633 472 860 260 751 127 970 992 552 841 48 924 452 591 804 842 536 153 441 830 
440 27 555 266 734 234 487 0 596 958 618 296 78 156 598 844 595 665 777 728 637 455 786 225 921 926 31 168 635 214 1002 420 963 888 88 735 788 792 535 454 311 799 915 694 382 300 167 360 681 124 518 935 788 663 283 58 206 67 854 931 368 738 923 98 378 219 355 694 911 950 110 506 750 681 309 643 166 155 855 835 915 329 165 391 415 
887 864 141 913 667 389 261 601 0 599 754 924 794 546 311 468 927 808 446 300 941 1001 67 731 224 182 251 36 51 296 779 594 499 908 565 211 233 538 421 832 646 905 982 88 141 1003 825 476 553 8 173 613 805 811 750 578 689 712 176 1000 223 678 115 295 248 651 264 679 725 307 930 114 424 758 510 364 217 187 198 518 338 939 893 809 243 
243 351 978 642 722 922 743 950 596 0 823 750 651 49 745 406 195 344 303 625 715 970 266 588 188 748 432 211 22 669 574 784 427 981 474 1009 962 513 178 653 298 681 179 654 163 876 101 619 971 159 972 67 596 686 884 108 494 772 484 467 459 127 665 366 704 315 242 494 567 819 572 639 677 34 285 329 458 75 424 67 278 943 923 148 615 
770 631 416 852 61 658 33 623 750 821 0 452 454 121 817 770 811 497 680 507 338 399 705 650 298 98 540 745 288 297 702 726 605 547 435 172 575 743 179 839 935 411 958 400 153 265 474 318 41 718 931 549 378 211 739 958 215 836 259 804 921 953 721 443 324 313 788 170 218 959 748 385 817 469 128 186 575 405 156 804 894 335 814 160 527 
201 312 612 841 429 1000 351 286 914 757 443 0 379 58 767 996 113 1003 284 280 423 106 411 341 549 53 657 359 825 622 429 188 214 658 795 846 730 54 981 378 885 821 841 450 68 861 340 626 731 662 575 346 343 248 626 75 80 726 246 304 201 217 762 553 949 688 417 322 756 562 941 856 755 319 776 139 383 477 427 162 559 723 724 467 671 
552 891 394 188 996 995 637 80 784 665 458 373 0 131 816 859 36 300 532 404 484 385 46 620 307 540 386 158 797 172 680 111 68 622 520 746 432 21 491 487 482 695 677 642 304 815 847 468 611 1005 270 994 896 429 33 733 386 590 826 555 155 869 1005 479 428 669 516 732 7 20 234 519 275 54 54 893 544 274 979 209 123 361 122 94 815 
538 123 900 158 43 357 648 163 541 34 113 60 123 0 421 677 281 867 209 252 204 394 315 864 885 833 623 883 769 834 576 34 135 793 534 156 870 79 296 155 35 144 889 51 88 577 160 822 791 725 622 259 435 135 480 286 630 623 1000 168 383 394 895 554 423 865 761 725 265 308 499 427 589 412 773 932 356 307 806 529 778 784 827 372 786 
395 683 225 734 217 466 602 595 293 749 807 767 816 407 0 160 497 174 205 95 675 321 563 326 970 912 655 832 879 562 799 669 260 916 231 693 738 314 901 91 969 881 679 904 551 792 879 302 454 467 979 748 465 195 956 734 107 204 160 311 248 967 558 550 160 517 887 21 790 194 293 167 371 567 715 499 842 587 837 158 343 765 533 943 172 
532 1001 763 303 336 241 218 854 454 402 759 985 841 674 165 0 75 310 274 764 699 594 227 939 930 977 785 64 589 517 876 168 263 968 25 98 887 114 642 774 80 609 358 47 174 225 792 683 193 409 227 837 924 701 653 962 94 956 481 840 440 687 866 524 241 208 608 413 503 80 376 403 135 458 637 813 62 228 858 683 1017 383 491 206 479 
602 12 554 973 203 543 570 608 927 208 810 125 24 291 497 75 0 726 693 575 404 744 445 501 525 367 1010 241 678 900 329 924 117 512 631 964 624 55 809 347 997 199 198 510 981 231 243 962 404 349 769 398 62 975 631 734 718 308 876 724 705 320 644 374 734 248 340 148 156 285 362 201 977 248 703 796 418 197 897 412 829 633 859 176 787 
860 722 627 254 452 53 191 650 802 349 489 1008 298 856 169 315 735 0 80 320 83 643 720 1017 211 179 728 229 943 42 431 985 213 98 42 508 417 962 853 894 206 540 794 277 616 237 206 631 236 862 238 87 334 508 52 321 484 858 80 316 575 98 669 518 229 124 813 784 444 816 354 865 584 882 700 661 497 848 279 846 933 18 850 753 651 
623 523 14 990 677 453 812 772 455 301 671 289 532 202 200 261 689 74 0 458 262 173 279 671 205 136 888 32 318 144 349 551 94 644 708 297 648 601 589 968 280 665 649 390 627 841 967 1002 790 885 675 276 545 8 604 285 554 652 992 670 274 437 267 369 898 893 337 99 722 109 78 488 295 676 130 420 846 782 36 155 906 310 175 658 223 
167 125 513 114 516 314 868 723 305 637 512 283 421 239 93 772 580 320 458 0 887 50 573 346 682 446 397 579 862 272 532 690 172 447 836 692 817 615 611 745 329 421 449 730 340 494 823 210 180 433 303 276 253 821 442 773 678 225 753 1003 341 20 835 593 438 82 682 302 469 36 81 805 138 845 1011 968 123 516 271 218 881 270 591 553 182 
394 950 18 242 472 659 689 627 945 716 353 431 484 208 671 709 412 75 275 897 0 682 354 563 770 577 424 955 897 376 495 257 612 891 987 645 564 466 151 175 268 131 276 581 326 778 627 896 350 634 678 492 401 411 997 26 140 356 1008 365 363 358 858 992 480 506 366 795 779 587 873 777 618 817 382 574 971 593 940 690 902 479 880 518 517 
489 649 993 604 935 987 777 452 987 968 395 98 381 391 321 594 741 651 182 59 694 0 20 906 738 411 810 280 273 115 143 508 828 783 733 549 248 95 93 948 151 411 253 619 353 928 809 724 132 640 805 909 661 608 194 172 95 596 1003 218 800 598 283 807 1013 77 119 908 328 355 830 414 63 29 1003 782 538 532 254 347 116 124 514 459 806 
339 952 795 530 755 972 935 784 71 276 696 409 48 297 555 226 449 736 284 572 356 5 0 893 888 772 578 917 488 676 63 145 620 943 501 986 317 963 753 119 173 379 96 361 841 416 88 772 681 197 678 517 965 346 747 144 593 835 415 473 745 412 257 671 472 257 537 228 504 936 678 752 212 404 105 95 1010 82 650 591 752 848 818 633 430 
882 666 183 905 75 592 15 212 739 583 659 342 618 853 321 948 491 1003 676 355 576 918 888 0 269 988 383 210 736 865 711 200 715 148 685 423 69 951 604 506 819 475 717 170 295 543 335 368 207 542 325 276 849 330 634 1000 155 59 616 764 809 939 727 711 300 113 491 119 826 24 988 505 773 839 170 948 873 28 973 785 829 434 162 298 409 
945 1005 739 665 664 854 942 918 228 181 310 550 308 881 981 926 531 222 220 688 766 735 873 279 0 604 145 986 777 316 853 911 515 938 442 630 787 524 912 414 115 143 132 941 870 872 585 679 518 136 611 563 747 109 514 665 37 559 420 162 181 572 35 168 271 460 503 514 372 270 265 467 154 529 883 759 1002 632 914 709 486 157 584 585 317 
121 536 779 351 965 745 992 941 191 747 104 50 546 840 915 975 373 187 154 437 567 417 776 991 604 0 765 421 79 621 754 134 218 469 595 670 859 918 501 728 982 785 550 255 536 985 234 936 156 579 517 986 848 919 685 889 465 898 539 403 154 725 772 135 775 958 664 699 298 363 801 156 908 24 379 389 525 467 605 526 877 956 841 190 456 
176 996 167 322 335 717 771 37 233 439 539 643 369 620 665 787 1001 716 882 406 420 793 581 384 148 763 0 673 248 322 825 908 154 117 329 461 631 751 813 34 343 420 29 983 687 663 776 196 444 966 1010 596 985 221 615 175 351 920 430 821 402 447 295 640 482 329 177 639 312 884 430 977 91 260 606 586 543 140 347 850 66 734 855 320 838 
316 642 19 446 199 115 679 166 33 224 742 370 153 873 837 70 237 222 36 562 948 290 918 209 991 440 686 0 371 381 682 869 313 933 350 250 441 29 976 1014 627 193 345 73 837 809 957 221 598 471 582 732 760 712 821 60 596 52 749 907 533 679 112 795 573 695 493 547 487 789 989 266 311 502 934 262 148 232 218 438 600 472 381 169 594 
931 101 870 272 40 87 128 629 49 13 299 835 794 775 860 590 675 946 323 874 893 269 498 734 763 83 235 366 0 836 544 717 552 784 805 532 678 791 959 168 572 565 575 19 666 503 69 726 786 380 876 917 927 983 994 217 673 177 907 30 381 427 545 900 132 7 532 495 629 129 326 686 186 463 500 969 329 459 802 207 266 698 734 821 437 
759 504 725 989 858 732 1013 213 305 672 279 625 178 836 561 513 909 42 143 274 379 118 676 860 326 612 335 385 844 0 130 984 596 856 71 943 306 474 91 138 723 776 764 332 731 971 828 861 784 90 606 895 110 744 582 875 59 661 777 26 154 233 778 457 446 344 562 401 426 436 767 577 108 720 450 223 43 766 132 180 836 300 18 412 502 
614 382 625 283 664 555 62 1017 786 577 683 433 681 566 779 873 318 445 342 516 484 137 50 716 858 752 821 678 540 134 0 660 662 163 540 534 218 957 248 921 619 999 549 162 503 803 344 561 214 596 200 818 448 74 872 224 690 590 632 814 925 85 75 252 859 412 687 339 222 522 705 943 204 76 410 201 344 832 983 659 467 107 503 622 572 
452 723 407 601 635 72 826 435 589 796 743 196 114 25 678 171 919 984 539 682 241 502 138 198 914 129 915 884 732 970 659 0 518 466 879 533 654 258 303 127 341 322 429 544 938 126 173 839 42 721 749 925 608 476 120 895 648 482 351 11 984 81 876 657 573 756 348 871 971 176 140 200 161 334 337 798 306 242 631 794 75 756 112 920 133 
447 698 867 1000 589 758 608 959 504 440 612 198 79 135 263 270 107 223 102 173 611 820 632 722 499 208 149 313 553 591 663 523 0 763 744 677 662 336 824 895 644 225 734 1002 449 49 577 267 559 455 623 902 978 733 110 278 425 777 762 859 487 836 991 350 983 987 817 259 65 863 143 791 165 222 531 741 349 453 771 884 143 797 947 207 96 
543 113 62 857 338 70 761 890 910 965 542 644 615 786 928 974 521 110 638 446 878 790 947 150 930 460 119 931 781 852 148 478 769 0 664 634 195 334 212 259 50 687 771 989 323 525 241 845 365 335 408 824 999 168 638 228 400 681 364 831 583 332 953 296 639 960 254 394 353 120 106 504 247 730 814 345 451 975 522 911 308 409 601 618 17 
48 535 120 460 154 66 635 78 565 466 437 798 536 522 236 18 626 25 697 835 968 737 505 691 429 599 320 352 815 60 539 878 740 658 0 28 271 541 166 839 218 831 231 708 673 279 772 179 417 629 563 760 623 352 934 817 494 201 527 406 416 322 50 66 224 50 834 871 42 831 872 750 562 785 977 609 524 52 920 385 567 1001 280 654 203 
234 237 603 771 304 202 477 747 223 1010 183 849 757 165 701 102 977 498 298 691 646 545 989 438 628 662 447 230 532 951 528 535 679 624 27 0 871 480 741 360 763 120 124 516 603 944 812 949 406 940 122 57 70 486 118 962 427 536 796 228 58 828 103 554 724 370 540 864 874 151 659 959 692 118 211 358 17 737 76 680 11 728 715 314 46 
355 915 804 166 506 821 793 802 217 963 582 729 425 866 742 878 611 421 655 821 557 256 309 69 781 850 622 438 667 317 215 659 679 183 261 881 0 953 110 828 796 83 664 112 460 545 693 391 357 199 678 788 252 963 655 648 631 510 683 947 786 978 783 140 381 639 453 627 173 180 372 759 440 774 59 409 14 499 633 932 565 17 128 235 452 
432 396 752 841 877 961 601 788 534 493 743 50 5 78 323 111 61 952 589 615 458 105 963 945 521 910 751 26 791 487 957 260 342 328 541 478 950 0 460 336 890 701 929 388 360 50 471 711 213 240 585 701 854 378 137 488 732 172 30 921 956 86 892 81 177 497 974 687 778 153 922 844 487 509 681 198 329 491 588 807 811 497 532 623 857 
921 511 488 782 658 504 321 547 425 171 182 995 495 304 898 646 813 857 582 602 140 97 757 595 913 500 800 977 951 104 229 316 805 211 177 732 97 476 0 831 802 101 600 17 790 992 971 378 462 681 411 309 30 315 559 982 517 254 657 97 610 646 1005 269 355 586 896 45 23 558 461 829 319 180 749 440 789 383 80 690 420 874 747 195 418 
543 204 837 749 622 500 289 451 842 655 827 377 495 171 84 775 341 876 974 756 164 934 130 516 405 714 44 1015 172 154 929 121 901 257 836 357 825 346 826 0 1002 795 560 503 47 997 906 771 852 257 26 577 987 608 887 581 787 347 191 461 237 428 534 139 951 834 1000 60 82 651 780 797 511 784 109 176 700 868 999 388 817 327 741 783 238 
822 875 532 315 46 397 850 308 652 297 935 890 474 26 963 92 991 199 269 320 275 153 172 817 110 986 344 631 572 721 615 347 649 54 221 763 800 885 799 1003 0 121 707 622 717 536 829 164 65 438 175 178 90 667 423 320 45 45 200 189 828 358 216 905 836 785 345 699 645 7 44 951 653 62 545 151 296 376 284 935 57 107 525 841 919 
274 784 264 643 1004 850 486 798 912 673 412 810 695 143 878 607 200 530 653 429 130 403 368 476 129 767 421 199 568 762 1006 318 218 691 820 128 66 704 91 788 126 0 433 880 867 650 91 174 712 742 354 967 86 150 740 740 859 188 595 980 522 393 75 724 817 781 515 697 888 442 450 874 536 899 118 571 538 570 450 702 1002 611 277 93 256 
1008 948 690 530 616 882 251 915 987 165 944 831 680 898 687 345 200 806 647 457 269 250 81 715 141 531 27 337 585 775 567 437 724 764 218 131 658 923 595 565 709 436 0 892 445 501 723 365 955 982 542 206 219 168 254 824 649 719 249 532 573 162 903 1006 462 792 19 810 882 596 85 814 733 367 622 643 378 282 968 305 361 53 918 638 658 
541 213 400 85 24 608 39 702 86 651 400 462 648 59 901 54 507 286 381 741 573 629 355 159 955 257 972 70 11 338 168 554 999 985 695 509 119 390 16 504 608 869 905 0 59 801 743 826 566 565 868 148 885 378 258 646 767 358 588 919 992 570 42 567 869 998 942 172 811 557 459 589 307 700 730 867 96 129 819 907 416 380 134 757 286 
232 33 841 181 304 786 922 364 136 170 142 66 316 97 535 177 981 614 617 345 326 349 841 289 868 531 673 832 662 733 513 929 457 322 671 617 455 367 800 48 723 873 439 51 0 548 134 966 869 694 677 795 698 872 456 709 852 352 846 617 927 294 325 309 922 198 423 523 574 868 612 605 969 516 517 645 43 227 200 741 259 677 301 365 84 
570 762 949 621 892 774 481 309 1010 859 247 860 815 573 799 224 231 245 838 504 778 918 404 549 885 994 670 818 517 957 796 113 57 536 295 939 554 45 988 978 542 637 499 804 542 0 42 418 794 108 104 946 835 70 989 351 342 989 804 129 419 777 329 571 911 349 192 90 475 402 949 96 531 270 197 435 724 28 713 455 179 653 546 468 69 
659 34 996 345 615 785 948 158 832 89 476 343 840 164 885 798 242 194 964 821 608 820 89 331 584 216 789 943 72 838 350 177 587 230 773 805 698 459 987 909 822 94 705 737 149 41 0 957 499 421 418 602 550 40 687 383 271 241 847 1015 927 861 210 363 148 950 210 981 846 92 859 453 17 387 246 55 598 33 521 425 169 78 146 454 167 
948 72 549 861 721 309 554 355 481 615 320 614 484 831 303 685 970 642 997 197 876 726 785 376 681 927 202 228 728 863 552 847 272 836 189 939 397 692 370 762 165 189 375 811 977 416 955 0 380 808 50 352 363 761 696 287 952 552 78 817 679 397 253 830 747 559 694 214 275 716 1002 991 695 879 728 808 318 398 820 361 111 483 580 312 598 
684 492 341 409 246 938 126 692 543 967 29 730 593 790 456 191 394 226 783 178 349 137 693 189 530 153 439 595 787 787 219 44 561 366 411 411 351 225 457 847 60 714 943 559 864 799 498 387 0 856 549 379 547 358 239 856 988 298 911 84 304 301 730 262 539 949 764 494 82 924 81 416 97 143 207 728 139 207 481 177 116 816 835 417 642 
957 420 553 623 851 411 484 111 12 142 722 664 1005 726 472 411 345 856 874 415 629 633 195 548 142 573 973 482 390 72 597 707 454 332 630 938 200 244 682 241 454 738 974 562 695 108 420 810 867 0 426 825 599 481 129 184 916 152 179 83 70 333 734 673 164 325 748 596 354 281 429 575 392 81 969 733 538 285 127 318 839 639 481 533 487 
249 271 129 672 541 663 1011 513 156 984 928 574 272 625 979 229 778 242 684 305 683 811 678 321 612 514 1009 579 890 616 214 749 632 417 557 115 678 597 413 9 164 353 556 872 674 111 429 50 565 422 0 698 27 20 466 860 728 165 344 647 15 358 699 185 627 870 293 162 1003 339 466 732 55 935 330 981 969 379 729 618 303 631 68 428 917 
853 960 413 642 491 897 652 945 601 68 542 350 987 256 736 831 382 81 261 257 491 907 516 279 563 978 587 723 908 884 806 917 896 841 778 54 773 702 320 578 176 961 196 132 801 950 607 349 381 832 710 0 391 743 703 282 803 230 146 245 460 455 961 539 817 750 410 656 517 499 220 601 57 718 611 473 322 416 32 439 257 27 690 647 468 
336 736 149 505 342 162 121 779 800 585 387 357 888 440 465 929 66 324 559 259 384 669 958 853 748 863 979 765 933 108 455 614 988 998 608 70 252 861 44 976 97 87 209 890 699 833 549 370 542 598 34 402 0 821 515 120 980 432 158 413 470 635 234 937 752 713 876 801 558 208 403 454 562 105 921 216 474 818 395 746 909 910 32 155 503 
743 363 789 845 598 362 44 658 807 675 212 237 439 129 195 714 960 503 20 819 403 607 345 317 115 930 217 729 993 760 78 458 739 170 356 489 970 386 311 612 676 147 168 373 872 71 35 766 355 481 16 731 815 0 289 533 672 928 737 726 634 718 18 529 366 792 357 499 41 783 858 155 968 692 171 478 96 721 711 683 598 373 411 969 986 
630 974 885 124 439 61 718 285 744 879 755 637 42 498 965 659 641 51 605 456 1005 195 739 616 507 685 606 801 1002 571 870 106 113 627 936 118 654 143 573 881 413 748 244 266 468 994 683 696 229 123 469 701 507 272 0 808 256 151 815 78 257 355 151 645 95 515 449 901 818 153 414 658 560 88 323 827 137 488 262 690 847 170 278 231 834 
309 569 419 921 544 322 192 65 569 103 954 68 726 272 736 975 750 327 291 774 45 169 134 1000 658 885 177 57 213 869 223 889 287 226 803 966 645 491 977 583 307 752 839 664 709 370 396 286 875 199 872 271 118 536 800 0 859 800 828 50 506 249 129 956 582 659 334 967 342 86 514 934 88 275 600 91 551 891 856 700 635 68 928 27 465 
358 1016 674 131 121 810 628 222 691 498 218 77 386 633 103 92 731 486 539 668 146 90 579 161 43 472 352 602 681 59 697 638 434 398 507 429 630 738 519 787 52 857 642 755 848 347 273 962 979 913 721 802 991 667 258 858 0 437 469 897 548 803 185 275 156 266 225 840 628 667 170 598 333 1007 463 133 993 282 390 385 975 220 82 259 646 
469 165 622 428 153 841 57 58 713 776 840 731 598 630 212 975 315 873 645 228 359 584 832 77 563 887 913 41 192 662 590 485 787 693 193 530 509 161 255 350 38 190 704 352 336 996 243 550 307 163 169 221 430 927 152 786 431 0 625 932 241 491 854 655 935 319 57 786 17 698 147 229 455 368 780 494 904 124 880 624 333 998 640 227 135 
632 592 711 39 441 494 411 844 177 493 267 247 828 986 155 486 879 82 980 738 995 1010 429 632 429 523 439 748 915 789 635 351 748 361 523 805 673 30 654 189 204 592 240 597 855 809 863 90 917 172 339 153 150 727 807 823 470 635 0 682 898 645 800 265 294 818 32 21 698 739 317 658 484 614 417 294 71 205 819 649 328 744 144 70 520 
747 35 388 324 483 121 302 927 1004 469 819 295 550 168 326 833 725 314 678 991 355 224 479 760 159 410 826 912 37 19 823 16 876 833 413 247 941 925 114 449 189 991 544 921 604 126 1001 815 83 86 657 233 415 718 74 41 902 936 687 0 354 231 528 942 143 890 409 131 783 176 58 308 140 439 61 780 626 242 334 639 927 443 1009 300 528 
172 997 835 174 632 802 477 380 232 464 912 209 157 398 246 444 719 584 268 347 353 780 764 796 176 151 393 538 396 146 922 986 496 590 420 60 785 966 609 234 812 512 577 992 929 435 924 680 305 78 7 468 479 652 264 509 552 241 911 368 0 807 793 471 74 430 284 803 748 854 774 564 437 446 643 66 110 829 276 42 644 316 564 156 878 
689 752 960 847 649 26 528 745 685 121 960 214 857 390 954 698 330 83 441 8 362 602 421 945 566 719 446 685 414 233 73 84 849 329 337 834 981 67 649 420 351 399 155 555 293 768 841 405 290 321 364 447 642 711 366 235 809 500 639 251 806 0 518 958 965 510 357 1005 156 94 372 717 110 21 538 710 230 213 931 362 414 740 503 910 50 
1006 195 817 797 168 845 737 935 118 656 717 756 1015 896 551 871 645 681 258 830 863 291 272 718 43 780 309 114 538 777 72 881 988 960 49 97 786 903 1008 516 221 61 907 30 324 337 212 254 745 722 699 956 226 21 168 113 196 854 809 530 799 521 0 340 243 617 361 837 901 201 211 81 253 512 687 478 259 406 119 956 178 580 133 390 219 
926 313 444 678 881 63 88 98 298 373 427 542 472 545 563 539 392 515 349 589 990 812 666 717 153 137 638 808 892 477 261 648 333 313 59 570 152 89 268 142 904 714 1006 555 310 579 378 833 259 671 185 548 953 544 639 957 277 658 254 948 486 958 348 0 685 821 353 232 466 977 759 38 65 501 420 437 263 153 782 532 797 701 883 390 196 
426 897 335 902 23 712 162 369 250 705 318 967 432 433 158 240 728 214 917 428 478 1008 482 289 287 774 483 565 137 454 849 581 994 639 219 741 364 167 345 957 853 807 461 859 911 913 144 745 544 157 630 817 737 365 106 586 154 939 294 127 77 956 246 699 0 815 702 469 704 1000 367 983 577 585 61 19 455 886 60 989 338 759 994 142 18 
774 618 628 207 960 922 632 210 647 325 326 690 681 865 521 206 250 136 888 71 521 71 261 115 463 953 312 699 6 341 400 755 999 972 53 371 639 509 586 833 796 795 797 1014 188 348 935 569 946 320 873 755 722 805 515 641 255 323 823 900 416 516 614 815 821 0 925 834 124 399 977 56 736 83 359 146 282 44 544 380 682 482 48 167 798 
569 403 27 298 797 240 478 343 270 233 776 427 503 776 880 618 334 816 356 664 380 137 532 498 496 664 196 497 537 561 692 357 809 239 824 541 466 967 881 1015 337 519 17 941 434 208 205 683 773 743 291 404 864 339 445 319 243 69 45 415 279 355 347 348 712 931 0 45 126 767 466 562 345 255 739 442 509 531 369 830 183 292 52 108 371 
159 265 157 968 981 970 867 707 696 485 158 323 727 725 14 424 151 773 104 297 796 902 244 118 517 712 650 544 500 397 335 876 258 401 861 869 635 688 57 57 696 704 814 168 524 86 989 222 492 598 155 664 798 500 884 971 847 787 29 127 804 1003 841 243 480 850 30 0 97 964 219 520 293 970 997 521 189 820 384 675 102 397 457 323 327 
517 643 883 595 136 491 258 918 722 569 205 749 25 273 785 505 157 454 720 487 783 321 506 836 368 289 317 483 618 422 229 974 62 356 51 891 154 770 18 75 641 884 876 818 585 463 844 275 79 368 1002 506 546 40 835 350 631 28 703 783 752 154 881 476 695 133 119 104 0 951 248 873 417 109 168 318 625 651 169 87 720 527 629 132 488 
585 807 246 20 63 352 752 952 311 803 964 557 32 293 206 74 290 820 99 34 595 355 944 35 254 366 894 797 138 432 536 179 857 121 842 148 188 144 555 658 17 454 597 568 878 395 86 706 913 284 325 499 216 798 167 81 654 697 744 163 854 110 201 985 996 408 770 964 954 0 681 135 411 6 875 75 215 937 785 434 839 273 349 303 831 
869 70 264 810 669 642 121 113 931 557 763 948 224 498 279 384 357 351 87 74 875 830 678 971 263 803 427 995 328 778 689 152 160 107 865 659 370 929 477 783 59 463 71 461 612 944 853 1000 95 434 457 209 397 854 406 513 180 148 314 50 788 379 212 759 374 987 465 220 243 685 0 679 767 359 28 264 635 14 190 997 858 622 868 701 913 
728 759 65 568 101 347 974 499 116 646 371 847 510 438 172 407 203 856 478 810 778 415 753 505 456 165 981 280 686 569 956 184 789 504 741 955 762 836 838 791 950 866 799 592 615 94 455 993 429 576 727 598 459 166 642 935 612 219 656 315 558 733 72 38 968 51 562 534 868 139 694 0 46 803 411 277 782 535 182 832 138 734 726 469 382 
850 133 692 244 175 216 982 755 414 679 807 768 265 595 379 138 981 581 284 138 612 53 213 766 157 892 90 310 174 123 205 154 185 264 548 681 429 485 324 505 650 541 744 309 987 534 20 684 97 405 38 38 556 959 548 93 323 460 483 147 434 103 266 52 572 729 345 285 408 416 779 60 0 19 412 685 158 160 214 514 18 509 998 430 818 
240 123 529 591 724 964 558 685 767 35 467 326 44 403 568 459 253 886 658 847 832 34 417 826 530 29 261 506 462 728 65 351 226 734 785 123 778 510 191 779 70 910 381 710 526 272 381 868 162 71 942 700 107 677 68 275 1008 358 603 432 449 16 529 506 597 81 238 973 102 9 369 808 39 0 299 157 561 576 639 367 273 163 898 926 232 
467 624 773 510 328 863 843 307 495 277 130 780 49 783 706 638 703 703 130 1007 381 991 124 178 893 385 602 928 484 448 409 352 542 810 971 200 73 690 749 112 556 129 617 730 515 209 251 725 211 968 324 603 924 167 319 595 468 795 422 61 634 541 688 432 64 361 727 1000 164 882 29 409 423 307 0 685 77 697 521 253 255 778 126 457 138 
28 662 911 563 127 263 37 639 372 322 187 139 900 930 508 806 787 650 410 975 568 789 94 933 748 394 571 266 959 233 214 800 738 351 595 355 411 202 428 167 162 579 629 870 644 429 43 794 723 729 975 477 212 472 828 81 133 510 295 770 61 699 479 436 30 164 439 528 322 71 251 270 686 165 695 0 977 717 398 697 507 540 709 136 682 
545 58 692 944 888 785 917 163 231 449 581 370 543 367 836 79 408 487 847 133 978 533 1001 862 1003 523 536 155 332 46 350 310 354 447 522 7 12 327 792 687 296 547 387 86 37 712 595 306 155 528 980 320 475 103 138 545 991 898 83 617 101 230 256 260 460 290 510 194 614 204 636 790 144 559 81 974 0 98 201 154 734 513 252 632 872 
614 564 970 977 325 421 442 150 184 65 405 491 280 305 582 230 191 850 772 520 591 522 76 14 614 480 140 234 469 782 831 248 453 962 59 732 495 480 394 849 383 564 282 134 218 32 43 395 214 281 369 416 814 721 492 893 284 105 192 234 831 210 406 155 891 54 522 816 633 945 25 535 176 592 693 707 103 0 803 392 380 790 697 714 33 
814 780 98 102 749 786 598 848 191 425 158 416 990 821 834 853 899 285 44 261 950 259 636 967 915 593 347 221 790 141 995 631 760 519 920 84 634 582 75 1019 275 456 974 805 192 711 529 837 486 126 736 31 386 726 252 849 380 892 828 349 287 932 113 786 58 546 379 394 162 787 200 184 223 641 529 390 209 801 0 458 788 674 53 66 345 
729 112 514 409 82 539 818 838 525 76 799 155 206 524 144 691 413 841 172 212 686 337 597 786 710 515 858 425 210 164 671 782 887 916 380 673 920 797 696 377 939 706 306 888 725 457 414 358 165 315 620 434 735 685 671 707 402 625 643 621 42 360 949 537 979 385 823 679 83 425 992 818 522 359 252 695 144 391 478 0 990 504 618 835 608 
796 324 831 155 577 750 833 906 336 284 887 547 117 779 344 1008 835 924 905 873 895 110 746 841 499 873 75 589 255 838 466 58 158 311 580 18 557 801 434 824 61 997 362 412 277 176 169 116 112 839 311 251 918 600 843 634 971 329 336 911 646 416 169 786 332 673 187 95 724 843 860 142 17 272 248 520 730 385 776 992 0 410 307 24 737 
604 189 415 933 608 733 535 327 952 950 343 719 350 784 768 396 616 35 298 274 482 123 852 448 160 960 737 478 695 301 120 744 792 405 1013 729 21 508 867 322 98 599 49 384 672 649 82 486 816 639 619 25 909 357 161 52 220 990 740 457 311 743 566 685 766 476 303 393 516 273 637 740 507 168 785 538 528 798 687 502 406 0 501 397 976 
653 101 33 158 228 397 144 172 901 934 811 741 125 821 530 487 868 850 176 603 870 503 833 156 598 857 864 375 739 25 495 112 956 602 282 708 122 521 751 746 520 267 911 135 320 553 151 570 825 495 68 673 19 403 263 937 82 649 133 1001 562 509 133 866 994 48 59 445 615 348 870 740 994 896 110 699 261 694 54 629 302 500 0 290 401 
402 479 598 38 611 928 445 385 796 136 152 463 86 372 928 205 168 759 660 558 507 455 628 294 571 200 324 175 808 425 615 926 216 617 666 313 239 629 188 777 832 109 650 766 358 466 459 297 433 537 415 655 152 983 249 28 250 227 51 296 164 907 382 386 161 172 108 320 130 304 704 456 445 926 462 136 643 710 61 834 36 394 294 0 476 
169 947 293 197 577 676 834 424 240 604 526 659 802 777 179 483 802 666 231 172 514 796 429 425 323 447 823 578 440 505 572 127 84 12 197 43 451 861 413 256 929 260 672 277 91 63 160 598 654 494 915 471 503 1003 823 457 646 134 529 521 892 63 229 189 12 792 368 334 486 841 916 369 830 236 145 688 854 40 353 606 741 971 400 489 0 

Depot information
1
1
1
1
1
1
1
1
1
1

Customer information
1
1
1
1
1
1
1
1
1
1
1
1
1
1
1
1
1
1
1
1
1
1
1
1
1
1
1
1
1
1
1
1
1
1
1
1
1
1
1
1
1
1
1
1
1
1
1
1
1
1
1
1
1
1
1
1
1
1
1
1
1
1
1
1
1
1
1
1
1
1
1
1
1
1
1
