Seed 123 - Instance: n80m20_1
n 80
m 20
Q 9999
L 4
U 21

0 615 182 211 61 291 17 237 750 1012 411 78 809 430 561 365 194 867 403 49 474 838 10 888 684 57 561 857 896 922 875 796 235 322 944 236 168 391 439 618 932 944 376 58 763 566 493 430 638 802 95 32 985 621 837 425 959 146 231 270 694 435 290 716 264 351 864 836 166 146 375 901 864 349 253 619 65 904 33 103 150 894 87 490 436 780 319 145 325 692 157 457 25 544 348 1004 400 384 54 66 
621 0 116 645 250 676 445 787 165 875 879 399 171 253 344 731 941 619 867 456 190 151 194 641 153 438 556 359 319 784 353 126 814 433 223 728 512 899 680 208 1005 938 280 383 396 860 468 782 716 498 292 379 186 408 932 500 297 851 483 395 184 859 911 647 521 861 283 935 171 970 581 786 641 215 438 108 636 989 231 127 458 278 85 476 83 919 173 846 409 782 806 619 839 429 597 800 528 889 336 790 
180 116 0 269 212 639 95 630 781 447 77 733 916 530 98 772 402 947 941 80 869 49 293 784 410 767 992 400 678 582 965 341 293 714 90 31 680 547 677 491 833 965 603 38 527 264 927 270 170 625 293 885 990 193 700 12 928 152 393 681 172 755 331 530 580 108 134 311 677 318 398 323 456 407 517 713 98 753 220 264 413 146 958 90 933 211 367 730 234 269 254 930 188 323 77 254 39 309 326 373 
213 647 276 0 578 524 462 675 42 948 703 359 962 621 765 707 42 79 1004 30 798 315 223 723 927 186 784 247 288 581 408 453 639 503 946 444 764 171 846 37 123 609 763 243 852 384 801 567 193 769 140 749 290 254 749 927 332 618 778 743 506 549 370 652 449 371 20 498 733 686 72 133 786 301 778 98 950 407 352 894 664 115 338 580 796 162 305 898 278 398 949 178 864 265 913 900 102 70 713 209 
76 243 213 575 0 870 656 222 680 179 852 735 128 967 144 638 468 315 787 313 788 67 247 755 160 465 759 156 981 281 295 85 334 952 104 398 94 865 92 621 901 167 324 975 179 537 360 212 69 608 686 771 532 114 134 760 342 899 618 546 634 573 714 13 674 315 940 1012 500 340 982 285 987 1004 486 384 314 616 248 110 53 621 157 56 95 541 83 528 276 273 62 956 927 725 363 207 681 706 513 165 
286 690 635 535 884 0 939 128 41 426 562 902 795 63 853 425 144 284 405 365 728 688 779 943 273 521 110 572 388 75 843 685 383 667 390 306 784 410 9 474 224 92 417 557 264 520 406 985 539 353 877 409 797 157 168 380 130 228 300 446 756 376 77 243 113 557 526 522 247 821 402 561 980 67 700 306 48 938 231 740 573 991 656 631 479 207 88 582 791 925 34 101 32 91 60 997 88 753 1004 89 
18 449 96 479 662 931 0 233 654 757 407 388 957 802 173 179 415 322 424 428 292 861 169 672 431 285 940 755 311 756 313 925 21 836 418 692 760 363 42 995 551 490 917 672 201 103 994 406 789 155 962 318 609 218 827 867 552 977 631 905 774 610 519 503 625 994 949 831 390 693 447 382 639 1000 269 153 901 910 148 311 989 808 287 287 598 7 139 329 299 463 421 521 286 424 321 832 568 802 98 299 
247 784 627 687 230 128 229 0 103 782 242 910 343 175 302 826 214 87 199 318 1006 994 21 931 582 612 409 255 843 717 939 884 582 997 49 793 446 642 782 237 355 533 571 388 1001 686 38 839 625 595 340 164 835 961 942 965 906 625 567 552 842 873 60 897 520 907 713 277 999 729 791 467 231 320 570 718 522 876 1006 776 980 17 75 525 745 886 173 749 55 145 140 592 247 872 175 653 88 356 789 588 
755 173 782 54 681 40 660 93 0 935 391 673 652 125 520 313 26 173 518 222 730 836 558 696 55 562 208 711 571 466 906 153 838 312 442 907 9 765 946 724 271 357 164 684 528 491 869 797 161 432 676 641 249 515 572 926 614 572 256 170 945 696 16 395 107 613 393 684 942 787 654 402 890 442 54 465 623 363 34 423 1002 388 591 781 301 337 392 735 648 198 68 429 78 224 427 41 682 487 549 716 
1003 872 456 948 172 419 750 777 949 0 25 498 911 495 243 434 643 489 25 723 298 801 117 641 413 524 420 83 468 323 170 867 803 219 565 150 740 565 808 548 581 644 501 346 750 823 599 678 938 552 502 298 637 529 499 513 862 386 692 215 459 87 966 672 639 731 107 146 894 383 19 650 438 746 162 838 684 790 674 681 278 333 38 98 561 494 393 210 397 377 417 159 225 324 390 237 589 47 924 386 
416 886 72 694 855 565 415 224 409 33 0 93 850 890 298 1007 753 147 417 27 616 626 637 374 780 648 932 952 137 13 650 294 598 606 136 995 600 500 658 577 989 825 128 211 924 414 973 144 1006 428 134 832 346 24 762 283 790 726 219 959 272 559 472 889 934 47 103 523 324 87 543 982 655 181 634 807 163 334 306 784 377 483 864 96 167 265 851 949 337 912 174 961 554 244 89 141 260 503 704 841 
92 392 718 356 733 905 393 896 687 490 106 0 179 431 278 116 517 737 823 89 998 889 145 729 560 361 483 675 200 752 727 626 120 884 206 559 700 941 825 953 831 609 295 911 160 896 1003 90 314 148 921 825 605 438 950 578 552 671 422 824 344 833 357 820 187 310 386 801 560 287 26 830 172 838 298 719 774 898 7 194 111 26 169 827 91 64 759 976 801 972 205 817 784 264 974 772 320 145 187 730 
792 177 922 971 115 795 961 348 659 924 838 175 0 928 642 481 511 457 931 595 316 300 763 166 672 374 160 321 497 605 341 453 68 146 422 963 50 955 505 421 457 58 91 596 392 966 401 561 507 674 614 551 388 189 336 392 975 99 193 817 458 296 672 913 328 187 645 591 539 143 218 714 35 201 931 795 489 904 444 396 226 209 252 18 590 626 496 427 14 906 284 982 933 947 462 702 11 677 679 665 
426 246 528 621 961 60 805 168 135 507 885 443 942 0 731 36 455 513 734 286 103 798 641 726 34 787 287 946 738 826 677 169 385 1008 838 80 279 433 925 455 747 501 688 124 804 845 46 22 366 812 109 551 820 595 992 333 380 194 840 291 448 488 452 338 660 342 621 177 424 74 25 609 644 893 994 142 944 876 438 482 485 245 865 197 789 489 332 267 481 586 77 186 76 930 121 53 259 778 680 791 
548 343 84 750 135 846 176 297 524 227 307 282 647 728 0 275 351 1019 439 548 38 314 86 686 843 933 594 382 741 44 242 142 544 451 868 493 24 627 491 451 96 597 163 691 505 686 801 105 412 598 604 873 408 416 422 13 389 119 190 672 495 891 716 996 165 748 379 713 319 301 932 48 760 238 320 120 936 117 868 510 885 534 364 569 362 893 314 383 602 718 83 142 1003 266 81 5 333 425 785 937 
356 745 785 705 634 433 174 842 312 446 997 106 468 49 277 0 714 965 478 397 883 211 424 781 763 543 574 476 752 231 446 339 861 739 818 13 135 329 474 198 703 784 599 966 142 451 115 759 151 564 65 112 461 640 395 766 129 978 180 448 560 696 713 186 69 696 402 678 246 136 794 762 80 400 727 527 671 60 724 216 328 316 755 918 321 349 869 756 174 254 600 675 159 268 623 281 406 189 434 735 
202 955 405 38 477 132 413 206 19 648 744 522 517 442 355 728 0 344 67 817 960 403 510 761 893 439 40 577 295 917 839 783 211 39 31 231 787 407 178 888 811 78 939 865 787 393 414 735 386 976 719 851 906 709 291 694 398 450 305 870 941 900 883 315 153 160 986 747 218 699 843 962 921 878 281 961 209 875 107 252 888 321 524 46 245 729 333 56 465 587 357 283 931 131 941 230 596 673 581 435 
855 610 941 70 313 277 325 87 169 482 138 746 464 517 1006 956 352 0 796 20 221 979 652 597 953 88 506 918 426 234 681 752 793 263 718 989 61 146 583 310 159 522 362 287 551 268 509 808 353 629 954 305 589 63 903 214 632 600 774 310 290 415 393 900 160 388 678 677 769 594 965 597 158 780 252 91 533 310 501 63 774 594 643 1014 370 251 45 736 636 875 768 506 600 729 823 218 606 587 355 598 
398 874 956 999 781 422 420 189 522 25 432 831 934 737 450 468 81 789 0 685 787 966 386 965 878 626 527 623 931 444 964 996 972 564 918 421 146 542 223 489 863 756 269 645 45 990 636 837 532 145 452 529 436 142 606 192 332 446 384 978 819 621 792 338 70 314 107 26 270 315 128 514 954 293 731 903 413 232 142 125 856 778 934 631 135 171 972 275 299 774 894 384 371 709 641 18 669 195 648 223 
40 444 94 36 326 365 442 319 211 705 25 86 583 273 550 389 818 16 678 0 341 363 510 136 173 781 848 339 310 788 938 625 243 108 114 925 658 60 20 319 881 211 68 545 187 387 965 505 645 86 438 240 32 582 446 857 875 730 435 451 433 584 720 87 131 324 524 618 410 519 678 713 835 990 188 964 667 899 687 788 240 974 739 257 23 106 1000 86 511 336 417 671 996 836 851 953 193 510 943 681 
474 181 863 801 778 742 282 1011 729 297 619 1002 318 96 27 880 967 229 788 335 0 63 769 78 64 331 101 600 77 796 795 365 446 145 149 68 16 53 895 31 763 674 815 642 393 369 241 564 997 550 350 534 812 18 611 218 59 173 113 42 887 13 964 198 602 87 240 868 931 840 735 275 478 689 728 125 68 113 983 835 978 190 664 188 78 713 809 996 764 205 35 580 350 856 241 120 641 640 270 850 
830 149 39 328 72 701 859 988 847 800 632 882 291 800 321 226 393 990 982 361 58 0 508 651 845 207 817 348 207 244 298 435 873 586 47 300 331 621 228 694 437 309 246 99 524 929 669 14 430 977 469 582 580 446 273 724 669 917 438 701 895 1013 53 747 486 149 830 312 216 737 822 300 985 283 929 51 759 306 826 960 510 100 937 213 245 864 552 511 48 950 310 244 593 554 978 537 705 751 876 330 
7 181 283 223 251 785 173 23 558 119 634 144 746 644 80 435 510 648 382 508 770 499 0 79 404 720 716 838 887 904 663 353 256 506 658 862 827 126 474 326 551 189 18 172 258 262 179 233 129 490 787 427 363 374 589 217 323 692 184 121 489 107 294 996 467 705 517 139 160 45 564 833 67 537 252 611 858 634 831 427 52 92 950 196 486 671 691 675 475 620 437 944 861 679 679 307 513 561 865 5 
892 641 795 720 752 942 684 914 706 630 364 736 165 738 683 790 759 607 978 130 75 650 75 0 991 895 123 367 830 46 66 742 379 590 213 234 781 328 80 253 682 692 853 744 479 177 615 536 975 804 795 559 769 60 123 33 597 975 753 964 317 495 16 222 930 913 515 634 665 597 563 860 928 31 949 740 922 418 844 596 357 115 208 447 219 81 17 511 451 473 748 998 324 849 31 501 780 766 304 441 
680 147 408 927 163 291 424 577 58 414 791 554 682 29 836 758 902 948 864 165 71 830 417 975 0 442 817 107 999 850 920 380 755 114 783 985 285 483 322 693 615 717 366 655 106 880 822 751 399 853 246 694 653 708 296 99 552 465 644 698 133 219 439 39 891 893 495 750 959 938 471 734 135 434 775 134 144 213 986 877 189 262 544 111 242 472 221 83 879 317 55 748 377 532 199 765 658 601 375 441 
70 455 768 185 477 512 283 607 580 524 656 351 385 802 939 547 437 84 616 790 319 196 722 905 431 0 462 474 372 747 88 323 906 396 816 895 484 950 692 265 128 580 962 657 319 740 839 238 377 140 1016 381 838 597 419 646 275 827 775 455 847 137 978 408 553 712 718 849 286 299 168 728 914 977 24 67 569 98 736 606 869 187 468 692 646 45 116 195 121 382 549 529 267 723 1009 743 590 922 586 826 
556 559 978 789 758 115 950 413 213 422 934 470 166 287 601 586 53 510 515 854 83 804 718 108 804 467 0 676 997 706 248 485 112 111 768 532 503 804 27 783 297 832 245 103 178 353 870 879 316 570 748 40 76 43 47 951 797 337 187 408 316 30 229 914 591 315 179 305 331 669 89 323 629 865 1003 192 274 930 307 217 96 547 1017 974 627 454 696 113 197 187 114 550 973 769 446 847 6 658 113 193 
851 359 401 257 138 575 760 251 717 81 971 662 314 933 394 484 595 926 614 330 601 332 827 361 102 488 666 0 502 516 216 1002 244 833 360 826 303 408 1002 690 835 750 435 144 529 411 172 598 664 796 181 882 831 309 525 164 572 532 529 609 165 407 455 155 516 493 857 298 964 302 570 457 182 827 257 706 574 956 628 133 345 315 885 526 82 217 244 292 797 664 848 438 111 666 526 802 237 443 462 130 
914 317 678 285 984 375 325 829 567 473 145 204 503 729 722 758 297 419 929 297 60 209 876 823 1003 369 998 487 0 822 914 932 384 791 188 45 604 891 548 128 444 851 826 816 734 410 898 873 298 89 589 94 907 979 636 233 282 631 583 669 331 518 263 692 879 978 69 490 578 660 56 180 971 592 722 431 524 609 994 265 3 579 111 1002 105 702 233 536 188 508 538 267 899 746 236 814 744 438 928 761 
921 780 583 575 281 72 764 707 462 336 11 756 612 833 48 231 907 232 446 797 800 260 909 50 861 737 707 510 827 0 197 609 990 540 898 514 897 998 256 51 536 861 588 639 457 657 828 801 51 112 611 703 596 593 747 9 374 916 596 196 582 678 503 840 411 257 946 475 781 211 504 76 971 720 830 995 202 50 826 581 374 739 851 590 184 304 369 426 853 31 437 739 658 275 116 582 971 854 366 191 
874 359 946 413 282 838 315 923 893 172 646 733 331 670 231 451 847 684 969 939 809 309 665 61 922 72 245 216 897 197 0 366 498 468 238 33 350 791 841 90 369 632 498 250 373 214 788 579 891 172 847 749 2 307 284 136 246 887 191 634 364 490 516 725 161 199 402 941 301 399 159 180 415 898 513 487 374 747 132 670 290 244 976 993 412 422 611 955 113 289 249 413 541 247 827 830 912 611 281 961 
798 125 327 459 90 693 930 874 145 884 310 620 465 169 143 341 778 766 989 639 358 443 362 744 373 325 501 1001 913 610 372 0 528 914 701 268 15 571 560 76 819 92 745 794 473 844 404 422 796 772 806 712 362 74 644 490 871 768 284 979 803 381 661 795 268 998 401 712 885 350 641 562 853 606 384 994 102 658 37 42 159 729 586 154 376 99 634 248 284 566 474 731 26 322 814 474 1009 707 767 330 
218 799 273 638 330 370 17 580 840 791 598 136 83 388 543 858 216 800 984 241 442 888 247 364 752 903 104 248 377 990 482 513 0 118 799 286 617 766 569 675 302 871 508 624 322 135 470 477 518 1005 950 38 239 217 1005 882 310 1020 814 170 372 962 281 264 26 68 67 996 869 119 1005 500 970 758 171 638 611 759 382 592 500 676 992 370 848 202 1003 281 758 404 944 409 179 800 77 138 619 396 358 895 
310 417 726 502 956 659 849 991 316 226 608 875 128 1005 440 741 45 265 553 103 148 597 505 574 113 398 105 829 794 542 466 903 111 0 111 294 360 594 61 215 439 865 852 929 522 549 212 284 254 628 484 947 701 881 44 492 796 285 911 511 926 84 662 10 808 586 189 536 557 678 421 373 774 898 454 448 157 377 825 411 164 588 999 961 443 475 35 918 29 27 609 785 551 450 377 266 414 27 115 597 
939 238 88 938 105 400 433 45 454 575 145 191 434 848 874 818 26 722 914 101 154 57 652 221 783 818 769 351 196 912 248 717 794 121 0 126 495 48 738 453 966 472 349 357 958 746 482 159 382 667 778 201 787 382 943 466 690 205 334 459 437 514 871 739 830 101 697 773 124 854 500 156 646 692 748 972 699 987 221 495 938 598 952 272 241 26 840 687 546 883 173 433 842 656 922 480 916 665 826 419 
245 728 34 449 396 303 697 795 909 144 996 563 959 82 500 18 219 988 426 927 73 304 855 240 994 889 539 813 32 519 38 279 277 300 112 0 405 761 849 618 123 618 415 55 483 111 794 622 368 654 705 220 846 688 869 376 467 8 636 577 970 303 680 25 280 20 626 810 523 730 546 758 580 693 576 13 132 273 202 626 679 827 189 140 945 418 553 165 501 361 623 554 767 321 573 118 678 752 737 245 
156 514 674 769 100 800 763 461 26 749 607 686 49 280 8 123 774 60 135 656 27 320 836 774 292 478 501 298 608 891 343 20 613 369 476 422 0 830 971 96 674 140 564 466 973 491 142 478 365 194 340 668 500 482 974 760 689 54 199 450 279 257 570 50 612 74 30 104 202 254 512 631 944 464 879 799 525 558 225 368 41 138 942 195 371 861 392 774 467 643 937 986 78 161 677 553 455 130 984 416 
378 904 533 173 868 417 371 646 767 564 490 936 942 442 632 312 419 157 539 59 52 614 110 313 477 954 818 424 896 997 787 559 773 588 44 766 844 0 828 936 361 389 692 462 702 113 525 245 406 143 873 360 59 951 160 816 888 475 526 717 157 358 707 593 844 361 912 462 248 683 275 367 504 787 490 601 649 221 569 758 378 317 632 705 378 990 698 659 666 728 330 973 192 737 643 572 361 56 808 258 
452 667 662 838 86 21 51 780 944 804 650 825 512 937 486 475 173 576 224 9 893 234 474 78 324 694 35 1002 535 245 842 554 554 59 742 852 978 820 0 317 652 593 427 45 535 990 545 441 746 844 793 379 517 300 906 485 1004 912 560 548 33 118 201 577 541 591 308 869 187 622 393 781 373 35 138 409 28 90 657 771 890 523 936 551 266 806 358 343 292 515 886 506 39 99 893 31 111 169 814 97 
613 199 482 33 628 459 1003 239 716 538 590 944 420 444 459 197 900 312 502 312 19 709 340 255 697 271 769 691 136 64 92 77 675 222 453 623 96 945 330 0 208 123 130 271 559 645 158 784 221 754 269 601 110 982 164 455 891 286 229 255 558 214 235 235 299 299 685 17 252 566 38 252 618 312 1000 497 477 928 487 28 786 191 367 204 117 157 886 1002 806 335 256 30 180 294 79 126 11 830 967 939 
926 995 827 134 908 238 546 354 260 589 995 822 444 735 109 707 819 151 862 879 767 446 543 701 616 115 292 820 430 547 356 815 306 446 956 122 657 366 653 200 0 524 574 372 713 948 772 419 655 734 549 237 387 337 218 323 170 269 752 372 650 763 761 966 453 681 1009 79 394 397 481 310 23 729 448 795 626 104 74 634 350 379 189 798 839 486 695 826 374 675 153 383 487 359 274 268 635 291 666 111 
943 948 981 616 169 88 479 520 358 638 831 615 62 500 600 782 94 524 768 192 670 296 191 693 701 582 828 745 868 845 624 106 871 858 463 618 127 379 599 123 511 0 50 56 846 184 512 359 953 966 21 77 784 577 907 973 695 608 716 190 383 944 346 564 370 595 564 795 109 321 188 579 673 889 368 373 183 842 42 384 434 88 187 475 137 587 586 866 57 251 929 659 909 948 798 373 905 916 120 638 
376 286 595 769 330 410 907 563 149 500 119 284 89 669 163 599 939 368 259 65 810 226 21 840 367 962 233 447 834 604 500 739 503 849 349 414 564 691 440 126 560 60 0 372 45 601 848 536 537 628 944 870 509 149 351 340 447 938 649 606 539 195 491 137 199 906 437 162 518 135 106 760 500 47 871 72 936 579 463 42 734 269 144 775 861 129 146 777 635 998 514 1002 167 628 628 941 871 50 1000 706 
77 383 27 256 985 563 681 391 695 347 209 907 605 129 680 968 867 283 630 548 645 88 172 737 652 646 115 146 817 628 259 783 609 916 350 68 468 447 46 262 367 50 372 0 828 636 419 479 36 190 724 785 631 74 111 260 57 906 252 915 424 352 745 148 47 558 317 329 870 337 858 467 904 906 138 657 436 192 72 542 219 800 224 215 165 851 735 314 914 553 592 613 1013 702 728 603 823 168 332 515 
764 406 533 852 169 264 213 995 528 759 913 160 391 805 509 142 799 552 53 181 400 513 258 489 104 314 169 528 720 464 360 464 333 513 953 473 969 704 531 557 709 855 33 816 0 665 45 877 682 555 473 972 138 41 666 927 659 1009 558 470 289 898 741 710 266 659 468 130 233 1005 480 736 769 622 532 408 484 242 133 388 949 660 536 119 897 242 711 602 788 815 829 550 456 497 696 720 828 398 532 746 
579 872 278 389 530 535 120 668 487 816 416 898 967 850 683 458 389 278 991 388 371 928 254 169 876 744 359 412 410 666 212 851 130 547 744 96 504 121 1002 644 951 181 595 625 653 0 607 719 634 720 891 58 507 383 176 189 872 286 208 7 649 884 513 230 62 923 394 555 160 623 506 677 85 45 833 714 911 910 125 632 1007 407 191 239 699 848 408 654 704 321 879 196 23 43 465 223 259 42 452 205 
491 453 939 797 364 416 976 44 876 592 973 994 393 37 792 122 404 508 646 969 225 662 167 620 828 836 864 181 900 830 786 413 475 212 474 806 140 513 544 165 764 508 849 415 52 618 0 816 102 514 478 61 958 280 754 544 853 483 899 754 18 311 150 652 322 499 819 816 775 877 720 745 534 344 207 324 533 134 278 679 308 942 68 886 219 957 242 817 781 545 927 226 253 101 817 991 775 842 65 303 
419 762 282 579 207 990 386 829 793 666 152 87 578 27 104 771 735 807 836 507 549 18 228 530 768 227 890 600 867 794 561 433 470 281 161 628 480 240 444 784 419 358 536 469 861 719 811 0 43 346 356 546 470 550 414 130 215 452 408 791 355 412 965 707 682 424 912 384 755 917 386 970 999 467 791 593 609 452 1002 20 230 653 438 77 826 856 644 960 120 823 562 385 930 269 1000 530 23 118 781 940 
622 698 172 192 75 539 789 622 155 931 1009 315 487 366 410 140 387 355 538 647 1001 421 121 956 407 385 333 659 301 59 892 796 517 239 376 369 358 412 744 236 648 957 521 51 699 636 116 45 0 451 168 173 615 788 906 637 666 950 619 321 466 236 908 88 193 760 852 799 960 756 488 500 355 26 55 590 29 746 13 668 26 961 631 36 659 959 514 546 240 162 841 986 221 322 819 629 192 440 995 193 
814 503 632 760 588 343 149 602 420 558 427 140 667 799 590 562 986 612 145 79 555 965 504 796 835 153 578 795 80 112 183 767 991 634 675 656 181 130 833 745 735 965 645 204 563 726 508 360 450 0 16 115 409 436 366 275 384 997 974 606 83 653 456 680 824 771 52 508 492 501 732 705 533 772 120 1007 532 920 353 632 626 246 105 493 861 969 686 708 306 397 362 430 567 433 185 729 216 773 473 387 
101 285 291 125 692 882 972 328 675 510 140 927 617 114 611 56 718 953 454 444 354 456 785 800 226 1009 745 190 593 613 849 804 939 498 789 698 351 865 788 263 565 24 932 743 480 901 495 358 158 21 0 789 429 978 260 562 225 957 1014 837 963 613 932 936 362 878 634 903 874 445 951 765 52 952 605 409 700 708 508 468 69 597 989 15 619 801 54 919 101 979 83 919 956 886 791 355 147 835 835 843 
19 388 883 746 756 418 322 163 646 287 842 813 563 544 872 108 858 315 523 235 537 599 420 568 701 362 32 886 89 716 766 715 36 942 203 204 666 344 389 607 232 71 875 797 966 53 42 543 168 123 796 0 420 631 152 839 433 201 119 886 166 408 829 208 353 50 307 449 63 116 27 175 274 461 61 41 870 522 60 531 949 952 473 100 581 285 246 312 680 376 982 968 981 92 110 837 135 444 878 269 
988 191 988 281 530 793 610 831 243 644 326 606 387 815 404 450 917 578 426 29 794 589 370 753 645 828 62 839 911 583 9 373 228 695 780 856 497 64 523 125 375 778 507 631 145 497 969 467 615 408 430 437 0 146 252 567 68 556 570 375 198 478 44 481 941 608 349 121 374 607 808 761 935 386 232 31 783 709 600 965 438 674 724 965 849 934 532 403 981 126 263 987 956 184 988 460 453 156 831 589 
636 415 186 257 111 144 226 978 507 518 41 441 194 613 416 645 707 56 142 600 21 446 388 54 704 598 60 303 975 581 307 74 216 865 374 702 486 955 298 984 333 584 153 77 38 382 278 541 793 437 978 616 148 0 888 167 793 321 1007 678 408 878 801 233 247 219 255 785 612 998 838 122 922 313 991 584 705 29 666 28 362 682 44 117 989 160 291 610 122 561 61 946 426 328 388 620 707 1020 905 207 
834 919 698 762 140 168 835 954 587 496 761 945 352 975 425 395 307 916 609 448 611 289 586 138 290 406 47 521 643 741 285 633 1002 40 951 871 978 169 910 177 208 904 353 115 661 186 744 401 904 358 264 153 267 894 0 93 295 1004 252 760 369 112 713 516 340 793 371 839 415 89 523 773 65 401 865 47 368 669 563 271 613 925 63 651 612 418 678 815 849 767 426 790 543 644 691 162 657 371 437 302 
440 486 11 920 750 361 878 961 916 510 288 580 401 332 14 764 687 198 198 854 231 716 209 20 106 644 959 173 241 12 129 497 875 473 457 378 754 808 480 464 327 991 359 259 924 193 546 124 625 260 556 833 555 155 88 0 566 894 338 389 980 809 84 494 814 743 53 774 977 730 17 582 96 438 728 977 102 437 42 272 253 592 28 737 369 672 750 529 683 381 595 230 489 914 594 740 324 871 602 111 
958 301 926 336 343 132 558 908 617 849 798 551 965 374 387 130 402 647 338 886 58 683 331 580 563 273 794 557 286 373 235 859 310 806 679 473 697 895 1003 871 174 706 438 49 662 875 855 212 666 375 213 434 55 791 288 569 0 164 965 293 99 344 675 102 32 674 317 92 889 638 982 872 377 362 647 518 426 991 88 250 570 438 408 162 301 301 382 693 579 636 805 114 325 870 457 713 492 558 1017 439 
162 846 153 621 894 224 979 620 575 370 734 656 100 211 114 979 467 611 445 731 181 913 699 964 464 823 328 514 631 928 898 774 1017 278 217 16 47 463 915 285 270 605 928 897 1001 284 464 446 946 986 958 196 556 332 1010 900 171 0 24 369 267 576 952 238 646 745 465 631 768 664 309 715 959 832 383 384 967 335 951 571 82 204 131 701 3 799 361 746 100 866 901 395 455 264 264 931 243 220 929 540 
220 487 398 786 623 299 622 574 251 693 213 411 196 834 178 190 307 775 383 440 109 426 189 756 653 764 178 530 576 598 188 293 799 927 334 639 212 522 567 220 752 718 654 239 551 210 897 410 614 984 1005 102 569 1012 262 341 962 28 0 491 500 170 711 545 249 675 437 530 1006 838 920 946 906 653 263 698 904 649 237 250 325 68 565 881 350 165 135 771 420 555 482 175 465 577 467 806 544 199 798 784 
276 393 688 750 561 457 901 556 181 224 954 821 799 299 674 456 877 329 987 458 40 709 107 976 691 457 418 619 670 193 652 979 186 524 466 575 455 699 549 263 362 197 597 917 453 14 758 789 306 594 843 887 371 677 751 404 301 355 480 0 667 232 526 398 659 629 943 939 617 356 261 263 228 157 640 91 335 538 53 884 141 881 221 943 340 692 923 147 1003 803 659 912 648 385 290 90 476 990 953 817 
690 182 168 509 642 754 765 845 960 465 272 360 451 462 485 557 942 297 822 429 888 899 495 313 137 841 321 148 348 596 359 800 374 918 431 969 287 154 30 562 639 377 531 426 291 658 16 352 464 81 948 164 194 407 366 984 85 257 492 678 0 790 623 823 121 494 855 360 449 185 216 643 161 451 794 600 536 519 708 900 212 865 363 100 157 136 216 782 866 552 999 488 773 595 608 907 692 947 250 206 
441 866 766 551 558 367 608 868 701 88 555 824 286 478 891 683 902 407 628 582 22 999 117 493 217 139 33 410 521 678 490 381 966 87 523 302 256 359 120 218 769 951 209 348 889 886 318 406 246 649 598 414 459 884 112 793 347 591 179 224 791 0 716 664 132 944 728 687 674 308 702 240 712 789 707 399 213 220 811 333 114 30 573 606 6 85 110 468 603 901 256 99 192 460 633 901 704 762 724 940 
301 919 334 388 699 69 533 51 12 959 474 354 671 453 711 732 885 386 790 735 961 68 290 32 423 989 229 467 257 509 519 668 289 651 859 675 550 714 200 242 765 331 501 757 728 511 149 960 898 465 938 822 48 808 713 76 671 968 712 532 611 729 0 553 816 562 685 777 972 912 420 695 36 574 47 657 504 498 454 232 919 70 748 465 148 314 191 513 233 800 519 174 33 414 664 185 178 75 403 845 
724 645 524 654 10 252 501 905 384 683 901 822 914 337 993 188 310 905 337 101 190 734 986 226 50 419 929 155 674 839 723 799 256 11 738 26 48 605 570 238 978 561 123 154 703 237 654 725 78 698 927 204 494 229 522 501 88 220 553 392 819 669 552 0 273 567 214 214 662 985 45 977 487 630 889 397 327 173 410 914 743 431 303 505 358 125 171 697 932 953 12 308 630 680 433 266 354 660 143 491 
262 521 571 438 687 111 625 519 97 633 933 182 325 668 175 60 155 157 76 138 603 491 454 930 878 542 577 512 892 405 157 251 8 803 830 265 607 843 543 310 443 367 185 47 267 49 307 688 185 834 364 368 949 236 331 820 32 640 251 670 132 121 823 279 0 381 567 450 645 913 993 494 276 516 153 77 181 826 227 934 856 61 384 358 278 469 486 229 65 271 713 967 621 1001 487 922 693 366 453 155 
349 850 122 368 308 564 988 892 619 737 61 318 174 354 732 699 171 381 299 326 100 133 709 903 887 715 321 497 967 270 187 1005 64 581 106 19 74 361 591 294 666 592 915 565 662 935 492 422 761 773 868 37 604 212 794 750 689 726 690 640 494 952 577 572 392 0 597 324 660 996 849 584 554 859 183 384 16 732 377 453 870 227 632 205 272 315 155 514 792 759 528 858 935 329 883 277 981 719 696 549 
861 271 145 23 936 528 947 717 392 105 113 386 647 606 370 412 996 684 100 510 235 816 513 514 486 727 183 858 70 941 394 397 70 175 699 628 38 923 294 687 994 558 429 321 460 399 811 929 844 34 648 302 359 264 374 44 302 448 436 932 849 709 674 221 564 593 0 231 561 138 894 618 994 857 419 855 798 314 504 813 460 156 98 181 816 216 365 101 35 966 397 873 819 659 914 739 221 642 567 157 
837 930 314 509 1000 528 818 266 691 142 523 800 582 196 704 666 749 682 9 621 868 312 134 639 750 864 293 300 508 474 935 724 1000 549 765 813 115 464 861 22 70 805 148 341 134 540 826 387 799 522 903 452 108 803 822 772 97 624 514 932 376 682 774 211 452 336 228 0 690 693 271 601 654 14 149 869 582 1012 458 735 835 487 586 966 457 646 941 496 662 470 271 555 853 1009 967 485 558 107 847 100 
174 171 689 719 484 248 402 1003 952 897 320 555 528 436 323 237 224 771 273 421 936 214 156 661 956 280 316 952 569 783 306 896 874 559 105 514 194 261 185 251 383 113 507 865 244 146 771 746 953 503 860 73 361 596 419 972 895 762 1000 615 459 682 959 676 654 666 568 673 0 839 151 867 662 423 149 715 247 843 236 338 26 787 281 680 447 97 105 201 839 124 467 900 955 532 981 163 832 592 267 853 
137 959 332 684 338 805 684 731 788 374 84 290 141 78 308 141 702 583 303 531 840 743 49 601 944 292 667 294 658 206 397 357 109 682 861 729 241 696 615 574 410 317 132 330 994 633 867 915 775 514 440 116 608 999 87 727 655 664 826 346 176 310 910 982 929 989 138 692 834 0 900 377 972 194 858 504 881 263 333 647 811 609 930 992 219 328 505 498 66 992 778 658 81 960 395 468 20 456 437 208 
368 596 400 79 978 387 444 786 641 27 557 27 227 36 927 796 832 969 124 683 732 826 549 560 470 174 81 557 60 505 161 639 1000 420 510 546 519 292 399 29 486 188 105 848 478 495 727 401 477 727 957 12 804 835 535 10 981 321 914 247 221 683 419 51 990 856 908 267 150 901 0 852 147 82 985 995 723 741 310 786 735 258 196 751 884 472 623 891 196 156 613 935 138 265 852 309 216 715 370 296 
914 780 326 135 304 558 375 463 386 644 982 816 720 613 45 777 973 586 528 721 271 311 820 866 743 728 317 452 178 70 182 572 509 354 170 766 620 378 787 245 323 582 766 457 731 683 755 983 493 703 767 157 759 133 771 590 877 718 938 264 631 239 697 975 483 595 626 597 858 370 844 0 545 223 754 552 187 477 540 659 164 788 71 829 956 942 107 38 196 406 834 269 456 197 135 829 29 650 554 161 
862 621 439 782 996 975 637 231 886 440 644 180 23 651 764 80 928 165 954 853 471 973 66 915 134 928 626 177 968 969 429 846 957 766 648 583 940 508 372 620 18 674 502 912 767 82 529 1000 351 544 45 278 941 919 66 96 370 961 895 229 158 718 26 492 266 561 978 648 658 977 144 544 0 593 662 227 980 609 842 889 396 443 69 375 301 213 575 909 147 578 812 501 995 275 988 802 63 732 58 582 
346 218 418 293 1004 55 1018 310 459 743 184 836 194 892 227 411 874 786 300 994 687 288 527 26 444 969 860 814 602 708 903 599 759 891 695 694 456 787 35 312 720 879 38 911 610 51 328 468 38 770 963 449 403 327 405 455 364 832 659 170 467 780 563 610 508 849 855 14 437 177 71 233 581 0 562 690 137 490 487 496 887 708 68 409 193 463 89 762 914 212 98 914 332 347 234 563 125 587 541 1009 
262 441 513 784 493 694 258 555 70 158 642 306 931 981 309 740 278 259 735 173 734 941 246 952 777 32 1001 255 730 837 524 376 176 450 744 565 888 505 135 989 461 382 867 140 538 830 212 794 41 112 616 50 243 997 852 730 643 375 260 643 793 701 46 880 139 187 411 163 138 871 988 752 660 549 0 781 319 96 919 243 963 408 527 640 242 98 387 504 815 449 933 266 992 283 890 208 832 507 990 159 
629 105 724 94 394 322 153 717 455 825 812 714 808 140 107 526 965 93 919 967 110 45 603 724 142 83 199 710 429 1009 490 986 621 458 974 29 794 613 413 508 801 369 70 660 414 717 321 581 571 994 425 40 40 579 46 972 522 397 718 87 610 402 650 405 91 387 863 869 729 511 990 554 217 700 789 0 133 194 961 346 830 345 531 544 472 318 48 171 438 279 719 632 220 850 850 755 575 27 525 178 
73 625 108 955 313 62 884 524 615 690 170 786 479 946 931 672 194 544 399 673 71 757 864 925 132 582 271 574 531 199 385 104 609 150 696 136 525 665 29 469 630 187 939 422 477 914 534 621 31 541 700 879 790 702 361 104 435 964 908 329 535 216 511 320 180 19 794 595 258 866 731 191 972 130 316 149 0 845 41 858 50 189 230 892 57 304 781 745 578 865 300 485 610 671 769 72 127 130 116 694 
910 983 758 423 622 930 896 882 364 793 328 886 905 883 112 58 870 309 229 904 115 299 643 411 213 91 937 951 612 67 760 652 761 385 994 280 574 222 83 918 104 835 598 178 240 907 129 457 741 920 707 523 704 49 677 426 986 320 635 529 508 216 501 158 826 715 316 1009 856 259 730 486 605 504 104 199 840 0 436 414 88 128 256 612 123 96 450 50 842 478 960 710 473 256 896 827 860 904 877 668 
44 230 226 366 250 238 160 991 29 675 313 15 459 432 871 721 104 495 137 702 986 830 816 852 999 745 311 637 987 840 143 32 383 830 209 192 228 571 655 493 84 46 471 83 133 125 267 982 9 367 523 52 609 672 550 55 79 962 234 45 719 811 455 415 231 382 522 452 226 330 299 546 855 485 924 965 40 433 0 403 945 771 734 437 24 638 368 205 165 807 341 858 786 859 342 837 843 149 384 620 
111 128 254 891 112 743 325 776 430 692 774 203 412 477 509 207 256 74 127 802 825 979 427 602 869 623 234 126 274 573 677 53 598 417 500 622 374 775 773 18 629 381 36 545 374 642 696 23 669 650 464 532 974 32 258 273 248 559 248 891 903 342 220 898 931 457 795 720 342 642 776 645 891 491 235 346 865 428 418 0 773 830 272 915 902 610 451 714 426 633 651 292 200 94 546 846 284 945 256 415 
157 468 414 670 54 567 996 969 1005 274 387 103 215 477 869 326 898 783 866 228 997 507 47 353 177 875 87 356 8 377 294 159 489 177 930 677 50 383 883 775 351 429 740 220 950 992 307 230 35 615 66 949 446 348 616 242 563 88 317 140 219 115 918 727 855 858 470 829 22 810 744 158 380 889 971 844 44 90 948 776 0 270 849 577 265 86 744 73 495 492 339 49 927 464 88 501 944 961 824 863 
891 272 147 122 639 991 791 13 400 333 477 33 196 238 533 308 333 597 783 974 197 111 108 122 265 186 564 332 587 739 250 729 686 599 605 818 151 312 523 189 381 106 255 815 665 398 946 658 950 251 581 937 674 700 916 585 432 208 77 887 856 12 62 427 55 223 157 490 774 598 260 780 445 691 404 335 196 138 784 837 273 0 575 188 590 486 465 607 994 277 222 592 484 848 513 77 674 499 819 426 
87 91 954 348 169 657 293 71 602 24 866 165 262 860 364 754 510 633 937 733 657 939 953 207 543 473 1012 900 108 836 975 592 983 991 955 191 952 636 942 375 192 195 145 232 543 190 77 439 631 91 979 475 725 31 61 26 422 127 560 217 378 566 750 304 395 629 92 582 279 917 205 67 67 69 510 536 223 242 722 289 842 586 0 885 610 315 942 613 433 46 512 871 346 810 122 246 195 409 559 648 
483 485 91 571 65 638 287 511 795 113 100 832 27 191 567 911 46 1010 621 273 189 220 214 447 109 709 973 518 1011 596 981 164 359 948 267 131 207 697 559 203 784 477 780 223 106 232 873 71 43 497 27 110 951 111 661 748 152 702 868 956 107 610 461 494 344 208 168 954 673 982 752 814 388 417 629 541 909 617 442 908 575 185 882 0 908 162 744 430 270 957 856 690 840 95 479 928 117 942 102 50 
429 78 940 787 110 463 586 751 300 550 151 92 586 783 361 320 228 383 136 19 78 242 502 221 232 655 626 84 121 184 419 369 853 456 248 935 373 378 279 99 844 154 870 170 902 710 237 818 658 866 612 581 844 989 622 379 302 6 345 341 160 7 155 353 279 256 798 458 440 229 888 958 297 190 229 484 45 129 18 904 255 584 611 915 0 957 712 95 830 48 335 809 457 56 38 339 413 1002 288 237 
770 923 214 157 543 207 11 898 346 495 283 64 640 487 879 350 732 244 161 116 697 865 660 89 466 43 467 217 705 309 419 96 188 463 19 421 874 981 790 153 499 598 133 844 233 848 955 854 974 969 793 287 922 176 424 684 293 798 146 692 135 88 307 130 459 307 221 649 101 339 482 930 209 468 111 310 298 79 635 594 93 496 305 146 954 0 234 918 382 929 239 396 338 590 337 120 720 21 511 454 
304 168 379 308 77 80 154 172 377 392 859 756 509 323 318 867 338 50 959 1008 819 555 684 10 231 126 703 250 214 367 615 643 1003 21 852 542 392 694 347 893 697 593 132 729 729 399 244 634 523 690 50 241 522 289 682 750 372 348 131 913 201 113 186 170 480 155 368 942 99 504 621 106 578 84 387 46 768 436 384 443 754 473 935 740 711 234 0 103 691 168 636 941 461 389 391 817 987 140 387 709 
156 859 739 892 525 576 336 742 741 227 932 984 431 256 366 760 72 738 289 69 999 512 660 506 69 201 113 300 517 426 946 233 291 908 689 172 773 661 343 1000 844 877 783 324 612 647 816 979 539 707 903 314 390 608 801 516 698 741 781 165 764 469 504 713 244 519 99 498 199 511 905 54 906 764 510 159 744 49 214 715 70 608 607 432 85 915 112 0 943 661 598 687 875 426 917 200 97 168 876 410 
324 418 236 290 281 809 304 63 641 388 346 810 31 499 605 178 464 638 287 509 752 50 469 442 888 127 208 789 176 842 94 282 755 28 544 485 457 669 284 796 377 46 649 913 777 695 762 130 241 300 103 671 979 126 846 678 566 109 428 1006 852 603 225 916 74 788 38 667 856 63 204 203 157 914 824 432 585 840 156 420 493 989 433 259 827 371 678 940 0 397 770 667 577 225 834 178 392 339 472 473 
692 790 273 407 278 935 463 146 211 378 919 982 902 584 737 250 570 878 761 345 190 969 618 482 327 380 174 671 510 35 288 554 410 15 886 366 644 718 514 338 676 265 989 555 813 323 541 815 165 393 990 380 120 560 770 390 635 880 539 809 560 907 795 951 257 756 960 452 120 993 155 392 591 199 458 271 868 471 810 641 506 292 52 942 49 926 168 673 395 0 489 443 291 37 925 582 662 282 799 458 
161 803 273 935 69 42 427 157 71 421 185 217 286 68 80 603 353 764 893 420 29 292 426 737 46 546 123 864 546 436 258 479 947 618 175 621 946 323 892 263 171 932 511 577 828 871 920 545 858 364 71 990 262 52 434 584 813 894 473 659 1001 258 511 20 702 526 382 258 485 771 618 847 815 99 943 717 304 964 329 658 339 235 495 856 333 240 634 601 776 488 0 533 872 374 831 990 281 666 821 171 
455 624 919 181 956 101 516 606 427 164 971 812 982 181 152 681 282 521 384 687 580 252 949 983 758 534 532 442 252 746 402 733 394 788 443 549 991 986 510 39 387 668 1006 611 568 187 226 396 983 411 916 981 989 943 799 228 108 409 173 912 494 104 182 306 960 845 877 557 911 658 923 277 504 922 282 632 480 713 865 286 43 592 884 682 825 384 930 687 670 428 527 0 856 921 578 338 163 223 929 577 
25 839 195 871 923 39 296 232 79 226 556 787 918 72 1016 157 935 600 367 997 361 576 853 334 382 269 968 122 902 644 539 29 179 564 856 767 75 182 35 176 497 920 185 1009 456 20 271 946 230 576 960 977 945 424 532 496 317 456 456 640 776 194 25 642 610 937 822 851 945 67 134 460 978 316 975 218 597 485 802 201 926 489 326 844 462 328 457 861 576 293 881 864 0 831 103 876 887 956 138 917 
550 422 325 261 729 97 412 876 229 315 242 251 962 924 282 267 140 724 704 838 870 563 678 849 538 721 784 675 753 282 253 310 793 455 670 323 159 732 92 303 359 941 643 686 491 43 97 279 321 437 888 95 171 327 645 918 860 267 567 384 607 454 414 689 1007 333 670 997 531 952 266 209 281 347 270 838 670 253 857 92 463 849 803 88 53 587 389 411 222 47 375 920 837 0 436 906 27 712 899 721 
361 590 76 900 364 74 322 183 420 385 97 968 454 139 82 627 923 803 623 853 249 977 679 31 202 1010 438 533 240 134 832 805 64 363 931 569 664 653 895 69 273 799 633 739 690 463 809 1009 806 196 802 110 989 380 690 589 462 276 460 291 596 639 655 433 483 871 927 971 979 389 841 140 976 248 878 866 759 898 337 555 76 517 106 477 28 341 398 919 847 930 833 588 98 421 0 501 564 924 915 725 
1005 799 260 907 208 987 851 651 57 240 137 778 694 57 9 277 248 203 20 954 108 540 313 492 777 748 847 806 805 583 815 478 148 269 481 130 561 566 33 136 254 370 938 601 725 210 1002 528 634 720 352 842 450 623 167 751 710 934 814 93 903 899 186 254 917 275 749 481 164 465 297 824 801 569 220 760 66 816 840 852 511 60 244 913 346 120 810 206 178 593 1003 346 869 901 496 0 736 368 663 370 
396 540 41 99 674 82 567 81 688 582 261 338 10 274 342 411 611 602 670 193 624 704 523 790 671 586 0 243 734 968 907 1004 628 401 903 667 442 364 110 9 635 921 870 836 835 268 769 34 196 203 163 132 451 698 671 327 492 238 530 466 704 705 186 357 696 968 213 554 828 29 227 37 49 130 829 580 138 875 846 294 945 677 195 114 400 718 989 92 382 670 263 149 898 38 556 736 0 275 633 1003 
396 892 308 66 699 765 804 370 485 39 496 143 668 780 422 201 668 578 186 510 642 755 557 752 614 927 659 442 432 863 604 726 404 27 671 752 139 66 179 825 279 917 43 182 402 33 839 108 448 774 835 430 147 1003 367 851 553 212 206 1001 950 766 60 646 354 737 633 116 608 441 724 663 718 593 510 36 141 904 148 946 960 493 392 941 998 19 130 167 332 285 654 207 947 714 908 373 267 0 780 996 
45 338 333 709 524 1018 99 794 550 937 712 189 669 671 793 423 570 344 646 951 269 869 867 302 385 598 125 476 923 371 270 773 361 103 837 753 973 827 820 956 665 123 1000 340 531 439 62 787 984 479 823 886 818 893 446 603 1012 934 803 954 262 721 412 152 455 679 556 849 257 434 379 559 63 542 992 519 117 876 375 255 837 817 574 98 284 505 383 865 473 817 814 938 153 908 899 662 650 787 0 93 
75 788 361 219 167 86 305 599 706 391 836 725 677 783 942 746 441 592 224 671 848 331 21 437 448 832 197 135 760 201 959 322 905 597 437 232 414 244 109 938 102 650 692 528 734 199 309 934 200 395 859 273 584 210 317 108 433 528 779 821 197 946 848 503 152 553 150 101 851 199 293 154 594 1002 156 182 692 672 635 423 873 415 663 41 233 448 728 414 478 463 183 589 918 718 728 369 1004 994 86 0 

Depot information
1
1
1
1
1
1
1
1
1
1
1
1
1
1
1
1
1
1
1
1

Customer information
1
1
1
1
1
1
1
1
1
1
1
1
1
1
1
1
1
1
1
1
1
1
1
1
1
1
1
1
1
1
1
1
1
1
1
1
1
1
1
1
1
1
1
1
1
1
1
1
1
1
1
1
1
1
1
1
1
1
1
1
1
1
1
1
1
1
1
1
1
1
1
1
1
1
1
1
1
1
1
1
