Seed 123 - Instance: n80m5_1
n 80
m 5
Q 9999
L 2
U 19

0 119 17 572 695 40 922 41 777 885 640 561 392 120 194 659 1004 430 16 395 542 873 713 1014 519 366 305 447 448 863 692 771 404 105 992 589 920 680 656 342 614 62 275 263 938 388 427 743 57 386 537 193 1 854 469 557 642 650 378 303 192 852 596 379 85 251 34 591 789 693 332 769 978 890 785 136 722 631 201 529 937 975 750 312 943 
122 0 961 141 667 561 200 506 454 560 559 471 325 67 211 623 125 612 748 434 241 731 486 520 346 679 902 578 103 95 962 475 726 800 401 789 699 794 36 170 187 867 322 687 81 218 643 435 638 270 210 329 26 118 996 153 628 59 681 298 740 398 269 742 814 889 667 8 515 872 488 489 436 497 23 747 89 300 1007 240 443 621 815 380 591 
30 954 0 151 25 897 215 467 793 110 282 67 107 960 138 617 414 71 233 529 568 220 147 38 969 282 126 71 618 627 569 204 961 218 338 594 399 508 1008 586 240 673 4 290 101 793 170 853 221 883 410 568 319 726 371 37 949 995 434 940 725 454 700 915 426 999 697 361 852 544 495 389 985 325 469 250 134 249 899 641 619 567 292 490 249 
570 129 160 0 553 837 338 899 62 908 486 751 939 516 284 72 707 851 80 747 389 851 644 936 536 228 903 549 508 647 945 697 73 669 696 767 416 258 990 592 720 459 842 548 837 919 577 484 961 53 718 557 604 700 256 106 760 369 963 745 321 769 165 785 242 606 932 963 840 189 490 767 637 1011 950 164 388 242 363 18 756 64 27 350 318 
697 686 9 564 0 794 703 65 414 646 503 280 989 560 574 370 947 821 132 162 866 958 524 847 687 921 190 972 710 337 300 246 676 819 174 586 241 445 902 804 206 913 581 543 478 25 706 231 744 895 473 345 300 271 687 335 443 683 43 81 230 92 148 482 357 692 258 890 561 901 523 541 916 401 1002 581 647 969 19 995 264 642 535 377 562 
42 552 890 836 811 0 488 975 779 845 853 525 772 937 537 119 132 228 872 664 391 850 579 927 230 990 19 655 198 47 657 108 806 402 991 716 915 45 168 518 725 815 352 52 515 163 567 122 770 153 743 101 816 584 625 191 228 65 333 252 208 672 184 806 38 530 122 1005 194 437 97 470 28 990 613 93 200 549 61 838 158 813 976 122 651 
922 195 197 343 687 479 0 804 459 189 957 920 727 972 886 484 370 717 429 950 419 31 263 215 147 418 48 502 265 23 49 101 443 681 489 607 815 212 418 586 598 866 901 812 899 287 123 987 130 136 473 915 247 877 328 381 705 871 78 344 747 707 477 497 1005 537 917 534 851 8 401 270 379 481 565 741 862 172 603 448 925 37 777 472 698 
45 505 469 898 62 968 796 0 456 298 806 917 865 238 40 729 687 549 446 105 261 68 758 208 656 627 297 48 772 717 338 950 353 135 885 551 209 641 655 187 205 173 877 274 148 892 519 17 269 78 936 962 465 582 664 1011 199 718 622 157 660 489 371 661 684 594 286 770 755 130 271 325 976 274 779 168 440 327 396 441 525 60 670 589 844 
764 460 803 65 411 777 459 446 0 751 225 17 872 466 284 1001 949 619 614 252 738 747 680 163 181 85 687 806 169 481 992 533 64 975 172 566 128 588 689 265 304 141 194 601 493 982 192 476 58 549 71 558 41 29 450 516 583 252 251 193 247 588 67 568 28 387 465 177 696 159 919 233 77 563 900 36 686 243 562 116 414 289 923 964 319 
869 564 117 908 649 845 184 300 744 0 790 583 978 665 358 673 93 298 213 121 302 382 677 300 363 760 404 532 432 293 1006 163 73 589 435 234 110 725 473 483 343 235 564 674 1008 380 333 142 356 299 118 1004 569 60 727 534 785 1000 630 250 221 304 440 81 252 30 291 571 529 770 388 833 250 516 498 974 473 933 657 504 270 621 526 933 436 
624 561 293 490 512 867 947 809 236 776 0 462 504 115 859 568 531 157 324 402 724 701 186 108 646 332 96 386 410 543 541 828 41 189 155 863 788 295 925 263 804 510 298 793 266 105 294 311 722 867 365 483 951 169 912 230 208 742 523 287 553 201 829 165 816 273 626 668 100 592 890 941 696 761 809 855 877 706 673 706 898 844 959 350 471 
567 466 84 763 268 524 920 907 22 569 469 0 43 975 198 595 797 42 41 433 744 108 47 406 879 776 930 697 748 438 116 189 445 934 776 448 708 919 548 581 934 535 162 671 501 426 498 838 195 546 528 30 462 690 70 990 50 520 931 267 765 8 658 847 236 522 673 640 227 703 83 697 730 432 937 556 952 359 490 866 390 656 985 899 652 
398 334 90 949 990 761 732 865 869 994 497 47 0 463 104 271 120 834 662 805 625 708 605 121 595 929 858 15 100 107 94 178 417 632 398 791 755 948 157 279 19 492 464 820 24 975 736 434 1000 266 385 474 736 849 708 265 369 462 320 703 53 434 656 800 396 74 661 584 476 957 184 568 707 582 25 274 469 182 967 921 130 78 336 590 68 
126 71 958 518 561 950 968 247 468 646 116 984 469 0 434 114 467 946 457 108 168 32 349 306 50 307 348 365 683 829 468 428 762 292 32 529 933 606 806 152 938 683 18 420 85 81 470 852 628 118 991 700 660 873 48 213 512 465 654 152 509 335 695 635 595 445 728 831 323 512 147 545 872 193 428 21 367 56 633 219 803 110 544 586 141 
208 212 138 297 566 556 889 48 295 357 848 188 114 421 0 115 616 167 1011 923 895 697 60 585 348 338 95 60 263 776 174 920 392 341 973 573 554 595 429 959 102 17 468 56 567 384 98 761 725 714 706 801 568 846 579 940 28 972 39 258 386 691 616 335 137 588 182 528 733 986 919 955 652 809 500 268 690 831 371 487 286 798 155 628 974 
663 623 617 81 361 133 480 735 998 688 565 601 282 110 116 0 536 627 119 161 557 861 38 734 832 856 827 998 801 861 226 53 295 287 195 480 750 991 500 394 634 621 958 984 988 776 862 597 779 978 828 214 194 979 343 155 868 665 718 694 621 641 382 660 217 845 684 21 611 362 832 667 731 896 771 91 287 393 1004 373 873 992 643 680 787 
998 117 417 705 929 142 377 703 950 92 532 803 129 457 612 540 0 643 215 877 598 627 519 250 332 176 975 329 410 591 767 1004 827 795 42 418 842 441 166 102 55 136 459 633 478 347 476 422 676 819 309 229 362 226 590 803 247 109 224 475 724 398 263 962 124 40 108 122 381 495 390 660 475 145 982 536 273 928 531 925 555 318 169 749 551 
429 613 80 848 824 220 724 557 617 310 169 47 839 948 175 629 632 0 430 416 156 283 49 1020 537 611 296 426 280 799 442 906 666 645 226 808 604 586 400 720 870 79 466 66 546 212 663 364 592 181 19 199 914 841 66 570 69 931 1015 626 709 350 793 264 1009 680 823 24 103 868 721 977 599 184 386 562 131 68 445 31 532 862 712 665 584 
21 761 231 87 139 886 433 442 599 222 323 22 658 450 1009 110 213 426 0 94 718 919 946 137 674 903 113 250 24 306 867 538 840 131 487 703 135 903 963 811 498 948 466 836 338 576 972 30 497 550 892 171 756 861 82 622 835 673 520 113 85 530 302 543 586 868 12 389 362 795 179 419 170 466 699 115 80 110 261 450 674 604 361 330 871 
396 426 526 764 170 658 961 85 254 117 402 434 803 112 916 167 867 418 81 0 264 433 679 175 268 47 54 656 509 753 368 468 532 852 448 223 768 794 528 645 203 767 131 375 800 350 974 748 508 931 206 608 11 199 586 937 644 255 685 788 411 964 551 853 750 321 931 485 239 175 518 825 618 532 397 126 123 361 347 673 105 373 506 795 983 
543 234 559 387 858 385 419 262 752 310 717 749 628 157 888 560 587 150 722 280 0 687 348 812 906 100 621 757 594 991 84 368 857 431 209 118 610 886 703 862 850 692 21 677 409 19 949 554 504 496 182 394 270 346 90 802 337 268 343 190 121 655 184 88 603 107 922 526 949 674 736 555 595 246 35 696 323 418 765 833 591 587 687 125 83 
875 724 223 869 962 838 33 62 744 374 700 107 691 37 698 847 629 269 918 424 679 0 275 723 374 64 986 830 952 673 747 106 216 777 803 769 945 427 148 63 220 217 997 552 217 444 898 162 180 1014 408 782 736 253 205 513 293 476 239 271 907 86 354 345 912 723 596 283 869 605 323 1012 564 425 279 727 909 135 54 692 562 498 141 981 1003 
717 490 157 656 536 588 275 754 676 672 183 53 606 345 75 29 524 62 963 677 361 290 0 43 457 294 843 810 974 735 60 769 813 350 519 174 832 710 130 72 459 861 606 599 273 620 901 275 862 152 979 145 300 988 849 180 996 816 422 475 753 406 700 659 566 246 442 183 640 560 178 266 590 806 477 599 315 685 41 772 489 384 126 63 675 
998 511 36 944 854 934 220 206 149 299 102 405 123 311 575 726 248 1013 136 173 815 726 59 0 859 173 221 66 430 915 335 301 761 628 869 313 543 315 813 612 138 578 244 402 865 115 711 14 926 390 848 1018 703 832 804 975 905 883 939 547 930 762 820 175 159 889 33 597 468 297 469 383 469 103 878 437 307 175 255 201 667 997 21 917 133 
522 355 976 516 686 214 148 672 190 353 638 880 604 52 353 829 351 544 675 268 902 369 465 849 0 487 561 838 556 553 851 454 1015 955 318 837 336 690 833 59 85 148 183 697 187 84 645 857 681 119 56 349 985 355 702 479 592 564 904 941 208 162 31 845 127 657 823 851 535 893 573 570 188 722 506 27 637 486 441 934 193 805 43 972 840 
369 679 266 219 930 985 428 627 86 764 317 778 927 308 353 861 168 618 906 34 86 64 303 177 492 0 690 303 358 274 388 302 340 403 352 448 581 374 917 277 926 763 763 255 808 491 154 387 441 78 826 661 611 851 540 896 773 744 488 672 746 986 83 516 701 464 662 326 253 812 794 262 401 797 255 916 374 280 54 113 762 895 543 67 725 
317 887 122 902 180 3 66 309 679 405 98 928 853 334 90 845 975 304 114 58 626 982 834 223 576 702 0 783 875 848 556 192 105 143 440 346 885 279 520 582 177 784 417 307 220 743 227 562 189 63 120 567 718 628 504 825 764 81 639 953 367 572 902 669 105 919 12 304 913 720 726 683 578 184 850 690 992 460 362 63 857 404 33 179 345 
444 572 72 548 971 666 503 52 813 538 389 706 20 366 61 988 330 419 254 642 748 816 830 79 848 313 764 0 10 588 561 357 587 71 874 92 909 399 897 379 675 296 728 465 374 360 17 408 241 977 229 562 502 91 322 376 530 211 920 52 332 316 809 584 28 888 135 775 657 257 692 563 798 172 469 502 543 620 61 801 838 134 621 76 984 
461 96 621 519 715 202 249 779 165 430 417 751 104 698 259 819 421 285 31 515 596 965 987 441 555 348 865 3 0 590 703 757 924 37 233 260 772 145 952 156 71 343 660 193 284 810 93 712 727 855 86 677 616 938 390 319 939 43 237 448 737 802 808 532 898 95 958 288 156 651 603 725 258 682 911 795 587 643 822 231 357 881 8 282 308 
876 88 623 633 344 42 22 712 474 297 530 440 106 844 761 846 598 797 320 750 994 669 722 914 565 271 851 601 578 0 968 182 402 730 171 294 175 17 1007 396 263 564 739 284 307 525 562 354 296 75 941 791 613 441 470 642 964 996 330 208 835 779 153 273 270 760 49 196 51 669 377 344 782 254 585 961 284 207 621 111 381 923 933 120 913 
679 962 565 940 304 670 53 341 988 1001 541 116 90 463 170 219 756 440 866 355 80 747 64 345 861 372 576 558 704 986 0 470 928 724 634 314 509 835 614 387 509 339 706 168 182 708 185 789 675 200 592 758 661 854 423 641 974 432 868 483 843 207 33 730 474 243 494 369 15 466 700 486 236 775 1011 235 680 695 549 371 135 989 866 267 194 
771 475 209 696 248 109 115 944 534 159 812 186 179 433 927 53 1019 889 541 464 364 123 768 301 447 295 193 365 755 193 482 0 470 538 95 207 235 504 70 59 27 160 875 604 619 365 727 255 278 549 846 734 56 416 654 643 725 13 350 475 285 134 924 611 661 983 918 747 370 1005 177 269 538 928 111 766 570 749 869 477 871 73 644 1011 138 
412 719 960 74 677 812 437 356 61 77 46 455 420 774 379 294 838 659 840 534 858 219 826 741 998 351 98 569 923 397 938 485 0 515 447 530 478 313 284 612 513 920 571 924 813 287 350 453 882 338 317 260 152 622 912 874 539 47 297 991 147 596 436 85 486 128 978 394 445 597 980 153 874 208 475 16 732 199 85 333 171 666 588 898 647 
101 804 203 663 834 400 672 130 972 593 190 931 650 308 348 277 790 637 134 854 425 777 357 634 964 386 151 71 49 733 714 534 514 0 205 160 57 755 261 440 965 430 703 530 250 162 680 199 904 250 932 982 168 63 156 226 202 658 917 580 682 1016 568 830 112 401 443 266 225 93 480 711 290 979 291 50 648 827 411 766 251 288 579 436 184 
993 409 323 681 164 997 479 891 169 431 159 778 385 32 965 184 46 213 485 434 224 809 511 869 300 356 434 878 241 175 641 87 439 197 0 573 715 613 194 781 182 964 293 526 765 760 408 832 777 540 698 893 937 985 567 54 871 808 966 556 956 674 38 920 295 403 238 301 578 503 995 883 786 647 932 417 328 252 315 200 497 237 116 845 275 
587 790 600 766 588 708 604 560 566 251 848 443 783 526 580 481 429 807 710 231 120 775 186 321 847 443 356 94 262 281 306 188 530 162 580 0 457 932 976 112 85 647 976 45 75 898 36 735 458 933 272 906 332 530 511 1000 348 637 310 229 379 469 624 421 574 624 411 254 920 945 501 912 957 244 887 737 363 336 536 566 859 824 579 770 374 
901 683 395 417 242 924 804 196 137 113 784 707 764 941 535 757 846 621 135 766 617 937 828 531 352 586 894 914 772 167 517 242 485 58 728 472 0 59 129 782 143 965 143 281 584 806 94 796 617 872 624 934 983 316 671 495 121 441 130 290 37 153 655 635 355 698 945 452 380 178 839 386 596 391 825 141 333 893 629 457 452 529 53 409 425 
693 788 510 275 452 35 205 639 595 723 305 916 959 613 601 979 451 577 904 803 890 435 703 300 678 378 282 408 160 7 827 501 315 761 610 916 57 0 461 792 965 46 1003 490 698 7 9 845 279 254 570 370 464 162 719 80 528 230 48 163 928 856 608 302 967 463 89 242 163 697 816 908 317 958 344 915 941 345 971 111 382 390 219 467 86 
646 29 1009 989 914 185 419 642 699 473 927 547 156 793 420 514 164 390 969 528 705 154 133 810 839 911 521 896 955 994 615 60 279 246 186 979 130 458 0 43 653 99 653 196 223 209 100 15 180 575 820 345 162 596 944 279 878 841 983 741 374 1007 50 103 740 224 611 194 136 705 365 75 809 216 704 496 739 514 287 98 657 493 986 420 675 
332 174 581 607 806 526 592 189 260 476 252 589 275 158 953 390 105 707 805 635 856 69 80 623 51 264 583 383 155 398 374 51 624 453 797 110 787 782 41 0 607 673 186 907 236 495 939 498 116 743 588 783 927 351 163 435 765 66 86 282 354 585 139 854 987 900 403 900 372 181 899 271 193 640 477 76 952 262 958 701 683 351 433 1015 195 
607 180 228 716 193 728 603 203 307 346 822 943 25 926 91 615 63 865 510 211 832 207 452 125 96 938 161 677 69 244 501 10 499 963 179 75 144 959 662 603 0 786 172 107 402 627 52 126 158 51 476 163 267 143 532 690 683 596 317 916 698 544 900 212 919 73 925 998 620 4 184 581 829 408 956 979 961 117 922 271 682 753 135 27 1003 
67 882 670 473 903 815 868 182 132 236 497 520 492 677 26 636 148 73 938 767 710 225 863 581 148 766 791 292 338 569 326 159 920 445 962 642 951 53 101 672 790 0 406 741 484 296 892 228 948 342 635 365 313 311 1002 186 615 218 714 364 640 164 149 128 996 117 524 360 46 25 805 1006 96 30 439 705 399 755 932 222 747 261 955 836 223 
264 311 5 845 581 369 910 873 206 576 298 155 464 32 453 944 465 482 467 148 34 1006 609 239 184 765 421 736 645 742 702 879 558 688 294 980 146 1014 642 175 177 417 0 418 694 302 678 732 412 286 962 32 573 659 606 704 776 264 617 223 522 973 371 424 146 432 259 288 784 923 389 831 378 553 921 36 82 859 139 778 622 437 410 21 181 
261 693 297 554 538 50 819 279 603 677 809 683 816 419 66 977 634 73 851 387 689 539 605 411 699 257 288 456 189 292 162 594 929 540 519 33 267 498 191 909 93 740 421 0 258 162 362 668 957 68 863 177 906 412 237 590 673 119 368 159 857 36 973 327 777 659 37 612 237 200 337 654 934 492 505 280 90 1002 890 654 44 951 1001 627 770 
952 101 101 834 472 516 892 156 502 998 262 504 20 76 560 998 458 535 348 805 397 206 290 865 183 812 221 364 290 309 169 618 825 235 770 78 570 702 222 243 401 499 688 243 0 134 281 370 175 68 279 982 177 738 282 35 173 835 582 587 356 673 719 736 361 970 414 734 816 367 383 344 246 253 998 75 103 927 228 47 310 610 142 169 171 
391 225 787 934 41 177 291 906 982 384 103 422 978 89 373 763 362 217 563 345 30 440 615 110 79 479 762 361 809 515 707 380 273 172 758 895 809 4 197 486 636 290 311 174 138 0 175 989 40 848 319 737 324 563 505 301 555 634 249 431 464 635 152 500 100 854 760 648 49 766 354 809 26 845 656 745 798 964 38 948 27 199 81 266 471 
438 635 163 583 705 569 119 515 200 331 293 494 736 477 89 869 479 657 972 969 966 889 904 708 643 150 216 16 90 564 182 715 348 671 418 28 102 22 111 947 51 882 692 367 283 175 0 796 813 657 363 845 848 714 161 364 286 213 879 58 151 563 582 948 218 569 34 190 325 426 408 45 326 579 594 499 932 629 790 758 301 306 533 619 447 
747 425 852 483 244 107 996 30 471 151 309 832 448 854 755 585 433 363 46 742 561 157 282 23 867 405 571 392 708 350 800 251 462 217 841 728 806 844 22 493 131 226 742 669 385 991 798 0 37 752 532 364 329 317 440 780 735 544 159 889 517 184 814 76 722 150 410 647 517 364 795 82 153 553 835 788 132 883 620 592 725 719 485 798 843 
38 651 214 957 760 771 134 271 45 361 742 185 1003 630 720 795 673 594 496 508 492 181 853 930 683 435 184 250 740 299 681 288 875 905 776 454 620 281 180 107 149 951 403 962 184 24 816 28 0 464 190 134 542 452 92 706 564 813 963 19 741 992 460 268 471 764 893 907 252 979 122 999 638 223 1016 930 725 46 883 256 361 1015 362 670 806 
373 257 882 40 882 138 134 73 540 310 876 542 276 110 730 987 825 165 550 942 486 1012 152 395 107 80 51 977 860 82 184 553 333 254 547 928 858 260 564 730 55 339 299 61 78 846 669 742 479 0 753 126 742 636 221 645 518 190 792 438 682 597 777 543 262 145 530 203 581 680 587 315 646 91 901 306 363 73 920 695 623 479 131 590 884 
542 203 395 721 466 740 471 932 60 107 369 524 381 973 707 831 316 17 898 193 173 424 991 855 51 824 108 234 79 960 582 830 301 923 709 274 617 559 825 587 481 626 947 863 277 309 361 544 179 738 0 597 831 593 66 9 997 748 936 590 517 609 261 681 780 907 756 655 8 49 191 19 479 393 61 811 856 12 907 823 324 970 692 366 282 
189 317 573 543 337 89 910 949 549 991 492 29 474 689 798 216 237 204 180 612 393 788 136 1014 347 668 566 552 669 786 770 738 254 979 897 893 935 358 344 794 152 364 36 185 977 733 843 368 139 115 612 0 672 426 125 516 587 521 22 391 202 833 870 840 293 751 634 658 536 440 551 275 65 493 936 713 7 207 767 48 361 194 514 83 925 
18 11 318 594 292 820 240 464 46 573 953 459 732 665 576 189 361 910 755 22 265 743 292 703 965 615 720 514 628 617 665 58 166 176 945 330 989 458 148 936 274 310 576 908 193 319 842 320 547 757 818 678 0 699 731 363 219 854 767 757 300 615 300 969 913 263 126 115 799 650 447 244 12 502 45 741 669 574 24 510 1004 6 765 944 723 
851 129 739 707 268 573 877 580 33 70 172 685 848 872 846 986 219 848 860 191 340 250 972 840 350 841 634 86 927 457 866 414 622 48 982 529 313 172 602 347 132 304 663 424 746 571 718 317 456 640 607 431 691 0 724 620 603 921 102 791 961 298 646 934 120 994 73 229 621 210 585 799 98 196 883 578 827 214 146 43 193 770 263 157 50 
461 994 376 265 689 621 338 663 462 727 907 71 690 52 575 332 590 76 97 588 81 217 853 803 702 551 501 315 394 462 422 665 926 152 557 502 667 721 953 164 516 988 617 221 274 508 164 437 78 218 82 131 735 726 0 467 853 539 619 617 195 654 679 221 768 251 587 127 177 589 914 344 29 1004 821 209 496 897 159 772 911 991 392 875 921 
547 158 33 126 342 193 378 998 513 515 241 974 271 209 943 168 805 567 636 945 808 517 174 966 473 886 824 373 315 637 638 644 887 218 54 1011 499 67 273 422 683 184 687 595 20 302 357 774 688 647 15 516 348 614 450 0 151 176 533 35 73 119 27 211 132 921 633 778 655 422 602 414 558 22 17 190 736 303 880 440 495 895 877 167 693 
633 625 952 755 440 229 692 213 596 780 208 59 365 510 30 863 262 75 827 637 328 305 995 895 584 769 768 548 925 974 980 719 544 198 878 355 114 544 879 770 685 633 791 659 160 559 269 746 562 518 995 588 225 611 842 159 0 388 256 964 73 352 721 469 554 124 568 624 603 507 850 702 836 72 542 997 398 543 45 735 584 959 295 738 653 
660 40 995 386 697 78 868 701 268 1015 750 537 471 474 962 664 110 935 673 256 266 483 816 874 547 747 83 220 43 996 421 10 45 660 817 626 437 222 853 60 609 213 272 107 835 643 225 527 804 206 738 519 848 917 554 177 384 0 809 357 497 682 331 970 222 792 299 482 626 34 746 736 722 883 469 865 210 274 491 518 906 136 694 698 300 
376 683 430 974 44 335 70 612 256 634 537 930 327 641 33 731 221 1017 527 680 330 244 423 952 899 486 633 913 231 337 872 353 293 922 959 311 142 52 1000 83 311 698 618 381 575 249 876 151 972 803 936 17 781 101 618 529 254 824 0 1000 884 879 680 195 860 341 237 172 609 398 720 15 178 215 361 97 276 603 165 662 787 285 645 458 826 
300 292 959 743 85 245 348 154 210 253 293 264 686 143 247 696 465 626 125 783 206 280 458 550 943 676 937 62 437 216 486 480 989 581 539 225 296 166 751 300 918 378 218 170 587 431 64 877 5 453 587 378 747 794 616 25 953 361 1002 0 529 248 744 477 812 983 694 536 60 462 468 714 921 752 892 572 885 690 843 983 308 686 280 527 121 
201 742 724 312 239 224 739 648 244 222 558 763 49 508 387 622 730 708 84 412 112 922 749 918 215 751 355 325 735 850 835 276 145 694 971 385 36 930 381 373 697 646 519 874 345 477 162 501 745 670 529 215 293 947 180 78 69 502 893 518 0 124 921 704 337 728 25 269 52 764 854 291 749 505 246 663 950 66 780 436 611 152 924 673 407 
844 411 461 761 111 677 718 489 591 305 185 4 415 337 706 634 394 353 531 978 660 82 411 763 173 977 579 312 789 784 214 127 592 998 670 474 156 847 1006 595 545 161 977 22 671 618 562 178 995 599 614 833 612 300 659 116 354 688 898 237 133 0 372 487 333 327 541 239 279 211 193 292 106 506 201 400 820 105 920 56 969 603 783 840 1003 
605 267 694 169 159 179 474 365 49 440 825 651 662 702 607 386 271 802 291 538 179 356 693 821 28 90 896 811 794 142 45 910 421 576 30 630 647 616 41 135 890 154 369 965 719 152 600 814 460 775 273 856 304 642 672 34 712 320 699 748 906 375 0 312 573 553 259 886 641 875 848 553 390 723 374 986 369 280 570 326 989 805 663 58 618 
374 736 921 791 475 797 504 662 576 75 164 858 804 639 328 648 961 270 543 845 89 350 676 175 838 523 680 596 549 277 733 594 78 818 929 423 633 296 118 870 224 121 432 319 732 491 953 84 255 544 689 840 969 939 221 208 471 973 202 465 699 482 317 0 746 259 770 709 676 279 598 394 641 456 622 907 705 393 531 117 902 30 277 526 604 
74 813 433 252 357 47 995 692 18 253 827 240 392 592 137 210 125 995 574 757 592 905 555 153 131 696 112 26 912 254 471 663 502 121 280 573 345 959 737 997 911 986 139 770 378 110 220 721 464 268 785 292 903 130 778 146 560 224 863 815 328 331 567 753 0 917 960 459 715 240 116 826 919 378 77 316 617 824 376 553 878 243 215 620 127 
253 874 993 590 693 541 545 584 388 29 283 517 73 446 604 844 46 670 873 318 117 726 263 873 659 461 914 904 92 758 244 982 125 396 407 616 698 462 212 895 75 112 446 657 981 849 579 141 769 133 899 754 256 997 241 907 116 785 351 979 733 327 547 263 908 0 670 701 38 889 250 161 551 378 65 57 247 149 208 935 813 45 793 229 748 
44 653 700 929 258 118 927 287 467 291 610 675 672 727 170 680 106 818 11 935 913 588 454 27 835 662 27 149 961 44 484 926 971 452 239 411 948 95 599 403 937 521 252 34 428 766 22 411 891 517 764 638 138 75 586 619 549 304 235 697 34 538 260 778 972 653 0 889 170 942 542 268 300 454 756 944 273 410 273 910 717 27 911 185 870 
590 19 360 979 883 1002 532 768 174 564 664 640 583 840 523 25 123 24 395 485 531 277 181 598 838 328 317 784 282 195 385 750 386 276 296 257 439 231 189 892 1005 352 282 614 745 656 187 648 914 191 663 668 102 237 136 779 626 501 169 535 263 232 883 723 462 698 891 0 491 223 928 68 782 259 292 494 919 787 847 587 146 993 150 184 471 
790 522 851 831 566 196 853 761 682 534 96 235 488 335 753 620 379 115 352 241 953 863 646 481 518 252 904 655 149 49 9 367 439 243 570 910 389 156 153 372 637 52 779 226 824 34 324 536 250 570 19 524 804 628 191 650 589 634 609 68 52 278 626 667 716 39 166 491 0 804 347 468 852 718 125 989 445 343 533 683 442 347 369 261 846 
699 878 548 182 893 442 9 120 172 760 597 718 947 521 982 358 493 880 788 163 671 609 553 292 893 808 724 264 647 653 468 997 603 102 500 952 164 688 714 171 22 36 912 199 357 762 414 355 994 696 42 439 650 218 598 416 504 33 386 458 763 226 861 292 231 906 962 208 801 0 921 778 411 104 12 713 959 485 785 335 137 332 80 605 632 
318 489 504 486 527 81 386 285 922 382 901 92 195 161 924 835 394 733 188 513 729 331 188 474 576 797 740 691 620 384 689 187 964 480 995 511 829 806 367 899 199 818 399 340 384 365 412 797 119 585 177 554 434 580 906 610 856 737 706 481 853 200 845 604 117 255 529 934 336 927 0 184 272 784 859 687 52 637 231 34 199 529 363 210 640 
760 500 390 780 533 461 267 338 226 834 946 696 573 544 960 667 679 976 425 828 548 1017 265 388 573 258 678 580 716 351 472 259 158 717 896 903 380 913 84 272 582 1006 839 656 355 817 40 84 1001 329 29 277 250 789 352 417 707 735 25 723 289 285 552 405 826 174 259 76 467 776 182 0 749 541 126 769 192 788 603 773 371 428 58 727 440 
981 439 986 642 909 19 390 976 82 241 712 724 690 880 650 723 478 611 179 614 600 580 584 477 185 397 576 801 261 788 229 552 871 288 783 974 589 322 811 184 818 92 378 940 227 34 339 140 647 651 486 64 18 92 16 555 840 732 181 922 735 105 392 645 906 550 291 779 849 397 271 741 0 789 186 975 414 397 377 300 312 547 699 107 622 
898 483 319 1009 401 986 471 282 553 507 753 429 596 180 801 898 163 174 465 531 233 421 816 107 719 804 189 152 677 245 769 930 216 982 640 255 394 949 197 635 399 40 543 507 239 835 580 551 225 99 403 494 510 203 1013 29 77 890 212 740 500 503 710 443 366 376 455 247 731 104 790 546 791 0 488 1003 413 828 663 972 193 938 852 50 665 
793 24 468 956 991 615 567 783 892 514 795 937 28 442 487 781 966 400 692 391 43 276 484 868 507 246 866 477 918 584 994 106 483 293 915 889 821 354 695 489 965 424 922 498 993 664 601 831 1000 894 73 929 32 873 815 15 555 465 355 900 242 201 369 626 66 49 749 296 110 18 866 124 178 487 0 680 225 391 781 77 484 839 497 685 221 
134 755 241 172 563 77 735 158 34 961 861 561 274 33 272 85 539 564 120 116 698 729 596 429 26 906 683 488 782 956 220 772 22 39 414 731 154 904 490 65 971 711 29 284 80 739 484 784 938 300 806 699 728 561 211 198 990 862 109 568 678 404 996 908 319 61 952 488 984 707 707 758 981 995 683 0 307 405 920 37 999 742 458 99 901 
727 93 140 386 646 213 873 443 674 471 876 961 478 349 691 293 270 135 82 120 305 912 312 314 632 375 1003 541 574 272 692 575 740 648 329 371 327 947 742 945 967 386 94 97 123 799 913 131 715 357 865 11 676 815 484 740 384 201 292 891 958 818 370 710 619 248 283 911 456 941 51 189 429 421 209 306 0 731 651 722 180 465 838 536 400 
612 306 268 234 976 556 165 315 232 920 706 355 200 72 845 393 933 72 117 349 412 122 683 192 494 286 458 618 649 207 695 733 200 824 260 332 895 342 520 262 115 770 865 1009 923 965 617 873 46 77 9 217 584 218 888 295 546 276 588 692 67 103 284 393 809 151 402 777 340 488 640 792 409 834 384 410 724 0 302 433 86 632 637 887 537 
194 997 893 366 20 58 608 393 551 644 662 476 968 625 377 991 522 437 258 348 774 64 47 275 440 70 363 69 819 616 565 871 96 417 324 548 629 966 293 974 925 942 139 886 237 31 787 632 893 923 903 765 20 160 165 888 49 476 173 833 780 904 557 532 372 206 272 841 532 787 232 605 392 658 771 924 663 297 0 14 62 625 900 65 935 
531 254 634 27 994 828 451 456 116 506 704 861 910 236 502 370 925 42 448 669 841 699 758 202 923 123 56 815 234 118 379 491 324 765 193 561 456 101 94 695 271 228 784 647 42 942 758 577 238 690 808 61 505 57 770 439 730 515 666 973 454 43 328 117 540 928 900 602 685 326 39 760 290 982 82 42 732 424 13 0 333 555 431 12 655 
937 447 631 760 272 158 932 533 409 265 902 386 148 789 292 875 567 540 682 92 571 575 502 663 174 760 856 848 346 375 136 873 173 259 490 861 456 377 667 667 690 737 617 47 309 36 304 731 344 641 329 350 1008 191 900 478 597 909 786 303 612 977 1004 921 887 832 718 144 431 133 190 365 303 199 477 1004 183 77 54 337 0 90 548 593 540 
961 619 577 63 645 817 40 70 277 624 835 658 64 101 808 987 316 861 613 366 581 497 372 979 816 894 399 124 883 922 990 65 656 289 245 822 540 404 485 355 767 268 443 957 594 202 315 717 998 490 967 204 16 763 996 881 955 136 283 676 168 606 824 33 254 39 20 982 353 332 522 435 539 937 846 730 468 633 608 565 71 0 197 283 270 
755 803 302 30 524 978 781 668 931 520 952 1001 334 540 150 638 152 697 370 499 680 151 122 13 43 555 29 631 13 924 859 628 590 589 129 571 46 205 983 432 126 950 398 1003 138 76 542 472 373 126 699 518 754 258 402 887 298 674 650 278 930 790 674 274 201 793 918 155 365 80 361 52 690 857 491 448 844 647 889 419 545 191 0 466 115 
304 386 490 366 378 108 482 588 979 939 343 897 599 594 618 667 747 673 327 791 127 982 55 919 971 83 198 72 283 124 270 1012 892 442 839 768 397 473 419 997 15 830 11 636 171 270 612 792 675 599 372 70 955 150 871 176 749 707 453 537 673 841 45 530 621 223 192 184 257 614 209 722 103 42 679 106 536 886 55 14 606 287 459 0 270 
944 590 260 316 568 666 703 843 305 452 483 632 51 136 959 796 540 578 866 989 87 1000 665 133 829 728 331 978 310 915 189 157 657 166 276 373 417 76 668 205 1001 214 177 780 175 478 446 841 789 875 290 923 707 45 923 683 643 298 822 121 402 987 612 600 120 765 877 469 841 638 650 446 634 667 217 895 394 525 946 652 541 263 132 277 0 

Depot information
1
1
1
1
1

Customer information
1
1
1
1
1
1
1
1
1
1
1
1
1
1
1
1
1
1
1
1
1
1
1
1
1
1
1
1
1
1
1
1
1
1
1
1
1
1
1
1
1
1
1
1
1
1
1
1
1
1
1
1
1
1
1
1
1
1
1
1
1
1
1
1
1
1
1
1
1
1
1
1
1
1
1
1
1
1
1
1
