Seed 123 - Instance: n80m5_2
n 80
m 5
Q 9999
L 5
U 17

0 159 79 100 361 48 310 98 180 564 221 480 248 639 291 307 411 141 925 169 789 926 444 343 146 133 300 810 713 856 411 530 52 176 609 490 180 128 421 817 849 326 632 434 441 281 352 808 961 878 58 505 1005 348 731 639 579 726 890 676 478 770 132 844 25 304 805 358 607 836 347 456 831 526 521 862 724 502 433 835 286 481 335 151 354 
156 0 811 396 84 95 671 796 630 703 136 273 360 591 717 571 869 175 642 57 75 893 698 237 487 786 158 592 516 127 668 414 969 971 709 677 341 932 727 560 556 379 462 285 936 822 607 983 787 247 610 469 590 368 473 624 592 183 882 607 375 525 926 359 616 122 135 395 724 905 384 914 580 443 431 882 986 406 173 320 805 868 940 169 51 
73 810 0 518 478 705 135 131 18 802 184 320 961 424 630 212 225 824 681 475 207 666 987 734 663 270 83 934 900 150 90 315 379 788 210 30 120 365 717 391 937 408 33 178 624 245 242 563 700 538 95 776 236 604 274 579 89 445 417 158 180 766 210 800 873 458 500 728 54 544 659 16 596 318 480 24 858 584 325 322 309 781 130 187 75 
108 397 511 0 652 929 105 530 287 117 571 135 887 474 679 355 403 125 865 530 807 145 849 945 722 208 138 357 648 39 545 875 907 829 674 27 657 361 206 228 405 258 548 309 498 559 643 65 194 372 419 664 363 229 822 701 86 88 112 901 801 620 970 350 989 922 55 497 141 769 1002 203 902 374 346 622 864 613 641 93 123 312 692 38 818 
371 92 470 642 0 521 420 997 868 594 820 741 501 212 975 971 916 964 821 521 418 485 369 861 975 567 739 879 987 306 549 103 367 275 997 604 407 166 619 251 789 651 563 244 745 797 880 239 258 969 626 248 80 11 130 341 32 207 107 631 617 326 538 111 20 409 806 166 376 266 221 850 924 499 509 348 873 21 84 159 983 941 573 868 27 
56 90 701 919 527 0 995 424 931 139 703 226 342 621 886 187 123 773 880 503 425 228 78 497 973 651 551 686 330 14 849 446 434 997 116 270 875 404 17 500 992 70 777 851 422 413 343 808 222 419 400 207 34 696 177 195 392 683 769 321 913 43 24 922 20 567 203 482 971 366 333 827 802 484 359 766 876 307 96 66 393 367 638 741 38 
293 671 139 121 406 1011 0 23 704 844 131 671 875 17 547 602 320 207 50 875 435 630 1002 707 208 868 583 276 320 479 29 575 766 127 221 811 994 575 368 547 864 933 38 345 52 807 232 839 509 552 814 619 814 755 86 227 395 265 14 958 103 240 927 896 237 633 333 1019 145 122 621 70 919 137 413 981 590 440 994 534 386 259 573 964 697 
102 795 116 530 997 421 26 0 721 980 239 90 832 376 836 674 873 153 505 442 564 591 574 35 385 959 101 679 814 758 505 727 423 649 808 775 409 735 351 900 699 438 588 651 340 123 960 502 127 57 382 991 993 622 417 604 31 45 846 691 92 893 358 636 541 459 593 918 753 761 758 261 670 98 305 742 609 273 209 601 573 402 763 703 368 
184 626 7 281 871 931 702 721 0 782 793 861 383 129 17 712 978 794 279 594 815 882 603 372 563 678 858 836 843 242 702 602 663 899 97 999 646 414 619 880 22 664 681 753 472 542 458 1012 762 221 172 102 644 691 959 82 168 699 397 697 983 625 111 101 350 417 711 273 74 731 526 842 19 335 415 513 318 937 975 604 886 1006 466 255 928 
572 711 791 132 599 135 848 975 777 0 60 272 509 584 602 99 694 78 134 786 130 903 905 451 257 1014 62 538 374 562 863 450 29 97 550 650 798 163 568 255 432 678 911 970 764 733 663 213 923 789 310 106 540 937 235 894 595 169 780 315 376 757 828 959 677 446 947 874 578 573 287 751 140 287 680 544 499 724 182 355 532 502 104 333 247 
227 136 193 563 823 698 119 242 792 56 0 993 434 529 436 313 419 509 532 147 442 580 267 812 510 692 175 547 837 642 229 378 856 56 918 484 691 181 403 373 195 884 979 923 351 238 770 20 981 265 337 109 641 63 271 90 999 171 593 795 41 648 326 916 751 581 753 764 188 570 307 175 671 574 1000 986 67 50 236 145 493 278 324 725 81 
493 270 332 136 741 223 657 90 878 272 992 0 491 124 865 600 495 449 884 271 528 485 45 903 524 417 579 493 125 797 491 518 153 74 70 105 555 236 680 196 938 439 538 181 839 672 783 670 312 195 579 484 842 848 834 649 54 319 495 545 177 324 165 570 89 748 137 21 291 778 287 259 558 850 768 854 146 707 426 445 764 120 629 841 38 
251 356 956 901 520 339 877 835 382 507 452 489 0 522 556 881 875 700 804 920 300 537 181 779 577 937 792 212 65 630 377 911 998 484 214 453 492 600 512 821 693 814 329 263 951 269 688 551 416 106 335 790 250 379 510 210 25 712 269 298 172 661 542 1010 559 902 270 211 317 627 587 436 360 708 22 949 102 646 540 954 499 924 702 267 641 
638 597 433 462 222 611 20 372 128 591 526 125 510 0 480 854 752 392 639 213 63 21 948 337 740 789 922 255 129 528 673 910 49 241 262 472 405 731 756 24 145 680 804 456 45 722 36 986 755 940 489 348 163 393 177 107 177 737 39 554 345 578 809 367 252 650 571 862 435 705 527 334 584 859 16 384 514 365 802 454 474 519 424 170 488 
301 704 641 676 967 885 561 831 26 589 439 857 551 489 0 556 320 1010 791 769 168 957 241 111 431 348 848 178 424 188 949 124 823 371 899 691 807 80 218 208 310 294 837 270 477 142 711 331 92 628 918 921 356 535 596 690 129 860 680 599 772 904 946 353 57 372 568 260 574 844 51 308 590 169 843 355 260 612 218 986 95 438 586 973 308 
324 575 218 353 962 193 596 680 697 102 321 596 869 847 552 0 820 545 742 925 724 631 292 347 676 171 446 110 172 995 495 171 494 30 256 939 706 208 711 81 713 480 99 106 809 716 916 641 621 124 631 433 604 583 996 218 852 467 133 718 741 611 255 328 56 75 407 598 837 576 837 104 138 832 798 604 683 263 791 986 204 610 293 310 56 
415 864 225 402 934 120 311 858 986 685 427 493 866 749 316 824 0 666 203 79 230 174 899 375 790 307 563 867 891 472 854 379 944 85 883 338 673 421 974 887 901 594 108 325 285 815 662 821 612 285 689 743 591 132 572 938 706 809 486 883 482 415 580 139 944 311 826 540 174 204 958 302 283 155 612 880 739 425 59 251 421 460 554 140 395 
145 163 832 131 964 771 213 160 809 79 510 440 698 383 1002 550 654 0 476 867 923 580 14 1004 531 363 637 214 492 398 1003 147 852 222 744 560 219 573 199 271 13 181 990 315 106 548 335 419 455 40 349 350 640 500 479 155 622 411 629 547 318 612 825 881 343 700 997 649 533 442 460 353 965 556 480 137 557 189 781 712 100 746 227 653 631 
933 642 685 875 805 872 59 515 272 140 520 888 790 638 809 746 211 473 0 567 827 902 510 821 818 382 160 695 950 746 733 531 403 268 329 891 790 548 930 266 672 74 753 821 944 428 35 958 448 1 185 637 194 732 293 5 588 469 196 844 783 860 468 237 498 26 7 575 549 995 859 93 687 794 178 436 179 996 706 600 335 547 251 991 59 
157 57 471 547 517 514 883 444 598 789 144 262 917 210 766 918 78 865 565 0 434 447 862 286 643 597 23 905 538 778 245 352 448 404 603 702 584 732 122 191 689 515 476 541 310 725 796 714 517 245 655 501 864 444 314 776 71 967 91 310 927 63 946 632 34 631 117 235 854 824 846 981 790 980 930 282 41 764 383 828 672 356 649 126 288 
798 71 201 793 399 430 426 557 822 130 434 534 295 55 184 723 227 920 829 446 0 34 510 137 297 735 213 796 933 66 627 855 152 678 644 789 941 890 683 971 158 659 382 846 396 137 996 512 289 718 274 646 695 596 380 347 223 122 996 753 873 552 30 855 826 118 185 904 255 412 715 330 34 877 508 815 502 282 272 776 476 881 309 88 638 
921 886 665 133 481 233 615 584 876 911 565 484 535 40 956 620 177 572 907 452 31 0 106 785 556 30 735 686 994 194 114 81 405 1018 406 671 476 513 917 827 927 268 885 612 213 726 387 852 949 959 114 689 898 53 493 990 213 190 644 429 828 287 904 712 160 531 826 946 201 126 781 624 247 437 83 103 455 104 809 483 320 951 561 238 704 
454 714 967 852 369 86 999 577 605 906 266 64 184 939 239 294 898 19 501 843 513 103 0 274 134 706 112 160 271 420 15 566 711 388 483 227 239 878 935 81 72 787 715 144 350 181 293 765 239 567 538 69 1007 579 868 466 395 560 1002 28 19 517 856 16 369 516 632 600 296 93 250 726 967 917 973 744 542 107 391 760 381 736 567 863 641 
335 240 721 951 864 498 714 27 375 445 825 885 773 334 107 342 362 1006 830 271 142 777 274 0 145 743 775 206 938 425 63 379 972 802 244 684 799 473 675 852 19 376 218 653 145 662 426 530 422 748 706 418 718 736 756 538 906 284 537 355 328 799 370 314 721 857 707 795 35 121 776 703 455 91 449 764 837 258 75 876 255 186 211 71 424 
144 483 666 715 968 958 199 389 567 263 509 524 576 752 429 676 781 527 817 640 296 559 132 145 0 687 366 720 331 646 22 705 761 465 707 699 665 272 628 32 44 971 957 396 34 702 411 254 266 546 842 842 664 161 239 770 179 35 795 353 458 635 25 496 236 224 499 504 265 545 557 847 969 721 585 85 568 698 218 173 468 549 332 440 736 
117 774 269 218 573 651 876 970 668 1006 693 420 937 787 341 182 318 353 383 614 742 39 710 751 689 0 621 197 602 28 58 769 816 608 874 343 428 325 887 195 74 23 171 19 591 251 618 813 71 730 567 498 885 622 729 1000 558 740 565 95 591 610 30 950 632 251 21 570 88 847 20 351 258 841 197 730 235 802 805 126 172 102 958 185 96 
309 162 86 142 732 559 577 103 854 61 193 572 785 918 850 433 549 639 170 20 223 747 119 773 358 611 0 879 70 222 382 103 84 972 856 172 607 738 939 190 770 464 409 44 211 369 363 462 881 382 345 21 401 901 654 536 360 768 717 833 574 800 621 467 62 617 758 501 129 745 566 439 781 624 134 365 837 509 998 690 323 515 751 201 759 
818 584 921 357 885 686 275 690 831 548 558 496 220 258 172 123 881 213 683 902 789 690 163 205 723 200 863 0 561 700 203 801 610 303 213 736 287 945 650 451 428 354 924 934 204 694 386 250 24 253 39 254 406 952 737 557 85 740 263 790 302 554 966 826 836 710 534 659 244 306 455 63 769 514 195 652 418 940 746 958 121 27 642 650 927 
703 507 894 650 978 316 317 816 847 383 822 124 65 125 421 178 911 488 957 537 946 998 276 939 333 613 66 552 0 400 261 962 963 620 880 406 858 458 531 539 270 364 403 250 573 562 463 10 87 820 704 358 977 88 916 869 632 733 25 895 475 948 127 560 343 900 882 851 719 227 595 452 370 192 372 260 134 222 961 955 884 226 608 305 215 
856 113 162 32 311 12 485 764 236 572 625 778 617 520 199 982 475 399 743 775 67 194 428 429 642 19 236 686 409 0 744 703 801 200 340 994 218 706 169 644 199 317 559 592 645 178 399 770 731 501 1008 164 265 975 668 369 663 508 700 717 967 191 966 306 797 888 768 830 583 171 83 849 502 219 284 904 669 847 797 602 692 608 639 970 394 
402 663 89 535 549 860 33 490 696 854 231 507 386 665 933 490 845 984 724 252 627 115 19 64 3 69 388 200 274 733 0 284 100 169 869 340 51 713 941 831 185 509 306 513 1000 141 248 637 830 114 434 578 682 841 683 386 82 266 656 507 642 817 51 294 99 253 800 956 331 114 506 206 973 462 140 980 1008 704 660 952 17 198 475 511 75 
532 413 307 867 90 456 566 726 603 453 385 524 913 921 138 176 379 141 530 345 858 77 566 376 700 772 91 789 966 696 274 0 571 914 683 999 637 150 869 111 1001 754 852 942 487 620 188 409 155 257 887 806 847 589 699 889 406 203 1002 816 548 441 940 579 878 648 145 686 429 780 474 917 935 110 859 26 102 761 154 964 796 43 221 884 503 
54 959 381 907 367 428 766 413 654 41 859 145 1000 52 826 495 945 855 394 457 138 410 720 971 763 817 75 606 966 801 108 556 0 392 444 720 786 545 789 425 738 469 765 125 454 165 852 732 25 697 488 951 247 675 276 127 839 625 697 343 9 880 340 398 244 796 768 331 952 399 786 457 459 540 594 75 436 392 527 847 498 207 570 506 674 
163 986 778 812 277 1006 122 650 896 99 67 90 478 249 379 33 96 209 255 390 688 1008 374 795 470 599 962 320 628 199 172 906 391 0 186 699 707 380 448 729 147 886 623 678 641 52 864 957 713 127 744 293 744 667 242 24 314 76 660 898 340 507 77 732 290 859 717 682 691 48 439 200 468 659 795 963 236 231 155 737 595 680 553 261 280 
626 709 216 668 996 124 222 824 103 563 926 50 226 276 908 252 881 739 337 611 657 412 481 242 704 875 850 199 883 338 867 695 451 190 0 703 815 391 979 565 573 311 427 783 873 789 536 544 472 644 297 834 530 571 561 632 947 91 333 815 201 492 28 201 423 460 893 876 237 32 335 801 674 707 99 286 816 220 407 788 615 678 244 246 411 
471 679 34 27 607 263 820 789 996 659 494 107 449 480 682 943 331 559 892 700 787 666 224 683 712 349 157 725 414 982 332 998 733 692 711 0 130 344 658 370 557 230 755 226 310 59 664 321 944 18 285 236 107 443 910 943 608 880 727 29 519 49 210 220 255 149 234 914 473 320 258 90 93 810 475 430 970 610 311 681 238 888 693 816 539 
180 346 133 646 405 866 995 398 641 807 676 546 491 407 810 713 680 211 791 573 941 479 242 807 666 427 614 285 840 203 45 635 793 709 822 121 0 840 470 58 989 189 280 777 834 108 388 904 119 1002 611 771 895 991 987 739 773 614 327 994 152 235 693 777 538 922 783 293 670 544 308 579 266 84 873 914 564 910 505 692 180 732 113 279 51 
120 933 372 370 167 386 593 722 418 167 175 234 599 741 95 221 426 562 548 740 882 516 878 476 284 339 733 938 468 708 704 147 530 383 386 342 848 0 519 348 907 991 889 846 11 553 181 799 443 980 543 528 104 825 649 152 306 411 483 656 62 345 946 688 325 92 814 176 942 694 678 413 733 359 1014 436 572 729 426 53 142 170 470 242 174 
421 711 729 200 617 9 362 357 612 579 414 682 510 767 227 706 983 199 931 110 684 935 925 676 620 894 939 654 515 165 952 861 799 436 976 650 469 517 0 702 221 1014 953 252 370 684 826 22 925 189 897 955 844 90 944 42 459 620 22 56 854 979 452 260 944 573 449 797 331 290 174 128 275 989 87 927 64 815 200 396 165 100 150 673 626 
814 566 383 232 235 491 555 903 861 246 362 192 818 7 206 77 885 273 263 181 973 829 96 851 52 193 182 456 526 633 840 114 426 725 578 369 78 347 686 0 582 183 81 404 227 762 940 399 124 783 647 700 88 885 105 729 52 442 168 246 804 252 594 448 937 422 906 271 55 725 331 308 997 735 448 660 623 908 71 521 744 974 961 173 575 
844 573 945 420 777 985 859 699 26 436 189 952 695 160 307 716 901 21 671 684 165 918 69 36 40 72 764 431 285 193 179 1005 735 147 573 551 983 899 235 599 0 514 821 782 504 372 652 55 371 110 59 521 234 304 346 959 575 174 357 409 695 241 1007 37 395 87 129 72 36 5 289 564 257 1003 884 280 993 918 532 504 92 18 606 229 393 
343 364 412 264 660 53 927 453 668 675 884 445 803 699 298 487 578 184 82 504 663 276 778 374 982 33 455 349 366 309 529 760 470 881 317 218 174 986 1006 173 527 0 61 709 84 540 321 928 166 598 578 390 662 779 128 872 844 486 841 934 322 885 868 913 241 506 516 514 250 145 967 823 158 311 40 299 750 711 287 717 902 534 472 406 79 
616 455 26 539 573 789 21 584 681 916 979 534 335 817 839 101 114 996 758 483 374 887 720 213 947 171 419 923 399 561 298 837 746 624 417 749 277 894 950 73 816 48 0 719 638 308 557 961 313 554 912 260 479 774 971 200 811 682 940 495 97 795 295 361 4 538 161 794 645 40 522 464 542 241 553 919 944 124 752 812 148 404 772 946 725 
430 290 174 298 250 858 339 655 747 961 920 192 246 460 284 95 319 319 816 550 859 626 147 655 384 29 45 943 255 577 530 939 124 678 774 234 787 838 258 393 773 725 723 0 221 468 80 245 414 253 17 947 478 958 573 614 140 868 340 639 692 802 114 359 149 519 388 329 871 546 682 904 68 302 837 390 1010 210 405 879 567 153 189 694 275 
422 941 620 510 748 416 55 353 461 758 351 854 942 30 483 810 273 109 935 310 382 202 345 146 36 577 220 221 569 644 1004 484 459 631 862 305 837 28 366 227 514 70 637 222 0 120 801 913 529 448 606 251 800 191 269 530 27 766 407 44 377 943 418 880 320 833 23 674 647 270 331 379 615 424 278 355 410 461 458 40 444 622 248 793 379 
287 826 250 552 796 424 816 127 552 722 235 677 254 726 146 712 814 552 422 737 140 727 172 658 718 261 373 706 574 183 132 631 176 54 795 65 105 561 685 758 369 530 321 475 125 0 331 155 650 401 690 333 776 260 225 607 702 544 340 67 442 222 287 117 235 774 650 684 639 453 400 422 256 658 823 45 878 108 532 750 727 692 206 792 396 
340 598 247 632 886 333 241 965 467 658 764 782 687 53 703 905 675 337 19 790 993 386 278 425 414 619 348 398 461 401 241 202 847 871 532 665 394 185 824 953 655 309 552 84 798 320 0 230 29 125 615 656 62 989 818 569 499 541 973 424 150 444 453 154 896 70 283 706 281 520 687 611 526 691 501 334 543 636 617 990 311 167 431 273 90 
811 981 557 74 236 812 838 487 1006 193 26 683 554 987 341 640 817 427 968 714 514 842 764 529 262 814 458 255 7 768 647 416 737 971 533 338 918 794 30 412 61 922 951 233 907 159 244 0 36 606 777 461 570 174 895 293 326 31 899 892 763 340 690 640 547 121 915 339 138 49 831 371 331 988 830 19 266 304 809 696 68 155 162 268 144 
957 784 701 187 248 239 497 140 745 929 964 325 416 752 92 616 592 447 439 524 273 944 259 422 260 77 872 36 79 741 817 155 18 704 485 934 127 426 926 140 366 153 310 408 540 651 45 37 0 98 570 888 7 870 731 255 635 248 420 608 366 465 423 489 622 287 328 893 245 407 950 668 179 411 320 707 652 241 918 401 664 743 709 152 797 
876 243 537 372 974 410 546 56 218 779 259 193 113 933 623 124 302 57 17 241 715 953 565 739 531 740 391 259 827 506 108 260 693 137 626 24 1003 976 186 779 109 598 554 250 433 406 125 611 112 0 520 579 776 288 862 819 628 443 581 967 113 124 936 193 864 280 357 119 180 403 784 388 129 484 601 158 772 318 823 937 812 239 44 405 436 
70 613 89 415 633 395 799 380 163 303 337 584 344 479 917 618 704 358 180 647 274 110 550 710 852 565 350 49 713 1005 438 880 483 739 294 301 601 556 893 642 46 579 894 33 593 705 601 780 579 503 0 162 317 642 599 796 606 668 92 616 235 123 677 757 790 976 816 773 1000 424 433 57 856 811 882 744 180 549 254 714 989 492 53 582 441 
495 462 781 658 252 211 613 993 86 117 116 481 789 349 906 443 738 336 641 508 658 698 70 419 844 495 30 266 367 165 574 798 960 291 821 231 767 526 964 685 513 393 272 954 247 326 657 473 883 564 156 0 601 476 354 138 814 72 195 803 387 464 635 548 329 1000 163 497 992 77 516 998 977 837 503 682 984 800 408 85 864 751 262 375 315 
998 586 236 354 84 24 821 981 651 539 642 836 253 163 355 608 589 652 185 867 699 910 998 714 674 881 399 396 967 257 697 843 252 743 526 119 897 113 833 90 233 677 471 472 801 781 60 583 3 774 304 586 0 203 174 657 141 856 97 506 286 42 391 973 769 715 614 548 138 326 455 804 323 906 824 223 216 876 566 364 378 354 900 828 714 
338 372 606 216 25 684 752 618 701 937 71 840 386 396 535 592 121 513 740 442 595 56 561 748 167 621 897 964 89 965 830 598 674 671 561 450 995 841 94 897 302 775 779 953 199 262 1008 172 870 292 635 482 206 0 837 890 613 511 962 402 51 118 559 915 879 207 917 405 620 880 920 577 322 742 433 882 924 769 356 448 117 895 753 258 412 
744 490 274 819 124 179 90 433 944 218 261 827 507 169 594 1000 576 472 283 322 374 487 850 752 239 733 666 728 912 673 702 694 281 243 557 925 990 644 950 95 334 118 981 567 268 228 818 899 736 877 599 353 168 830 0 31 606 919 305 724 635 583 228 146 490 917 305 160 971 857 772 480 815 115 286 957 1004 907 664 376 914 280 829 55 870 
654 616 577 701 343 203 221 591 82 894 87 641 212 114 690 217 938 139 3 775 345 991 470 540 778 1009 540 557 869 377 378 879 131 32 633 932 740 145 55 741 959 873 206 613 512 613 557 300 269 818 795 132 665 882 24 0 71 956 963 522 149 193 663 148 175 617 50 281 41 507 868 790 806 400 885 372 222 389 953 410 742 280 74 790 668 
588 585 93 74 20 391 402 34 172 586 1014 58 31 184 130 845 722 626 578 66 215 209 386 899 177 554 366 88 633 661 75 389 835 319 934 622 772 320 469 56 573 856 798 142 40 691 495 323 626 613 589 831 158 614 603 89 0 583 830 419 243 706 718 220 904 213 28 332 547 729 492 877 735 890 403 246 401 117 517 1007 95 412 189 783 29 
734 166 451 82 215 664 274 47 710 172 165 331 700 743 875 466 798 427 469 960 129 183 545 294 24 741 765 752 734 510 262 212 623 69 96 868 597 427 624 423 165 486 690 877 773 540 527 21 244 446 668 83 852 504 919 943 581 0 724 893 126 724 304 28 569 321 159 934 597 505 604 749 601 736 477 966 549 284 102 178 652 790 949 292 774 
883 885 421 117 104 758 20 846 402 800 605 488 260 37 683 143 485 628 188 85 1006 657 989 541 805 576 719 261 35 687 656 1009 693 660 335 728 327 489 13 168 361 840 956 345 399 349 980 898 426 585 105 201 97 969 305 973 835 727 0 34 40 650 190 95 161 214 214 285 174 541 428 462 959 86 92 804 692 414 992 501 321 699 247 907 563 
681 625 163 903 616 334 943 690 700 313 787 546 296 547 607 727 879 553 849 321 755 446 31 354 366 89 822 783 912 725 495 827 329 901 810 32 988 659 56 243 394 930 489 646 34 62 436 897 608 980 625 805 502 417 719 523 422 883 26 0 267 506 707 207 498 402 93 381 94 582 376 412 329 29 764 821 601 340 267 994 917 168 602 649 630 
468 369 164 814 621 897 106 87 981 371 51 180 172 336 767 745 483 322 775 922 882 817 22 336 463 590 557 310 481 965 641 552 25 344 196 535 142 52 852 813 683 318 95 698 395 446 162 768 361 122 248 399 278 47 626 145 244 119 37 262 0 523 329 182 126 64 878 310 52 156 400 899 553 922 606 94 753 164 255 931 81 724 939 745 725 
768 541 778 630 326 43 257 881 630 757 650 324 662 592 914 596 426 606 844 57 562 289 512 805 620 614 789 547 948 194 819 436 873 506 489 60 236 341 965 246 230 866 799 811 934 222 437 350 475 114 125 463 36 104 570 189 702 728 643 521 539 0 739 727 958 273 734 668 336 836 789 156 996 293 24 455 615 173 46 457 178 684 101 615 595 
120 913 215 971 535 17 924 353 102 825 328 177 548 822 937 247 581 830 470 947 24 902 869 363 32 43 619 946 127 950 60 947 350 75 28 223 697 940 459 583 1019 871 304 97 428 278 449 681 437 931 681 637 406 560 233 650 726 299 174 705 328 739 0 561 536 105 152 448 399 500 56 783 815 225 477 737 813 211 333 455 763 642 726 7 433 
836 364 796 351 118 920 908 643 102 955 915 568 994 380 351 336 156 887 229 639 860 724 27 313 504 943 467 817 555 298 294 592 394 722 196 220 767 689 257 450 27 908 370 353 888 132 148 643 485 190 744 540 975 918 147 143 230 28 109 213 180 724 543 0 919 832 896 795 217 557 740 976 636 97 708 816 848 150 396 621 321 994 419 306 388 
28 616 874 986 20 15 250 537 347 677 748 79 559 240 52 54 945 351 503 19 830 164 369 724 223 648 63 838 350 801 98 896 246 308 427 251 538 322 943 951 402 243 3 134 319 224 908 556 608 856 789 329 771 884 491 180 902 573 167 500 134 959 540 918 0 870 123 13 972 148 876 234 1009 840 496 65 268 614 46 173 190 806 198 304 355 
312 136 473 916 411 570 630 460 409 440 576 758 910 659 385 64 306 702 31 631 104 529 518 843 216 258 620 712 892 886 254 659 787 862 459 131 932 80 591 417 69 524 556 523 834 770 64 119 295 281 961 1013 709 200 922 612 229 329 227 402 66 272 99 838 871 0 403 718 640 265 87 342 768 59 961 664 552 865 535 689 282 175 916 427 585 
807 134 502 53 808 193 348 594 715 944 771 138 265 574 565 407 841 999 16 115 179 815 639 717 514 22 765 551 895 785 813 157 766 711 897 225 797 827 445 907 130 517 168 391 29 664 272 918 313 349 822 160 599 918 299 49 21 159 206 98 879 735 140 898 109 405 0 745 442 746 395 940 87 191 986 736 854 191 177 892 690 940 734 894 740 
363 410 726 493 167 484 1013 909 270 872 762 24 204 857 257 609 531 633 563 249 907 946 594 802 507 566 499 661 835 834 967 679 319 688 879 916 303 163 802 258 69 515 797 341 680 689 711 339 889 120 772 495 552 414 163 286 330 949 278 399 310 666 448 791 15 716 731 0 920 129 969 698 277 87 555 58 416 549 848 120 443 615 959 250 282 
622 713 57 155 366 973 139 744 70 585 185 280 316 439 578 848 177 519 541 867 244 210 290 31 283 86 129 250 725 601 329 419 946 690 221 460 669 931 329 64 36 256 645 877 632 643 280 140 244 175 1004 996 133 628 975 40 562 601 161 94 59 324 402 205 978 641 439 920 0 212 882 126 358 86 74 504 780 973 454 627 927 780 900 306 984 
830 905 556 767 255 386 113 767 728 584 570 791 617 690 848 584 215 443 978 807 406 129 73 125 552 858 743 307 236 180 121 795 391 57 33 326 534 684 284 709 13 146 49 552 269 460 519 57 420 403 434 90 328 881 866 508 725 495 525 568 166 837 511 548 146 275 743 131 220 0 651 57 541 874 804 565 393 186 999 669 585 913 903 528 797 
334 382 660 997 212 339 614 752 533 283 313 304 587 515 53 845 966 448 849 843 718 780 256 775 562 20 562 445 595 90 510 457 784 441 345 264 322 673 175 336 288 969 528 702 330 399 692 836 943 785 430 505 464 932 770 874 497 597 435 376 402 789 72 753 884 85 403 951 891 647 0 764 261 874 265 344 384 76 439 454 1009 159 788 267 919 
441 922 13 213 853 841 59 272 846 750 178 248 438 330 318 110 296 341 89 983 323 609 740 696 846 360 453 48 455 848 224 918 456 201 799 86 572 415 139 307 561 832 461 905 379 407 611 361 665 389 55 1002 814 576 465 786 879 745 476 397 893 170 782 971 245 347 954 707 122 45 756 0 976 913 426 283 394 131 859 609 159 980 510 112 413 
836 573 601 895 922 795 919 667 27 145 662 567 372 582 594 143 264 963 678 787 39 229 956 453 968 261 783 784 380 504 954 924 451 464 658 91 260 753 270 1002 238 161 538 73 628 268 532 335 185 141 841 982 326 319 818 807 746 592 953 339 570 996 800 623 1000 768 71 270 349 529 259 978 0 868 347 85 605 677 275 852 69 453 970 1005 804 
523 438 325 373 494 488 140 102 332 292 582 844 704 844 162 831 144 546 790 994 876 440 912 98 726 848 608 520 200 224 465 121 534 649 717 802 75 353 980 746 996 311 246 304 419 644 702 985 416 489 818 830 906 752 113 390 886 732 85 39 924 290 208 84 835 58 206 87 77 879 869 913 874 0 737 742 241 642 485 82 629 857 600 811 872 
532 431 477 352 517 362 413 306 414 685 1004 764 30 11 839 796 605 484 178 922 515 101 960 455 588 197 125 208 359 284 133 847 589 796 94 466 869 1013 90 444 887 58 564 846 271 818 487 830 308 600 897 511 815 431 278 881 401 474 88 773 609 18 475 719 507 948 979 563 69 794 255 427 345 728 0 7 809 969 642 263 167 429 946 679 406 
852 892 23 617 346 769 985 741 527 532 979 856 939 375 364 603 882 148 435 277 814 90 737 775 91 732 363 657 276 917 980 31 84 958 280 435 917 438 929 653 276 303 919 387 356 46 349 15 710 152 752 667 226 878 966 356 246 974 810 824 95 463 734 815 55 664 740 58 506 557 357 278 77 755 27 0 995 977 728 479 272 196 886 543 693 
727 968 859 856 874 889 575 601 326 498 77 134 98 517 258 678 740 557 177 30 487 453 532 832 565 252 830 422 125 671 997 122 420 239 811 986 559 580 75 636 1004 751 949 1006 393 880 525 271 650 777 183 965 206 921 993 229 399 554 687 600 737 630 818 847 273 562 851 415 779 394 387 390 604 227 808 1002 0 61 813 648 831 592 633 676 726 
504 406 582 613 36 309 425 275 937 718 48 714 649 359 625 245 429 175 991 767 279 97 111 274 711 791 512 924 229 839 692 773 380 237 209 597 911 717 822 900 912 723 125 208 463 112 629 305 240 336 548 797 864 775 907 394 117 286 415 346 154 181 204 142 602 866 179 568 960 173 66 125 673 637 965 975 56 0 262 970 459 769 580 271 256 
428 165 319 635 102 111 986 214 972 180 234 420 543 784 215 793 53 782 701 378 263 812 391 67 221 825 996 737 967 799 654 151 524 162 424 305 519 446 204 67 544 281 761 400 464 529 623 816 921 827 239 398 579 349 660 972 516 113 983 264 260 60 333 401 39 519 192 829 456 1000 442 858 276 485 649 720 808 255 0 176 597 604 750 21 125 
827 328 320 92 143 54 529 592 614 367 151 462 947 451 985 982 253 730 586 826 778 488 748 885 191 107 690 948 955 610 948 956 844 737 790 677 695 42 389 515 510 725 794 882 44 751 994 693 400 939 708 79 366 451 381 411 1009 164 507 1002 914 464 441 628 156 696 896 114 638 659 448 598 859 97 277 478 640 972 175 0 494 422 801 234 461 
297 815 301 134 988 387 393 579 889 539 487 762 494 474 109 199 422 95 331 660 485 335 386 256 463 170 317 130 884 682 4 810 497 599 614 235 172 155 162 736 86 899 147 556 453 720 316 68 662 818 972 863 376 123 925 744 92 652 324 932 82 180 768 318 178 293 704 436 918 585 1014 175 51 640 155 274 841 459 603 492 0 1002 639 146 816 
486 865 768 324 956 375 262 406 992 488 260 122 919 512 439 614 470 741 548 351 882 951 729 193 536 109 517 29 239 591 194 37 213 684 661 882 723 166 93 982 38 537 399 152 628 681 171 163 737 252 499 754 348 893 280 266 419 790 684 172 735 694 645 988 789 176 923 625 766 902 161 968 451 857 428 210 589 758 597 426 993 0 477 191 68 
337 949 137 691 578 640 565 765 465 108 320 631 698 421 580 283 552 238 251 646 315 559 554 213 342 964 750 648 609 642 486 226 558 538 239 704 113 474 141 970 591 474 770 197 250 215 425 157 699 42 53 263 918 750 834 85 196 951 245 593 949 89 719 419 187 916 722 955 894 892 784 509 987 600 952 896 628 560 748 814 637 486 0 736 407 
156 169 202 38 850 727 965 686 255 326 724 840 253 168 966 318 142 651 998 130 99 231 869 73 443 187 198 653 317 961 506 894 498 273 241 828 282 253 662 179 234 408 957 704 791 794 259 256 146 419 584 374 817 259 56 778 795 300 908 659 747 609 14 304 299 423 894 234 309 535 252 120 1013 824 676 544 682 256 17 239 145 182 742 0 318 
359 54 90 821 12 35 695 362 914 247 74 50 635 481 309 40 382 632 69 297 628 714 644 425 741 89 748 931 205 386 63 497 671 269 400 526 49 175 617 576 379 88 732 266 384 377 91 157 777 430 436 311 695 425 872 671 14 775 563 619 723 595 437 395 358 571 747 286 977 813 919 414 804 885 403 701 720 263 120 452 811 60 411 318 0 

Depot information
1
1
1
1
1

Customer information
1
1
1
1
1
1
1
1
1
1
1
1
1
1
1
1
1
1
1
1
1
1
1
1
1
1
1
1
1
1
1
1
1
1
1
1
1
1
1
1
1
1
1
1
1
1
1
1
1
1
1
1
1
1
1
1
1
1
1
1
1
1
1
1
1
1
1
1
1
1
1
1
1
1
1
1
1
1
1
1
