Seed 123 - Instance: n80m10_1
n 80
m 10
Q 9999
L 6
U 23

0 949 416 452 157 131 285 776 776 584 220 734 875 900 981 230 390 915 156 275 524 861 159 308 575 934 722 589 276 892 743 120 5 173 650 477 1002 257 258 434 712 25 978 862 557 438 125 976 915 186 72 801 668 445 933 857 752 152 661 968 36 378 497 165 467 295 639 685 915 854 682 146 265 702 280 289 514 60 481 57 351 276 189 701 775 560 864 826 488 363 
963 0 397 788 48 225 436 550 851 616 763 441 438 50 374 58 641 585 400 521 88 722 783 815 842 882 625 689 158 407 594 516 912 574 499 266 769 333 577 314 272 814 896 898 583 719 56 980 968 392 775 70 460 577 1001 449 97 775 399 48 17 242 733 823 223 166 99 229 486 141 232 355 182 882 667 586 825 847 646 717 969 946 480 870 122 896 944 851 117 446 
400 391 0 452 507 783 437 412 133 79 653 948 20 630 852 127 884 582 338 587 337 588 582 890 957 610 300 210 259 867 857 360 652 713 94 125 249 202 803 951 233 393 987 89 378 623 631 132 176 161 131 745 545 518 315 1017 349 407 462 184 945 587 508 559 817 589 73 939 989 628 849 676 872 43 738 375 539 948 738 618 329 912 288 797 545 230 772 572 458 844 
461 790 450 0 299 361 715 230 456 265 520 515 443 97 887 339 452 410 760 857 635 863 913 753 498 124 379 341 732 643 294 160 769 762 567 658 516 631 144 828 312 624 578 174 400 453 859 470 534 840 993 65 391 129 426 719 122 188 96 157 906 731 366 75 324 661 627 731 863 882 248 995 967 693 726 125 441 856 98 309 615 529 968 184 707 546 85 219 826 389 
142 45 523 305 0 128 636 91 369 375 991 842 290 121 9 411 534 241 46 459 175 580 188 828 279 585 187 943 28 849 700 667 496 938 267 869 359 81 789 694 124 439 461 224 976 431 740 988 929 647 965 612 652 924 383 922 913 95 273 98 762 456 758 503 423 487 575 888 220 342 786 867 398 15 124 899 173 551 141 144 876 452 393 815 722 528 893 205 389 979 
128 221 770 361 114 0 627 458 451 365 848 526 816 422 220 347 423 99 274 688 1010 829 53 517 588 933 721 640 36 425 620 617 814 86 247 174 794 669 245 391 399 253 687 966 62 152 326 665 978 323 840 875 258 620 64 833 864 26 751 251 719 939 403 320 570 633 32 684 458 36 392 847 570 595 446 29 847 620 77 727 278 390 142 932 211 50 50 805 742 366 
280 435 428 731 646 639 0 209 312 535 595 992 448 355 926 380 196 616 556 692 378 323 956 641 628 32 622 494 167 577 566 510 488 175 177 784 542 494 752 1011 952 84 364 994 11 245 493 631 732 854 841 170 909 17 989 911 175 881 627 253 869 374 162 155 960 969 88 255 934 76 949 245 408 126 769 908 281 666 770 45 850 549 766 16 234 522 785 45 897 511 
781 555 404 242 103 465 209 0 625 410 949 972 828 745 974 737 650 968 241 940 644 368 543 444 770 909 913 294 432 902 587 937 125 797 920 507 90 290 449 380 277 131 431 914 618 954 519 675 211 360 711 819 764 640 276 168 389 86 398 1000 597 259 22 120 825 238 481 605 345 619 409 458 450 994 169 52 741 526 87 389 932 831 880 529 160 950 721 490 49 468 
774 836 122 476 358 439 309 626 0 373 28 40 322 203 505 148 133 786 740 114 784 263 711 404 273 403 516 49 869 910 799 677 187 363 157 709 728 38 565 865 327 466 617 633 533 832 920 182 948 518 71 72 514 315 699 778 337 772 767 160 334 1015 462 821 438 510 741 57 316 606 837 83 322 567 961 278 732 391 499 58 791 641 390 626 413 107 778 300 905 468 
591 607 67 245 369 367 524 399 359 0 490 758 884 460 349 918 543 688 550 917 925 801 900 589 538 447 611 741 523 820 950 28 234 529 142 142 422 264 596 201 726 446 135 800 223 846 409 143 665 290 358 348 150 264 73 44 805 124 118 418 862 271 455 906 950 391 655 512 493 813 544 326 492 1004 423 340 741 950 266 719 995 430 649 859 914 913 297 929 743 114 
222 773 660 520 1000 850 594 939 47 488 0 497 689 480 962 331 101 677 229 582 171 298 967 130 40 653 400 361 942 825 177 982 228 264 537 850 492 265 765 18 133 747 252 98 822 893 318 501 381 896 327 698 501 909 917 896 886 379 189 434 786 198 482 177 856 940 295 285 75 898 300 952 406 1011 239 195 31 426 365 666 485 298 731 994 252 485 503 49 291 676 
724 428 948 518 847 531 992 968 50 757 485 0 1003 243 247 75 169 340 451 756 792 441 374 129 638 998 884 115 685 965 650 55 644 440 502 74 647 746 45 108 547 412 481 459 895 191 331 608 104 598 482 257 742 948 156 977 228 689 854 143 763 219 658 421 334 394 823 402 636 206 224 937 223 531 757 881 374 455 220 347 284 586 463 634 879 948 612 813 69 647 
868 447 36 440 278 809 441 820 339 880 684 999 0 839 54 698 976 17 697 817 705 104 654 175 641 422 889 255 997 13 826 73 1012 6 514 437 197 74 666 491 275 733 124 748 141 746 826 724 442 370 28 894 476 7 567 104 647 835 694 243 973 732 55 676 456 418 424 68 505 331 758 937 548 81 959 839 939 206 848 554 694 551 412 548 725 834 495 215 892 258 
888 44 622 84 117 422 341 747 214 467 468 240 840 0 712 333 17 150 350 885 16 473 892 797 547 789 549 55 984 629 852 178 936 108 799 454 347 963 568 711 988 66 433 530 960 677 1004 700 311 960 995 711 100 271 862 875 454 29 113 879 126 829 965 882 605 368 716 132 445 896 788 553 505 371 92 765 335 482 667 321 541 437 407 61 807 208 897 295 541 627 
983 364 859 895 12 216 921 975 508 350 954 238 40 699 0 167 278 573 1010 569 426 807 545 664 703 208 370 272 166 964 473 421 505 559 51 45 851 523 981 159 333 975 43 642 442 64 697 680 454 299 218 877 659 415 656 416 590 162 435 845 420 235 77 973 127 452 908 641 453 459 782 641 100 759 482 891 200 549 150 590 591 193 417 435 41 30 961 509 749 306 
230 53 122 348 412 330 381 751 157 926 326 66 696 334 151 0 532 992 269 285 377 857 231 399 51 148 489 719 618 18 558 483 244 972 637 302 191 765 645 925 38 925 704 697 278 467 933 938 586 646 768 813 183 701 888 849 23 400 996 220 584 414 414 204 839 913 255 101 119 1001 814 373 349 736 523 823 522 125 871 162 358 270 833 1019 163 273 215 51 886 81 
397 644 900 454 545 420 198 654 147 543 91 166 971 12 269 536 0 580 577 304 884 730 896 811 423 777 630 527 889 990 596 194 973 144 98 460 671 852 369 538 607 183 585 246 570 804 552 285 907 654 550 396 333 370 324 642 244 871 552 874 699 43 816 393 399 550 105 125 625 447 488 670 232 779 785 770 615 569 906 853 296 223 111 278 395 555 859 17 799 874 
905 584 577 408 221 105 634 967 791 685 673 335 20 142 579 989 574 0 404 239 838 251 623 811 24 515 455 117 290 245 212 801 277 81 331 546 534 505 352 621 759 439 136 692 759 956 171 532 926 632 12 504 210 155 845 485 448 527 290 303 561 500 391 297 699 426 403 868 857 808 759 493 601 837 66 761 837 997 833 802 469 33 523 428 766 206 903 93 65 364 
138 395 339 753 45 263 552 248 734 552 221 453 701 344 996 262 576 397 0 990 530 238 548 434 490 24 783 439 344 133 764 827 639 34 307 621 593 15 701 671 466 922 130 502 317 453 521 361 607 662 88 430 987 836 591 124 545 612 235 632 406 491 674 747 651 555 826 641 285 702 810 1005 529 944 561 837 541 789 205 182 914 725 845 606 598 709 934 605 661 762 
276 524 593 859 471 684 689 953 102 918 584 756 822 870 570 286 303 245 996 0 234 280 551 127 492 263 938 513 240 254 459 532 965 177 423 440 541 756 867 460 89 50 899 570 694 65 762 110 223 789 44 328 270 708 543 647 211 180 55 780 898 51 915 992 479 211 596 390 718 336 942 495 561 1000 424 200 76 412 811 88 564 863 307 493 216 371 349 261 635 747 
512 89 351 641 171 998 377 642 789 933 159 791 692 30 417 375 888 838 532 223 0 977 652 917 114 695 464 155 410 917 836 113 462 478 765 423 129 946 641 627 17 571 1005 57 783 846 667 927 574 942 131 400 69 568 84 780 51 745 20 201 685 814 124 545 718 260 437 574 606 505 226 250 847 237 616 631 575 923 832 297 287 951 132 698 196 179 266 356 394 894 
863 730 584 861 599 816 327 364 265 806 311 434 112 481 822 849 730 240 244 261 967 0 550 118 957 901 422 331 239 173 361 785 733 829 1000 295 286 347 347 777 717 538 343 818 993 358 59 861 203 327 584 802 959 160 286 175 410 782 484 39 937 697 504 38 273 131 514 134 246 900 859 113 609 417 59 101 1018 87 208 126 1001 228 25 570 556 470 20 564 627 819 
145 782 579 918 192 67 959 533 694 912 978 366 665 896 555 235 880 619 556 560 638 541 0 675 81 359 574 947 132 366 854 575 644 181 489 453 477 794 568 240 853 861 256 571 791 25 24 416 355 929 748 842 279 985 266 963 273 1004 519 783 138 693 468 274 806 50 401 392 284 354 634 179 781 48 61 865 585 437 893 629 890 357 452 294 793 220 713 337 365 986 
295 825 891 751 824 511 641 460 404 590 146 122 171 808 661 399 827 805 425 132 910 109 676 0 402 814 71 387 230 833 915 14 613 234 939 531 909 888 920 555 617 858 150 648 403 929 361 828 53 774 956 872 976 921 615 462 471 934 711 892 860 484 389 651 205 401 20 655 88 884 527 35 728 459 235 868 971 199 103 597 986 80 99 431 731 524 44 640 561 514 
571 842 966 494 277 593 636 764 290 540 33 623 630 541 710 54 438 35 499 490 108 969 77 393 0 446 687 989 873 439 988 178 320 868 696 572 666 517 800 403 934 884 930 298 1009 324 394 847 148 7 165 899 359 281 467 122 806 548 284 932 918 399 99 216 399 74 917 403 20 23 267 142 427 337 671 485 533 955 211 123 205 476 282 499 689 658 704 51 838 828 
932 882 601 116 575 935 35 901 411 447 646 995 407 787 215 162 788 531 31 267 703 910 347 823 442 0 228 263 427 954 766 612 570 601 762 743 368 916 936 404 341 879 664 241 457 154 318 596 307 170 129 457 145 691 655 806 544 936 607 730 761 660 245 259 418 511 83 757 97 943 995 801 484 762 826 322 949 295 81 883 886 283 89 173 665 595 91 323 437 277 
733 623 306 375 182 715 619 913 527 622 396 870 895 552 362 489 622 456 786 937 458 430 574 70 683 223 0 423 38 775 861 505 752 1009 802 268 700 795 490 495 632 288 979 197 518 942 522 154 285 186 682 968 912 715 95 732 11 705 702 567 722 208 495 537 960 129 467 872 1010 378 67 8 184 598 36 120 691 671 62 931 766 783 375 733 589 69 849 646 562 46 
578 689 210 344 944 648 501 291 34 738 353 127 259 60 271 717 528 116 431 513 155 318 936 378 1008 265 422 0 337 643 28 774 509 318 146 137 337 8 439 916 486 147 195 1012 922 974 103 179 163 507 701 547 156 283 365 619 37 642 17 897 4 675 635 640 240 693 601 550 190 867 358 389 389 17 552 965 949 810 166 798 7 815 567 829 641 31 639 48 748 436 
283 162 259 736 18 54 182 438 869 534 930 677 995 984 176 624 882 284 339 236 402 246 144 232 881 420 45 337 0 783 348 932 610 189 861 281 190 261 111 409 731 41 401 893 919 165 989 197 144 658 716 301 670 478 955 323 559 715 154 645 211 280 403 929 515 121 129 646 816 797 590 444 742 526 121 754 184 797 777 111 910 234 641 930 7 651 996 867 405 308 
881 408 868 641 848 413 590 901 899 826 814 959 32 638 970 11 994 244 146 258 927 157 362 826 450 953 776 642 784 0 61 491 567 763 397 394 374 641 993 452 730 979 819 129 457 198 416 217 70 281 274 630 311 785 668 411 329 148 673 731 315 247 502 48 811 558 101 891 138 477 258 319 965 415 832 313 926 370 329 117 511 968 874 597 596 167 75 372 540 687 
739 590 857 301 692 626 569 596 804 946 177 658 824 844 471 557 587 206 758 450 855 359 852 924 986 760 855 21 339 73 0 862 197 436 682 284 958 150 843 440 726 987 338 704 774 515 652 867 208 195 200 140 30 641 434 771 630 237 553 325 851 511 870 559 578 11 562 532 300 235 436 622 640 837 83 834 49 613 971 994 593 682 297 996 677 932 610 413 753 60 
105 504 361 163 663 607 503 934 672 34 993 42 63 176 412 474 199 802 830 539 105 771 577 25 163 599 497 756 924 498 861 0 1001 676 477 797 886 830 216 386 215 875 506 495 810 378 78 59 541 316 999 836 694 631 726 816 324 256 347 843 190 795 926 269 907 810 830 600 422 737 530 659 561 204 701 876 721 260 717 695 314 491 915 944 566 417 255 440 624 147 
16 924 656 759 502 828 502 119 188 224 225 652 999 949 502 248 963 272 644 971 469 721 640 611 335 577 748 499 611 578 197 1004 0 875 264 647 489 967 678 796 674 222 316 339 766 527 717 808 150 241 152 164 727 155 765 192 702 800 440 321 404 691 85 94 824 442 390 924 577 564 176 296 865 667 286 634 386 838 887 230 166 533 588 495 925 918 893 520 692 897 
170 569 694 770 935 94 170 794 360 537 271 456 13 100 561 986 147 81 46 186 464 820 186 229 882 592 1009 319 203 747 440 669 869 0 575 349 88 968 844 668 616 877 320 102 653 515 667 334 815 525 709 621 318 810 692 259 233 604 412 151 763 696 300 222 270 80 465 172 856 740 380 200 370 458 42 251 978 365 231 875 765 68 419 56 131 622 732 181 747 547 
640 501 88 563 259 243 168 920 161 154 535 511 513 809 48 619 113 316 302 438 751 989 479 944 693 762 800 136 847 399 678 479 254 568 0 978 943 212 486 932 242 467 441 203 234 121 505 176 442 86 521 508 236 757 281 790 716 510 246 936 118 522 745 992 878 673 964 858 56 853 641 893 605 991 371 355 621 898 896 448 910 734 709 13 19 937 649 756 295 527 
480 275 125 660 862 175 785 518 702 138 846 83 431 454 44 302 461 549 624 426 411 305 448 545 563 746 265 123 286 393 281 816 654 337 974 0 335 520 686 754 484 141 72 223 620 764 970 636 286 725 511 202 943 615 13 165 781 894 957 95 607 932 693 715 363 851 893 360 682 781 484 502 399 868 333 368 689 226 661 459 566 766 12 698 815 56 186 941 935 449 
1003 781 239 515 351 790 542 99 732 428 482 635 192 340 853 190 666 539 592 539 127 285 461 909 676 368 700 336 192 384 943 887 484 78 936 337 0 197 856 36 918 179 964 315 364 115 495 510 793 752 764 504 116 306 502 447 103 544 247 253 623 227 406 332 122 569 256 896 247 225 510 20 317 579 919 871 344 902 904 570 898 323 260 438 19 954 903 722 183 214 
254 322 215 624 74 655 487 281 42 274 266 751 75 966 512 766 835 500 16 749 965 366 783 899 511 922 801 15 270 657 143 838 982 953 211 508 187 0 688 545 739 400 221 29 46 760 124 424 124 881 47 432 355 630 293 47 948 795 749 371 449 713 370 262 562 594 748 87 834 151 257 389 328 328 84 316 998 416 97 135 116 715 588 323 801 68 213 298 958 640 
241 563 795 140 777 255 757 442 565 608 756 55 661 564 980 634 363 348 702 863 650 344 572 924 799 943 506 428 99 983 825 224 692 845 486 670 850 701 0 560 475 339 619 599 722 466 414 790 93 268 850 606 598 276 884 660 934 641 17 144 706 334 525 519 768 993 271 301 169 173 624 236 694 363 928 442 715 746 811 992 948 782 534 202 172 578 780 904 27 167 
437 313 944 822 687 372 1008 390 858 196 26 109 499 712 150 925 529 614 668 459 635 789 222 541 395 400 491 923 418 460 449 372 785 665 942 747 31 549 563 0 905 75 670 186 179 760 566 73 305 36 961 515 871 941 497 173 595 280 72 353 603 267 356 532 926 10 628 357 454 207 503 380 978 26 896 868 819 702 825 845 502 1017 339 409 802 57 365 82 122 141 
719 273 233 322 111 403 957 286 335 739 141 548 273 995 321 53 600 763 468 86 4 710 866 603 939 344 634 478 724 743 731 223 664 617 236 469 925 737 489 905 0 872 457 406 766 822 271 273 763 96 937 602 328 328 573 216 701 488 566 493 659 446 903 174 662 848 795 925 6 323 712 831 583 818 641 898 118 186 624 577 374 124 41 961 96 347 274 600 924 441 
27 810 406 623 442 254 75 132 462 454 745 399 731 49 979 932 191 441 911 47 572 532 865 861 890 891 291 143 58 973 978 866 210 886 463 130 174 396 341 70 870 0 695 14 939 854 143 497 511 335 820 557 101 419 435 307 608 316 289 715 706 86 967 202 487 908 790 968 69 351 557 125 369 927 659 153 755 669 586 267 567 111 830 50 813 823 168 232 689 835 
966 882 970 576 467 692 363 422 619 124 261 485 122 413 52 711 569 138 141 906 1011 330 271 154 941 659 978 201 406 819 337 515 312 330 441 84 966 228 622 679 455 686 0 787 90 716 715 761 503 38 330 21 726 250 186 335 551 776 927 421 524 187 485 424 487 162 22 581 372 144 490 35 272 260 499 397 175 477 935 186 243 112 54 338 816 124 688 320 447 630 
870 912 77 177 221 964 993 933 627 807 100 441 756 534 644 688 239 690 513 563 52 814 588 642 292 237 194 1016 901 126 705 500 341 100 204 222 305 11 596 181 412 24 786 0 193 936 910 877 1006 386 838 64 961 997 436 232 376 465 817 56 663 80 994 473 962 558 407 588 75 454 278 714 435 271 854 499 496 220 473 643 406 746 794 79 982 938 989 884 156 112 
558 581 386 415 972 54 17 607 534 212 821 903 142 956 446 263 580 770 303 688 800 992 774 404 1006 459 520 910 922 472 769 819 768 649 226 624 374 39 724 189 764 955 73 198 0 585 938 678 238 432 152 330 78 92 994 406 954 256 511 932 906 55 115 176 293 225 662 856 519 495 682 132 868 363 1006 712 579 423 431 592 155 535 721 572 85 60 768 670 116 620 
450 707 614 447 423 159 229 959 822 854 878 188 751 677 63 465 820 959 456 70 855 374 24 926 337 161 928 976 162 200 522 363 521 511 112 781 112 773 465 778 839 861 717 945 578 0 302 87 654 111 954 351 754 41 372 230 662 793 439 70 478 458 128 734 516 10 58 773 97 729 130 160 829 694 621 244 372 789 74 64 634 76 925 234 144 359 538 760 803 859 
120 58 618 866 735 336 488 515 920 396 328 325 816 1008 699 925 552 166 517 747 674 48 32 360 395 309 514 119 993 426 636 89 710 658 505 966 477 124 416 568 259 134 715 907 943 298 0 400 54 206 477 42 1000 456 568 152 906 620 611 640 476 908 789 226 403 922 247 709 318 905 491 471 262 196 819 121 819 13 190 788 519 468 626 177 566 497 663 637 86 25 
964 974 131 463 989 664 632 658 176 153 502 613 724 706 682 938 274 542 358 121 911 854 425 827 842 585 150 182 191 225 868 65 810 326 172 655 519 420 785 73 264 500 748 871 681 81 413 0 143 958 118 573 18 815 843 570 427 611 806 845 141 847 439 141 53 92 332 273 55 88 403 361 377 856 852 95 695 186 974 579 683 245 734 449 768 145 266 415 219 514 
902 971 187 527 931 971 746 210 954 668 363 105 446 315 455 601 913 911 613 233 574 196 373 57 153 302 279 166 124 62 213 542 150 826 440 291 800 124 86 310 767 510 505 999 237 643 54 147 0 43 857 424 443 25 920 292 465 879 106 796 667 696 568 462 658 510 651 566 865 290 229 605 38 163 265 393 381 152 474 436 782 681 506 461 536 554 887 461 497 674 
197 398 156 841 663 313 865 364 526 296 901 585 372 967 285 645 663 615 660 790 932 329 926 777 25 189 193 506 662 278 187 315 241 531 89 738 736 877 266 31 99 350 44 385 446 115 204 958 33 0 293 633 617 544 45 895 234 313 306 768 173 630 898 613 407 449 245 85 508 53 146 837 719 122 743 578 513 238 498 533 971 487 170 400 784 54 330 381 420 65 
67 772 143 995 961 856 837 704 80 351 313 465 22 996 199 765 540 12 89 47 131 585 753 943 177 133 679 708 711 275 194 987 168 710 524 523 770 48 850 959 937 820 334 841 145 969 481 137 854 291 0 457 431 580 299 655 264 184 248 231 989 615 623 281 489 782 554 802 486 155 343 341 811 494 1013 478 178 98 358 608 845 562 541 746 814 388 227 713 319 422 
799 55 738 57 596 865 189 816 81 344 700 257 887 724 887 827 391 487 430 331 404 802 827 874 898 449 981 553 311 613 151 843 166 617 498 190 512 428 609 524 605 558 5 54 337 350 44 560 424 627 457 0 571 577 554 247 544 299 44 71 593 615 91 35 300 843 873 633 20 536 858 685 414 991 797 489 853 376 766 216 238 246 554 40 775 681 34 696 132 665 
666 461 556 393 641 268 917 763 509 147 505 755 492 105 659 186 334 211 990 283 79 952 268 966 373 157 920 165 659 326 35 707 728 314 240 948 127 365 599 871 342 106 723 956 93 754 998 15 436 609 442 575 0 969 83 386 964 319 328 1002 518 83 683 202 601 42 620 496 922 768 344 647 975 922 966 254 290 98 487 870 692 238 724 199 889 912 958 485 288 21 
440 577 523 136 916 616 5 626 322 256 913 939 25 253 412 713 384 161 832 715 571 170 1003 924 285 684 728 286 487 795 651 629 163 821 761 610 321 628 275 944 323 414 255 1005 105 40 456 806 43 558 564 571 979 0 536 891 442 31 450 355 57 995 971 513 401 217 473 261 244 17 477 499 671 370 120 514 247 192 835 528 834 563 239 323 360 701 858 466 304 48 
932 994 310 439 386 55 1001 274 712 70 902 175 577 858 664 893 309 834 589 540 83 273 274 627 454 646 110 360 939 678 433 738 763 692 298 14 496 288 887 511 581 438 186 443 982 365 563 842 932 54 302 563 79 536 0 116 276 238 369 865 391 294 1006 893 232 340 191 325 397 877 578 21 884 13 947 985 100 579 802 769 974 178 19 739 774 505 441 357 973 104 
848 458 1005 713 929 824 894 162 785 35 884 985 108 865 411 848 634 481 120 647 767 178 970 464 113 815 732 606 332 397 781 825 192 256 794 170 456 63 658 187 219 316 324 226 395 226 162 580 295 896 654 252 385 894 114 0 386 959 112 918 799 948 570 49 491 840 23 78 507 392 818 375 814 472 977 512 868 922 493 733 529 385 214 478 23 598 803 789 974 410 
741 93 360 118 914 859 172 394 338 792 896 236 649 436 571 10 256 456 555 223 43 416 277 465 794 541 18 26 556 331 626 324 706 236 705 764 109 963 931 588 690 616 560 368 943 662 913 411 467 235 276 552 959 440 271 393 0 591 603 127 98 545 858 360 757 132 995 285 421 827 142 356 441 655 832 518 245 1016 325 415 731 483 772 722 933 626 423 529 649 673 
159 764 425 172 78 30 895 69 770 139 385 682 838 17 160 391 883 534 600 175 734 782 1003 930 540 940 724 655 719 165 250 257 809 594 509 902 543 782 641 282 483 301 777 470 257 775 605 611 886 317 165 291 312 20 249 955 587 0 196 96 385 998 584 925 148 498 541 684 962 491 550 718 648 203 728 221 256 561 634 402 546 490 194 487 985 283 467 162 109 217 
658 390 455 108 280 761 630 407 770 102 191 866 684 102 430 987 553 294 226 65 22 476 509 712 269 602 709 23 147 674 558 338 445 417 243 950 261 741 18 58 575 279 922 827 530 459 606 789 119 297 254 49 316 457 374 93 608 202 0 263 873 624 903 184 175 535 490 734 910 986 345 68 492 137 124 635 178 456 637 163 800 883 424 373 873 987 920 942 237 171 
959 41 199 162 102 241 251 1004 173 436 440 132 255 881 852 217 857 306 643 776 216 40 782 893 941 736 568 898 653 738 327 843 317 159 946 110 244 381 147 351 495 703 412 58 940 81 626 845 791 779 241 57 999 369 864 912 109 93 272 0 941 212 441 524 569 522 833 695 533 385 470 976 357 347 990 505 784 925 77 43 302 554 367 761 556 558 780 982 1014 785 
32 19 942 913 762 720 866 588 317 870 796 763 957 134 426 573 690 551 415 897 668 929 146 852 919 753 712 7 205 323 854 197 406 770 102 608 620 461 720 604 650 712 526 651 901 484 485 159 652 181 984 584 522 75 399 797 89 380 866 949 0 162 595 326 568 355 942 342 309 344 904 811 199 826 445 635 452 207 861 9 33 690 670 529 151 373 423 4 837 134 
373 235 582 729 456 933 385 272 1018 267 199 220 713 836 221 416 40 498 497 52 809 696 682 480 404 662 226 682 292 253 512 785 672 706 531 938 219 712 342 263 452 82 193 70 65 458 902 843 689 642 606 612 89 993 284 950 555 983 619 219 179 0 116 956 92 276 182 487 870 496 132 652 259 241 305 793 698 51 532 897 390 873 861 323 762 608 621 583 143 897 
490 728 521 370 766 384 163 36 458 449 481 655 41 958 88 405 818 409 686 919 122 497 463 385 101 234 487 633 396 507 866 941 85 302 733 691 404 375 517 355 897 967 479 1000 101 130 785 422 571 890 609 87 686 972 997 578 864 587 916 439 598 129 0 480 390 706 254 825 328 932 346 192 903 53 423 654 188 825 569 777 237 704 127 383 852 545 825 899 177 734 
148 804 556 71 508 334 165 126 814 891 175 438 682 894 969 217 403 291 738 973 553 39 282 642 216 262 523 651 929 40 560 275 110 227 996 696 331 264 532 530 176 187 418 460 187 730 235 139 457 613 280 42 186 506 894 38 360 922 190 526 333 949 468 0 792 643 283 247 469 961 244 835 207 167 731 152 861 22 905 619 222 123 257 765 176 135 103 874 511 354 
485 222 820 318 423 556 963 829 426 931 858 336 448 608 116 841 401 697 648 480 710 261 800 210 404 419 970 228 512 824 571 908 818 272 885 366 126 567 755 923 658 474 475 963 298 505 396 60 673 403 485 291 607 406 227 487 756 154 179 569 561 84 379 786 0 313 245 742 215 418 808 892 183 99 593 177 42 290 444 262 753 287 199 314 695 833 716 221 340 77 
283 165 591 644 487 618 975 237 506 401 947 397 402 366 452 913 560 432 543 219 257 138 57 401 79 506 140 691 105 562 18 803 438 81 664 835 581 594 981 19 852 909 160 551 218 9 920 103 523 450 781 839 34 228 338 838 139 507 542 522 348 271 700 645 301 0 536 231 484 564 761 269 832 262 529 847 530 349 992 805 982 193 467 53 873 935 834 605 271 250 
639 89 57 640 562 31 99 493 746 658 284 825 433 706 896 273 96 408 819 598 447 527 395 5 920 89 457 588 122 96 569 825 403 446 966 892 252 748 274 631 795 788 18 392 670 67 241 329 663 252 538 878 620 481 182 15 994 542 500 844 933 193 256 289 251 549 0 529 463 439 446 137 928 751 577 319 1009 718 918 952 310 751 834 358 495 552 944 354 814 162 
681 242 938 732 906 695 241 602 55 505 289 396 87 130 637 99 121 871 635 371 576 139 385 663 386 751 883 553 650 898 534 611 935 170 856 370 894 70 298 351 932 980 589 576 870 776 711 264 565 86 814 635 491 249 310 66 284 693 751 695 343 475 828 237 744 240 535 0 205 239 343 415 738 91 928 149 753 692 956 768 252 174 186 820 767 475 698 542 400 667 
905 496 984 858 218 464 937 338 321 495 60 644 505 441 457 111 628 858 279 736 613 239 274 71 6 106 1000 175 815 127 292 429 591 844 58 674 252 839 168 458 12 65 380 82 509 94 317 60 862 505 488 18 927 248 392 505 404 959 908 539 305 864 334 466 206 480 466 205 0 622 913 980 159 627 71 383 238 127 439 570 567 420 204 473 287 470 773 645 392 501 
841 138 636 882 331 23 77 601 614 803 901 207 323 880 455 1002 449 800 695 332 506 885 345 889 21 961 370 875 800 484 220 729 553 736 842 783 237 132 176 199 316 351 132 466 496 730 903 95 282 45 152 532 774 16 888 373 809 501 989 387 328 486 942 969 434 556 440 237 625 0 442 408 669 966 459 577 168 58 710 760 920 764 991 843 661 311 81 773 17 353 
669 229 852 243 787 386 947 412 840 554 293 227 757 793 782 809 474 749 809 938 228 873 624 532 271 982 62 360 590 263 444 518 174 369 649 471 516 256 623 514 702 546 493 278 678 133 501 407 227 159 337 862 328 485 584 819 145 546 361 456 893 135 330 244 793 759 461 335 903 441 0 395 833 427 65 77 836 638 622 333 188 658 750 216 563 900 488 356 418 567 
142 351 681 990 875 854 251 472 100 335 955 945 937 566 626 388 674 487 1006 507 263 113 167 52 144 811 6 375 462 320 622 647 293 194 890 505 23 389 216 380 830 126 42 727 124 156 489 356 600 849 334 682 650 495 26 371 357 709 60 979 817 652 199 834 885 285 135 417 991 421 388 0 615 837 841 795 394 720 635 965 197 602 877 259 689 451 401 696 529 403 
262 178 864 957 400 563 400 458 329 488 400 233 544 506 103 353 238 607 518 579 861 609 774 742 428 492 198 398 748 955 658 551 879 370 598 401 326 334 695 989 586 372 269 426 869 835 272 374 50 710 810 395 975 677 884 808 456 649 485 357 197 267 914 213 186 836 941 742 151 665 815 629 0 382 153 229 397 461 1008 395 336 702 732 68 996 389 104 765 699 817 
714 876 48 690 16 588 133 989 553 991 1009 525 65 373 756 733 770 854 933 1009 232 423 39 454 323 757 615 24 528 429 837 200 670 462 995 870 570 325 374 23 806 913 249 268 359 704 204 859 160 115 500 982 926 365 15 468 655 198 143 362 819 254 54 149 106 265 766 102 622 952 432 836 382 0 604 862 432 773 241 245 386 324 773 852 321 47 789 953 681 773 
284 666 730 711 109 438 755 180 962 421 238 759 959 85 482 526 784 57 562 419 619 45 53 234 659 820 53 548 124 826 96 701 278 37 363 338 903 83 913 908 626 650 483 848 1006 619 811 842 264 727 1010 804 960 139 939 963 840 739 131 975 447 311 405 725 608 544 595 915 81 453 56 835 145 606 0 238 953 583 560 768 26 685 775 12 752 71 478 977 322 781 
290 591 370 137 889 24 909 57 291 354 185 898 822 775 890 809 769 758 837 207 632 98 877 859 480 315 126 948 759 309 847 881 645 239 362 374 870 302 440 865 891 143 403 505 698 235 113 103 388 579 463 493 266 519 976 527 525 219 637 512 640 789 648 137 170 862 324 151 379 578 88 792 226 879 240 0 13 796 521 144 279 202 831 120 925 127 1000 222 181 612 
508 843 528 457 172 851 274 733 747 751 33 376 937 329 202 522 609 828 551 79 563 1013 584 975 551 949 682 936 174 920 47 726 393 962 625 688 353 991 715 812 130 770 178 499 571 368 809 689 394 512 170 854 306 233 101 885 257 252 188 784 449 703 193 849 47 540 997 760 242 173 831 399 414 439 970 12 0 765 914 875 822 74 330 290 1009 711 562 193 282 993 
55 851 950 844 535 623 681 521 400 944 423 468 213 488 552 114 569 995 791 411 923 92 440 198 952 296 683 808 783 376 607 265 828 351 888 233 897 418 743 699 176 658 474 236 419 791 17 190 153 229 97 368 87 197 577 925 1011 575 456 939 212 60 831 8 285 332 728 697 111 64 649 714 467 779 570 810 777 0 705 578 93 528 771 971 627 681 419 569 111 36 
482 653 730 105 139 78 786 87 487 265 362 214 845 669 156 881 886 831 213 800 836 220 903 115 197 80 69 165 783 339 965 720 889 227 904 647 917 103 801 815 623 575 930 465 450 60 193 978 478 491 351 751 483 840 812 500 320 629 650 86 848 538 579 900 459 981 917 974 432 716 633 631 1002 230 573 527 908 707 0 212 680 624 810 946 401 404 782 860 547 47 
47 714 602 313 143 729 44 380 46 723 658 349 555 315 607 160 850 819 197 90 310 108 624 595 124 879 931 798 109 123 999 696 235 886 436 462 564 121 978 847 559 265 176 638 601 77 795 571 438 524 606 212 882 530 776 735 413 402 153 28 17 916 758 622 254 797 943 774 571 755 347 981 386 249 755 139 880 575 207 0 850 885 942 317 161 664 719 880 183 131 
346 977 330 627 861 287 839 922 790 987 477 280 705 535 597 361 296 463 901 570 272 987 884 988 186 885 773 18 925 508 609 298 169 764 913 573 910 104 942 512 376 569 246 408 145 633 522 684 782 979 851 229 688 842 962 531 736 532 787 310 30 379 246 215 764 984 294 244 559 915 184 188 330 390 33 266 815 87 683 846 0 264 140 477 920 781 951 33 15 849 
269 930 921 533 438 389 540 844 628 437 292 588 541 433 184 278 215 35 742 862 947 218 367 76 463 281 778 814 237 968 680 485 539 56 735 765 323 712 773 1016 125 107 105 749 538 71 477 247 677 490 552 230 226 571 169 391 480 504 888 539 688 871 690 103 272 178 751 175 420 779 661 601 698 337 682 193 82 533 626 877 266 0 703 288 623 916 643 316 74 744 
192 465 281 967 390 158 776 887 383 646 722 471 405 397 427 834 118 539 840 296 118 42 446 112 284 89 378 570 648 868 280 904 590 415 721 11 270 605 524 340 39 832 48 781 716 938 636 739 501 152 537 549 711 246 26 223 763 193 411 376 682 863 137 257 210 462 845 185 196 989 751 879 729 773 776 820 347 755 811 936 145 693 0 98 955 259 674 78 763 656 
707 878 799 173 813 934 19 523 637 865 991 637 557 57 438 1017 270 444 597 483 705 561 281 437 498 165 742 823 922 611 991 946 511 59 26 691 435 325 191 398 959 55 344 75 573 227 174 436 454 407 748 29 194 330 736 489 721 489 361 779 544 312 383 765 321 42 354 822 491 843 220 260 71 847 8 108 280 969 957 308 471 302 85 0 112 941 422 880 735 876 
776 128 540 694 711 204 245 170 411 921 262 895 722 806 38 176 394 751 613 225 194 560 808 746 698 679 590 649 5 616 669 552 918 125 18 804 16 788 180 803 87 806 816 981 66 156 553 769 548 772 813 758 903 347 777 18 933 990 880 560 167 748 865 171 698 872 496 760 278 678 560 682 994 309 767 917 1011 620 392 149 922 619 953 103 0 881 352 670 316 852 
572 900 236 551 523 55 528 936 108 917 488 957 820 216 44 271 572 206 708 378 184 468 226 524 660 614 65 36 668 170 950 414 906 626 937 61 948 68 580 70 340 826 114 947 61 365 505 150 555 51 382 686 906 693 500 598 612 287 981 557 370 593 543 143 844 945 554 482 485 311 890 455 389 58 53 129 707 700 401 658 774 919 267 938 894 0 540 296 804 224 
854 949 755 83 895 43 774 725 786 285 504 615 495 900 965 208 857 902 936 352 271 19 701 36 696 73 849 646 994 79 616 245 897 728 645 180 903 223 780 367 274 177 694 995 777 549 661 273 896 326 239 35 964 869 435 795 413 477 916 793 419 608 808 98 706 831 958 693 767 61 469 394 99 785 478 991 572 414 770 706 961 647 680 417 349 542 0 721 476 507 
828 862 570 219 214 789 54 486 300 936 64 811 222 298 525 63 14 94 613 261 348 552 355 647 68 333 661 54 863 370 423 436 524 177 755 947 725 297 905 88 600 227 323 884 665 757 619 422 453 398 729 686 496 460 369 798 517 163 947 976 9 576 904 867 228 603 354 547 650 786 355 690 777 956 967 221 186 556 872 883 31 331 89 884 681 298 716 0 761 766 
482 127 458 815 386 748 901 55 905 746 287 83 904 558 742 893 814 68 641 641 395 634 356 547 834 439 569 732 409 537 760 631 700 739 286 945 184 968 30 119 912 695 429 162 110 796 83 214 506 409 326 138 292 298 954 966 634 109 240 1008 834 145 172 516 356 280 811 402 388 34 416 534 688 669 328 166 276 113 537 183 29 61 753 729 325 789 485 748 0 131 
370 454 833 382 976 365 510 478 466 100 673 639 263 628 304 97 870 362 760 746 899 817 977 515 829 273 44 427 316 700 56 145 904 545 533 435 201 625 174 160 444 831 619 108 615 847 30 505 691 83 419 648 32 47 108 403 669 212 164 802 125 898 745 352 78 250 165 652 501 364 567 405 830 781 795 613 982 39 57 127 844 758 643 878 858 217 506 756 136 0 

Depot information
1
1
1
1
1
1
1
1
1
1

Customer information
1
1
1
1
1
1
1
1
1
1
1
1
1
1
1
1
1
1
1
1
1
1
1
1
1
1
1
1
1
1
1
1
1
1
1
1
1
1
1
1
1
1
1
1
1
1
1
1
1
1
1
1
1
1
1
1
1
1
1
1
1
1
1
1
1
1
1
1
1
1
1
1
1
1
1
1
1
1
1
1
