Seed 123 - Instance: n80m20_2
n 80
m 20
Q 9999
L 6
U 19

0 638 227 749 739 286 409 322 180 698 993 5 640 959 653 14 610 554 309 811 737 896 750 215 313 821 542 229 149 901 596 558 874 403 586 130 429 818 208 92 162 223 734 233 258 468 387 474 540 320 608 348 972 125 111 522 905 220 739 657 982 344 834 172 208 397 616 622 994 275 373 594 728 968 1002 356 78 791 264 421 506 409 682 320 857 619 589 558 859 175 444 616 168 117 166 21 933 886 1009 819 
637 0 668 524 875 536 612 999 877 1001 975 665 190 659 366 443 892 865 53 761 78 804 340 330 530 835 65 495 901 633 958 87 361 568 206 126 646 452 927 702 453 910 408 581 723 504 596 422 326 309 529 848 573 610 953 397 709 988 415 792 314 753 1004 796 588 220 527 63 952 414 941 231 447 142 96 304 308 905 482 990 931 785 693 305 843 387 108 490 847 621 498 323 834 377 443 88 70 414 432 216 
221 659 0 849 79 78 823 482 486 247 789 470 955 418 611 235 474 660 437 748 537 242 210 652 300 319 120 870 657 797 397 644 794 597 537 503 477 900 888 489 983 598 211 27 533 40 659 584 580 306 977 93 830 894 530 107 1000 914 13 911 378 850 739 475 521 497 407 997 975 96 171 760 732 600 534 909 82 1014 29 388 801 745 132 921 92 191 617 967 334 490 897 619 982 33 843 941 678 374 926 598 
746 535 851 0 910 218 589 440 567 516 300 691 668 762 925 204 904 894 554 774 132 453 748 28 508 703 217 518 651 965 856 933 24 783 20 822 32 839 512 555 855 335 717 715 782 698 264 84 856 175 745 736 442 935 89 455 863 455 790 20 151 97 292 911 414 632 872 201 179 505 96 301 507 18 202 692 710 406 63 169 418 292 354 84 857 319 197 668 24 836 957 767 379 328 443 299 311 464 346 870 
737 878 82 912 0 588 204 498 487 549 536 52 128 62 671 399 699 375 849 478 507 377 304 216 621 988 197 298 263 113 994 674 15 295 151 387 635 867 945 645 289 662 905 710 848 63 402 324 40 787 36 378 145 241 702 719 696 737 597 810 902 988 512 911 924 74 642 461 762 1005 90 508 99 532 504 565 895 51 340 798 427 464 284 40 125 619 577 291 222 521 417 735 428 463 38 886 432 747 757 393 
290 530 75 231 589 0 497 791 658 796 792 121 447 240 600 584 192 950 536 303 220 317 700 961 871 229 609 634 834 585 615 744 826 642 872 629 233 147 218 644 598 40 386 812 344 642 946 146 47 448 725 776 214 485 883 959 20 992 146 139 141 307 678 614 650 1000 932 765 342 243 866 862 82 267 497 848 733 790 479 469 838 380 751 91 709 1004 570 585 72 604 461 278 1013 217 871 929 255 367 73 426 
401 606 823 593 200 505 0 511 162 572 236 124 279 599 807 225 466 477 201 504 816 799 398 875 512 976 650 243 586 480 700 126 264 286 895 553 749 801 70 524 592 233 498 507 529 346 516 824 196 138 940 165 466 523 982 876 180 449 555 599 594 165 104 656 570 821 100 855 746 792 529 903 653 563 111 685 571 640 844 341 176 466 638 352 735 942 367 700 885 632 447 197 52 130 386 435 503 749 530 804 
306 1001 485 436 504 774 518 0 920 700 830 620 863 668 460 820 782 373 730 21 672 87 577 529 256 100 997 850 276 851 435 610 613 55 578 127 498 877 907 638 919 121 170 310 764 192 528 485 336 22 827 642 545 503 221 563 187 314 96 492 72 279 655 692 453 585 533 805 226 864 682 710 867 312 491 988 385 153 946 284 93 421 783 960 858 652 272 195 412 445 902 935 567 932 745 123 285 469 758 469 
173 875 487 573 485 657 161 918 0 443 769 486 803 287 580 473 492 559 399 638 133 494 871 762 869 470 141 620 342 625 463 180 638 830 302 170 898 341 341 535 789 284 567 275 291 361 206 976 902 151 560 710 948 386 936 1015 784 989 358 848 521 519 883 147 745 524 275 178 52 179 19 90 15 530 206 934 330 584 428 401 633 73 500 159 144 130 816 807 155 682 532 922 828 158 719 192 793 575 531 121 
701 1000 261 502 549 782 582 683 431 0 269 457 753 704 360 648 986 57 467 291 721 151 503 238 844 663 99 81 173 743 8 697 587 596 575 636 394 224 462 337 956 994 907 681 452 964 888 340 781 873 657 881 641 450 879 22 196 649 985 43 587 729 14 149 10 893 852 821 898 170 587 935 861 62 687 563 533 38 147 52 331 406 235 682 398 911 229 515 581 747 341 766 603 784 12 195 992 83 374 987 
991 974 793 283 528 802 239 840 775 261 0 844 703 14 412 673 592 719 93 14 640 561 821 328 310 940 664 544 970 844 316 43 236 940 666 655 933 352 97 497 266 785 247 633 752 393 311 669 532 245 79 496 572 965 358 408 32 602 417 115 100 159 96 728 596 450 973 189 437 69 219 607 106 755 677 158 18 703 970 348 446 219 145 529 324 361 764 936 939 942 860 455 118 139 528 832 461 978 966 795 
7 673 469 680 56 134 128 630 493 451 839 0 422 386 748 236 492 601 50 103 775 929 94 380 132 500 617 486 699 426 233 138 250 793 876 840 78 331 649 194 944 330 940 113 1018 930 110 263 674 915 639 483 185 783 97 864 719 897 96 224 246 407 694 257 884 145 187 659 849 553 195 352 249 829 48 831 943 314 790 410 526 69 89 927 353 548 554 246 20 263 592 26 715 11 578 366 688 43 388 839 
650 187 940 673 136 453 278 857 805 762 714 422 0 723 341 495 257 572 820 236 678 680 970 482 689 287 945 706 239 442 205 593 410 87 799 317 134 513 281 260 944 874 730 35 760 307 676 490 115 412 777 325 638 800 192 699 578 227 572 950 733 406 863 664 409 646 604 817 729 825 292 576 178 320 739 749 527 965 288 543 32 419 661 614 251 694 483 239 428 924 396 964 799 615 297 936 739 256 896 902 
965 666 420 753 61 236 615 676 285 707 22 379 731 0 720 486 847 436 759 791 468 676 446 335 372 414 938 592 996 868 667 368 26 565 225 207 719 568 516 991 214 397 762 484 897 157 893 949 183 772 916 344 652 46 620 38 194 679 19 688 393 940 835 860 885 238 592 321 882 769 312 5 402 916 286 316 766 154 140 886 271 963 437 835 579 479 965 610 956 66 614 502 931 54 530 437 104 847 134 544 
659 372 607 931 673 589 796 459 578 369 399 757 349 731 0 568 333 1019 454 301 383 108 292 274 382 181 805 967 236 788 839 120 327 999 19 596 529 882 57 793 774 658 14 565 833 836 535 779 807 186 174 363 31 342 22 278 438 744 538 696 669 515 142 564 895 114 743 97 408 889 352 143 90 910 874 994 468 98 933 981 983 510 928 271 490 358 391 818 510 174 939 140 556 407 928 210 1000 81 763 397 
19 451 250 196 409 586 216 810 473 647 666 227 493 492 558 0 885 94 760 362 481 64 479 719 717 21 853 953 174 108 649 734 617 548 482 748 824 630 651 891 618 949 592 147 318 650 785 446 659 880 535 440 541 518 849 928 794 932 58 111 759 855 749 340 182 74 960 626 482 176 834 664 974 320 279 701 157 876 654 805 874 792 519 257 491 874 239 602 147 258 898 132 38 95 885 999 252 628 146 149 
614 881 475 898 694 186 456 786 477 990 596 496 255 861 317 884 0 884 592 903 365 193 768 75 76 185 664 231 634 66 28 227 738 198 968 641 817 568 738 881 953 422 248 219 952 727 796 381 998 17 70 920 468 187 584 944 833 122 642 891 915 7 211 280 497 329 980 883 258 658 618 177 28 129 708 211 485 430 975 115 573 898 275 953 89 490 573 70 722 962 659 29 926 894 355 883 67 763 758 317 
559 850 660 893 356 942 488 358 563 61 726 597 563 435 1013 111 887 0 308 949 123 272 280 574 490 918 551 97 384 999 548 796 323 645 691 186 299 747 482 853 242 311 130 993 597 159 593 799 616 123 628 69 528 747 829 373 460 887 251 222 1006 822 566 819 380 937 60 958 567 821 632 935 694 237 859 765 560 148 888 600 735 345 433 756 831 664 299 440 846 549 180 779 932 31 496 161 382 485 357 564 
308 55 435 548 847 550 200 719 408 480 91 45 826 766 445 768 609 308 0 725 189 134 168 980 461 550 628 160 1012 999 347 485 362 980 470 378 831 135 229 765 246 502 826 182 328 120 813 194 352 400 643 928 66 690 688 664 701 548 867 116 35 56 146 321 961 659 545 821 257 613 707 70 114 797 215 633 481 445 308 523 222 39 89 468 363 62 763 245 544 46 436 112 895 198 984 880 63 203 574 167 
795 761 763 777 475 311 502 22 637 306 25 105 251 789 301 366 896 949 722 0 903 352 909 731 978 192 889 886 427 376 924 311 454 663 948 215 960 26 1011 906 207 723 136 368 871 987 175 706 793 375 637 33 916 387 540 28 129 484 960 854 292 917 314 871 110 277 340 402 95 364 314 499 239 587 591 772 153 598 512 340 519 559 213 152 457 378 457 85 163 440 983 357 666 586 507 934 482 296 940 753 
736 72 554 124 502 224 802 679 135 720 648 789 669 469 378 476 368 116 178 905 0 117 697 307 843 575 374 337 366 255 707 292 351 390 916 744 487 524 106 524 672 492 768 620 318 524 504 958 768 319 109 984 230 661 256 965 877 440 887 214 1012 800 965 267 14 941 880 816 361 787 534 642 727 518 781 342 162 972 23 774 808 58 155 939 66 130 24 398 869 552 119 773 747 675 137 70 443 65 102 564 
896 804 243 468 373 319 787 79 499 156 559 930 682 674 113 72 182 265 137 364 124 0 967 64 432 809 476 325 950 262 926 567 777 268 383 547 785 297 494 854 160 895 930 163 405 131 889 746 215 921 175 337 773 649 294 569 433 137 862 975 581 846 106 367 121 595 944 33 226 142 353 398 628 717 957 289 97 938 206 520 271 176 701 263 434 339 397 839 403 804 88 540 408 247 882 417 107 936 427 862 
741 348 195 759 305 708 395 589 870 499 835 110 979 447 295 495 780 271 170 909 684 962 0 429 127 695 950 984 119 697 479 772 117 108 701 613 321 94 815 62 713 85 327 833 392 561 81 259 725 442 614 1005 569 416 165 841 489 772 483 692 852 311 327 757 519 991 281 523 455 409 531 445 764 876 397 129 439 327 513 233 511 827 106 526 515 102 490 599 31 198 6 944 591 777 184 739 988 104 450 163 
208 342 662 29 212 958 882 542 746 249 339 382 497 341 267 717 71 585 977 720 298 52 433 0 710 418 458 954 861 963 812 260 783 46 389 936 814 6 252 509 634 429 667 39 808 835 453 958 398 238 867 949 395 573 327 775 285 491 129 480 439 912 833 248 461 23 243 264 219 109 282 374 638 1005 650 680 307 53 29 86 659 808 925 291 715 898 191 961 679 496 269 858 666 301 705 672 376 104 116 869 
312 546 292 515 617 883 516 259 878 842 314 135 698 369 373 705 76 490 477 967 854 419 131 711 0 493 653 246 929 707 741 388 718 386 517 93 125 265 329 500 225 718 914 287 125 183 415 71 48 658 968 438 346 833 62 419 555 581 223 575 363 835 676 933 976 262 89 551 333 592 254 807 134 29 747 467 1007 471 469 34 64 968 588 169 42 644 266 311 569 504 704 98 653 851 209 759 884 268 595 371 
818 828 322 712 993 233 967 98 474 665 943 506 292 415 172 8 185 909 533 190 570 799 697 427 493 0 526 263 646 391 458 503 637 653 352 913 769 426 623 235 702 481 311 530 318 934 157 471 880 964 219 923 29 788 55 555 771 94 913 810 10 827 64 455 911 942 24 421 669 641 41 24 841 283 778 741 380 41 260 420 676 494 44 18 752 105 807 390 562 889 859 81 262 337 19 744 130 558 222 5 
546 66 119 226 213 609 665 980 142 107 656 614 946 945 794 865 674 555 624 889 383 481 950 468 651 514 0 956 164 158 165 631 494 982 958 288 287 678 860 105 860 446 323 920 277 774 606 219 982 89 251 940 237 516 320 371 237 279 146 885 487 718 747 839 174 733 940 277 679 47 49 152 726 999 109 984 66 698 680 582 220 810 95 1011 744 152 418 204 774 122 697 136 961 361 502 129 392 908 364 0 
209 500 859 509 294 640 253 846 618 74 557 492 705 573 964 942 222 106 166 879 349 320 979 952 256 274 955 0 487 801 346 58 902 407 999 363 659 340 867 755 1005 593 930 99 633 993 301 34 789 203 314 548 264 984 778 648 141 295 715 843 315 33 70 623 612 527 206 75 873 703 488 706 417 217 70 864 161 545 446 810 873 154 546 75 476 971 442 432 360 227 560 49 376 428 645 197 296 581 521 295 
158 899 666 656 262 829 586 272 348 182 969 710 233 989 243 173 618 398 1008 428 361 959 113 865 925 661 167 477 0 628 251 195 223 9 316 542 862 202 833 246 956 1011 808 624 635 91 196 99 957 243 788 786 32 64 685 361 473 871 423 540 633 887 727 884 552 676 122 253 806 672 937 416 682 775 785 312 163 675 570 201 947 483 484 330 662 881 190 682 904 502 699 909 559 694 301 582 935 870 423 889 
904 633 798 974 109 597 475 869 632 743 855 407 442 860 798 105 53 988 1005 368 268 263 710 952 706 402 144 801 619 0 686 943 383 891 534 243 840 768 247 923 53 270 991 284 1012 296 210 257 985 883 380 974 373 666 398 573 298 233 652 336 67 388 513 588 18 331 570 171 266 203 282 665 731 733 155 467 160 483 997 792 745 564 430 779 760 137 426 879 617 428 876 74 950 188 417 99 578 22 620 144 
603 942 403 861 992 613 702 443 470 13 306 237 218 662 843 648 32 556 344 918 720 932 475 816 743 470 168 363 251 696 0 344 994 379 726 36 623 790 746 111 411 676 390 402 902 151 100 862 253 274 801 199 678 770 871 87 753 405 564 334 917 903 546 522 249 158 977 629 953 507 971 246 51 434 696 879 130 396 806 784 48 864 896 205 466 994 989 905 277 89 534 314 101 302 314 808 618 720 95 442 
555 100 646 928 682 760 113 616 172 686 26 145 576 368 131 727 231 791 477 323 284 567 764 264 386 506 638 47 213 956 342 0 516 102 782 684 24 675 543 506 408 14 58 821 270 468 632 826 64 243 7 106 18 53 238 736 296 461 493 243 746 413 27 271 396 689 603 990 26 913 326 282 577 398 650 385 109 814 224 168 314 553 653 425 987 680 988 202 639 46 629 999 546 892 670 773 951 719 639 554 
890 354 788 16 10 828 258 613 654 593 227 242 414 31 339 617 751 320 378 436 351 770 118 784 720 649 501 903 222 390 981 526 0 26 67 237 849 682 665 46 818 900 935 942 622 725 302 405 450 860 57 957 735 71 135 1005 956 151 519 802 259 819 546 873 33 598 19 379 809 679 972 791 690 352 621 825 790 525 943 146 816 700 462 141 821 677 837 64 891 451 317 269 554 517 717 464 971 645 497 718 
384 574 610 788 284 636 274 43 829 593 941 793 82 576 997 538 200 637 968 680 386 268 89 55 397 648 972 408 10 909 385 93 22 0 472 405 282 793 593 454 970 74 41 993 32 529 720 809 595 997 822 219 308 319 34 971 658 225 743 957 947 365 363 168 777 450 787 474 363 605 353 391 161 66 728 748 438 928 61 407 309 626 93 573 641 613 184 526 575 396 219 249 252 181 676 408 300 130 751 567 
581 202 539 5 163 872 898 574 316 582 665 869 801 227 18 489 955 693 480 930 917 370 702 379 513 353 967 1004 323 534 724 780 55 459 0 713 619 686 865 366 852 495 961 43 996 354 708 967 556 965 844 361 266 181 626 946 824 731 252 893 665 988 114 541 45 396 349 983 331 161 591 527 655 559 598 157 382 490 475 9 878 705 228 852 437 145 746 543 155 895 1010 665 873 524 807 140 544 660 699 654 
131 124 501 806 381 626 552 124 177 626 671 855 310 197 597 747 629 199 373 221 762 545 612 926 88 910 285 352 543 246 42 690 239 396 714 0 514 15 706 64 654 222 896 810 472 369 969 492 926 494 682 727 543 320 571 401 733 194 60 575 198 456 102 227 368 355 67 483 987 46 167 139 340 159 990 671 710 346 626 92 281 440 651 102 182 579 61 610 477 350 45 377 436 845 771 437 463 701 949 259 
427 656 479 27 632 237 737 485 888 382 916 73 146 722 541 807 813 295 844 960 485 775 317 822 114 752 294 649 876 829 620 12 845 274 627 514 0 991 261 813 1002 623 559 227 420 530 799 126 541 296 584 445 30 923 506 904 350 629 343 289 206 859 277 251 665 563 414 817 49 657 759 536 176 625 649 712 339 133 781 855 80 676 742 804 283 30 435 492 971 38 998 1010 141 222 785 527 832 383 1001 772 
810 460 904 830 878 165 815 880 356 207 356 345 529 571 879 635 569 745 122 42 516 303 107 6 251 425 677 330 197 763 798 674 682 778 686 18 986 0 241 766 296 698 247 796 592 764 55 604 632 296 788 392 282 553 391 370 73 896 703 333 935 53 749 858 395 190 367 119 231 417 192 700 79 758 453 205 288 244 67 312 117 598 8 184 821 280 625 658 984 490 322 406 280 742 511 15 828 506 154 928 
217 927 874 510 947 225 69 893 324 469 108 651 287 515 69 649 748 472 232 991 99 485 816 235 332 613 852 864 820 253 751 534 670 578 866 715 265 232 0 339 189 920 847 828 16 528 829 1000 608 212 124 545 386 285 18 747 4 496 430 169 131 917 106 559 306 800 162 46 177 273 748 564 606 586 689 726 121 650 846 170 816 654 445 655 638 370 117 709 970 619 326 434 601 14 607 704 806 191 593 366 
104 704 482 560 640 634 506 635 524 342 504 188 258 995 791 891 886 863 766 904 535 843 59 518 499 244 95 766 251 926 130 501 50 454 378 61 816 771 338 0 49 254 928 376 25 396 674 792 743 357 298 881 561 174 116 386 664 718 726 340 643 838 168 287 1001 742 200 416 334 831 405 491 980 183 170 988 561 992 443 293 167 377 971 189 310 716 334 177 179 345 23 393 288 762 774 93 238 468 142 847 
163 454 976 867 285 611 580 917 784 956 254 953 938 220 782 623 949 241 237 214 675 146 710 643 222 709 858 992 958 48 397 417 807 968 848 648 1003 309 184 53 0 339 417 612 717 503 229 694 164 183 449 290 747 235 739 961 202 248 812 730 187 611 216 941 900 536 11 928 246 421 576 677 29 341 103 530 271 364 671 109 391 526 951 285 752 795 561 808 483 246 309 93 932 131 141 988 340 697 501 927 
226 910 603 337 653 45 242 133 295 1003 776 338 883 404 676 948 424 312 510 734 496 905 84 429 727 477 431 599 1003 272 681 14 896 60 484 207 619 700 921 247 327 0 903 578 236 753 951 94 703 223 995 810 473 999 319 831 738 720 605 886 787 237 203 825 71 266 973 807 713 805 524 708 181 285 794 852 967 172 892 437 439 507 745 85 958 27 958 298 844 355 419 147 378 524 805 447 244 295 358 274 
738 416 212 717 918 371 500 178 566 899 247 948 731 767 11 603 241 138 816 147 769 928 327 669 916 303 322 922 809 984 403 58 933 32 958 908 568 245 828 928 424 894 0 317 244 24 906 142 128 495 824 679 329 215 147 439 588 344 869 671 843 984 100 356 155 462 310 715 282 765 326 992 919 549 989 833 378 513 244 154 524 89 182 743 681 306 701 918 718 527 787 151 747 609 275 24 795 182 756 564 
245 593 39 715 719 821 497 326 272 692 633 108 29 490 553 145 233 999 193 366 602 165 850 23 281 519 921 87 637 300 409 831 945 982 53 822 236 786 831 380 609 574 311 0 326 32 377 613 830 988 696 933 182 338 26 21 470 988 695 350 173 1009 536 815 667 849 887 328 557 573 614 464 515 275 966 846 629 845 990 169 531 526 570 995 636 972 863 519 724 406 862 406 876 386 526 333 68 960 898 294 
249 710 524 785 857 336 543 757 287 442 765 1009 754 907 833 326 966 590 312 866 310 394 397 806 136 324 286 633 632 1007 914 278 605 20 995 469 419 589 19 18 718 239 243 335 0 583 41 847 598 381 169 842 567 956 696 572 161 841 827 31 803 662 743 244 550 280 266 193 47 398 10 402 269 980 483 906 805 869 73 331 424 102 64 159 26 943 991 733 553 617 673 1003 131 701 37 173 390 202 446 899 
476 492 42 696 65 652 346 199 358 962 377 927 300 154 827 645 724 164 112 983 515 114 562 841 195 940 776 1003 110 278 146 471 730 516 346 362 515 763 545 408 512 757 26 42 575 0 179 704 725 101 539 387 936 590 578 1007 516 710 258 305 877 255 811 749 242 264 659 388 953 166 966 56 75 126 988 824 100 158 1004 192 757 306 468 142 875 85 138 462 507 147 993 623 952 776 238 442 609 619 21 77 
385 597 661 259 390 948 527 527 199 887 302 104 677 885 548 776 790 576 811 170 495 889 76 453 395 143 598 313 193 206 105 636 314 718 716 972 792 44 827 667 238 958 924 378 28 186 0 1016 798 88 927 42 143 978 324 359 279 750 365 208 451 99 491 798 239 148 943 604 918 184 685 292 931 465 139 692 274 274 837 680 171 916 256 46 99 346 469 620 690 629 463 481 551 1010 619 272 55 879 286 698 
475 413 600 82 325 150 831 481 972 332 669 270 493 942 774 433 389 801 182 710 952 752 250 943 70 461 204 27 97 269 863 824 406 812 977 510 118 603 998 793 686 104 130 612 855 699 1014 0 979 121 387 786 990 900 1006 806 673 914 962 1000 126 22 404 631 252 689 220 138 809 707 933 142 840 251 339 373 891 331 876 320 59 111 30 963 707 721 144 878 393 596 333 155 118 243 367 775 728 896 772 769 
544 328 575 848 57 57 194 323 906 800 541 688 125 191 814 658 992 621 347 797 773 203 711 402 59 897 991 792 958 981 246 73 448 596 543 910 538 628 597 738 162 690 111 817 597 727 786 990 0 46 700 304 118 185 318 855 1015 936 599 461 900 49 463 949 139 661 120 129 946 770 578 667 280 64 908 253 750 447 32 653 477 254 734 915 738 46 420 21 543 146 952 488 553 1004 549 19 380 386 609 267 
311 319 312 180 794 457 142 12 144 867 241 930 413 786 192 876 22 118 398 369 331 928 430 229 665 978 74 186 244 888 261 242 869 1005 960 485 303 284 216 356 175 233 513 986 364 119 95 113 44 0 981 265 930 215 552 798 322 233 800 674 166 169 45 738 355 220 480 688 578 120 319 212 920 436 499 542 603 635 878 516 512 153 600 850 982 889 758 255 589 389 562 176 563 747 794 584 458 989 239 320 
622 536 973 742 34 727 937 834 558 660 61 632 771 910 158 533 67 638 636 629 112 175 616 862 968 235 261 311 786 364 800 11 63 818 860 681 586 783 113 283 464 991 825 689 163 546 924 378 704 993 0 888 383 891 413 1010 865 197 457 686 682 111 197 177 832 557 480 895 812 860 525 238 644 623 717 41 383 13 274 174 915 904 728 306 890 446 398 540 118 102 555 572 269 168 166 510 735 628 650 478 
351 846 89 728 380 770 184 635 716 893 491 484 337 347 352 431 933 51 931 35 979 338 991 951 440 921 924 538 784 969 213 90 960 228 348 724 441 405 540 871 293 829 664 934 847 391 51 778 296 280 885 0 845 370 412 295 97 701 172 732 647 723 669 748 715 271 699 438 674 742 895 279 343 157 196 448 671 317 242 857 547 834 569 674 653 815 141 43 388 897 60 807 743 551 48 348 497 573 301 165 
962 573 840 438 138 212 482 531 946 651 579 182 635 668 19 538 458 530 67 912 216 783 586 408 333 26 247 248 32 376 663 19 736 303 260 555 25 297 382 546 749 463 340 184 551 936 139 1005 118 940 368 836 0 575 225 598 334 1001 679 469 681 234 226 266 755 114 595 753 568 178 142 753 698 997 751 943 490 572 221 443 576 411 752 976 39 32 52 628 320 214 188 38 430 368 473 799 24 495 324 768 
123 608 899 931 239 486 522 501 384 450 985 776 815 51 337 512 199 757 673 376 670 667 409 583 836 792 516 967 68 675 771 57 71 331 193 321 934 558 288 169 249 994 198 338 947 594 973 894 183 227 899 365 581 0 179 143 817 784 862 895 947 211 650 991 579 982 956 339 172 378 162 127 344 563 506 147 411 292 947 674 553 160 979 287 897 1000 189 298 731 152 365 90 986 724 610 576 557 305 545 564 
103 953 525 103 692 868 979 222 947 892 355 93 204 618 33 842 587 827 684 552 240 304 159 328 50 53 315 772 681 415 870 229 140 20 626 556 508 387 25 114 729 313 165 29 710 590 309 1002 312 559 423 409 215 181 0 854 300 825 860 755 149 312 392 369 86 283 610 616 382 683 684 830 579 927 797 128 965 608 602 481 418 150 784 42 114 406 39 325 111 186 285 918 720 462 425 666 655 262 145 641 
532 395 116 465 708 947 874 557 1010 18 417 865 709 29 281 931 958 384 661 18 973 554 843 762 408 542 363 634 364 580 72 735 1008 976 948 402 901 375 748 388 948 829 443 33 561 997 361 811 840 796 1001 308 615 153 848 0 565 93 614 296 245 705 985 678 930 937 418 160 820 751 737 166 60 332 440 363 723 664 997 22 527 348 129 131 949 36 40 586 812 396 1003 595 651 41 18 557 616 543 760 995 
909 712 1015 851 696 8 181 199 781 190 37 724 586 203 433 799 833 459 716 136 887 441 495 278 571 758 246 136 472 286 763 298 948 663 828 744 339 60 9 655 193 733 574 471 163 529 291 675 1011 311 869 91 337 825 295 563 0 690 159 392 410 553 856 144 498 386 451 276 663 429 398 630 574 737 293 881 436 93 367 356 94 813 787 358 286 578 813 947 309 145 817 174 936 400 909 652 798 446 439 282 
228 1006 928 450 745 977 442 315 989 646 614 891 219 673 748 925 113 897 546 485 447 140 762 481 581 102 294 311 866 223 394 453 162 213 736 201 630 888 494 707 247 721 338 981 824 727 740 925 942 220 201 705 1007 797 812 85 686 0 211 668 57 408 163 827 63 110 523 857 103 400 657 537 151 546 201 402 654 407 872 464 679 816 571 739 804 261 652 240 752 802 474 198 965 337 644 225 695 111 869 200 
727 423 14 791 602 139 560 102 354 975 408 91 573 19 531 73 640 252 866 965 888 845 493 126 231 913 140 722 432 663 554 493 522 735 248 65 335 710 435 719 810 616 872 714 818 244 367 961 592 803 462 185 695 858 861 618 160 220 0 516 837 161 250 489 420 453 213 853 346 519 74 423 531 813 539 359 903 104 208 580 838 567 378 420 200 811 480 474 488 690 921 640 1004 168 51 307 849 196 196 371 
651 807 903 15 817 154 594 492 857 47 120 227 952 684 706 103 873 230 125 850 221 962 684 483 580 807 883 855 529 332 327 261 798 959 883 568 297 340 179 345 728 884 678 346 30 299 196 1012 459 661 682 729 468 893 749 288 388 660 514 0 982 293 940 154 368 381 782 543 246 83 838 521 623 303 593 677 745 796 837 715 350 282 493 36 837 716 914 973 544 910 407 38 163 764 526 1014 274 373 336 1001 
980 318 370 156 900 132 594 89 523 576 101 230 725 387 658 769 908 995 38 298 1005 572 858 433 359 13 498 309 634 72 907 749 259 950 664 207 191 940 136 627 193 795 842 169 810 890 461 140 919 176 677 636 689 943 144 247 404 63 831 976 0 998 578 755 844 463 578 860 969 740 769 299 231 622 878 492 377 509 364 420 577 649 70 205 950 347 59 22 807 719 10 444 326 541 772 603 508 988 367 920 
351 760 845 97 982 299 148 278 507 722 152 420 412 943 517 853 20 822 67 918 807 836 320 898 838 839 715 46 884 386 904 403 828 357 984 454 866 62 910 835 613 231 978 1010 670 241 94 13 45 149 103 719 239 204 319 698 541 414 170 304 999 0 856 108 153 41 190 644 308 109 774 225 698 157 23 319 22 223 858 904 985 246 724 22 307 83 563 515 247 136 572 975 363 258 897 50 118 244 854 891 
830 1015 727 306 516 673 93 666 894 3 99 689 877 828 143 737 209 553 156 330 952 104 331 848 676 61 747 73 734 516 563 16 548 361 107 105 260 759 103 179 208 211 110 547 732 806 478 414 482 43 210 689 221 652 392 984 864 158 248 952 588 864 0 777 221 972 54 67 350 651 912 490 627 853 228 376 320 1000 241 350 305 165 103 610 296 456 138 349 866 207 443 959 122 962 429 724 811 788 537 679 
188 800 479 917 905 597 651 694 151 145 738 239 668 866 561 345 266 803 320 867 266 355 747 254 927 460 830 636 884 605 529 258 885 158 540 233 260 846 557 288 940 823 353 832 243 751 803 625 941 731 167 747 265 999 363 669 132 845 473 155 747 104 766 0 840 732 553 800 887 209 275 125 304 256 544 46 90 962 627 627 780 617 540 156 846 189 953 769 352 747 932 823 534 957 420 360 820 789 942 722 
205 600 516 412 919 664 562 440 749 10 600 896 398 883 899 168 508 377 975 126 28 124 521 469 974 911 182 618 552 29 245 402 52 770 39 366 670 385 311 1003 896 69 159 658 543 249 234 252 143 342 828 727 749 590 88 914 505 64 421 370 852 167 231 839 0 429 162 743 143 674 118 230 924 228 684 583 429 341 727 368 398 378 474 444 663 69 627 58 109 464 47 629 499 375 238 30 46 448 739 851 
401 219 508 623 71 1001 807 584 508 899 437 140 643 239 117 71 331 931 653 267 931 605 982 25 264 956 721 518 665 331 154 690 599 459 393 373 553 185 807 732 541 251 455 857 282 260 148 695 662 206 547 278 130 975 292 944 392 100 455 367 461 36 976 728 411 0 553 696 809 70 459 518 842 954 544 682 484 796 438 444 788 913 616 897 993 548 671 942 580 321 361 468 197 690 376 668 204 944 1004 262 
615 536 413 863 646 930 97 534 272 871 967 173 598 601 736 963 986 43 548 337 875 927 275 238 94 6 934 203 110 558 990 614 29 800 358 51 413 367 158 210 17 983 314 870 264 641 935 218 114 479 478 710 606 941 608 414 432 535 204 773 566 196 62 546 164 552 0 262 668 318 637 101 444 959 290 337 816 839 430 617 867 362 627 452 385 864 915 43 764 119 945 489 273 583 190 127 932 689 812 765 
607 76 1006 193 446 778 857 789 178 820 189 653 827 321 92 643 869 947 811 402 818 38 515 259 567 432 279 83 271 177 628 1004 363 473 987 491 812 116 46 422 936 806 721 320 188 384 606 137 128 698 896 451 759 336 604 163 269 841 841 552 850 625 53 796 756 695 257 0 405 558 82 963 343 853 249 861 568 407 114 86 886 961 549 414 613 287 377 533 123 131 605 880 221 649 818 148 126 785 231 469 
1003 950 976 183 764 329 752 218 52 911 425 834 729 883 414 487 258 562 240 103 379 223 471 220 347 655 671 876 791 279 952 33 801 369 349 977 53 215 168 348 234 718 275 543 43 946 920 801 948 576 818 667 565 154 370 822 660 101 343 249 968 303 358 896 144 822 655 393 0 381 49 915 592 789 979 591 659 179 66 382 855 833 144 66 669 902 976 642 977 535 602 222 276 802 406 999 403 628 957 939 
265 417 99 512 1013 225 791 861 164 187 83 547 826 763 874 174 662 832 622 370 805 142 405 108 593 644 47 698 682 203 507 908 669 590 168 49 655 410 275 824 418 795 773 568 398 166 187 710 775 127 855 756 181 385 693 743 430 399 509 91 726 105 643 195 678 63 305 548 379 0 634 672 404 172 348 611 777 850 794 460 941 465 200 527 430 1013 363 427 81 800 614 735 875 436 386 654 668 317 944 276 
382 950 169 109 86 864 542 679 22 588 228 187 288 311 355 836 617 629 716 317 524 360 519 267 258 33 49 498 937 282 971 308 970 358 598 164 755 193 733 394 582 522 324 608 23 968 666 922 583 316 527 892 132 162 680 751 391 652 73 834 769 782 908 279 134 453 635 71 43 637 0 289 1000 405 724 229 575 738 361 64 488 948 1008 937 436 188 756 323 797 121 862 656 900 980 964 971 195 333 140 365 
594 234 762 312 503 860 896 718 88 930 603 348 569 9 150 647 186 922 65 484 640 397 438 375 808 9 157 709 413 660 244 278 802 402 522 142 525 711 557 492 670 702 990 475 407 55 292 143 674 207 234 285 749 119 835 158 633 547 407 524 300 214 507 134 239 508 100 955 906 672 293 0 328 364 823 914 878 125 772 837 608 676 837 407 168 452 812 57 538 47 867 305 246 55 891 406 242 283 82 270 
744 439 723 508 105 75 668 869 19 858 100 256 187 400 78 970 32 691 97 241 732 614 754 649 116 838 725 422 694 733 51 572 687 150 642 334 192 87 597 993 29 185 925 512 261 85 913 849 283 928 632 336 692 355 585 55 582 161 534 635 250 699 628 301 928 834 425 327 594 404 985 331 0 156 910 327 767 476 924 201 889 647 114 27 370 485 896 727 345 356 375 894 304 919 289 907 549 191 544 408 
971 148 611 14 545 270 579 324 523 71 764 823 317 923 922 327 126 224 794 586 525 717 888 1001 17 289 995 214 784 737 423 386 345 59 555 160 633 752 578 183 348 276 552 290 977 120 468 262 75 451 628 154 1001 568 920 338 743 542 810 305 617 162 837 259 221 945 953 864 794 184 415 355 145 0 337 662 135 972 52 545 745 697 283 991 720 160 162 880 251 626 358 278 758 292 959 586 542 431 550 13 
1000 92 541 217 498 501 113 501 215 683 679 60 743 294 884 280 716 851 228 606 769 970 396 655 746 777 110 68 795 143 678 647 635 718 615 997 634 466 669 168 102 805 973 968 494 987 144 349 915 482 716 192 752 517 806 453 294 209 538 596 887 37 224 553 682 544 282 255 978 348 712 823 926 325 0 760 477 497 83 658 647 640 231 393 560 455 364 170 879 429 604 287 560 607 97 341 789 47 842 492 
356 315 913 678 559 835 687 992 938 548 159 843 737 323 986 696 196 759 637 766 347 292 126 678 480 727 991 864 302 467 874 387 810 739 164 666 710 191 738 981 538 842 820 835 917 831 700 374 260 528 51 447 951 154 136 353 874 395 376 679 500 313 372 49 580 669 325 843 591 610 218 896 324 672 747 0 610 66 852 564 262 284 585 381 985 69 830 940 673 854 880 498 202 935 77 316 901 367 37 884 
66 300 83 720 895 720 574 377 331 529 22 943 541 772 465 164 484 552 496 152 165 87 438 303 1004 374 79 153 169 169 117 94 787 446 371 705 331 298 133 565 272 981 380 631 793 109 261 890 752 600 382 671 500 406 973 719 434 671 886 752 369 25 308 74 428 485 804 568 652 769 577 871 768 121 480 612 0 355 396 616 270 362 449 509 980 108 955 622 516 579 500 216 219 185 840 26 846 209 441 184 
800 894 1006 395 46 798 631 151 594 27 708 327 960 166 83 882 423 135 452 590 983 949 337 47 462 37 711 556 664 474 411 801 544 929 480 333 133 239 656 991 346 158 519 855 859 168 288 341 436 627 11 335 563 283 596 664 78 403 112 794 512 215 988 969 338 789 834 411 183 846 730 145 478 971 492 54 354 0 191 309 581 839 766 127 228 452 462 972 519 289 830 565 337 839 825 522 381 465 695 345 
278 468 41 65 338 481 860 963 418 140 972 787 278 144 919 658 991 890 311 501 22 213 505 23 473 255 675 437 561 981 798 234 951 53 483 635 765 69 852 453 672 889 253 977 61 1014 838 879 45 871 264 223 225 947 594 997 384 861 201 852 363 859 225 610 732 443 425 119 56 779 368 758 913 39 75 840 382 188 0 381 430 12 750 938 209 130 530 960 576 166 601 791 291 510 290 201 415 648 199 616 
411 988 401 160 801 460 339 275 398 54 343 411 546 892 973 788 109 602 520 351 778 517 230 85 35 413 574 807 214 782 793 171 151 404 20 95 855 310 167 293 120 420 164 157 327 190 665 332 666 532 172 862 445 674 484 26 342 470 578 714 416 898 357 626 356 446 609 77 392 470 77 837 195 549 669 554 610 308 386 0 320 783 376 575 166 828 507 359 248 73 602 190 683 408 287 680 862 833 855 827 
507 946 806 422 421 831 188 98 642 332 431 532 19 264 983 875 564 735 242 531 807 274 500 659 63 680 225 878 937 746 43 319 833 302 872 285 92 117 804 156 384 436 518 525 425 754 183 53 483 526 918 539 579 548 413 527 93 685 832 346 588 998 317 796 404 793 852 884 849 954 490 625 889 738 657 254 273 592 430 317 0 489 68 964 684 961 320 847 46 145 808 578 978 212 874 882 985 502 664 742 
412 774 754 303 468 383 473 439 88 402 209 70 428 960 528 792 898 356 47 560 52 188 841 808 978 500 801 155 463 569 861 552 715 628 717 442 682 603 662 381 517 501 93 527 96 309 912 93 263 156 898 831 413 177 144 357 815 812 557 292 640 233 164 633 362 916 353 964 827 466 947 671 647 711 645 294 375 847 30 775 493 0 452 774 950 644 294 226 643 1012 679 794 580 564 328 842 177 747 467 727 
678 682 134 344 286 739 649 771 505 225 145 99 657 445 921 509 264 428 85 215 162 696 108 924 569 43 93 553 479 434 901 645 462 109 234 665 741 8 435 973 936 739 190 551 59 473 269 25 723 614 720 575 740 991 787 121 799 558 384 489 77 727 118 543 465 610 640 534 136 208 1015 842 112 280 240 589 463 775 745 383 54 448 0 754 216 227 16 964 122 348 214 42 223 733 101 547 124 6 644 146 
320 308 926 77 32 96 361 959 158 683 541 937 625 829 272 244 945 769 480 152 933 269 534 281 171 34 994 69 321 776 198 442 123 556 835 101 797 193 663 187 279 82 737 988 166 130 50 977 897 836 296 674 964 290 43 131 370 726 431 34 211 19 611 151 446 888 454 412 75 542 938 415 27 991 380 383 509 126 930 572 970 772 770 0 964 383 203 256 220 499 130 619 50 230 687 540 1003 729 718 363 
840 836 102 868 138 696 740 861 145 399 330 349 242 583 487 495 82 839 366 457 86 435 497 706 27 753 742 464 660 773 472 1005 827 642 447 171 286 828 644 309 737 967 669 630 26 874 88 706 751 973 895 648 43 903 113 939 297 801 218 832 959 298 303 841 659 991 383 597 665 439 452 169 374 715 545 979 977 225 201 166 686 962 218 959 0 346 581 159 917 791 481 394 398 86 101 688 461 553 899 162 
617 392 199 324 625 988 935 656 132 905 361 553 688 490 363 881 494 649 62 361 122 332 109 887 639 98 165 973 894 136 1004 673 688 620 128 573 15 290 366 719 780 21 310 977 942 86 344 727 55 885 461 811 39 1000 403 50 588 264 817 718 340 81 462 204 64 536 849 287 904 1020 187 441 483 159 461 70 121 453 129 838 969 659 222 364 361 0 330 856 182 856 651 103 395 652 811 161 194 395 440 427 
582 118 635 207 575 569 363 273 812 236 759 563 490 951 386 240 568 294 752 461 28 391 481 193 268 813 417 443 197 436 991 997 830 192 748 53 442 620 110 347 567 941 705 867 987 146 475 149 420 743 397 131 42 193 47 36 812 639 483 904 51 557 134 964 647 655 906 387 983 365 744 817 897 166 351 833 941 466 534 500 327 291 23 194 578 327 0 435 304 955 267 456 433 49 621 420 182 21 598 218 
567 490 965 666 289 590 707 194 813 500 925 249 235 598 826 584 57 435 243 73 404 839 605 958 317 390 201 431 685 889 912 201 67 530 536 606 488 676 719 172 795 300 918 517 730 461 617 880 19 262 545 46 623 310 314 590 931 239 472 966 25 516 350 765 61 934 52 541 646 426 321 50 741 867 160 935 636 989 952 344 838 242 966 264 153 841 429 0 77 215 361 96 98 40 165 299 709 666 94 270 
858 845 330 34 221 68 878 409 142 575 930 16 441 965 520 141 714 852 538 164 865 419 30 676 571 551 772 351 900 622 272 657 887 585 149 474 981 988 960 171 483 859 716 736 553 505 682 397 547 584 136 379 325 724 108 800 302 750 475 549 795 240 861 358 109 572 765 125 980 81 778 545 341 261 878 681 520 508 567 233 47 638 111 222 909 165 301 84 0 808 715 173 648 892 380 972 677 195 718 50 
163 618 491 848 523 608 629 453 695 752 948 261 938 59 168 249 950 531 53 438 554 818 186 494 508 899 109 231 503 433 93 58 440 413 890 344 46 481 629 352 261 366 539 394 611 159 638 583 139 374 106 902 215 150 173 398 145 815 705 918 717 131 213 755 474 336 117 123 539 817 118 50 363 646 425 861 590 307 158 75 131 1006 345 507 783 858 963 218 817 0 778 824 430 356 136 83 567 456 966 415 
461 505 902 957 421 462 448 901 531 354 860 595 404 603 938 902 657 178 448 988 121 83 10 270 692 872 698 569 712 884 534 621 311 200 1015 46 1013 316 329 11 291 403 787 852 664 1000 464 321 933 579 570 66 197 358 297 1001 833 469 938 414 14 567 443 923 29 350 959 601 589 626 874 869 380 351 603 877 499 841 596 600 821 678 202 143 477 640 272 377 707 782 0 480 372 83 962 966 978 530 109 711 
633 312 630 769 733 280 211 931 910 765 446 19 962 498 130 130 26 788 102 349 776 532 943 855 98 82 136 54 909 68 319 1008 266 242 664 366 998 414 443 388 112 142 153 401 1020 616 483 144 482 183 564 809 38 84 920 607 174 200 644 38 441 973 953 814 637 461 479 883 217 740 639 304 902 289 281 486 211 565 801 202 583 794 40 603 381 102 464 93 182 825 482 0 944 818 132 593 62 819 220 800 
172 835 994 388 438 1015 46 572 825 610 112 718 789 938 555 32 917 936 888 666 751 403 585 673 650 255 959 389 573 957 106 548 548 251 874 433 152 281 593 268 944 377 754 865 138 942 537 118 542 569 271 738 445 984 718 638 926 953 992 154 325 359 117 549 511 199 270 233 266 873 898 249 313 749 551 205 206 338 285 678 990 583 209 50 406 402 437 93 646 432 363 949 0 462 875 517 505 367 702 136 
114 370 21 316 459 235 133 940 170 794 127 11 614 54 390 102 906 29 201 601 686 258 791 298 859 339 349 436 684 182 304 908 524 176 525 847 216 746 18 776 139 508 623 376 707 783 1004 224 998 740 170 553 367 727 461 28 401 343 171 754 553 266 949 961 364 687 584 651 807 438 989 51 921 290 616 932 182 831 511 413 201 575 732 228 95 634 50 54 907 360 72 829 462 0 511 805 26 490 453 101 
150 453 830 439 42 865 390 752 717 23 537 574 288 526 925 885 351 507 992 516 143 871 180 718 220 19 498 653 312 418 299 667 712 678 810 776 776 519 615 754 137 814 273 528 23 247 605 358 550 804 161 48 477 621 423 30 915 637 46 529 778 898 426 426 249 378 194 835 403 377 972 883 282 958 83 86 842 830 288 299 874 327 89 695 118 819 630 154 381 149 948 133 867 509 0 618 780 355 590 872 
27 82 932 295 879 932 427 122 193 199 833 355 934 444 201 1004 880 153 879 946 80 403 743 684 757 728 127 200 579 105 809 775 467 404 141 426 538 5 705 83 991 457 28 347 182 430 272 787 24 568 506 346 818 584 664 537 653 227 299 1005 612 57 715 364 17 659 119 143 1008 655 981 403 917 597 343 315 28 505 202 674 890 842 540 549 682 150 421 306 967 69 963 598 523 796 618 0 438 220 404 588 
926 72 685 303 444 252 513 287 792 996 466 678 732 104 1011 248 65 366 76 484 439 109 1006 376 887 119 386 292 924 598 604 950 967 299 549 454 822 836 800 233 347 247 802 58 404 606 53 716 364 443 727 502 30 565 658 616 807 690 838 274 522 114 807 825 37 197 931 125 383 668 196 245 541 559 804 920 843 376 416 850 991 180 112 1008 458 201 180 721 691 571 982 81 508 23 781 453 0 915 400 640 
890 417 375 459 746 364 731 482 561 95 985 47 257 833 84 621 775 474 195 281 53 928 108 105 274 570 908 576 879 3 716 731 651 128 659 689 377 504 207 473 697 297 186 955 208 626 887 877 384 976 622 560 492 320 260 538 456 116 180 390 989 259 778 773 441 929 683 782 623 318 327 290 199 422 50 366 216 468 660 848 508 757 17 711 554 404 5 654 210 446 531 815 366 485 368 217 904 0 770 334 
1010 435 931 340 744 64 532 761 536 369 965 388 890 120 763 130 756 376 574 950 94 429 451 110 600 214 357 527 412 612 86 625 492 743 689 951 989 164 596 143 484 371 766 907 445 31 296 786 613 247 642 308 321 544 155 763 442 883 182 329 359 855 534 956 748 997 805 238 949 933 125 90 549 548 852 42 445 701 191 857 661 456 646 701 894 436 597 108 722 970 126 221 705 459 604 406 412 769 0 230 
818 216 595 868 384 435 818 471 109 993 795 834 890 550 398 132 316 575 172 763 578 861 155 852 359 18 20 284 896 143 454 554 708 575 666 276 763 928 360 847 918 273 570 286 902 66 694 764 285 334 483 172 757 555 637 980 293 207 375 987 930 892 686 718 846 273 750 473 939 295 379 265 404 11 486 873 194 344 624 826 729 734 135 379 179 421 225 271 67 422 709 800 137 96 860 598 639 328 227 0 

Depot information
1
1
1
1
1
1
1
1
1
1
1
1
1
1
1
1
1
1
1
1

Customer information
1
1
1
1
1
1
1
1
1
1
1
1
1
1
1
1
1
1
1
1
1
1
1
1
1
1
1
1
1
1
1
1
1
1
1
1
1
1
1
1
1
1
1
1
1
1
1
1
1
1
1
1
1
1
1
1
1
1
1
1
1
1
1
1
1
1
1
1
1
1
1
1
1
1
1
1
1
1
1
1
