Seed 123 - Instance: n85m5_0
n 85
m 5
Q 9999
L 5
U 19

0 947 298 289 802 237 127 641 792 370 760 883 719 758 404 367 985 269 861 687 830 14 382 889 699 515 103 224 391 451 34 857 35 838 145 831 445 158 45 813 300 656 891 247 614 927 250 199 761 486 948 841 686 704 853 739 383 415 404 529 860 776 304 517 667 456 330 85 652 700 709 280 820 1003 465 526 710 945 795 872 366 280 949 610 838 150 598 637 448 420 
960 0 405 741 247 280 728 113 885 170 539 84 926 134 434 447 561 608 662 490 868 474 645 52 736 1000 987 489 131 27 83 342 397 397 427 488 858 857 787 383 380 570 783 203 856 23 723 567 182 722 293 689 83 487 969 857 454 898 674 91 827 93 351 385 569 136 741 834 226 870 896 354 515 895 952 207 685 58 187 517 547 875 301 570 120 970 422 98 84 767 
306 400 0 268 272 31 42 203 325 356 750 768 944 565 810 967 37 513 549 523 928 692 906 40 360 160 909 373 184 812 201 472 479 557 694 919 730 959 943 889 775 361 325 519 736 86 287 797 189 121 437 31 34 67 982 214 51 119 922 524 188 521 766 332 483 813 598 925 924 11 950 489 367 498 147 826 797 678 5 211 27 432 78 792 263 645 542 315 656 726 
290 724 268 0 563 522 626 311 205 123 832 751 213 785 190 370 944 953 438 397 940 15 699 254 842 423 540 546 611 906 125 945 837 405 694 520 371 891 316 560 223 664 239 407 625 979 423 671 147 975 186 175 662 285 293 929 115 854 894 393 886 803 534 66 891 626 169 139 585 653 286 982 731 481 211 215 320 401 442 211 903 611 417 220 418 858 511 439 197 275 
799 243 267 568 0 356 289 998 105 609 222 499 344 753 792 121 93 415 892 278 178 953 371 247 184 117 826 346 644 797 370 22 79 186 173 493 481 146 638 139 587 274 410 530 174 716 186 614 133 824 992 979 127 888 501 184 946 300 708 838 634 788 748 848 528 973 687 379 707 877 221 639 280 489 498 831 238 914 194 96 905 329 762 959 290 879 511 136 403 194 
230 279 21 521 368 0 542 558 986 30 972 818 613 287 904 948 856 553 570 72 41 833 787 617 470 696 896 847 301 753 339 453 464 701 216 710 690 251 757 394 256 39 858 672 867 91 100 486 994 593 213 564 713 947 358 488 310 648 905 580 201 77 860 948 786 550 110 782 484 144 347 348 896 839 277 592 142 440 19 510 44 836 649 498 326 342 371 325 535 936 
131 734 30 629 294 534 0 156 977 746 722 549 883 446 734 704 655 200 985 304 330 34 81 807 520 473 499 219 520 888 441 657 386 129 781 546 32 868 797 534 595 518 56 531 296 591 951 506 788 398 964 627 874 273 787 845 249 4 396 998 465 136 434 802 88 979 438 282 310 565 237 98 547 560 210 848 709 25 367 842 581 194 850 111 771 445 147 74 458 942 
639 131 218 302 992 556 140 0 348 962 476 992 300 934 534 604 767 29 346 756 198 953 629 188 34 979 165 59 870 103 401 761 331 684 465 518 690 556 843 764 918 263 1001 109 168 515 315 294 907 307 278 708 572 267 655 991 770 509 219 714 544 342 126 791 478 311 156 707 442 754 775 119 387 218 182 492 897 278 537 755 707 673 602 971 473 928 769 745 236 814 
786 881 314 220 114 982 980 355 0 543 397 717 692 45 342 235 712 840 879 263 792 350 300 105 714 223 343 744 870 404 254 906 526 79 207 711 290 966 341 797 930 342 742 622 855 510 459 721 172 6 601 421 86 307 471 23 32 197 743 955 794 40 643 899 899 619 854 939 752 380 243 970 214 44 882 740 820 837 800 192 521 263 492 122 940 961 748 945 815 531 
358 167 354 129 618 19 757 970 544 0 341 107 890 469 640 791 523 574 288 431 921 923 972 970 312 919 892 875 1003 596 703 214 210 177 181 924 495 617 268 929 82 62 181 771 552 671 273 878 238 968 799 944 153 728 943 251 263 422 850 749 316 558 257 627 112 301 387 604 978 873 685 802 719 115 535 759 309 449 261 788 567 303 978 606 849 266 35 292 255 164 
763 539 742 820 220 977 718 487 409 350 0 12 817 949 210 475 130 302 20 917 692 654 827 759 548 961 592 839 479 267 963 224 794 517 881 366 541 268 486 544 702 412 110 789 92 285 929 220 281 419 884 806 14 463 207 103 424 776 439 203 457 997 44 72 617 323 67 766 759 476 859 179 777 703 9 504 422 215 964 336 614 387 186 730 705 1004 108 454 83 834 
884 67 753 757 506 811 547 984 714 93 18 0 619 441 474 962 282 693 574 81 595 301 935 902 16 244 770 54 575 385 672 781 587 77 572 807 317 597 709 545 913 168 381 980 684 315 664 795 448 578 730 411 630 291 389 552 124 960 247 335 422 52 625 574 260 988 339 474 459 367 710 332 586 284 290 915 11 85 348 940 506 305 127 124 541 597 64 581 481 725 
710 923 952 230 341 596 872 288 703 901 828 604 0 367 38 501 562 105 757 695 564 586 221 471 891 875 987 166 578 697 308 703 852 617 102 648 1010 1016 861 118 357 348 996 302 39 896 400 374 645 879 730 154 843 803 622 112 490 223 127 729 902 19 441 792 499 885 891 565 128 925 558 444 165 662 131 153 277 95 370 855 20 822 256 142 184 375 445 140 68 688 
776 128 575 780 766 282 441 945 51 470 947 437 353 0 593 919 827 811 511 351 608 415 201 7 304 675 40 143 385 116 325 97 977 217 973 724 44 809 130 268 126 945 179 455 132 234 809 588 58 835 724 892 572 279 521 456 547 556 599 7 890 775 444 752 556 564 854 560 757 77 439 618 33 708 48 40 216 273 489 935 214 410 468 634 331 891 228 600 81 351 
408 431 829 193 775 909 741 529 346 635 198 473 26 594 0 291 684 143 34 350 490 83 421 333 416 428 25 770 46 519 80 150 302 890 488 871 614 255 809 580 137 623 861 402 420 955 36 695 371 56 668 781 373 54 447 528 146 645 456 210 22 197 764 242 552 900 166 965 830 866 413 556 303 328 412 341 15 54 1002 834 974 328 143 1018 258 910 861 1010 63 561 
361 439 960 358 113 948 710 617 243 803 476 962 491 909 296 0 142 113 484 37 365 21 875 734 709 261 969 240 343 714 738 686 251 211 906 877 280 48 583 131 65 1012 44 393 647 830 802 251 82 249 662 903 292 494 144 572 573 641 631 337 928 234 823 230 855 638 160 47 855 577 746 240 585 142 639 732 29 867 765 390 528 296 134 1010 517 411 683 548 54 211 
987 565 24 947 102 840 658 774 728 522 115 285 565 828 684 139 0 480 932 495 452 543 759 215 336 553 20 377 644 36 981 251 243 937 15 883 201 976 682 767 725 726 598 390 795 756 815 446 516 743 161 233 261 928 689 270 518 258 957 393 205 464 557 167 724 255 481 72 805 471 48 27 495 367 722 149 892 729 311 542 929 52 866 477 468 30 121 795 281 70 
252 607 504 949 424 547 183 27 846 575 310 690 97 824 148 112 477 0 643 330 792 327 280 284 185 696 19 480 253 283 742 683 217 102 662 862 867 46 195 675 446 485 65 336 61 689 850 97 617 627 548 232 603 582 239 914 815 321 1014 933 997 329 221 543 202 762 358 820 653 783 940 519 188 542 89 474 642 723 457 978 588 918 303 265 529 809 540 837 120 515 
860 663 547 453 898 550 984 354 874 280 34 562 749 511 33 472 939 658 0 124 488 839 944 635 165 118 988 257 213 201 93 793 249 438 428 12 178 225 615 123 716 363 640 144 669 372 538 28 454 201 18 323 175 99 681 671 26 868 809 408 175 260 549 15 482 68 665 657 869 128 146 762 509 759 934 417 931 45 295 476 630 400 650 65 823 963 610 354 794 601 
691 487 510 406 287 60 300 754 246 432 919 88 687 352 345 23 500 311 119 0 509 774 173 866 985 514 721 427 579 297 312 656 314 210 72 182 532 129 547 538 949 884 644 168 166 686 126 844 187 127 568 789 523 138 209 37 933 475 344 696 728 105 755 380 853 263 141 292 133 474 793 561 211 462 193 261 88 924 880 652 149 682 964 667 852 812 1005 73 161 354 
835 870 919 936 184 34 336 200 807 918 695 591 568 614 479 351 462 780 474 503 0 826 306 576 117 513 282 215 72 244 97 918 131 189 578 592 945 935 775 912 411 973 733 779 382 907 856 852 189 336 80 479 45 207 260 972 454 478 872 892 457 676 631 245 346 905 977 257 676 31 972 93 825 237 958 406 726 75 135 107 963 293 696 1005 781 194 218 586 173 964 
24 481 688 32 939 828 40 946 361 928 668 302 601 421 75 14 560 330 849 763 832 0 625 40 134 192 256 930 535 688 185 322 800 512 186 513 613 917 776 671 309 240 82 1012 471 515 595 925 858 277 955 782 104 309 889 247 382 509 573 568 397 424 689 316 959 384 612 838 457 892 189 798 827 613 845 502 47 899 718 802 903 314 949 152 381 556 1017 221 503 742 
387 655 890 703 365 795 74 625 301 975 815 934 236 196 421 877 758 275 956 186 315 637 0 944 739 881 432 832 155 647 557 942 889 831 850 881 218 609 761 489 731 704 388 282 357 718 661 319 1005 561 748 995 908 833 178 398 145 81 387 734 193 293 829 548 878 914 560 670 944 472 239 451 309 32 629 338 146 116 874 424 563 146 276 967 840 593 460 890 642 197 
893 41 44 239 239 623 811 193 102 973 759 896 468 11 325 733 201 269 631 882 578 40 945 0 18 64 522 140 326 672 840 714 377 333 794 541 728 409 516 988 616 374 277 308 490 76 287 756 304 106 54 450 717 613 622 579 131 561 871 771 675 548 337 877 933 199 759 835 398 622 710 254 136 800 286 522 72 852 169 684 239 564 61 76 787 971 247 697 424 107 
693 741 374 845 188 484 535 32 728 316 559 3 900 298 424 720 332 189 171 980 119 123 739 6 0 760 136 326 773 283 762 434 971 282 286 491 808 652 803 111 34 321 764 345 62 467 941 787 409 63 839 14 715 131 660 395 60 232 787 466 538 106 81 799 997 81 228 863 934 824 283 361 933 54 681 314 278 852 33 435 608 238 924 46 924 815 251 896 806 263 
522 986 155 432 122 714 456 982 232 924 966 241 863 675 438 246 558 688 117 514 508 197 877 70 766 0 932 476 345 269 985 467 165 743 503 474 874 888 121 665 793 437 47 969 225 736 855 962 344 477 665 963 200 300 264 639 774 617 108 188 827 282 287 685 990 446 637 64 331 403 749 889 153 265 644 490 330 822 664 5 622 990 424 530 723 1002 108 184 823 754 
90 973 908 535 812 891 505 178 356 884 590 763 972 44 7 985 32 19 984 709 293 257 429 524 128 941 0 903 295 74 980 248 68 17 410 938 636 784 882 638 569 609 445 402 685 658 847 478 418 340 796 767 470 313 192 931 933 580 182 657 685 380 656 962 171 115 71 117 169 380 226 849 82 920 1015 632 110 404 985 415 426 228 303 252 617 544 891 434 370 978 
216 473 365 550 345 842 208 58 749 876 851 63 177 144 778 246 391 474 264 417 214 938 840 138 339 482 892 0 68 881 481 344 503 307 141 270 802 758 658 978 240 549 637 359 232 914 357 628 97 670 523 685 462 349 47 833 677 398 734 500 672 699 231 524 254 884 179 767 738 392 700 835 18 732 885 875 434 78 15 371 129 442 208 257 23 311 362 324 633 784 
390 131 192 620 651 308 518 874 882 995 485 567 560 375 64 332 646 251 213 573 82 545 170 323 766 341 293 73 0 977 734 449 873 499 932 972 221 707 95 240 139 907 256 120 322 271 771 57 39 344 82 642 48 275 604 595 331 481 593 49 218 574 572 378 955 545 348 385 57 65 187 699 800 457 16 868 649 354 94 638 988 750 841 723 469 123 137 887 231 39 
442 26 795 901 802 755 891 97 418 608 276 371 690 115 515 708 53 274 200 296 240 673 647 672 292 261 67 876 982 0 853 876 109 882 780 292 892 952 392 325 634 86 305 298 729 260 434 368 610 134 969 740 529 242 806 971 162 335 293 727 241 156 216 780 712 899 137 657 582 726 666 748 524 400 950 528 479 780 434 30 39 802 833 671 391 527 746 963 879 441 
23 79 194 122 375 341 440 416 268 704 966 666 310 323 82 741 980 744 88 296 91 175 558 852 772 975 983 481 732 850 0 305 880 496 703 914 690 192 594 834 754 810 486 809 839 292 98 78 980 995 772 116 380 350 126 115 700 841 874 542 164 555 815 657 786 337 529 98 742 389 345 284 880 98 154 992 502 287 462 419 657 813 959 426 244 304 549 424 681 337 
851 345 466 937 25 439 667 761 893 213 218 792 710 95 148 696 268 664 785 655 918 323 931 708 445 457 237 331 450 867 299 0 571 758 218 470 258 521 305 392 651 379 94 345 311 719 895 672 622 248 33 130 460 901 420 357 982 714 686 124 628 529 497 492 642 186 308 331 409 967 893 492 39 870 924 201 630 542 454 644 11 358 482 338 49 136 313 438 329 712 
33 389 478 841 81 455 395 321 530 199 790 579 863 978 293 254 246 237 255 317 141 791 880 378 972 170 63 509 865 112 878 573 0 536 657 618 243 136 116 260 1005 136 161 531 410 355 740 520 97 427 791 561 862 903 908 10 154 76 136 134 615 570 23 683 638 584 963 669 18 385 60 46 531 915 317 106 430 514 344 316 271 474 881 989 938 438 858 382 154 681 
838 393 565 404 200 698 141 700 74 188 524 80 605 216 890 227 936 102 427 216 195 514 826 337 294 745 13 311 515 885 499 761 531 0 750 801 83 937 63 364 910 71 701 133 548 695 811 305 282 36 370 17 318 210 562 933 873 472 789 217 824 108 610 959 566 443 782 774 467 444 461 257 122 426 977 234 1007 173 530 220 227 928 34 235 819 192 827 677 66 90 
155 428 711 692 170 223 773 470 206 174 876 582 98 969 500 900 28 662 432 73 583 202 853 798 285 496 409 134 922 769 708 218 667 743 0 807 780 487 756 538 504 683 716 727 600 30 421 393 68 809 927 476 320 655 854 792 550 141 193 920 251 907 907 622 621 563 368 253 218 518 377 20 737 431 857 698 843 391 593 106 564 100 986 831 852 23 652 448 601 610 
840 478 904 509 478 721 539 519 708 916 364 804 641 728 875 881 882 869 18 201 575 530 885 523 489 478 948 276 985 276 909 455 616 819 791 0 974 362 17 725 162 902 572 640 149 346 916 256 603 433 275 223 759 800 689 295 102 934 197 709 875 996 452 630 193 698 778 755 869 284 343 59 427 867 873 748 306 517 810 883 108 973 325 471 50 499 1010 382 657 565 
461 875 746 370 470 674 32 704 287 500 547 319 996 55 612 277 200 870 179 529 945 606 229 722 816 871 637 813 220 886 704 246 247 67 779 969 0 297 126 562 1015 34 187 640 847 176 156 373 443 484 298 505 365 867 499 363 52 35 365 135 477 468 491 333 728 736 626 120 684 691 643 20 721 925 35 720 953 537 732 404 622 733 368 164 396 880 120 913 397 577 
158 853 973 904 136 257 878 550 968 602 270 605 1005 796 251 46 980 57 238 137 929 901 606 399 642 891 792 761 704 953 195 512 155 932 471 367 297 0 70 175 830 75 807 520 884 791 820 191 670 930 852 982 982 10 384 426 945 212 704 444 79 769 859 559 1 564 672 291 755 844 665 543 50 268 739 461 703 936 711 570 582 337 127 180 430 755 792 216 431 430 
49 781 960 322 644 770 793 846 346 285 485 697 872 143 817 585 691 200 628 566 772 767 775 515 820 127 892 655 104 387 582 298 111 63 751 11 128 79 0 52 184 168 488 960 495 799 698 891 64 60 250 657 284 121 657 120 836 462 999 916 881 133 802 354 291 466 213 411 372 354 280 868 526 909 562 963 683 285 572 247 215 200 433 696 811 833 852 259 23 558 
806 375 909 553 126 413 527 765 806 922 559 562 127 275 567 130 756 673 119 540 924 662 496 981 130 668 655 964 230 327 819 380 250 359 543 720 578 189 46 0 253 738 130 768 185 647 410 191 999 817 734 898 686 421 212 422 856 410 223 811 686 348 43 664 821 119 621 889 584 152 946 53 226 350 294 276 159 693 347 381 756 102 224 424 409 171 199 399 374 549 
314 389 782 228 592 260 585 903 934 85 705 918 354 118 128 64 728 449 721 940 414 309 745 629 26 802 576 236 128 641 754 631 1004 905 511 166 1019 828 194 267 0 913 37 959 780 95 674 364 764 937 898 798 800 688 36 492 5 183 123 17 636 971 189 809 553 720 38 325 588 176 92 181 356 605 197 287 231 622 214 673 911 454 803 680 464 439 22 462 972 247 
667 583 359 672 276 50 526 254 344 56 405 154 331 938 605 1010 728 490 370 883 971 245 695 387 317 446 605 556 918 99 823 364 132 64 689 904 40 78 168 738 912 0 227 329 964 327 293 111 657 836 364 689 823 74 894 340 559 271 709 804 449 214 652 52 995 158 655 119 317 247 890 573 790 661 171 761 797 901 37 861 115 526 193 639 293 989 238 224 18 186 
888 769 335 257 405 853 46 1000 754 193 112 370 992 170 873 49 598 70 646 638 731 72 388 262 772 54 449 638 252 296 502 102 162 686 723 576 178 800 477 137 39 238 0 253 21 757 175 691 374 533 554 568 224 399 915 433 601 501 669 697 413 443 1003 226 37 909 66 805 876 304 643 526 318 922 596 519 279 241 203 139 484 525 402 795 808 96 134 241 407 29 
252 206 517 393 524 669 526 97 609 779 794 982 306 447 408 389 395 337 136 177 775 1018 278 312 338 981 408 366 114 282 817 348 547 132 718 639 631 523 959 772 974 347 256 0 194 743 65 490 936 283 706 237 722 614 739 598 548 361 370 509 96 810 427 467 974 662 146 163 478 105 320 259 485 179 505 587 561 90 33 656 375 846 360 218 708 563 174 113 535 356 
618 855 750 607 178 865 294 179 852 540 91 703 24 131 437 646 793 67 660 162 378 453 365 490 71 238 665 245 332 730 849 321 412 552 599 147 838 887 507 197 787 966 23 201 0 829 876 296 143 296 770 487 583 857 785 243 718 751 482 768 882 30 96 39 537 164 290 471 259 974 484 162 441 773 376 411 59 917 338 823 708 567 784 972 612 557 447 114 28 129 
918 19 90 968 709 97 595 519 514 690 275 330 885 245 958 817 754 675 375 689 916 505 704 66 461 739 674 928 272 262 299 724 368 703 31 338 183 807 805 652 85 332 761 741 836 0 411 388 616 28 588 568 214 657 577 625 643 944 704 787 870 541 627 870 135 421 139 697 288 488 484 29 216 649 346 616 497 20 412 835 901 904 553 101 740 123 503 641 81 814 
262 736 293 422 201 111 955 313 447 287 920 659 391 794 40 805 808 858 527 137 842 603 661 278 940 853 838 349 768 447 100 887 736 805 421 918 150 825 705 414 673 292 162 75 877 406 0 923 511 538 289 813 630 624 646 345 222 985 29 418 746 424 370 187 962 836 973 669 188 598 489 426 315 985 455 372 521 164 906 334 642 521 65 98 964 547 922 631 513 969 
195 574 810 682 601 478 503 310 713 873 213 782 373 596 705 246 436 112 38 849 866 927 328 773 803 952 489 631 57 372 84 680 518 316 400 248 378 190 891 176 356 112 694 502 292 387 917 0 128 539 752 259 990 508 949 255 819 847 948 400 72 243 391 734 13 803 519 517 976 892 893 209 599 68 439 364 317 737 812 348 423 418 856 906 902 826 45 42 874 61 
760 177 174 158 147 982 799 915 174 240 285 463 659 53 382 87 513 618 465 189 179 846 998 299 418 339 417 81 41 595 986 613 100 272 84 610 453 685 74 991 769 665 369 945 146 619 496 131 0 896 956 1004 289 311 33 229 492 948 905 365 320 595 668 365 731 227 550 827 389 125 66 868 146 144 754 761 825 471 718 247 705 808 372 946 551 550 915 897 635 181 
494 711 124 971 819 610 397 302 16 968 422 581 872 842 52 263 740 638 186 124 331 282 568 98 51 470 345 669 331 148 999 242 433 19 810 434 480 930 60 809 921 836 539 287 297 12 531 546 908 0 52 84 896 673 884 1008 561 760 19 624 488 739 535 696 783 651 273 710 990 353 179 563 211 633 370 690 458 534 295 755 486 851 59 949 1009 313 972 484 880 955 
930 290 426 187 1002 223 958 278 608 797 882 727 728 718 682 660 170 541 13 578 80 967 740 57 855 654 804 515 72 961 783 31 797 370 928 283 288 860 253 722 898 365 564 715 785 580 279 755 954 54 0 296 475 833 322 702 965 822 794 168 922 42 148 314 687 884 377 925 743 55 493 266 749 763 255 294 179 612 818 938 190 853 141 810 659 695 542 734 557 961 
844 700 36 175 980 565 615 709 434 941 809 423 152 894 771 903 239 226 332 787 479 764 990 449 19 967 759 672 651 732 113 124 542 24 473 233 507 998 663 893 811 684 562 245 489 555 830 261 1003 89 307 0 435 19 262 62 521 474 834 129 276 315 735 548 469 104 358 221 923 469 789 914 906 81 446 408 872 984 819 252 617 260 489 271 587 981 191 634 699 893 
690 64 49 654 134 711 859 576 97 146 5 624 848 581 374 301 261 600 176 519 58 119 901 716 721 191 468 454 61 531 364 461 862 337 329 749 371 986 291 672 790 823 214 723 598 201 638 976 288 896 468 424 0 389 109 378 658 769 674 912 171 336 813 138 476 233 425 609 876 857 854 532 391 901 123 156 945 397 694 857 845 930 500 325 177 602 680 794 48 208 
711 484 74 293 884 944 264 276 308 726 458 293 813 286 72 499 944 599 95 152 206 312 837 624 140 295 318 350 273 237 354 904 905 201 655 798 865 16 106 434 683 68 380 611 857 660 623 505 328 679 828 19 405 0 998 745 696 541 623 702 107 303 136 808 541 877 164 681 386 347 845 981 539 223 761 816 582 768 35 89 589 701 149 296 285 932 175 825 324 448 
855 952 979 298 493 367 781 640 463 946 208 384 623 503 454 142 690 236 687 216 249 879 167 620 656 274 208 34 596 801 134 435 913 556 860 681 502 388 656 210 37 895 918 745 781 578 664 962 47 871 313 249 99 992 0 981 448 839 51 811 642 919 374 786 53 618 568 337 674 797 599 419 49 474 989 169 158 227 443 406 805 857 437 667 226 329 363 633 947 942 
729 846 208 917 193 492 834 972 22 239 94 559 116 450 544 568 273 902 657 50 970 260 394 570 404 636 930 848 575 957 118 345 22 939 775 281 355 436 129 406 493 344 423 607 243 615 335 248 222 1003 701 74 363 748 977 0 343 495 206 906 467 905 623 557 76 705 178 668 188 716 81 999 499 875 226 59 93 574 692 876 700 358 474 882 318 887 226 205 381 738 
379 455 49 106 953 322 267 764 36 253 405 120 477 540 151 570 507 822 34 915 464 365 154 146 51 758 935 677 337 171 696 981 163 865 547 104 64 950 833 855 7 566 598 552 722 637 221 821 503 560 957 524 662 687 439 347 0 466 904 711 74 420 915 58 313 631 343 937 32 809 925 859 490 81 57 373 673 573 939 93 896 206 299 249 146 246 845 718 895 814 
418 905 115 855 309 654 19 504 196 418 768 970 238 563 652 638 262 330 880 473 468 513 90 572 225 616 591 408 490 318 840 708 75 475 140 943 38 225 480 403 195 278 513 351 752 934 977 842 949 744 826 484 768 526 855 486 478 0 408 449 183 267 416 82 691 940 537 861 491 272 1013 962 95 804 172 627 798 821 695 681 321 148 494 737 559 233 911 905 294 610 
387 663 918 886 711 913 398 212 743 857 442 256 136 596 447 635 939 1003 802 349 877 578 372 874 788 112 191 739 602 278 880 688 143 792 188 198 377 705 992 225 132 712 664 382 487 703 39 944 910 17 793 831 667 614 46 210 915 411 0 807 558 241 616 429 922 781 335 337 598 742 848 894 239 519 537 943 80 156 582 563 905 102 320 949 788 397 706 126 686 522 
528 95 519 375 836 583 1002 723 952 743 202 317 724 15 218 333 375 937 401 694 900 574 727 759 465 188 659 501 35 720 539 132 152 203 934 709 154 447 917 806 13 810 692 512 768 784 404 394 356 629 155 127 909 701 798 911 703 448 804 0 30 241 175 454 277 855 801 993 53 834 341 272 680 225 551 430 328 696 421 60 105 586 722 797 942 946 383 44 138 383 
843 831 187 889 633 194 463 549 792 315 458 432 898 894 20 946 210 989 184 736 463 400 192 683 523 821 698 678 214 241 178 626 616 819 255 863 471 80 883 698 645 457 411 94 872 868 753 69 313 504 910 271 164 112 654 475 59 187 553 35 0 506 487 831 197 181 99 593 812 177 176 734 491 916 326 829 578 79 291 780 131 131 708 347 824 201 171 645 45 550 
781 103 512 794 788 66 138 335 49 562 1006 57 24 774 191 222 461 330 261 115 675 423 287 547 107 278 377 692 577 167 557 531 575 112 905 984 459 766 125 342 969 211 450 803 32 522 422 239 602 748 50 315 342 294 921 919 425 271 232 234 503 0 978 47 449 116 989 987 821 454 1004 741 804 702 770 310 836 299 438 610 71 261 265 720 541 389 436 92 624 489 
302 360 765 551 747 852 434 120 651 253 44 618 446 447 756 818 565 219 538 740 634 694 826 347 88 289 654 237 569 222 823 496 37 607 910 436 495 858 796 43 197 644 1004 416 104 628 364 392 662 533 141 725 816 128 384 618 913 410 614 161 490 991 0 474 954 663 772 541 271 259 715 690 914 217 747 546 713 348 256 94 118 612 151 516 679 999 1005 702 636 266 
518 399 346 55 846 947 801 784 905 616 73 562 789 757 241 239 159 533 28 385 244 309 559 869 782 691 965 512 371 785 668 483 693 950 610 648 324 563 371 676 828 65 224 468 40 872 190 720 379 696 322 559 147 817 770 547 51 75 430 456 837 56 480 0 132 139 232 335 359 794 398 825 749 785 978 505 735 304 843 497 165 344 319 663 448 484 272 759 728 569 
657 563 500 897 526 781 92 479 899 98 622 261 512 554 554 858 727 189 482 860 359 969 876 952 1003 994 174 242 954 716 788 644 640 575 626 206 717 6 284 832 567 1011 44 972 551 131 948 13 733 789 693 474 464 533 61 61 312 705 907 295 198 448 954 143 0 167 162 331 635 433 893 527 261 390 436 632 187 440 935 823 50 632 112 113 426 663 815 833 290 1010 
446 137 808 623 955 553 971 315 616 307 326 980 899 566 885 651 246 746 76 258 916 398 911 186 77 462 110 879 546 905 341 180 572 449 568 691 745 566 469 118 720 155 919 669 164 426 844 810 225 650 889 92 226 886 609 708 635 934 765 849 199 117 667 141 171 0 577 951 849 351 362 915 737 656 84 958 606 545 877 171 334 868 361 268 1013 751 930 497 918 969 
328 737 596 166 682 124 426 155 857 381 73 349 880 854 173 157 470 353 663 145 972 603 564 769 222 635 60 178 348 144 520 309 944 776 374 780 629 681 216 613 26 649 61 150 307 148 987 521 553 286 375 374 413 177 570 182 338 556 329 801 108 995 780 227 170 582 0 257 715 673 997 505 332 9 846 258 179 320 27 970 303 953 353 573 336 436 694 969 306 158 
81 835 924 157 380 786 276 689 934 589 775 477 575 556 955 32 64 827 643 298 242 836 670 836 873 72 120 749 386 657 97 336 667 756 253 747 121 284 412 903 313 120 811 172 479 699 662 513 825 698 915 225 605 687 339 675 930 855 334 1002 585 981 541 329 330 963 253 0 541 463 94 428 328 449 183 89 16 774 436 653 40 349 629 394 110 119 750 707 233 749 
658 230 919 586 709 486 301 436 755 971 758 450 137 752 822 856 805 666 879 132 682 464 933 392 938 330 153 749 55 568 746 422 33 465 228 854 677 766 373 588 584 313 884 464 249 288 194 972 393 992 751 914 874 401 672 186 43 488 596 51 826 833 267 369 645 862 712 542 0 546 388 564 927 554 211 187 42 16 871 317 686 555 253 878 19 475 64 396 128 104 
716 856 18 639 867 158 566 756 379 880 484 354 935 85 877 591 463 782 144 467 42 912 469 627 819 408 383 378 70 744 397 962 376 446 523 285 695 837 344 150 171 239 303 100 961 489 612 886 113 344 65 475 865 363 809 712 794 284 759 825 179 447 260 796 441 348 675 466 548 0 359 541 206 670 146 619 403 148 785 249 508 707 852 1007 653 641 755 725 506 178 
713 894 948 287 223 341 222 785 245 679 853 706 556 451 416 733 56 936 151 803 990 194 226 695 275 754 229 701 171 667 348 896 59 461 374 332 649 646 275 935 91 896 650 324 479 484 473 897 58 175 497 783 850 847 598 70 907 1001 860 345 166 1007 705 404 901 366 990 102 384 365 0 512 422 404 608 449 827 1004 642 287 613 890 154 114 830 153 959 705 235 777 
281 335 500 987 621 338 102 107 962 794 181 334 441 622 568 238 13 514 771 558 105 815 452 250 355 891 847 830 694 750 282 500 61 248 21 44 4 534 877 54 191 582 539 261 176 30 424 214 854 562 279 913 514 987 425 1007 876 961 885 273 736 751 693 826 542 916 509 437 560 541 518 0 646 943 600 386 562 447 147 993 806 660 111 191 303 27 19 398 463 142 
814 527 360 737 295 889 536 394 206 727 776 582 174 30 304 577 506 198 509 214 825 826 297 142 931 152 75 23 788 527 888 49 544 112 742 420 731 56 519 219 363 782 331 483 455 218 318 601 149 207 751 920 376 548 42 503 501 96 225 684 491 796 917 740 249 734 334 319 937 215 421 647 0 933 141 283 486 999 642 94 403 299 310 469 98 961 513 288 35 9 
1009 890 506 473 498 847 548 215 43 98 690 270 662 693 317 156 371 550 753 470 237 629 33 818 43 263 937 732 460 420 95 869 914 417 449 872 921 256 910 357 607 663 926 195 762 637 1003 71 160 642 768 93 894 236 480 875 84 790 532 229 925 707 209 785 385 672 19 440 551 673 410 939 949 0 500 256 47 255 454 916 199 754 202 440 756 340 79 519 203 566 
454 962 138 222 509 272 211 188 876 542 14 292 119 52 409 636 720 94 922 202 965 856 631 277 682 641 1005 885 15 958 152 938 322 982 845 871 26 727 566 288 204 167 590 506 383 336 468 445 753 365 254 446 109 768 982 225 58 171 542 558 327 781 744 980 446 80 836 195 193 144 623 595 135 488 0 91 644 205 146 125 388 835 252 834 815 9 839 547 81 463 
533 218 831 233 821 586 861 486 727 764 495 912 164 29 328 731 142 479 426 259 393 493 339 529 322 490 632 871 878 540 1009 202 109 235 700 762 724 461 970 277 297 767 534 583 417 602 372 362 753 690 300 403 143 805 158 65 372 631 953 425 827 297 556 491 638 958 265 76 178 601 439 373 301 259 98 0 168 286 395 205 55 1000 185 476 805 591 96 622 975 32 
723 682 800 335 237 143 700 893 829 324 437 23 274 204 11 32 902 636 929 90 723 49 158 78 277 335 113 428 641 490 504 622 424 1007 854 302 955 704 703 163 238 800 287 551 71 501 511 302 822 466 186 878 946 576 164 98 665 787 61 325 570 850 699 733 186 604 181 12 37 410 842 559 486 51 645 156 0 419 660 551 698 981 607 563 571 921 355 107 97 216 
946 41 684 402 909 426 29 285 840 437 211 81 85 269 56 864 743 736 37 928 79 897 135 842 846 816 407 72 348 776 291 530 516 184 387 509 522 935 288 688 623 907 227 100 934 34 164 737 466 539 610 992 391 777 219 580 571 829 159 688 68 306 351 314 440 547 318 780 32 155 999 443 1003 270 203 291 422 0 841 610 432 417 262 288 987 360 691 843 714 350 
806 181 16 440 213 21 368 530 796 268 956 341 369 493 993 769 293 461 294 877 138 719 861 169 30 654 988 4 98 417 474 461 342 531 591 807 743 726 572 334 210 37 196 22 337 415 907 817 707 301 815 815 712 29 441 693 933 693 584 423 280 436 267 831 943 881 33 428 873 787 628 151 633 439 155 397 665 840 0 917 209 779 325 640 940 390 705 87 817 436 
880 508 201 212 91 524 837 751 188 800 325 929 869 941 834 370 525 989 487 669 126 802 418 693 432 7 411 367 650 42 408 646 326 231 113 891 408 585 262 371 672 861 127 673 822 825 341 353 250 762 928 243 856 103 405 875 97 685 562 45 791 615 76 507 832 167 974 654 314 239 299 993 88 926 137 205 550 617 930 0 634 507 271 71 421 150 487 188 573 964 
372 551 25 900 918 38 592 711 515 572 602 526 32 205 955 519 930 584 639 154 955 901 558 231 619 633 416 129 978 26 670 22 265 224 571 112 619 599 212 764 918 129 484 377 702 902 630 414 711 492 190 618 854 586 807 687 880 322 896 113 143 67 102 166 55 333 319 43 694 503 607 797 403 214 381 56 710 449 216 637 0 426 280 548 64 1001 45 502 656 857 
290 874 424 614 343 825 194 676 266 308 382 314 821 408 334 292 55 915 399 680 295 306 139 574 238 988 231 450 740 806 813 362 472 931 97 981 747 329 194 86 455 532 526 842 569 913 540 424 804 859 845 246 940 703 867 370 215 138 90 580 146 271 615 341 632 854 959 363 554 717 887 657 287 758 843 996 998 407 764 517 419 0 45 233 628 1007 904 528 153 690 
941 310 75 434 750 666 847 613 491 977 194 132 261 466 130 150 855 308 661 980 703 941 288 74 927 422 303 209 835 827 957 490 880 34 974 329 382 131 427 220 795 189 400 359 779 560 57 865 374 68 143 503 515 146 434 462 291 505 323 736 713 258 163 324 117 347 344 637 267 850 168 115 321 200 248 176 612 270 324 266 284 48 0 349 632 101 527 980 653 543 
603 574 801 219 968 504 104 971 107 597 736 121 134 623 1001 1014 470 269 49 656 1017 146 966 79 43 537 254 257 729 673 430 339 994 226 827 479 173 196 701 412 671 625 783 217 974 102 113 899 953 942 804 280 310 300 682 883 254 720 938 797 344 723 532 670 125 266 587 387 886 1002 111 180 466 429 846 469 563 288 641 70 549 241 352 0 118 45 592 267 178 197 
822 103 259 415 290 326 780 476 953 867 713 546 169 344 258 521 459 523 812 834 774 387 842 776 926 724 617 27 466 392 241 38 926 816 848 40 403 438 807 399 446 288 816 713 597 747 971 892 551 997 645 592 177 291 223 318 164 561 780 947 828 539 688 433 426 1004 329 102 18 647 831 318 99 747 801 797 580 973 939 432 47 618 617 125 0 623 643 189 524 885 
162 969 647 865 889 333 435 929 981 264 998 597 387 906 909 422 26 802 956 807 188 557 573 971 820 1013 526 302 117 541 288 145 443 202 9 500 884 758 832 176 434 995 109 554 547 121 562 826 548 314 684 984 588 929 331 883 239 233 396 954 194 386 1011 486 659 753 442 125 479 642 167 32 965 343 17 597 918 347 376 149 1003 997 116 41 624 0 567 398 375 958 
605 422 531 513 502 371 143 770 740 27 105 82 462 238 860 686 110 539 617 1003 207 1001 457 242 253 111 896 353 128 743 565 295 863 814 648 992 122 799 861 201 30 235 128 174 458 502 917 37 916 967 549 194 676 166 361 225 845 916 709 378 190 444 1015 279 818 936 691 748 60 755 957 15 512 68 836 86 350 699 698 487 36 905 522 597 639 551 0 480 454 318 
645 97 315 423 136 331 75 754 948 301 440 592 129 591 1003 544 801 832 336 73 577 231 889 681 884 174 431 329 881 965 424 442 377 683 449 388 901 204 271 398 460 211 244 127 106 659 622 48 892 498 735 651 798 815 646 206 714 909 121 45 633 95 711 758 816 483 968 702 405 722 691 399 286 505 547 617 116 833 79 177 490 515 981 265 197 392 490 0 373 62 
460 87 666 207 401 539 459 235 823 263 80 471 83 88 63 62 266 119 789 166 173 501 649 413 804 809 368 645 240 891 684 340 145 65 593 657 392 450 31 388 968 9 400 524 22 81 506 874 631 867 565 705 42 331 930 366 892 278 696 130 36 627 627 727 286 918 300 245 145 495 240 458 32 204 89 988 93 704 803 584 661 155 652 171 536 370 455 376 0 731 
424 757 730 270 187 929 953 819 546 181 832 716 672 356 567 204 72 523 609 364 970 738 203 106 255 762 971 793 42 446 330 710 687 81 607 565 564 432 566 547 255 203 28 369 130 802 961 70 178 963 957 895 196 450 930 729 809 601 530 392 556 489 263 551 997 968 149 751 113 172 777 135 18 566 460 35 218 350 445 978 843 686 540 208 871 959 309 76 737 0 

Depot information
1
1
1
1
1

Customer information
1
1
1
1
1
1
1
1
1
1
1
1
1
1
1
1
1
1
1
1
1
1
1
1
1
1
1
1
1
1
1
1
1
1
1
1
1
1
1
1
1
1
1
1
1
1
1
1
1
1
1
1
1
1
1
1
1
1
1
1
1
1
1
1
1
1
1
1
1
1
1
1
1
1
1
1
1
1
1
1
1
1
1
1
1
