Seed 123 - Instance: n85m5_1
n 85
m 5
Q 9999
L 2
U 17

0 986 353 826 477 228 512 697 202 39 353 829 560 294 491 4 387 964 779 449 93 68 121 206 318 279 99 590 644 422 742 604 698 911 779 707 729 604 811 276 557 940 246 417 107 821 156 264 658 999 451 162 678 204 113 816 326 493 900 910 137 705 836 1001 606 498 82 845 480 843 714 975 677 624 199 263 706 844 30 184 724 803 537 455 242 994 875 52 996 887 
998 0 688 915 408 859 523 149 429 682 497 818 473 24 47 288 728 811 387 617 970 767 662 454 757 710 907 717 322 336 962 986 538 63 814 864 370 1011 374 238 987 519 334 348 851 424 859 143 419 198 760 649 201 675 272 482 577 554 282 900 75 580 742 589 593 27 148 970 177 270 34 224 605 54 30 581 942 177 971 971 891 327 125 490 762 175 113 1000 336 631 
361 685 0 736 778 625 851 967 784 302 384 203 773 270 516 952 975 364 838 50 440 800 313 636 236 581 633 246 888 614 889 203 497 435 236 384 796 671 440 562 455 557 242 385 638 629 431 250 166 343 883 357 550 962 426 689 856 489 128 529 345 138 392 335 483 590 313 230 349 701 640 689 213 203 967 926 882 457 652 414 257 516 475 746 218 37 814 10 940 519 
813 911 738 0 342 947 919 500 227 328 809 998 29 933 592 958 112 785 600 390 199 266 814 466 469 114 329 246 379 577 763 1006 428 642 15 215 490 662 860 112 822 992 949 550 768 452 264 501 709 713 493 317 180 612 885 442 539 106 255 775 337 269 932 334 980 1002 404 814 269 159 17 720 676 925 158 551 779 926 98 615 515 598 573 884 761 407 36 269 225 548 
475 399 781 358 0 1010 837 917 371 578 463 342 31 224 593 133 263 118 612 733 753 689 369 932 472 876 981 335 154 878 536 929 878 943 599 502 63 654 706 674 976 507 804 161 824 432 737 887 962 194 672 292 148 1005 11 959 172 363 794 1000 362 77 793 323 1002 480 127 526 995 710 917 204 975 827 558 807 780 925 53 118 292 819 326 691 957 421 555 272 373 375 
229 845 630 931 1002 0 891 173 592 143 521 770 958 132 874 207 103 979 380 957 290 589 478 78 736 370 1015 62 422 306 354 625 54 132 313 399 59 93 889 367 275 122 350 433 789 337 463 252 479 353 889 238 468 981 589 706 869 302 538 941 426 314 505 110 520 711 166 440 595 88 815 967 810 858 877 307 633 490 465 41 811 883 100 487 793 655 833 63 735 89 
509 535 862 906 842 881 0 531 918 718 992 632 1012 977 903 240 756 34 356 718 651 748 666 671 279 310 193 605 451 485 787 188 852 533 11 614 457 355 83 640 797 309 567 200 153 836 668 755 188 483 419 851 657 750 782 116 917 440 572 951 596 927 379 974 705 32 787 572 820 395 61 837 871 364 845 900 759 184 120 892 99 118 70 325 857 144 855 568 723 663 
709 152 969 501 904 165 520 0 733 161 702 429 770 809 511 60 809 558 381 508 802 772 946 431 568 428 574 55 836 956 265 83 474 699 99 991 635 250 677 305 472 428 958 918 331 566 652 416 1012 821 305 273 434 798 327 724 472 530 409 379 894 403 259 702 702 690 737 855 475 433 532 831 454 824 120 411 330 793 368 673 301 393 117 458 631 896 342 31 757 524 
199 429 777 220 386 589 930 737 0 220 497 260 312 720 842 806 310 294 29 753 535 392 347 628 46 257 590 843 257 962 853 509 457 862 720 196 930 669 742 280 401 50 289 886 443 795 149 239 107 254 10 30 884 237 142 847 555 423 895 855 34 689 645 832 185 464 135 887 250 517 654 660 635 154 642 836 256 191 103 942 845 591 540 694 427 169 856 925 674 26 
42 685 306 327 587 137 724 160 212 0 714 900 69 627 710 946 989 959 154 860 325 572 276 21 133 826 808 777 775 782 278 257 1014 701 45 186 365 195 671 740 610 1002 618 348 288 567 613 68 992 688 667 23 863 606 309 333 420 833 958 423 893 376 147 380 745 202 254 72 80 245 76 494 855 176 680 229 28 692 651 773 195 996 887 962 719 77 470 362 759 660 
358 502 377 809 471 540 992 702 510 717 0 462 327 684 146 775 270 409 107 901 102 891 781 597 765 103 773 181 47 723 541 650 150 911 485 798 687 938 476 254 112 265 936 570 482 277 402 857 944 67 675 178 365 853 548 800 557 59 115 63 781 148 644 69 537 697 581 117 24 767 688 304 418 748 487 882 588 975 628 344 394 959 482 150 21 516 837 283 323 309 
824 825 202 1004 347 779 622 419 270 907 473 0 978 475 546 156 846 521 997 933 896 488 290 836 592 617 222 697 511 783 725 242 173 841 436 941 425 267 537 136 583 141 393 900 896 294 170 75 172 172 575 264 290 19 28 897 659 626 582 184 880 977 900 530 375 407 178 434 781 894 243 157 515 945 549 862 621 206 607 823 704 481 970 733 173 437 736 969 338 383 
564 466 765 45 39 966 1000 771 301 63 317 991 0 472 33 160 195 548 333 725 922 456 593 142 475 922 721 459 16 872 412 595 851 207 139 325 495 571 758 560 42 544 468 591 983 129 342 867 771 836 594 374 862 593 671 73 133 798 271 849 730 529 102 287 23 18 797 235 415 304 944 273 415 776 853 814 487 953 394 972 208 182 38 852 850 962 812 296 363 846 
304 25 263 922 220 127 962 807 721 629 697 477 488 0 828 589 218 706 74 694 51 118 26 809 153 957 301 315 913 198 308 852 104 377 389 495 260 226 167 210 234 211 652 244 381 443 82 983 263 779 482 507 152 629 421 657 651 341 291 24 643 893 341 402 912 955 80 889 774 995 227 4 778 522 926 172 546 208 850 301 286 978 249 487 826 727 874 33 430 692 
495 44 512 590 607 871 903 508 840 691 143 548 27 811 0 578 601 773 777 503 259 334 35 179 724 48 131 147 178 780 202 362 47 958 959 839 851 437 501 651 982 767 984 213 366 1005 94 526 514 847 892 186 959 717 497 519 962 61 492 332 993 57 442 85 782 618 758 194 50 876 870 978 224 338 921 715 877 854 602 173 579 997 777 265 283 899 70 656 621 955 
2 292 961 968 142 208 238 50 808 949 785 152 162 592 576 0 263 570 614 615 892 512 750 799 63 346 285 94 241 547 711 501 40 62 350 517 979 852 51 316 457 944 510 772 161 52 712 242 224 724 340 192 708 222 174 868 767 448 912 56 351 23 542 808 492 441 156 665 207 50 242 769 890 19 776 130 429 706 820 828 285 594 98 1014 505 152 30 331 256 822 
404 722 978 116 254 88 759 820 317 1000 264 847 188 216 616 266 0 17 181 698 25 73 503 813 325 349 580 533 749 573 230 844 578 619 90 716 85 316 833 511 390 136 185 954 271 381 740 52 773 780 775 592 268 114 304 693 88 976 313 759 592 549 132 588 847 569 173 634 670 1004 24 88 967 483 723 692 608 873 782 590 371 979 309 337 455 581 238 652 470 739 
969 813 350 787 115 969 26 560 301 957 417 524 562 709 770 576 20 0 309 298 240 501 426 562 166 279 882 542 176 230 205 965 689 540 527 49 245 815 22 341 169 169 389 506 739 604 21 109 801 826 738 892 281 114 554 372 143 417 873 371 131 982 153 418 857 952 537 827 829 904 298 68 158 795 118 501 517 627 361 539 746 393 127 205 103 361 996 583 443 681 
771 384 854 614 597 373 358 387 37 167 99 1000 319 83 775 617 184 300 0 621 867 663 924 625 478 572 859 100 449 918 927 225 973 832 951 539 267 642 400 377 32 563 390 762 300 697 679 220 910 736 178 267 578 122 847 218 9 4 148 726 535 415 866 401 115 674 697 988 946 681 643 42 758 188 588 761 924 30 384 802 597 763 817 48 933 1004 571 136 1015 710 
456 611 47 380 723 960 720 501 767 870 906 926 718 694 500 621 694 297 637 0 773 197 431 150 532 404 575 89 144 59 213 514 73 444 75 456 909 432 297 519 719 309 291 647 267 863 987 348 106 36 852 404 498 696 54 109 112 438 118 567 762 634 127 355 43 504 730 196 667 543 568 342 914 523 78 342 89 189 377 355 898 614 651 567 8 626 279 564 74 47 
89 971 431 202 764 280 667 788 526 342 107 884 928 51 260 898 29 248 864 761 0 228 489 482 335 59 671 483 881 484 747 261 667 640 188 242 969 757 155 453 376 724 525 531 834 322 99 566 397 1006 488 747 394 510 936 913 229 371 891 871 512 69 807 24 365 520 903 363 230 115 536 495 310 622 368 970 658 778 728 135 246 692 451 573 322 457 324 737 519 776 
72 762 806 258 700 599 752 781 386 579 895 479 454 116 337 504 63 491 676 201 228 0 905 244 548 843 801 1007 11 66 281 811 919 739 633 880 619 795 122 95 106 212 369 574 18 645 100 428 587 354 168 940 504 681 143 415 230 745 463 347 357 669 966 863 685 907 81 176 313 317 210 722 777 192 856 901 646 706 135 840 458 444 528 111 59 768 563 65 806 33 
109 650 316 807 351 485 657 953 347 288 793 287 596 35 30 743 507 422 904 413 475 898 0 928 722 454 764 348 238 459 237 537 92 26 2 163 410 394 652 280 822 855 624 41 874 107 532 653 598 337 733 961 731 610 864 240 783 860 776 322 623 97 289 254 688 471 852 272 404 366 668 715 754 30 279 420 716 802 526 158 209 120 553 759 856 660 518 801 854 981 
212 449 637 465 946 82 677 416 614 21 591 831 135 812 177 813 812 560 627 148 480 235 915 0 270 343 260 426 794 578 765 594 620 87 483 1008 188 618 14 886 464 342 246 224 640 343 680 543 69 876 510 866 352 269 373 394 403 361 62 894 455 539 424 306 786 822 707 267 353 413 81 496 966 845 508 622 943 881 104 511 91 84 808 85 195 184 646 797 773 204 
325 759 234 468 457 732 278 560 49 134 758 610 475 148 733 69 317 159 465 532 329 537 723 272 0 975 530 157 683 247 577 845 791 9 732 907 415 248 468 116 778 320 381 470 969 148 262 28 859 742 115 161 431 746 352 475 940 427 1008 206 323 74 797 534 182 287 247 716 702 32 702 631 598 882 732 930 898 313 147 170 620 657 477 148 565 250 266 121 122 895 
275 696 590 117 888 373 301 422 250 828 105 607 933 946 43 358 358 293 576 394 63 849 463 345 972 0 298 8 111 339 748 500 353 211 344 812 237 744 920 943 604 129 952 851 637 924 403 498 685 194 635 210 333 542 57 450 164 478 706 240 586 757 255 37 716 617 510 390 1014 558 39 792 172 865 594 318 903 40 681 584 276 133 497 847 301 376 313 199 576 814 
86 924 649 334 980 1011 194 567 598 820 793 235 713 309 146 283 574 870 878 559 664 804 761 271 516 312 0 168 75 446 286 604 35 639 108 278 803 294 446 341 266 413 922 148 836 990 856 928 234 278 372 318 42 303 929 36 450 24 671 207 268 524 385 477 529 715 107 19 922 876 637 320 230 622 53 329 281 658 924 161 247 516 629 907 439 950 337 868 434 367 
589 723 236 246 355 55 613 53 860 770 193 692 447 311 141 77 534 533 108 92 474 1009 355 436 162 10 170 0 723 396 692 88 191 814 506 766 936 178 475 1001 767 660 358 1003 795 423 55 140 819 637 220 615 836 977 227 335 992 88 445 346 155 492 401 958 474 895 712 631 75 841 380 19 616 89 697 289 499 927 140 282 994 270 225 244 312 43 463 149 426 795 
625 317 905 368 152 411 449 851 259 772 67 516 3 910 178 238 758 174 446 141 898 14 243 787 685 116 64 714 0 778 349 471 409 130 968 300 804 36 744 64 880 663 939 236 78 592 786 164 607 219 285 265 289 150 685 971 940 285 991 691 23 637 542 951 927 887 207 642 542 218 54 423 842 527 801 47 678 593 788 832 639 74 105 41 496 112 372 544 464 987 
434 349 614 587 895 294 495 950 957 769 725 793 869 178 775 533 575 235 930 61 473 61 462 595 263 345 453 388 777 0 907 645 389 535 170 468 628 207 927 351 918 566 247 254 303 132 796 255 620 326 288 954 46 64 13 514 367 501 923 615 721 443 362 126 904 602 217 704 925 969 964 311 906 763 808 823 398 97 171 705 819 740 332 475 204 839 337 283 993 498 
744 961 908 767 534 340 797 270 859 270 545 730 410 314 211 708 228 203 937 203 745 283 240 765 585 751 277 678 340 904 0 1001 74 916 224 234 241 169 198 825 732 340 136 441 41 580 266 535 915 135 179 990 560 114 946 980 525 182 444 146 259 352 942 77 522 658 192 595 249 286 518 723 144 503 610 963 448 761 642 89 175 721 560 839 1002 271 913 805 652 165 
609 991 203 1000 933 630 200 90 505 257 656 228 601 861 355 500 831 945 212 512 249 806 527 610 865 515 599 70 464 654 999 0 669 886 321 247 57 297 687 728 788 620 197 371 438 419 600 773 193 177 634 721 458 474 486 637 372 960 916 945 621 806 643 540 288 754 953 872 774 885 772 571 221 718 405 161 728 135 575 69 145 756 626 1004 456 812 562 903 891 490 
692 538 502 436 866 62 843 486 470 1007 149 177 853 116 53 35 584 692 974 83 658 926 89 615 789 360 38 199 411 392 67 654 0 714 898 767 884 746 593 358 33 484 960 448 838 294 1005 768 491 222 942 138 438 720 575 535 990 717 694 537 369 762 156 233 203 284 565 946 792 509 446 102 660 962 490 904 767 801 185 544 389 970 144 286 224 549 384 519 124 507 
916 70 431 628 945 117 544 698 863 712 899 826 210 367 961 58 622 536 837 443 642 723 38 70 14 218 642 816 146 531 917 880 724 0 657 486 391 160 711 522 107 757 810 219 594 815 990 532 113 892 650 377 807 404 232 626 916 236 16 220 710 364 315 151 629 316 418 812 43 379 396 142 472 749 521 410 968 341 256 216 397 567 693 178 877 979 1012 108 581 225 
771 820 219 29 605 300 14 98 725 33 484 439 128 388 945 355 90 512 944 70 188 636 14 473 733 338 121 504 951 161 227 330 889 652 0 299 128 863 119 174 221 630 491 727 468 535 841 794 735 361 548 843 795 579 628 537 797 902 269 581 818 812 210 690 765 54 102 255 986 136 445 629 429 940 842 465 430 158 610 410 31 43 405 970 50 380 473 43 778 186 
724 877 372 220 495 410 619 987 194 187 789 942 335 489 839 518 711 64 550 449 260 874 159 1009 910 812 286 779 283 461 230 237 774 504 294 0 786 427 478 492 551 336 903 933 45 638 432 878 751 701 236 211 246 713 173 302 381 942 99 722 917 45 349 787 740 629 74 42 229 370 301 489 73 302 449 706 815 31 180 560 645 404 381 279 146 454 583 66 298 692 
730 376 808 479 48 61 447 626 931 360 695 432 497 257 846 970 76 243 259 904 969 619 410 194 402 236 792 935 806 631 246 55 885 379 124 789 0 101 188 204 525 209 554 382 488 845 270 119 49 427 505 580 957 237 466 524 867 305 274 713 519 935 499 14 850 566 117 124 875 768 62 14 821 900 460 319 856 844 764 209 236 959 784 425 881 79 504 560 375 165 
605 998 682 660 659 78 351 243 664 195 957 266 579 246 442 861 327 817 635 446 750 807 397 612 245 745 299 159 24 201 172 292 753 154 857 414 119 0 309 604 528 288 84 470 903 155 298 336 372 131 126 128 559 692 113 146 735 473 83 448 244 962 976 726 847 625 945 898 345 179 618 908 554 406 1004 982 278 790 21 531 600 191 344 91 687 715 41 111 564 796 
811 382 445 842 710 891 88 667 738 664 478 534 758 178 498 59 826 14 392 302 152 124 635 8 470 925 443 482 753 926 197 681 583 720 113 485 187 322 0 559 206 591 804 235 78 630 624 824 952 177 164 186 148 258 810 750 994 184 619 804 746 397 410 388 821 427 586 337 928 315 568 596 106 357 751 148 471 845 127 597 245 664 189 670 282 651 629 403 56 922 
283 229 567 101 671 374 630 309 293 751 241 127 558 211 658 306 497 335 370 520 452 107 271 891 114 934 337 991 64 350 825 735 353 523 171 491 198 609 570 0 120 91 862 419 516 1007 664 314 798 163 823 809 867 954 463 927 54 583 283 315 682 844 554 9 183 447 888 500 26 159 429 920 152 176 747 311 427 410 488 342 627 712 154 240 331 105 221 796 558 812 
546 990 453 819 974 286 806 471 411 612 113 574 48 235 989 454 389 166 26 708 365 106 823 460 783 609 266 776 881 923 733 773 37 109 234 570 534 512 196 124 0 199 318 518 5 84 816 390 877 547 112 942 955 311 575 863 614 649 811 762 938 98 100 922 193 688 645 457 214 300 24 93 402 206 879 329 846 863 24 850 210 514 965 159 277 126 517 614 494 168 
937 533 563 1004 495 122 314 423 53 1009 266 135 542 208 764 943 133 184 554 317 729 228 849 333 321 132 412 672 650 576 343 610 473 767 633 351 199 280 590 104 185 0 666 573 430 577 101 315 942 479 567 916 160 153 279 352 447 136 898 485 949 473 163 1002 115 427 214 309 431 147 757 183 799 482 386 780 653 802 691 489 122 392 430 720 548 843 672 728 613 675 
236 326 239 959 795 346 582 957 280 617 930 405 470 663 988 509 183 391 403 292 526 380 628 251 387 953 924 362 940 244 138 181 958 796 501 886 567 82 815 868 313 664 0 1014 14 26 342 561 928 356 529 71 914 1019 588 460 863 688 88 680 645 573 409 414 141 261 501 481 345 615 293 916 86 390 10 163 854 310 631 605 95 140 862 762 44 247 638 671 390 29 
415 353 383 538 160 431 185 922 883 352 586 903 571 250 209 782 946 504 750 633 546 579 46 234 477 848 155 1005 254 258 433 365 460 229 721 940 369 477 243 426 518 561 999 0 618 553 729 43 131 598 479 175 934 649 894 913 284 687 854 507 869 242 442 124 638 845 253 407 254 638 776 793 644 849 116 734 403 17 637 366 563 906 851 598 414 398 581 367 425 601 
118 850 620 782 841 786 155 339 449 288 466 886 978 392 381 165 289 747 315 265 830 13 879 640 960 646 838 782 86 311 33 451 844 589 462 58 491 905 86 514 9 434 22 626 0 1010 634 216 947 849 323 990 640 393 570 849 626 910 510 479 386 444 148 58 605 216 404 437 642 209 510 527 872 588 332 738 620 253 232 466 236 925 7 117 519 598 670 732 261 695 
834 423 642 459 426 354 830 561 786 553 283 281 121 451 1005 49 379 614 705 857 321 651 107 329 141 919 994 424 592 149 579 428 289 821 537 633 856 160 634 1007 95 571 30 556 999 0 592 796 803 655 375 263 248 897 107 457 106 591 670 516 773 867 190 842 103 9 782 720 781 53 242 331 602 141 793 920 426 34 725 591 887 336 657 111 601 565 978 90 413 486 
161 862 426 273 736 452 665 653 158 613 418 180 356 90 97 713 733 15 681 1001 86 109 541 675 261 394 852 45 780 780 261 608 1003 988 842 430 267 286 623 649 799 108 338 737 628 589 0 934 46 848 694 606 125 154 942 892 78 360 367 572 605 405 491 458 962 422 862 285 285 400 398 406 73 191 312 552 526 829 235 101 864 81 612 415 54 116 116 36 432 105 
251 129 254 489 881 255 763 404 250 64 850 71 860 979 525 234 49 111 219 359 570 417 669 537 32 489 919 146 152 242 516 771 769 548 794 874 119 334 820 315 381 323 554 38 220 796 934 0 629 630 121 849 727 879 638 358 255 771 494 325 791 923 93 753 807 74 361 658 773 1007 360 966 102 85 950 979 330 1003 249 546 357 339 641 334 400 890 135 676 839 104 
675 423 172 705 962 489 183 1002 121 987 937 168 782 262 518 215 757 799 914 124 399 582 592 70 856 682 220 820 620 616 905 205 507 112 739 749 46 356 950 792 880 944 913 142 944 797 55 627 0 601 391 500 696 393 298 596 740 320 783 535 793 696 733 316 1008 618 747 456 395 318 627 313 320 524 763 515 177 568 168 933 660 32 19 122 441 354 763 148 642 746 
1000 194 327 709 198 351 474 811 251 705 68 165 845 769 859 721 781 820 730 22 994 346 340 883 740 187 286 641 231 332 142 169 224 895 352 691 418 150 175 163 544 480 358 585 853 654 835 633 615 0 511 358 406 127 781 54 927 661 539 256 532 708 600 64 314 504 723 669 452 212 203 413 60 632 472 39 477 165 955 500 127 100 670 429 52 471 731 992 780 262 
456 770 871 488 686 882 418 304 14 677 682 572 598 472 907 345 774 741 180 865 482 184 715 519 107 637 360 222 289 284 172 622 932 651 544 235 506 128 171 823 112 580 530 482 321 374 701 115 383 509 0 174 442 952 896 855 687 282 565 24 650 749 559 140 510 718 899 314 321 512 234 7 36 715 1007 981 612 31 652 971 292 725 842 214 940 553 804 435 223 384 
164 653 344 306 287 244 863 258 15 8 180 263 367 512 180 198 596 883 249 412 755 940 941 852 155 211 328 618 270 951 986 713 129 383 856 201 581 116 172 818 944 929 75 166 986 251 608 844 512 352 164 0 451 646 742 398 652 990 252 544 762 96 63 404 516 103 773 769 529 285 212 266 339 885 534 878 346 467 389 263 717 585 886 526 223 911 389 78 752 508 
687 199 562 181 135 478 667 442 883 871 375 291 862 152 965 694 281 290 576 509 395 494 724 344 429 332 53 837 302 40 567 457 449 799 789 254 954 568 149 885 948 143 904 930 638 254 123 729 695 395 433 448 0 988 977 256 475 580 706 708 246 490 209 357 555 553 199 210 108 837 415 402 947 659 758 369 161 803 194 978 588 377 427 103 299 375 513 846 999 23 
202 678 955 597 1000 985 765 794 224 622 845 16 582 629 724 222 107 100 127 703 513 674 594 266 735 533 313 975 153 62 101 471 715 410 593 709 230 697 255 954 305 162 1018 644 378 892 165 879 389 130 954 648 981 0 182 306 823 602 156 977 263 871 117 465 622 795 313 446 266 858 254 935 668 7 568 760 737 335 295 1015 355 117 251 743 726 651 818 614 1004 79 
113 287 420 879 18 602 785 325 140 310 537 28 666 418 505 159 302 559 855 55 948 151 863 374 350 59 935 217 689 16 928 498 580 221 627 160 479 111 801 446 586 269 590 896 566 107 959 630 310 783 885 728 973 183 0 279 993 844 738 41 395 924 982 146 893 794 783 999 578 407 903 131 366 248 451 285 308 424 264 243 96 656 322 348 1011 80 613 417 502 703 
826 473 686 437 972 696 105 722 842 332 788 905 72 653 532 872 700 379 219 96 907 432 235 401 472 454 51 320 962 503 977 635 541 623 541 291 525 155 762 918 870 358 457 917 838 453 904 360 592 70 843 394 264 303 280 0 263 467 180 822 281 602 475 960 979 744 828 167 14 990 644 502 285 870 741 366 729 383 761 682 102 914 139 390 674 829 722 533 1005 653 
326 565 863 554 162 876 927 475 562 414 568 647 114 651 960 771 74 137 11 106 230 222 774 418 926 176 456 978 928 370 534 372 991 906 816 379 875 747 995 58 614 450 863 276 626 109 84 265 738 938 674 663 470 809 1001 263 0 419 388 151 597 475 31 769 595 767 100 724 890 246 602 81 833 533 628 188 599 736 511 97 974 602 962 583 584 443 240 525 526 252 
503 539 475 105 364 302 438 524 420 839 62 632 812 355 63 443 981 429 8 451 376 750 855 359 444 478 27 93 289 501 171 969 734 241 909 939 304 469 181 597 639 133 694 680 892 579 346 765 333 657 277 1009 578 611 841 465 434 0 449 726 418 633 725 591 879 279 791 694 276 809 460 342 72 868 345 749 978 104 582 238 66 38 783 629 723 486 655 715 89 449 
902 297 130 264 789 532 572 415 890 948 108 567 276 296 493 905 314 882 133 106 894 464 781 64 1010 714 660 439 978 935 456 928 695 21 283 85 269 90 613 279 824 899 74 869 519 672 367 496 777 535 575 236 709 151 728 190 384 448 0 936 1000 156 359 195 139 99 929 917 472 955 528 473 682 521 716 633 648 962 26 837 365 542 746 739 111 557 624 789 834 299 
909 896 515 768 1000 947 967 382 838 406 51 194 852 33 325 66 739 374 713 564 861 353 326 899 200 231 208 357 699 626 127 929 533 224 581 725 705 439 798 305 759 485 678 501 497 518 569 330 548 266 27 538 715 983 43 825 134 722 934 0 187 564 127 986 661 1002 728 376 790 983 898 271 547 201 749 583 197 68 635 852 27 668 279 68 228 852 169 302 439 422 
120 77 344 329 366 416 590 887 46 889 773 881 732 645 994 348 595 137 539 764 526 349 612 458 325 567 272 167 19 718 250 609 370 702 824 920 517 235 744 671 950 964 644 872 386 784 607 809 801 532 658 755 240 252 383 287 601 415 1000 171 0 725 863 775 975 215 320 119 147 768 860 195 953 479 543 600 196 519 204 351 395 443 477 405 612 745 343 483 830 94 
704 575 150 286 74 301 940 405 699 378 142 969 536 886 62 9 549 975 426 627 82 661 79 537 79 769 530 480 640 439 363 793 765 354 805 45 937 980 403 853 113 464 570 247 447 877 417 908 709 726 756 103 478 875 921 613 479 630 154 577 718 0 789 316 317 1006 289 827 282 44 898 629 668 204 681 578 620 83 197 792 37 632 508 421 295 396 275 701 161 627 
851 735 392 920 797 515 397 252 644 137 643 909 97 335 430 550 147 150 862 124 795 972 289 418 790 261 375 421 541 350 934 639 150 325 213 352 494 991 409 561 101 178 410 455 142 204 484 80 733 599 564 64 213 114 970 491 30 718 359 129 873 772 0 973 351 76 991 882 254 236 854 122 728 779 613 496 608 629 591 92 113 705 326 439 723 879 675 440 337 304 
981 594 343 351 324 99 981 697 840 380 81 520 293 391 83 820 586 428 402 359 41 848 237 300 525 33 481 966 956 134 86 531 241 137 677 797 33 728 377 10 931 1005 422 115 45 830 459 753 329 67 141 415 356 450 142 967 780 597 190 995 759 329 985 0 115 581 541 424 225 897 482 714 202 75 952 597 229 629 504 243 560 522 250 278 511 449 433 291 493 762 
616 587 488 982 998 513 701 703 178 741 536 374 30 913 789 490 838 851 118 53 358 689 686 789 182 724 522 475 928 893 535 295 202 633 770 742 844 852 802 187 186 120 140 628 604 102 965 806 1007 324 496 521 542 622 879 973 594 889 140 679 961 319 350 133 0 705 93 565 467 510 974 43 826 438 956 89 625 614 21 448 638 138 481 790 814 209 882 535 818 896 
501 36 585 995 484 714 45 684 476 193 708 388 8 947 600 446 580 957 682 492 512 910 471 821 289 622 708 902 883 585 674 765 278 307 43 647 564 641 423 447 675 444 264 842 229 23 427 59 615 506 735 109 556 804 796 727 754 274 103 996 227 997 60 586 696 0 484 856 353 696 473 821 789 220 365 944 814 310 865 472 943 712 585 490 778 697 15 432 822 108 
89 152 325 407 141 161 778 737 137 253 588 177 790 77 756 163 157 525 705 741 887 94 862 716 232 506 95 706 207 229 187 955 559 412 95 77 126 951 581 880 635 220 495 242 399 773 864 369 755 728 907 766 195 316 792 815 105 790 922 715 339 295 984 538 100 466 0 700 368 929 450 348 47 522 110 496 652 1004 872 983 259 387 931 46 927 124 805 614 1004 472 
847 986 240 813 532 452 569 855 888 92 125 448 234 888 184 676 637 837 988 190 351 193 260 274 719 390 34 633 646 701 604 885 933 812 259 49 128 915 336 512 449 306 474 419 441 733 285 642 444 652 321 770 212 451 1004 173 711 706 907 377 128 811 875 431 558 854 714 0 286 159 973 749 73 728 470 732 364 402 453 785 523 1002 957 685 474 272 317 494 60 384 
474 183 342 274 994 614 803 465 257 78 23 797 409 776 61 194 657 813 951 666 222 315 405 336 702 1004 919 92 539 927 239 767 791 42 982 231 879 355 925 24 226 435 337 257 640 787 282 767 392 440 339 532 100 265 586 16 885 281 470 775 153 288 256 235 461 349 369 279 0 967 143 815 384 213 711 251 899 503 182 156 219 923 482 285 9 70 698 270 249 172 
843 271 690 163 701 105 397 444 518 258 779 888 308 1008 878 49 1003 893 679 543 111 314 356 418 35 561 895 851 211 978 299 869 502 373 142 387 763 182 300 144 300 149 614 636 201 45 418 1013 308 198 496 291 825 857 426 981 259 804 943 982 769 50 249 894 498 688 922 148 970 0 62 672 625 473 939 785 735 764 670 337 68 769 390 894 395 365 274 811 341 930 
731 23 631 19 911 823 54 529 664 75 690 253 932 243 868 224 27 307 635 574 538 218 669 91 690 45 635 367 55 962 513 759 435 389 440 308 61 612 580 432 32 746 283 780 516 233 400 351 638 197 223 213 408 257 901 646 593 468 525 891 857 897 850 489 991 476 447 956 140 69 0 983 389 924 984 577 239 907 61 261 662 149 609 237 953 652 734 882 20 578 
971 232 707 718 205 967 822 836 667 495 309 152 286 11 972 770 90 70 54 332 476 714 716 496 619 792 306 26 418 304 732 573 97 137 642 486 13 906 604 935 80 190 922 787 533 326 397 971 315 424 9 266 406 950 138 506 75 359 475 254 191 614 134 719 32 814 346 741 809 685 984 0 168 193 253 573 140 777 149 732 403 189 24 901 177 662 483 525 189 151 
674 623 196 680 970 805 872 453 638 837 406 514 413 779 235 901 979 158 755 921 321 783 772 963 605 179 244 611 842 915 153 201 666 485 424 78 831 556 106 156 390 792 88 642 876 619 66 105 307 58 31 336 946 685 371 284 843 75 688 544 958 664 724 204 828 797 39 70 398 624 374 163 0 944 309 402 1004 240 965 166 330 338 803 639 589 310 95 613 536 170 
620 51 208 939 822 856 356 823 163 192 737 939 783 522 347 4 466 785 190 532 628 181 22 850 899 863 616 88 523 755 496 725 946 750 934 306 900 417 362 180 220 490 403 845 597 135 200 80 527 646 724 889 647 10 249 885 529 876 516 201 480 219 786 95 430 213 530 734 211 458 913 180 958 0 796 221 92 733 314 131 750 70 55 193 107 109 762 43 769 962 
196 18 980 159 556 866 856 107 638 677 469 548 841 921 917 769 726 101 588 89 375 846 281 514 727 589 50 705 797 821 608 413 478 511 843 458 461 1000 743 742 888 381 14 103 327 791 309 943 758 473 1002 543 759 566 447 747 621 336 711 754 537 673 614 964 970 365 117 458 705 957 990 250 307 790 0 429 633 625 400 653 948 563 488 117 447 197 310 491 255 366 
270 584 926 547 813 309 899 416 836 239 874 861 797 168 712 141 698 512 758 328 960 906 430 611 927 311 335 295 50 826 952 166 902 410 463 714 308 972 143 321 323 793 171 733 729 909 551 976 516 48 984 892 358 767 290 350 174 746 651 588 613 590 508 597 82 939 500 740 251 787 566 588 392 228 411 0 973 197 104 827 626 300 323 41 198 828 48 486 282 673 
711 939 877 795 778 628 758 329 262 20 580 607 486 540 872 435 606 527 925 75 668 628 712 944 913 895 283 498 684 407 464 708 773 974 433 823 858 288 470 424 844 653 853 387 616 413 512 337 170 477 614 350 177 740 310 737 587 967 638 198 189 618 619 230 633 815 645 364 913 731 250 133 1010 89 642 990 0 769 419 555 513 595 617 354 761 587 200 867 575 463 
841 182 450 917 929 482 183 798 176 676 977 199 937 210 838 701 859 614 10 185 780 699 796 886 305 34 649 914 594 98 775 131 788 331 168 19 844 787 839 405 857 806 311 18 258 38 831 1003 557 161 24 466 805 328 421 385 724 106 965 80 512 78 632 640 612 299 995 395 500 767 914 791 245 724 633 186 788 0 624 586 44 551 327 807 512 306 778 447 646 380 
38 957 640 87 52 463 135 372 93 657 619 592 387 858 598 824 782 366 397 395 730 122 529 103 144 690 920 146 778 181 650 569 189 258 602 184 784 24 117 493 7 687 625 633 232 735 252 246 170 957 653 380 206 287 261 754 500 581 19 643 192 201 588 506 19 857 869 456 179 671 70 165 966 297 400 101 419 634 0 141 28 985 29 33 417 362 67 576 76 846 
183 966 415 612 117 32 899 662 934 776 336 827 959 298 165 837 594 527 795 337 127 846 169 519 164 598 149 282 839 693 95 73 538 212 414 563 210 541 594 345 844 492 607 380 465 574 101 541 945 503 971 260 978 998 243 682 93 239 822 849 339 787 75 229 448 463 984 788 149 336 246 740 173 134 643 812 557 586 150 0 497 633 439 902 146 659 480 86 291 297 
709 895 253 500 289 813 110 314 845 195 405 719 207 291 597 282 367 761 586 910 244 452 213 105 631 284 240 991 645 824 169 143 399 380 30 636 233 604 229 636 211 130 81 573 220 884 869 352 659 138 289 699 596 340 86 99 969 80 375 26 395 36 109 561 654 933 265 535 224 78 652 414 340 752 952 626 521 37 29 489 0 406 475 838 953 246 941 395 836 954 
799 313 519 603 834 887 118 390 591 982 958 466 172 982 980 583 987 395 750 618 691 437 131 88 652 128 506 267 90 736 716 749 979 572 60 399 957 187 680 714 508 400 135 920 936 326 84 350 29 113 742 586 361 129 652 909 598 34 534 683 429 621 704 506 151 722 388 1000 932 756 153 174 340 65 556 300 589 562 996 645 405 0 228 597 19 825 925 251 729 657 
541 124 465 584 326 110 66 117 534 873 491 963 42 249 771 110 304 135 825 669 451 525 552 820 466 496 625 221 119 334 551 618 130 685 387 367 790 342 202 149 959 428 867 844 19 661 622 636 20 667 838 876 426 250 316 139 948 783 763 265 481 516 345 250 483 584 940 952 485 376 611 32 795 62 490 328 604 331 34 442 468 244 0 244 326 481 141 214 595 299 
460 497 738 894 694 491 316 473 693 974 153 727 860 477 273 1011 335 206 52 567 572 103 744 85 143 851 901 229 57 480 845 987 299 180 979 289 436 93 680 242 165 733 762 603 117 113 424 327 119 427 217 517 97 743 362 377 585 626 742 64 403 434 450 298 782 487 56 704 281 907 237 909 657 206 115 30 351 807 28 904 824 593 227 0 390 818 690 641 750 563 
249 765 220 774 961 793 864 631 438 721 28 171 846 820 280 509 465 104 937 9 335 55 851 199 567 311 442 295 492 188 987 457 216 882 56 141 864 702 284 312 262 552 40 397 514 614 58 402 451 48 951 226 298 715 1012 679 590 713 116 227 615 303 722 523 814 785 930 476 5 407 948 171 591 97 434 209 772 512 416 160 947 16 342 388 0 931 697 334 545 291 
1002 188 39 417 411 660 150 894 179 76 525 452 953 723 887 163 587 367 1006 620 471 765 671 179 259 369 960 52 111 852 269 819 559 986 377 464 74 701 661 110 114 856 252 408 598 570 104 892 357 453 556 922 358 660 78 842 442 485 559 858 735 386 872 450 202 701 105 278 68 370 659 663 317 98 197 822 586 306 370 653 245 845 481 821 924 0 927 557 480 392 
866 104 802 30 541 825 849 337 856 458 832 754 811 880 68 45 252 1009 582 281 323 562 506 647 277 324 325 447 376 327 898 563 375 1016 480 575 490 44 628 228 508 671 640 597 670 966 123 120 754 729 804 382 507 818 598 729 247 659 625 167 348 264 680 437 895 29 792 313 687 272 743 489 87 766 312 41 191 779 80 496 947 932 140 688 694 927 0 282 743 1012 
67 1014 7 258 274 59 566 22 921 358 298 984 278 37 638 337 640 591 137 559 732 53 806 809 138 207 868 161 556 288 810 919 525 128 45 63 557 115 407 798 609 730 673 379 727 97 16 677 146 989 449 80 843 604 412 531 523 721 788 319 483 688 435 285 525 443 610 496 267 814 872 524 629 47 485 482 869 435 585 68 387 260 213 649 318 546 288 0 550 941 
1000 325 953 224 392 738 737 758 689 753 314 344 378 430 621 263 467 441 1010 71 523 807 866 773 129 569 419 430 452 988 644 901 130 578 790 303 393 557 67 541 487 600 383 444 251 432 444 832 644 771 220 764 1000 992 510 994 528 99 820 422 832 163 332 500 802 837 986 50 249 331 13 180 538 781 250 274 565 653 77 297 836 718 587 756 534 478 732 548 0 251 
899 625 516 559 380 105 671 525 40 653 298 379 841 698 957 817 737 689 714 49 771 38 965 194 885 810 360 806 973 500 175 484 504 210 188 675 149 796 920 818 172 684 28 607 699 479 95 96 750 260 366 501 20 83 704 647 240 442 298 440 91 618 288 761 879 117 460 377 160 943 585 158 183 949 372 680 461 375 844 298 958 649 307 574 293 389 1009 934 249 0 

Depot information
1
1
1
1
1

Customer information
1
1
1
1
1
1
1
1
1
1
1
1
1
1
1
1
1
1
1
1
1
1
1
1
1
1
1
1
1
1
1
1
1
1
1
1
1
1
1
1
1
1
1
1
1
1
1
1
1
1
1
1
1
1
1
1
1
1
1
1
1
1
1
1
1
1
1
1
1
1
1
1
1
1
1
1
1
1
1
1
1
1
1
1
1
