Seed 123 - Instance: n85m10_2
n 85
m 10
Q 9999
L 4
U 17

0 711 131 459 388 519 832 182 50 613 267 182 13 767 677 585 616 669 578 153 902 284 698 31 830 506 277 209 872 1000 609 539 230 884 853 605 913 503 338 809 843 50 296 352 361 216 490 68 47 929 387 60 984 640 498 472 85 920 201 559 165 978 516 855 472 836 493 966 133 244 488 248 552 818 838 293 478 360 373 664 241 442 356 834 786 488 592 22 880 232 35 873 881 363 348 
719 0 238 103 20 487 597 737 484 231 997 785 445 854 167 729 744 929 955 209 79 453 913 382 615 818 768 592 313 187 37 267 851 507 442 362 540 243 459 732 562 276 779 829 312 431 72 900 774 268 537 551 976 94 1011 660 532 589 175 671 137 853 478 808 75 910 513 883 160 299 212 731 733 581 935 788 994 741 394 362 872 618 208 881 344 493 318 398 135 955 703 602 924 361 100 
144 227 0 772 669 486 573 998 101 991 590 848 697 319 657 49 508 549 756 719 884 187 617 892 875 758 571 594 727 1004 1012 574 737 255 782 356 724 99 632 156 885 858 801 470 753 851 484 43 243 139 780 741 961 594 870 38 158 214 283 445 564 138 521 209 1010 186 704 924 838 520 210 46 102 360 860 118 485 875 944 462 274 912 120 124 46 41 665 962 246 63 203 990 465 658 802 
462 93 777 0 258 750 770 113 940 851 607 904 847 124 787 598 38 277 342 819 353 504 519 978 80 306 444 416 485 653 212 739 949 919 526 110 949 341 978 423 144 96 381 986 196 714 1014 152 311 319 502 582 999 336 99 398 763 152 180 678 529 935 218 824 788 510 849 639 359 224 180 747 511 580 372 907 502 914 948 854 577 888 680 369 679 535 741 290 147 723 880 935 751 289 526 
387 37 657 239 0 24 909 166 310 922 15 719 419 26 523 195 178 535 185 436 1005 431 140 200 593 607 201 295 546 627 956 430 130 205 944 492 168 905 876 285 671 607 357 880 747 1001 340 561 798 847 261 348 140 915 55 231 851 634 799 640 118 413 780 503 362 873 703 463 22 586 540 783 441 795 54 184 21 159 904 547 240 745 722 481 488 606 489 559 49 875 676 335 836 309 941 
511 483 475 759 28 0 587 384 112 453 242 940 316 554 12 901 361 900 210 695 922 668 895 470 521 115 638 859 461 808 140 545 314 198 186 190 865 704 797 518 778 458 457 834 448 87 529 180 502 724 843 184 367 609 204 663 723 740 752 47 848 796 710 224 113 220 252 748 592 580 773 190 98 776 564 546 351 304 46 715 370 94 299 690 316 346 872 481 36 26 700 653 441 24 53 
840 586 569 775 915 578 0 578 526 347 982 970 258 106 57 663 792 83 268 984 272 59 488 68 149 468 86 564 172 409 695 974 395 882 872 226 811 164 925 196 488 289 209 40 976 212 394 483 898 202 328 932 15 452 774 213 809 281 253 791 911 643 810 212 777 669 811 420 406 678 866 352 813 332 346 284 129 855 494 642 756 275 828 833 685 659 538 391 630 506 34 1012 499 246 623 
191 735 1006 113 151 382 580 0 809 532 47 43 280 137 804 860 450 463 1001 671 763 1012 245 191 222 228 642 207 91 126 618 381 150 697 858 303 854 399 67 380 469 696 322 479 275 608 747 358 559 391 726 17 421 150 102 374 1017 37 475 275 757 302 178 290 449 735 98 879 333 12 631 190 26 517 404 42 251 843 888 745 337 532 894 580 355 694 802 707 858 739 415 106 798 227 810 
68 485 94 934 302 127 541 813 0 531 163 559 431 256 458 656 239 527 105 38 144 245 705 551 469 299 971 631 164 886 75 928 580 54 35 371 242 974 640 694 64 489 224 870 162 429 613 1003 1003 551 214 809 160 595 284 531 406 111 622 549 960 18 628 650 75 226 523 688 800 539 143 621 186 170 97 281 764 205 452 612 536 395 555 373 425 781 647 815 568 955 188 62 362 95 403 
605 239 1004 850 939 450 345 544 529 0 623 15 389 35 845 563 732 239 146 341 111 466 323 251 55 73 394 701 916 729 708 892 75 200 496 48 189 976 356 738 440 156 676 176 790 479 184 241 522 635 559 274 328 177 982 466 98 651 136 248 402 642 307 263 46 70 1003 779 135 745 86 447 529 631 688 48 46 556 896 383 787 101 346 791 78 934 750 764 950 268 275 255 197 8 847 
257 991 576 608 8 245 983 56 160 612 0 544 195 458 819 424 624 858 530 743 807 288 760 482 603 413 987 975 343 242 14 906 444 181 610 742 184 997 111 393 41 798 15 396 47 736 1009 576 732 666 603 777 684 832 497 134 861 654 233 748 44 618 573 757 974 692 560 768 133 502 451 441 821 537 999 843 800 709 162 826 407 191 970 804 513 555 345 476 314 30 767 970 326 610 477 
191 791 851 907 720 934 975 27 543 10 552 0 472 611 28 562 658 650 327 157 910 820 898 810 566 293 890 103 346 664 727 876 786 511 677 737 59 165 42 201 997 481 622 708 574 900 21 479 859 506 571 13 523 834 616 325 184 671 51 110 350 652 399 85 692 652 455 203 435 39 920 407 740 988 853 920 141 62 358 68 669 821 19 320 494 435 297 452 483 182 657 40 708 337 940 
23 438 697 845 430 303 257 279 446 379 210 492 0 361 105 894 194 483 994 928 294 958 171 227 716 464 397 238 804 895 110 578 664 364 893 303 311 164 426 186 849 169 48 724 211 373 788 428 177 502 484 893 230 90 259 104 403 644 1016 971 102 575 414 113 933 315 969 149 473 441 165 968 265 378 729 805 283 678 603 276 258 858 680 27 346 509 851 623 748 770 858 379 855 521 151 
776 846 317 137 15 550 118 144 248 31 452 612 378 0 262 653 598 986 97 980 901 678 507 516 433 513 142 504 975 607 19 658 765 241 753 241 782 337 967 334 887 759 762 189 453 166 815 591 851 299 882 767 179 915 599 391 760 999 656 157 812 243 229 832 392 717 1017 256 58 358 115 461 312 530 264 23 968 989 78 548 623 522 696 916 675 108 23 31 241 529 417 535 281 647 354 
675 184 672 784 525 28 66 808 466 845 816 41 118 272 0 380 562 271 325 530 693 897 278 160 54 511 436 568 533 299 747 627 183 233 59 960 937 804 502 61 587 379 506 803 526 386 536 984 657 75 800 203 570 26 909 58 62 447 474 351 840 878 1014 836 426 451 243 635 116 641 270 109 789 72 914 382 588 478 568 178 242 282 738 458 408 186 888 1011 127 89 53 679 27 731 273 
575 733 50 611 194 907 670 847 648 552 409 559 887 658 372 0 419 588 242 926 19 836 912 506 920 11 341 704 156 342 22 757 637 525 375 771 784 481 362 724 416 575 764 150 727 596 994 683 207 905 575 123 472 252 236 126 643 523 881 456 543 712 54 130 40 894 85 570 188 743 467 391 383 794 247 61 120 874 984 30 523 52 248 576 187 180 515 750 868 883 178 376 715 263 660 
609 726 519 30 171 354 784 462 228 731 621 660 191 599 562 414 0 10 922 331 483 661 14 188 754 59 497 682 166 217 870 937 551 284 140 287 844 920 624 725 908 700 101 575 596 561 329 304 810 309 680 993 95 764 444 300 414 833 101 677 286 359 178 113 755 357 265 298 30 208 397 729 274 886 73 206 493 184 962 512 11 151 157 934 477 882 662 871 204 196 455 110 574 568 400 
672 940 552 266 516 903 86 459 532 243 853 658 487 995 284 590 7 0 771 739 158 424 250 597 595 173 178 351 711 158 219 133 381 747 832 861 382 629 850 413 122 937 814 767 234 390 481 813 103 95 345 265 760 730 272 434 852 686 408 352 150 458 623 391 352 424 639 541 281 867 548 855 934 655 893 936 203 574 937 532 501 256 370 723 687 896 452 49 711 120 341 753 670 24 904 
565 943 756 341 178 218 264 991 92 126 538 341 1010 112 318 247 914 775 0 55 155 906 624 217 908 353 789 784 703 589 901 421 33 468 904 440 892 915 86 147 549 478 56 428 335 867 32 92 754 655 562 813 692 652 487 850 812 189 284 153 731 45 478 994 960 958 772 849 91 622 325 235 932 826 656 462 593 538 948 439 228 77 565 700 437 238 737 903 257 466 646 455 745 913 582 
143 215 718 825 436 694 988 678 40 334 742 164 926 976 527 920 316 741 44 0 133 734 483 648 887 492 575 944 196 446 732 754 121 902 410 716 468 145 309 959 435 189 395 215 620 815 406 162 462 135 568 561 912 879 707 702 157 552 462 888 251 593 452 109 93 897 88 969 426 36 202 500 402 939 496 843 348 302 966 849 206 172 603 617 702 233 124 677 887 353 413 546 644 620 600 
906 92 886 340 1008 922 282 766 142 129 822 903 280 898 685 13 499 162 174 135 0 263 773 573 94 299 34 394 109 491 987 72 942 416 335 79 32 926 899 796 540 423 951 518 975 204 26 332 807 850 339 1001 317 29 766 918 569 429 552 306 123 557 545 353 550 620 910 66 406 843 779 529 244 42 476 486 13 861 418 157 1010 296 392 804 723 77 506 240 619 287 916 313 188 751 635 
296 455 181 513 434 673 48 1016 234 453 297 823 951 684 899 839 666 439 908 727 264 0 563 572 828 514 294 148 443 321 467 189 512 441 437 42 629 561 259 67 946 649 159 444 717 211 63 644 723 610 300 843 325 430 721 462 374 240 996 500 404 616 829 421 91 537 731 330 194 742 783 489 987 338 581 173 361 324 126 219 430 923 457 764 347 735 909 1010 30 59 334 310 88 710 195 
688 932 627 523 127 899 480 244 695 319 772 896 168 508 290 902 15 249 640 475 767 558 0 598 326 615 757 631 1006 575 901 660 903 411 787 633 295 179 371 346 21 325 632 188 13 458 838 413 1001 745 691 645 424 16 842 62 737 902 278 843 755 629 113 842 943 710 898 121 920 190 735 375 345 264 828 698 872 666 905 335 293 998 261 588 980 348 69 961 199 817 176 703 954 947 963 
46 384 887 980 204 469 59 203 545 248 484 820 227 519 168 505 182 599 217 668 585 578 611 0 234 252 858 304 798 112 98 520 741 706 345 894 106 423 663 51 379 30 642 969 671 58 992 575 525 1000 156 465 49 601 932 762 456 622 509 446 585 666 200 173 709 452 337 822 538 746 1002 196 329 709 259 525 144 375 646 925 921 580 650 620 660 56 622 936 995 614 913 78 623 573 621 
827 604 883 82 597 539 159 230 474 53 613 560 717 432 52 914 761 583 922 881 91 834 328 248 0 202 560 847 949 398 793 112 45 616 476 329 860 299 587 83 735 390 936 584 129 325 16 771 481 382 731 762 650 161 626 363 773 417 899 268 103 255 405 54 384 911 363 563 790 494 340 571 104 148 229 634 283 919 641 470 961 806 458 456 473 365 854 599 499 332 170 166 726 370 662 
510 833 752 291 593 125 478 227 314 59 406 277 459 513 530 8 59 179 340 489 306 516 612 254 189 0 572 592 193 79 668 384 637 503 854 752 645 206 919 407 58 64 572 232 956 17 151 298 936 258 680 824 648 411 748 533 550 675 736 215 17 509 767 601 174 906 504 11 470 259 755 948 827 236 423 529 578 906 227 916 672 635 697 552 707 567 706 329 621 65 454 216 807 522 170 
270 772 575 433 214 635 84 643 963 407 982 895 398 146 436 349 496 163 794 588 42 301 760 865 566 588 0 329 188 628 612 333 947 253 642 420 510 388 289 141 512 182 725 509 739 956 259 467 556 835 703 21 694 896 500 418 103 555 18 176 431 931 893 1002 909 758 189 421 232 280 924 592 954 141 803 587 94 166 658 629 639 696 692 219 584 295 977 1006 644 142 764 196 686 126 648 
218 579 592 415 281 855 574 198 621 704 974 116 231 504 557 701 676 350 792 942 391 165 636 292 856 588 343 0 476 496 410 361 50 561 394 66 175 131 341 513 910 127 99 487 566 315 569 506 608 977 188 912 290 79 524 926 399 418 561 331 13 59 776 726 438 909 988 597 184 156 869 839 552 843 657 709 79 149 533 998 757 648 331 66 797 773 865 158 689 544 65 400 472 576 545 
874 319 729 472 536 459 159 95 166 918 330 354 795 981 547 160 157 719 717 209 93 426 1002 802 966 183 202 476 0 460 650 17 216 311 89 672 970 663 75 133 605 424 836 513 508 221 224 141 57 407 727 327 691 276 521 947 208 853 919 901 900 722 406 583 939 250 822 860 341 72 437 807 875 384 625 611 282 356 275 452 751 993 274 460 599 101 808 959 896 464 28 21 727 478 343 
994 184 988 648 626 816 400 117 896 720 262 672 890 616 298 339 231 162 597 452 487 319 580 115 399 69 634 493 458 0 507 180 319 804 766 555 649 325 269 893 328 620 371 613 314 644 350 660 627 736 1000 806 442 730 756 659 65 783 400 574 683 967 416 134 525 812 608 451 743 261 718 341 101 839 30 283 339 922 43 404 88 962 550 455 531 690 396 573 882 904 601 603 644 997 227 
603 36 1016 201 951 143 703 623 63 700 26 720 119 19 745 17 882 231 907 735 989 468 906 84 785 671 609 398 655 506 0 383 390 855 537 721 898 158 84 697 139 24 112 834 612 790 448 968 777 432 536 934 1014 683 837 801 406 817 483 717 973 748 542 965 301 567 990 128 284 30 254 537 412 721 71 611 425 455 541 24 833 804 714 740 614 485 794 98 942 933 505 976 351 711 890 
528 260 576 730 429 539 980 380 913 881 910 876 578 661 635 759 925 134 428 752 69 193 665 522 103 392 351 349 30 189 387 0 589 207 191 645 949 159 963 904 113 916 825 294 477 771 60 243 364 312 700 157 998 235 170 878 277 397 911 944 209 874 531 337 909 366 649 554 859 155 165 727 704 986 860 174 19 103 827 653 332 424 635 931 64 836 148 177 517 282 285 158 81 695 792 
249 849 720 937 120 319 402 132 592 78 458 776 662 772 183 645 559 384 25 123 926 524 909 734 26 642 951 49 204 311 386 593 0 843 919 895 652 236 42 741 98 29 255 507 101 592 274 694 372 75 154 17 22 973 532 570 379 616 559 25 284 844 885 29 383 23 924 700 590 647 731 497 233 359 457 451 206 33 663 101 735 38 964 621 534 39 163 279 702 922 951 781 885 679 984 
885 508 246 925 217 210 896 700 48 208 175 507 362 250 245 525 295 765 451 899 427 435 412 715 599 501 244 554 306 794 867 191 839 0 822 935 395 640 734 70 257 661 294 368 248 353 244 688 625 667 811 862 426 633 40 351 16 77 737 984 1001 150 54 164 985 356 843 777 17 685 168 591 271 55 944 564 546 144 919 865 44 962 278 273 659 470 127 981 436 995 297 969 646 151 807 
861 452 783 539 948 188 869 849 24 490 604 664 893 747 53 358 153 830 907 426 328 442 788 359 472 847 639 410 76 767 545 197 921 823 0 582 226 174 122 168 415 295 450 912 770 961 30 102 237 363 755 399 227 94 714 854 644 685 97 899 678 472 798 842 868 460 428 624 765 713 574 46 582 870 517 490 287 872 387 804 325 399 322 912 465 609 845 514 582 858 587 897 185 76 839 
602 376 356 107 498 188 216 302 388 64 741 737 318 235 960 779 276 866 459 726 77 49 636 891 347 744 406 48 665 566 727 652 888 938 585 0 143 272 609 15 535 914 657 673 774 685 898 998 905 202 249 715 444 159 615 456 191 35 152 785 30 267 259 466 774 905 991 785 907 514 822 669 572 907 195 142 425 798 981 719 704 155 867 804 588 342 458 995 623 427 933 656 888 237 553 
893 544 732 950 179 855 813 853 248 171 183 56 328 790 936 786 857 367 901 472 34 626 296 120 870 649 526 184 981 638 902 950 638 388 222 146 0 518 688 734 611 495 930 828 767 569 34 629 848 597 783 489 749 698 189 103 48 650 474 141 566 915 63 389 165 134 565 928 389 876 322 457 989 313 412 482 602 718 32 570 756 717 258 709 706 636 808 233 422 649 91 840 990 362 113 
516 251 104 349 899 703 167 398 983 979 997 167 157 337 805 485 918 630 928 156 907 557 193 421 301 203 374 128 666 317 146 153 236 630 171 256 534 0 774 550 865 761 57 772 100 641 613 205 672 547 190 414 825 908 711 854 779 954 538 480 686 279 636 462 69 269 76 212 709 239 259 407 965 966 221 443 505 963 267 693 132 858 330 912 266 733 130 116 143 293 76 335 10 776 273 
348 459 645 986 882 788 930 68 642 352 117 42 429 962 519 358 632 849 86 301 894 249 370 661 586 922 289 337 77 277 74 971 34 751 132 608 693 768 0 849 866 485 747 83 671 44 601 239 370 990 195 111 748 159 81 845 914 832 374 671 373 31 387 107 463 219 972 221 687 548 995 281 909 992 752 914 923 450 44 202 58 28 7 937 993 505 298 934 629 848 948 310 365 166 889 
789 724 152 423 268 522 208 368 699 752 384 186 190 323 58 716 729 417 150 962 808 78 362 60 73 406 139 499 138 893 682 917 740 58 177 23 735 553 868 0 607 68 186 37 862 736 932 888 552 866 632 640 448 695 452 662 769 437 115 471 82 989 260 780 365 930 636 291 509 140 804 75 763 186 711 580 992 671 449 672 994 859 739 77 144 499 18 809 747 946 142 148 189 268 888 
834 564 892 131 673 782 492 475 64 440 37 999 846 901 583 418 899 120 544 438 533 939 37 394 733 59 509 926 608 322 130 117 81 247 415 541 610 873 857 611 0 677 635 315 430 593 942 809 85 739 779 218 277 700 82 783 645 561 225 221 958 741 306 458 165 533 195 387 226 390 674 443 72 663 656 558 655 323 16 424 765 856 726 573 866 639 256 732 647 278 810 539 231 952 650 
46 278 843 91 605 459 294 702 493 162 797 478 172 751 383 576 703 953 481 188 432 649 328 43 388 53 183 140 425 632 19 916 39 670 306 900 501 756 484 68 663 0 212 737 152 431 976 339 956 576 73 171 645 693 169 295 497 794 941 717 507 423 447 698 147 391 173 408 202 184 263 941 275 967 602 484 946 699 644 393 659 295 414 203 138 504 647 331 74 922 886 409 917 804 128 
298 786 793 380 338 447 218 329 231 681 12 612 59 776 505 765 106 813 59 393 943 172 619 650 937 573 718 113 832 363 116 831 237 290 437 663 931 52 744 193 636 210 0 901 572 911 861 194 306 810 642 192 125 854 794 976 515 819 385 28 626 901 547 834 548 176 23 770 996 982 926 829 120 428 75 292 117 9 345 212 928 615 122 230 947 125 564 511 101 106 450 575 454 503 971 
359 830 466 982 865 832 45 489 868 167 394 714 718 179 799 145 586 771 429 214 519 444 191 976 577 234 518 493 519 613 829 294 497 368 912 665 815 775 93 47 317 734 890 0 849 353 354 412 472 150 802 377 948 72 610 18 75 871 500 664 260 589 358 174 952 363 560 721 247 347 552 755 714 883 327 273 952 120 171 747 886 930 494 479 649 926 146 1001 22 631 660 135 753 316 916 
373 309 743 198 747 431 988 269 157 792 31 579 194 458 518 712 606 244 319 611 978 707 6 665 128 950 727 565 513 296 627 475 85 253 758 764 765 106 664 866 427 134 579 857 0 608 166 917 204 933 898 413 200 640 32 699 168 97 768 831 94 96 931 452 70 596 939 200 24 485 583 588 698 151 908 334 747 465 476 142 981 809 244 447 706 929 136 769 731 308 634 561 202 952 769 
223 431 861 707 1001 91 212 604 438 469 745 902 363 162 404 595 565 399 869 815 216 209 465 70 326 13 953 309 213 638 789 759 592 346 973 682 559 640 42 747 578 441 905 368 606 0 286 264 445 668 886 51 653 423 822 479 880 189 430 458 624 967 451 763 490 553 937 520 60 898 550 849 159 814 921 582 686 768 187 955 93 631 848 957 287 43 100 465 715 102 175 661 851 186 130 
487 84 503 1015 342 529 399 756 619 172 999 30 781 816 542 991 329 483 36 405 38 67 839 999 27 156 262 561 225 350 435 56 284 250 16 896 31 620 594 927 956 958 864 349 171 292 0 571 782 892 395 914 940 333 218 804 918 804 164 827 152 281 563 691 890 988 576 903 377 412 184 561 883 130 549 730 269 611 843 674 729 348 533 739 357 967 157 639 649 952 51 960 436 183 896 
67 891 40 143 565 182 485 371 1010 251 570 475 430 600 984 682 295 801 91 171 334 657 420 572 767 301 471 489 143 674 982 237 700 689 96 1005 634 198 249 893 805 336 189 403 928 268 571 0 157 641 577 531 642 885 969 22 512 520 877 157 446 935 848 121 589 23 585 273 622 131 873 180 922 462 233 984 69 575 1006 540 73 96 909 836 213 723 178 335 493 264 948 601 741 477 779 
42 764 247 324 803 503 896 567 997 524 738 875 177 867 666 212 809 99 745 456 814 717 1004 538 480 940 538 606 59 625 759 362 356 621 226 886 842 676 364 538 97 965 304 465 204 440 771 152 0 301 786 844 225 338 226 169 736 544 427 677 599 287 221 636 359 107 373 452 611 1005 511 389 59 1000 464 336 77 1015 440 345 483 656 413 943 479 152 359 861 26 671 70 599 556 787 228 
922 285 143 319 854 726 208 403 555 635 673 516 505 299 64 917 316 102 662 139 866 612 736 1006 382 265 836 984 410 735 418 313 59 656 366 209 595 553 985 864 747 584 804 147 937 680 903 650 292 0 1001 209 733 957 545 47 235 73 284 968 781 272 920 568 25 987 156 93 1017 371 748 650 979 746 475 600 875 36 139 808 943 964 507 120 349 536 54 184 318 926 139 271 239 254 1005 
398 548 766 509 265 831 339 725 218 554 588 572 488 888 795 565 679 348 573 563 352 311 692 150 745 671 708 189 731 1001 532 690 153 814 742 249 769 193 197 625 790 61 652 815 903 892 384 573 793 994 0 292 881 766 557 935 527 70 79 711 816 144 401 591 784 807 339 917 459 226 858 547 226 927 859 818 389 653 424 314 497 522 566 472 613 306 882 18 661 225 331 746 482 375 178 
57 548 737 582 339 180 921 15 803 286 774 9 893 766 221 125 1005 262 832 560 1001 840 657 454 773 828 15 912 315 797 923 172 6 870 400 709 494 405 116 636 218 170 199 371 403 61 919 525 837 197 287 0 919 142 936 320 803 312 1001 235 338 30 83 514 505 135 846 966 948 606 843 94 873 387 894 36 221 141 407 914 56 753 468 700 243 539 610 800 196 929 626 566 263 135 884 
988 989 950 995 135 358 10 436 160 334 686 509 229 184 579 466 99 741 697 899 307 328 438 57 653 647 679 304 683 439 1004 1012 28 420 215 436 737 814 750 432 263 655 118 947 211 665 944 648 220 718 888 924 0 262 61 870 624 401 943 914 156 379 268 871 942 129 578 573 602 879 725 431 438 283 174 77 488 18 322 936 446 680 731 550 633 664 992 793 228 285 694 628 801 318 548 
635 105 597 345 916 595 449 160 605 182 834 830 90 900 19 259 761 738 642 874 33 429 23 617 168 411 884 91 278 730 692 216 972 621 94 149 699 896 143 709 703 695 848 55 621 431 349 892 344 939 760 155 277 0 740 923 159 457 668 548 95 625 962 420 353 475 902 521 869 95 946 991 369 92 284 752 744 123 108 38 298 97 790 205 475 773 681 931 310 830 521 731 157 588 535 
504 1009 870 95 48 204 769 101 284 977 492 625 269 596 918 245 438 266 489 703 770 720 846 934 630 755 502 512 522 759 836 170 524 39 711 619 185 719 82 446 73 169 786 598 27 813 216 969 236 540 560 918 66 727 0 602 89 429 782 562 973 815 772 162 336 358 763 119 425 592 562 141 5 393 604 831 246 793 231 794 719 164 409 658 948 613 941 758 226 370 597 1015 882 329 820 
472 653 33 399 212 648 200 376 535 463 135 306 91 400 49 129 299 436 856 719 937 465 77 752 360 533 414 926 952 669 804 871 567 348 853 463 110 849 851 668 778 304 981 7 706 485 798 17 171 58 937 311 884 939 592 0 535 432 334 376 61 27 668 362 725 507 98 952 477 378 710 265 953 233 804 123 392 385 336 85 393 978 697 142 249 567 98 102 319 77 726 628 695 870 57 
83 523 162 757 844 741 802 1009 408 83 849 184 404 776 58 636 424 850 798 163 551 376 735 451 788 551 98 408 210 56 410 270 369 18 664 195 35 766 930 754 653 503 501 74 161 872 915 523 728 226 531 818 623 151 76 539 0 843 280 41 987 165 351 679 164 428 99 903 642 258 524 114 100 368 946 716 151 743 606 495 759 400 545 747 629 414 10 181 552 364 565 996 659 616 970 
923 592 206 135 627 723 276 27 107 646 660 661 635 992 447 520 835 675 186 558 421 243 905 617 406 680 549 420 840 776 820 393 615 75 694 36 654 953 839 423 566 785 808 874 98 175 808 519 546 60 81 303 402 460 416 444 847 0 111 146 96 247 806 927 582 110 986 526 935 929 527 829 69 790 275 964 932 63 416 248 868 74 709 848 307 910 860 592 151 982 680 399 716 355 696 
192 175 291 193 790 770 251 486 621 142 223 42 1010 666 491 871 91 409 295 468 545 1003 296 506 891 734 15 560 936 400 487 911 569 736 94 138 470 544 363 103 218 935 375 507 786 421 175 869 431 284 72 1001 930 657 792 334 294 119 0 316 666 957 960 730 712 1006 632 584 244 505 486 299 139 418 894 708 173 342 377 534 123 710 452 29 562 330 747 735 235 214 757 263 456 784 203 
541 684 449 671 624 51 796 271 534 264 743 108 973 158 352 441 690 344 150 877 308 508 839 434 263 217 183 331 914 581 724 943 33 990 905 773 136 498 676 472 224 727 23 674 834 462 820 155 674 977 712 227 900 548 561 375 41 155 318 0 292 551 158 666 252 820 222 447 914 246 766 556 647 609 239 716 249 116 361 366 242 195 278 779 212 336 609 510 670 641 20 208 11 469 536 
171 150 568 527 123 839 911 763 953 419 46 348 90 805 833 551 279 151 738 246 120 394 745 596 94 20 441 20 901 684 969 204 291 991 679 27 566 675 372 86 953 521 634 248 96 634 157 440 596 781 799 333 147 84 963 71 1000 96 650 290 0 868 111 711 7 689 674 682 242 696 166 74 884 534 348 739 535 466 456 242 305 1007 152 732 140 22 829 840 39 173 84 910 984 486 69 
976 840 140 932 411 785 638 303 19 646 611 646 570 245 876 728 358 445 43 598 561 604 631 671 255 503 928 65 720 965 751 860 829 153 466 280 915 268 35 1000 739 429 913 587 95 952 298 932 268 282 152 41 395 623 825 26 158 233 972 557 876 0 879 564 100 821 277 999 690 110 535 657 592 869 639 201 882 304 269 843 148 598 445 861 566 430 392 580 729 944 239 696 21 868 737 
520 487 513 226 788 701 801 181 634 300 573 391 422 222 1011 56 171 632 471 451 544 831 106 212 401 769 903 785 422 418 546 523 897 61 782 265 69 633 377 258 311 437 552 342 923 460 552 849 215 921 399 85 278 966 770 666 342 821 959 143 108 872 0 650 291 362 104 865 235 205 144 327 648 755 192 762 553 447 719 663 421 638 195 669 353 980 847 741 304 352 192 662 691 303 124 
843 814 203 824 489 222 194 289 642 262 764 88 119 833 818 141 112 378 995 107 350 408 825 168 61 590 996 730 563 138 979 340 22 169 833 466 380 470 111 771 445 694 847 171 465 756 697 136 628 559 583 516 854 416 168 347 664 933 727 669 705 556 656 0 4 21 967 636 286 605 488 870 624 211 806 616 899 656 321 71 121 673 636 982 419 114 287 110 838 878 396 147 422 368 714 
465 75 1004 804 349 107 766 452 57 37 967 686 941 399 425 50 763 361 949 96 554 89 931 707 384 171 907 432 937 530 301 916 380 994 884 770 175 64 464 373 163 156 559 946 72 482 879 579 367 11 799 508 940 362 331 730 171 579 722 251 20 104 294 12 0 122 540 342 341 921 265 1012 452 652 356 863 165 837 994 161 594 234 713 347 980 409 917 246 239 101 88 584 847 239 713 
837 927 190 504 872 210 672 721 234 57 689 635 322 708 456 885 375 422 950 897 635 540 696 448 925 899 768 905 248 812 575 382 21 368 473 913 137 279 221 915 527 402 181 349 594 564 982 9 94 989 799 123 135 490 364 500 438 124 992 824 694 819 371 27 124 0 955 523 368 584 533 581 301 217 507 439 795 35 506 933 558 855 561 865 35 383 846 195 700 825 941 383 825 137 934 
492 513 700 852 703 248 812 86 509 1004 550 452 974 1010 235 80 270 633 774 95 910 742 906 340 362 501 182 997 813 609 982 646 911 836 434 1000 561 86 982 638 200 174 25 579 934 939 567 590 356 150 345 837 573 890 766 98 95 978 621 228 677 289 110 974 540 961 0 70 268 839 925 766 7 428 885 190 55 179 856 202 499 894 507 551 670 857 163 706 63 718 23 460 577 83 621 
951 888 911 644 447 745 421 877 701 770 765 204 161 250 643 583 301 544 844 958 51 344 121 821 564 6 420 581 862 443 145 560 713 782 622 788 934 223 221 291 390 419 773 727 192 530 899 266 460 82 908 965 564 530 119 948 917 541 583 434 685 1002 861 632 347 511 77 0 593 28 468 337 92 981 760 324 1005 112 259 729 417 603 157 129 385 179 731 37 363 675 413 525 855 913 775 
137 154 851 348 40 594 404 338 798 146 148 431 458 43 132 184 30 271 95 426 409 208 921 540 784 465 243 186 351 752 269 871 578 22 766 903 406 725 688 499 221 198 999 255 24 60 378 612 600 1014 473 929 589 866 435 477 626 930 249 906 235 678 238 288 343 381 270 587 0 689 251 365 830 484 970 435 539 517 155 240 429 298 672 584 831 172 661 373 606 919 699 407 277 626 673 
247 302 525 237 576 581 692 12 535 753 486 34 445 348 638 752 197 852 624 35 839 750 175 751 487 259 285 155 68 253 19 166 636 690 710 505 872 245 551 141 381 165 965 360 490 916 407 118 995 377 209 610 869 102 596 375 256 937 516 241 695 115 214 603 923 581 839 34 686 0 911 392 530 913 573 912 392 850 691 489 286 994 899 851 814 939 480 940 535 485 234 949 751 608 251 
471 223 217 185 544 764 854 627 135 74 447 916 167 105 269 465 401 546 339 197 783 794 744 1011 330 765 919 870 437 723 256 176 739 170 587 831 323 264 988 804 673 268 921 553 584 544 200 876 494 754 866 827 715 934 555 723 534 515 481 775 167 528 149 492 265 528 913 469 256 912 0 885 905 701 112 206 567 196 165 315 912 584 746 694 496 356 732 796 298 812 290 88 809 339 341 
247 750 36 749 793 183 364 194 638 451 453 406 960 441 111 399 725 845 244 494 535 488 368 204 564 946 592 847 806 356 541 735 489 601 48 683 456 394 285 83 439 941 838 759 587 838 549 171 388 652 537 103 428 973 142 258 116 819 292 536 84 661 320 859 1005 576 768 349 357 388 881 0 155 841 651 74 412 671 821 228 240 408 789 822 193 955 702 829 940 213 80 736 721 530 758 
547 744 103 516 436 96 813 20 187 521 815 739 257 312 791 387 270 939 944 388 239 997 354 319 110 824 950 553 865 97 429 712 234 289 586 579 972 956 911 771 82 276 103 713 685 145 876 932 62 996 227 878 429 361 10 951 98 56 135 648 884 587 648 638 452 297 16 89 828 546 901 151 0 365 893 144 778 188 231 595 910 325 156 313 675 611 19 433 694 52 591 181 869 85 722 
821 594 357 590 785 772 328 511 160 623 534 991 380 528 80 782 889 662 822 927 33 331 269 700 141 233 147 841 402 833 723 995 375 53 854 902 310 970 986 195 672 967 411 877 163 829 133 451 995 757 924 396 292 87 410 229 360 787 412 598 550 879 738 206 668 205 431 982 504 912 705 853 371 0 738 1003 958 237 911 863 841 82 294 675 789 737 511 570 266 519 725 822 563 330 867 
821 930 871 365 51 557 353 408 86 681 1015 850 717 274 903 242 58 898 674 508 486 594 822 271 246 421 799 644 614 30 61 855 451 958 533 193 407 222 751 722 670 606 76 320 926 924 549 246 468 477 858 887 189 291 603 814 951 275 907 246 351 653 194 810 357 492 889 749 962 572 113 659 886 746 0 981 97 443 780 435 699 136 1000 628 839 50 420 784 93 600 561 378 791 597 462 
291 800 114 916 177 543 288 44 285 62 829 923 815 24 399 76 195 926 466 841 488 179 702 534 645 525 602 704 598 288 609 174 462 556 486 133 479 441 920 585 563 473 294 272 343 594 731 981 329 595 818 45 86 753 837 119 715 962 700 714 745 209 758 616 858 435 193 327 439 917 216 76 138 1007 981 0 203 861 114 196 155 537 54 825 86 435 630 318 843 726 162 202 430 608 719 
474 1003 500 499 3 365 118 241 771 51 812 137 286 967 596 129 501 204 576 345 8 372 880 137 287 579 100 72 282 341 419 29 208 541 298 411 602 496 932 995 658 962 131 960 756 683 267 75 72 871 401 222 488 732 244 379 135 938 158 250 532 880 552 899 162 806 58 1001 530 381 560 416 794 959 92 191 0 877 69 349 937 262 632 152 132 610 220 602 244 464 996 856 908 965 331 
359 732 871 905 153 297 866 845 198 564 715 55 680 984 495 874 191 586 534 315 860 327 674 382 933 908 163 138 352 919 462 101 25 145 855 803 706 960 437 660 334 697 10 112 461 761 604 581 1000 37 654 144 14 110 794 399 733 67 332 114 469 311 446 647 836 49 174 126 518 848 201 682 202 247 441 860 870 0 885 112 992 375 461 836 399 543 152 439 871 559 505 416 564 474 739 
374 392 949 948 915 60 502 891 461 905 172 348 600 82 562 995 963 940 938 969 405 134 893 643 642 225 650 538 276 40 540 821 660 928 368 973 31 270 37 448 14 640 361 188 470 181 842 989 423 145 421 396 315 111 225 342 612 414 382 376 471 274 706 331 995 510 851 272 146 695 155 813 236 905 778 118 79 867 0 136 496 19 294 931 695 846 870 282 595 195 481 452 349 368 933 
673 365 464 855 555 718 662 737 604 372 843 72 275 549 166 40 522 536 441 859 151 213 325 917 472 921 629 993 454 404 23 657 92 867 810 721 576 696 215 690 406 405 212 735 140 943 660 543 336 806 314 899 927 58 799 88 500 240 540 380 241 838 655 77 159 934 192 734 246 502 315 228 602 847 434 192 351 113 133 0 496 573 458 311 12 405 411 134 33 536 175 918 161 436 970 
257 876 285 576 256 358 750 329 541 787 397 679 245 633 246 527 23 501 223 208 1004 413 286 927 953 665 638 760 734 89 832 333 740 47 344 706 764 126 57 979 751 661 934 883 981 108 724 63 493 929 499 41 434 316 716 377 750 864 130 260 294 142 423 114 594 575 506 429 428 285 916 244 914 843 706 152 944 987 498 509 0 334 223 886 604 917 278 974 168 767 325 705 826 938 969 
461 615 903 882 735 102 275 529 391 94 187 835 866 534 281 68 157 249 97 187 301 935 988 583 805 636 687 661 993 972 800 434 51 965 402 150 706 875 14 845 855 293 629 914 802 635 359 105 661 976 513 770 691 99 164 976 416 78 703 181 1009 598 656 676 245 867 885 603 300 1001 586 402 326 67 124 539 258 376 21 572 348 0 136 984 848 931 281 606 144 216 253 909 589 163 576 
341 199 109 679 737 295 837 890 538 345 960 26 692 689 738 247 155 375 581 596 389 452 274 650 458 703 700 334 278 556 715 628 971 275 331 860 250 346 2 750 728 406 123 482 232 852 526 914 405 506 574 468 735 801 393 694 542 713 453 279 152 455 202 646 700 551 494 148 675 892 737 804 144 288 1013 50 612 457 287 454 223 131 0 887 293 75 862 265 52 27 558 26 245 548 333 
833 878 124 361 473 689 819 590 382 792 808 314 23 903 462 581 921 711 703 617 798 757 580 632 453 537 203 59 460 469 741 924 623 277 910 800 703 918 924 77 565 206 228 481 453 940 741 843 933 124 463 689 537 204 663 148 747 863 30 780 730 861 681 978 366 858 536 131 594 846 691 811 303 676 631 816 141 847 932 293 878 985 882 0 694 431 863 446 249 26 906 953 527 642 335 
788 358 34 677 475 308 694 355 427 59 505 501 340 671 396 187 466 684 432 701 710 345 979 669 460 696 594 799 607 543 611 67 541 670 447 602 707 267 1002 150 870 150 936 656 700 290 359 213 484 339 607 258 616 475 953 252 616 307 558 194 138 571 343 429 978 32 662 377 836 814 496 199 663 806 828 86 147 398 691 21 620 843 282 692 0 270 461 154 879 106 814 679 810 741 90 
486 485 40 543 620 339 670 697 773 940 545 438 516 88 191 180 862 898 231 235 64 720 354 42 360 555 298 760 91 690 499 844 34 470 615 353 651 721 524 500 628 507 118 935 927 32 970 726 151 547 312 537 663 775 600 578 409 909 327 330 33 440 966 116 412 388 863 170 172 929 356 968 597 738 55 438 624 536 850 419 914 944 73 430 274 0 935 118 446 231 533 859 969 274 398 
587 323 668 735 493 880 536 797 649 741 351 308 841 40 889 504 673 447 733 138 514 904 63 619 849 697 965 857 801 404 787 161 169 140 850 463 817 140 290 28 265 642 551 151 144 100 163 189 349 43 874 616 1002 685 942 117 6 863 754 593 833 399 840 293 901 834 165 724 655 473 740 717 19 505 409 627 226 148 871 410 279 288 850 879 462 938 0 756 60 769 375 311 643 929 916 
11 388 955 293 562 480 380 692 814 769 463 451 635 44 1017 756 858 47 901 679 230 999 962 925 596 328 1003 153 965 559 92 167 267 980 514 1002 231 112 923 806 723 325 502 1012 786 469 637 317 866 187 22 798 786 934 754 105 186 605 751 516 850 577 751 119 245 190 712 28 370 940 786 836 424 575 787 309 609 441 272 118 973 587 262 448 143 137 753 0 984 122 609 125 260 984 686 
885 134 241 145 34 39 627 848 549 958 326 485 747 231 115 875 210 716 262 898 629 26 185 991 494 638 630 686 905 891 954 501 704 419 592 625 422 155 628 753 656 67 91 20 731 708 644 493 37 326 667 203 229 311 227 330 566 153 236 671 44 742 310 833 247 702 75 370 624 537 308 946 688 266 92 839 244 868 604 29 167 141 65 242 897 440 68 972 0 29 329 922 321 28 167 
221 960 47 734 870 26 503 751 952 269 24 197 767 529 78 876 207 118 464 345 288 76 818 604 328 66 159 542 460 908 926 283 939 1004 863 435 661 294 846 949 277 920 98 641 310 112 952 273 670 925 217 930 278 822 372 70 372 978 213 644 156 948 351 869 87 818 720 690 920 474 801 216 59 520 619 734 462 555 190 520 784 196 25 16 108 236 758 130 36 0 947 187 1002 655 819 
38 693 204 881 671 696 29 419 189 292 768 656 854 417 39 192 452 341 637 416 905 323 178 923 172 449 767 67 32 605 508 293 963 294 588 922 82 76 947 132 814 886 449 660 636 183 57 947 74 139 338 626 697 505 581 709 568 670 757 29 85 239 179 384 91 929 17 411 692 229 278 78 586 730 556 171 995 506 479 177 322 259 553 918 817 530 375 600 318 938 0 905 88 73 70 
876 596 1005 922 331 655 1012 109 47 246 968 46 388 539 671 382 113 765 462 537 309 326 698 73 168 219 207 396 18 593 979 152 781 980 897 647 846 339 310 145 538 408 571 124 563 660 963 606 594 285 745 572 635 715 1008 629 981 403 255 201 903 701 664 156 584 401 460 528 402 942 80 741 194 818 386 215 866 425 456 928 706 919 15 959 677 853 306 132 910 192 906 0 635 944 603 
888 937 459 746 851 431 492 802 378 205 314 713 847 298 26 706 573 675 741 651 196 94 954 625 718 808 704 486 716 642 352 96 882 648 178 889 998 17 359 182 216 921 456 749 200 858 426 745 553 252 485 262 794 169 866 696 648 730 463 14 981 20 680 423 850 827 568 844 260 746 809 706 873 556 798 415 913 580 345 169 830 585 261 535 817 970 647 263 323 1012 90 651 0 92 870 
367 357 663 288 306 27 242 246 91 16 622 339 518 649 723 264 568 34 910 623 745 708 933 574 362 519 126 569 492 998 705 703 670 148 75 254 361 776 168 251 954 806 496 329 957 185 181 470 801 238 378 126 327 597 330 860 622 355 786 473 488 856 303 364 246 145 92 919 622 618 348 534 86 327 594 608 967 490 381 432 938 153 530 652 736 273 929 986 36 667 86 942 102 0 518 
352 86 801 535 942 56 636 804 408 848 484 931 145 369 254 641 401 905 584 605 629 196 958 623 651 156 636 547 339 239 892 797 985 808 829 562 108 258 891 900 647 127 978 909 768 139 903 773 236 998 171 883 531 526 813 58 960 691 208 543 56 721 124 696 705 934 620 760 672 250 324 743 720 865 471 720 332 731 921 963 971 582 341 334 94 402 910 684 181 832 67 598 865 531 0 

Depot information
1
1
1
1
1
1
1
1
1
1

Customer information
1
1
1
1
1
1
1
1
1
1
1
1
1
1
1
1
1
1
1
1
1
1
1
1
1
1
1
1
1
1
1
1
1
1
1
1
1
1
1
1
1
1
1
1
1
1
1
1
1
1
1
1
1
1
1
1
1
1
1
1
1
1
1
1
1
1
1
1
1
1
1
1
1
1
1
1
1
1
1
1
1
1
1
1
1
