Seed 123 - Instance: n90m10_1
n 90
m 10
Q 9999
L 6
U 24

0 417 750 421 274 902 637 463 514 270 115 780 492 585 178 622 1004 24 169 503 752 609 762 120 827 583 828 125 985 149 4 452 171 447 798 957 264 889 907 207 498 515 893 513 199 201 48 19 373 651 701 705 324 833 545 923 517 520 739 369 734 766 466 613 568 286 796 699 690 376 251 991 86 663 901 835 463 906 799 688 456 610 308 295 988 716 786 365 211 155 124 618 418 390 675 849 287 451 293 268 
412 0 899 125 854 257 615 860 867 572 178 179 84 247 534 873 422 670 250 172 280 713 960 717 87 38 743 81 294 890 272 346 512 720 911 584 243 471 186 252 176 174 61 570 913 375 758 894 554 353 805 875 660 137 64 321 734 438 242 170 341 923 390 102 771 125 137 367 957 250 928 156 375 43 303 422 909 756 139 533 588 100 808 198 1000 346 218 926 888 494 516 70 856 338 706 265 330 795 919 973 
751 895 0 572 609 610 280 130 824 953 501 517 563 298 598 462 765 565 695 723 431 363 652 669 379 4 546 164 108 720 741 318 17 675 280 760 12 923 610 105 292 620 162 619 914 918 811 857 757 882 898 190 501 945 598 832 714 343 690 988 674 25 170 30 292 213 685 799 855 516 681 605 932 624 600 430 850 917 403 749 707 449 135 242 537 661 361 208 79 683 961 717 850 970 15 598 645 811 589 475 
413 134 559 0 447 638 273 888 768 212 110 591 866 480 574 982 887 804 207 735 611 582 247 214 239 521 192 57 117 460 606 335 157 997 145 625 23 912 479 280 105 83 438 761 739 291 494 573 237 492 179 180 11 196 76 726 367 153 323 803 418 253 895 23 383 657 240 692 692 726 624 622 918 833 128 404 756 345 391 235 962 289 369 602 844 999 989 793 600 909 501 823 925 458 92 91 12 33 910 888 
276 857 612 428 0 350 597 16 531 843 579 618 572 299 471 514 1002 621 335 126 134 160 827 283 152 477 215 932 818 693 352 653 532 124 869 579 419 705 761 60 626 412 4 698 639 138 460 449 721 795 761 884 210 965 147 931 497 216 647 239 581 524 578 482 461 880 540 705 948 493 380 592 404 112 232 215 751 289 503 913 318 287 614 721 364 286 119 916 451 168 300 574 958 245 49 37 948 247 117 989 
893 261 605 645 356 0 112 297 418 399 202 317 697 930 972 604 782 882 958 945 811 969 963 379 801 202 510 991 252 648 478 931 429 646 978 966 645 123 283 507 462 285 15 83 43 826 975 928 143 727 780 408 78 101 677 620 815 445 679 603 405 708 156 790 455 1013 342 227 94 707 721 722 503 595 286 117 889 382 609 648 1004 27 968 797 475 449 153 320 508 660 408 325 617 267 971 758 270 548 336 839 
634 608 264 272 596 105 0 489 891 660 362 885 353 354 935 434 428 997 480 223 770 453 817 482 134 503 425 516 62 656 459 470 204 579 782 872 697 191 80 345 404 260 804 650 497 666 421 964 275 27 123 951 335 90 955 543 882 319 299 357 997 534 570 52 953 47 149 67 873 663 869 236 958 968 442 320 721 875 232 354 611 113 185 897 106 239 979 251 81 336 989 714 656 841 189 972 734 15 784 132 
452 863 141 891 26 290 502 0 211 306 85 214 820 614 297 551 154 828 197 335 61 775 918 402 1016 21 309 39 906 866 343 929 417 856 600 340 903 29 766 179 78 521 786 709 568 476 374 737 729 319 554 314 521 38 301 84 828 251 234 784 54 436 823 806 350 866 894 87 809 135 121 468 163 948 407 966 394 626 297 1004 913 480 337 970 338 583 279 870 853 213 815 640 699 951 956 936 350 231 735 371 
525 882 827 755 516 426 907 224 0 645 213 241 107 427 108 839 351 755 927 322 157 939 741 590 983 220 572 851 546 896 199 158 564 748 310 871 365 957 526 387 303 439 127 795 134 940 217 111 977 190 267 619 168 165 23 23 901 819 743 905 132 571 285 828 469 60 500 147 785 547 817 92 676 678 755 109 611 749 362 318 858 564 511 113 841 350 180 281 618 493 554 659 543 239 343 705 669 256 818 985 
273 566 942 216 845 389 666 308 654 0 146 281 483 840 592 23 271 497 837 738 269 48 510 544 793 373 296 307 836 414 666 197 430 238 849 300 410 17 392 227 441 264 849 341 250 380 535 881 874 251 603 718 723 930 122 941 740 483 995 670 386 859 875 59 866 620 1009 965 816 963 377 583 553 323 953 424 256 476 167 324 261 633 314 787 497 699 708 86 553 107 539 578 913 192 915 120 536 708 543 240 
113 178 497 108 586 199 380 87 217 145 0 273 924 170 100 279 396 247 418 602 376 598 364 962 645 496 74 637 172 732 736 984 477 935 715 102 199 51 1002 1001 307 600 66 994 452 649 919 818 836 762 208 806 69 39 44 74 913 13 900 885 78 877 204 811 784 955 212 376 381 54 308 847 464 132 54 830 625 748 307 269 415 351 208 260 674 18 781 253 434 805 514 911 21 231 950 125 43 292 984 851 
779 181 521 585 613 302 886 228 240 279 287 0 163 159 398 152 525 730 638 190 268 609 101 772 172 398 146 426 907 648 187 101 256 740 963 255 996 892 55 839 421 797 648 59 74 112 113 494 648 379 477 372 920 607 926 114 170 84 484 480 799 283 67 746 436 316 1003 451 996 14 60 355 957 708 191 173 567 320 760 706 345 875 643 594 690 626 826 715 55 252 780 138 821 408 361 689 889 646 664 859 
491 81 554 878 587 699 353 805 113 486 931 170 0 133 927 694 938 286 461 343 192 593 220 247 224 331 339 913 504 521 864 732 676 696 903 526 606 618 41 467 137 946 172 831 777 552 318 186 196 455 334 52 4 767 130 172 54 964 640 498 158 59 685 548 665 932 377 323 275 375 294 753 237 61 558 873 613 722 640 588 406 955 800 590 944 29 38 819 516 614 653 872 932 203 413 955 149 874 883 237 
588 241 315 494 306 911 342 603 412 848 178 146 141 0 627 563 614 414 14 830 554 149 943 98 778 984 568 870 351 633 749 746 758 787 986 604 888 30 872 640 210 881 556 312 237 399 883 932 803 594 818 31 957 510 525 582 344 456 288 196 1008 430 529 22 237 869 510 298 492 675 718 104 690 10 232 276 719 466 1001 436 924 635 920 132 781 301 876 749 197 35 343 213 522 318 730 201 755 494 857 924 
184 536 588 568 478 967 937 310 124 593 97 403 928 617 0 526 15 1010 75 423 196 720 783 157 855 740 456 444 104 654 624 393 630 96 192 585 363 227 357 404 1007 49 915 306 44 899 935 782 457 74 790 982 254 38 679 552 635 614 739 749 525 399 33 98 911 961 434 308 689 118 212 474 78 620 538 812 643 930 699 755 781 995 710 490 294 385 782 810 20 63 122 109 497 269 653 837 305 37 558 603 
628 870 444 981 505 605 432 546 844 37 283 139 698 580 521 0 189 543 138 325 316 667 396 854 194 877 4 313 164 938 412 3 425 771 887 915 781 534 538 560 56 763 922 553 445 813 322 656 916 186 175 537 898 346 816 325 709 590 545 808 815 448 473 384 710 879 602 975 401 449 768 451 630 154 545 733 737 968 100 60 96 80 431 288 599 291 562 49 264 894 636 495 827 781 378 536 718 128 499 627 
994 408 775 876 1001 789 428 161 342 276 389 515 933 619 23 175 0 938 177 737 389 904 155 259 421 803 584 840 175 938 788 126 988 342 1002 894 955 317 640 89 632 576 543 845 788 894 699 773 784 607 152 98 92 911 792 795 877 435 406 713 48 300 18 460 664 394 147 246 903 26 133 680 906 675 20 861 379 412 487 100 561 999 37 657 879 947 566 250 557 57 695 426 645 719 898 82 945 941 255 89 
22 688 550 798 616 890 999 816 746 515 236 743 288 412 1020 539 946 0 455 330 605 158 249 825 122 608 140 182 715 577 759 128 883 457 944 793 60 291 36 671 809 644 614 400 191 785 372 542 413 779 827 399 329 266 663 356 915 618 445 720 69 905 497 170 114 533 744 470 64 500 733 662 677 753 448 131 298 883 385 809 987 204 341 913 122 527 106 148 971 52 828 33 388 715 927 194 862 974 194 626 
182 243 693 203 350 950 487 186 921 836 404 642 455 18 83 151 188 451 0 54 809 489 155 873 473 590 568 102 799 892 602 995 318 485 541 676 818 802 418 566 693 697 267 619 38 986 502 824 719 117 279 411 710 376 611 230 57 238 95 8 435 823 614 675 571 341 698 887 743 448 496 182 700 704 838 168 582 279 84 478 633 710 652 78 327 815 162 348 768 903 19 155 665 175 325 80 123 900 674 554 
491 165 720 746 135 954 214 332 333 734 620 185 351 824 426 327 734 326 50 0 291 833 146 774 709 29 462 534 236 503 488 702 193 412 630 909 407 462 579 716 874 96 383 145 19 47 52 231 876 541 216 96 755 156 939 858 957 732 484 210 840 698 31 944 421 274 556 695 924 156 86 851 178 319 138 850 231 355 157 146 886 91 711 212 558 176 188 47 862 47 817 358 663 155 138 570 419 562 308 913 
769 286 438 602 134 806 768 65 152 266 371 265 200 554 178 326 388 606 798 282 0 622 17 824 108 768 482 893 973 559 824 222 199 681 479 339 352 304 765 554 321 120 719 460 479 290 218 17 983 121 337 387 737 593 636 827 408 680 967 758 890 625 678 123 131 307 764 490 701 684 741 246 726 609 610 106 266 116 541 580 13 888 267 112 271 491 700 413 529 762 220 829 382 349 789 36 695 848 77 377 
609 728 345 595 167 966 454 781 939 55 600 609 595 140 707 667 909 173 495 844 619 0 541 65 948 848 542 132 839 314 487 315 607 109 212 531 304 93 48 512 758 166 554 495 758 839 961 186 482 213 640 254 919 628 967 304 92 891 301 216 106 913 713 781 912 718 159 647 953 761 95 720 733 242 472 306 819 10 797 715 306 838 31 431 44 625 611 575 200 293 608 256 867 227 445 280 724 356 751 676 
756 961 637 239 825 965 815 909 737 497 365 108 216 945 791 396 155 242 145 152 25 544 0 406 716 334 981 247 468 803 43 643 732 845 590 266 431 92 797 402 12 975 777 848 989 776 485 713 930 274 248 752 424 125 95 58 794 902 911 108 459 80 825 133 805 974 91 190 146 960 476 217 575 918 145 398 40 150 523 70 861 802 694 722 769 225 846 508 13 677 485 507 944 861 100 153 169 77 243 60 
116 714 666 204 281 380 475 404 593 542 953 781 245 110 167 852 267 813 867 771 826 64 408 0 50 75 493 912 766 776 769 165 983 341 452 926 519 393 863 750 761 288 780 638 626 290 88 509 994 794 478 367 756 450 903 540 387 651 831 370 696 583 760 843 535 746 489 214 887 50 798 390 264 73 243 197 381 296 785 482 458 336 55 831 26 726 557 637 631 38 371 727 85 735 807 148 59 753 650 275 
832 82 391 253 152 798 144 1016 968 781 646 165 231 786 856 198 424 122 474 716 126 945 714 37 0 133 309 31 194 610 822 799 315 202 626 565 950 955 662 522 888 644 333 874 772 484 902 322 275 839 297 761 60 879 338 768 298 600 73 37 897 929 762 291 815 17 932 105 125 438 992 602 486 109 673 247 511 728 94 681 667 939 712 727 131 341 314 574 34 394 64 678 985 634 283 673 821 80 531 202 
572 36 6 533 483 196 489 21 214 377 488 400 332 983 735 874 800 609 602 35 760 843 333 68 125 0 237 107 423 890 856 511 439 367 335 895 964 335 302 895 176 749 979 160 723 467 462 190 322 588 714 781 513 469 151 94 824 189 416 212 192 880 332 194 184 893 950 385 385 539 492 232 809 456 49 365 903 349 481 113 516 922 866 665 547 605 890 684 765 271 573 268 531 65 130 848 676 666 430 909 
837 739 540 194 225 519 420 317 570 288 89 140 331 571 466 8 579 141 577 455 472 546 981 492 301 248 0 33 810 216 79 608 928 400 620 263 563 663 50 55 649 637 271 81 780 284 991 368 532 907 978 87 9 922 446 738 550 276 948 838 381 484 172 331 944 36 989 992 202 448 48 978 952 948 916 346 314 848 223 490 211 201 191 927 909 765 411 945 490 429 769 790 227 271 194 69 905 935 196 893 
106 78 175 74 928 1004 507 40 863 307 641 420 902 863 449 307 843 191 98 539 895 129 243 917 26 123 38 0 470 248 334 753 82 683 400 137 540 698 454 417 715 395 30 532 321 21 40 57 347 150 310 50 729 783 45 790 619 198 578 539 92 858 35 237 501 769 541 805 52 79 666 307 353 866 239 358 851 19 346 811 841 29 698 592 670 877 134 851 69 53 621 148 339 594 296 503 408 185 403 764 
988 295 127 111 823 250 69 924 544 821 183 904 509 356 106 172 176 712 804 222 977 841 466 765 200 432 813 478 0 46 946 848 73 553 174 332 842 426 362 934 963 185 701 145 206 94 940 581 262 953 493 781 398 341 398 222 245 740 551 282 787 477 177 920 210 227 592 962 177 463 56 263 755 640 580 747 476 601 871 414 703 742 323 661 59 800 505 633 221 453 849 461 475 890 385 399 850 464 392 686 
142 886 706 454 711 638 655 864 910 413 735 649 519 626 654 947 938 592 891 509 554 315 808 767 613 889 217 259 45 0 741 29 423 114 818 759 20 753 347 830 666 551 480 970 895 918 549 555 668 275 391 86 271 36 164 725 392 16 941 35 25 920 810 297 155 93 12 716 332 975 116 798 155 371 121 554 925 129 491 329 606 162 123 829 484 85 872 399 882 925 560 662 904 693 932 34 189 357 811 731 
21 276 734 598 344 472 457 331 192 665 727 184 877 744 631 415 792 758 596 485 831 486 49 769 830 857 81 336 956 742 0 585 263 709 41 396 352 889 310 594 324 769 925 144 865 770 492 508 323 965 525 19 350 544 704 210 370 692 836 247 428 731 455 74 855 947 220 439 111 322 806 884 457 290 962 400 699 668 111 1010 481 729 887 167 620 30 606 293 47 510 1014 650 661 461 297 581 265 945 906 101 
448 349 321 332 647 940 468 935 177 197 985 90 737 747 404 13 141 122 989 689 230 316 644 168 794 511 593 743 835 20 595 0 92 74 298 228 10 856 821 421 497 933 377 143 935 150 90 653 116 977 177 876 302 782 893 791 468 872 765 192 369 209 134 87 764 843 947 749 111 115 887 76 38 418 742 642 92 991 389 196 881 966 716 425 996 360 329 622 247 621 959 38 402 792 712 521 498 304 722 56 
167 502 30 148 527 436 196 422 562 425 465 249 676 757 615 420 980 896 324 183 200 618 722 963 325 450 937 92 72 431 272 91 0 49 413 84 272 495 531 387 22 154 627 368 681 28 107 418 394 334 230 490 183 59 608 519 366 321 164 789 180 374 451 614 957 542 878 990 628 148 402 222 202 458 963 638 592 851 436 646 428 536 808 891 395 678 747 225 629 945 765 711 346 680 926 423 372 550 614 501 
449 715 671 1012 143 649 564 864 763 233 936 732 698 779 103 769 326 451 492 397 685 100 843 327 214 363 387 697 555 124 723 79 45 0 680 127 374 330 206 714 720 1010 602 664 492 718 508 94 886 391 703 298 657 630 675 135 424 281 387 479 751 835 435 848 722 152 152 987 44 669 972 856 297 348 439 327 295 765 890 36 244 431 665 578 617 705 183 408 516 438 192 768 558 477 244 685 714 909 720 688 
813 918 297 158 875 981 781 602 314 859 723 972 884 983 197 887 999 950 530 621 481 216 588 442 631 339 625 405 175 799 51 286 421 675 0 839 133 891 116 424 101 578 506 103 769 212 463 306 300 296 967 47 436 372 671 547 751 838 176 162 73 27 733 205 427 452 631 691 131 815 563 277 102 115 491 116 828 240 850 904 921 234 36 469 869 425 542 564 176 58 711 133 107 120 698 821 470 957 705 398 
949 584 759 627 585 963 859 356 852 309 90 266 523 603 595 924 885 799 683 909 341 524 259 941 568 882 268 125 348 767 404 236 84 133 838 0 474 681 954 105 83 194 395 208 637 764 362 746 871 612 875 654 738 177 160 967 664 931 1005 809 941 950 632 631 706 265 106 624 509 219 759 998 61 691 751 725 797 436 227 744 548 696 568 574 966 282 167 421 324 723 759 639 898 434 701 733 73 902 431 29 
260 237 21 36 410 639 706 910 370 404 199 1000 597 894 374 786 944 64 807 418 358 313 428 502 957 953 561 541 834 11 347 11 279 374 129 470 0 1000 451 458 737 603 866 130 563 799 422 663 283 373 431 908 222 679 508 859 434 247 840 989 487 699 388 360 117 581 64 989 341 903 82 217 714 60 558 63 642 338 37 971 205 357 232 750 499 88 251 796 982 748 953 278 138 92 666 573 881 588 581 292 
894 458 936 927 717 125 201 28 963 23 65 904 627 35 220 531 302 275 804 471 311 93 90 402 962 337 654 690 425 759 890 843 496 327 886 669 985 0 738 423 39 156 963 809 93 165 196 502 301 888 415 730 946 448 745 395 627 750 1005 438 985 972 638 606 301 377 933 363 915 29 326 935 170 247 879 214 127 464 782 108 46 179 559 453 845 462 159 520 884 405 969 944 332 796 959 634 895 668 302 149 
897 189 614 478 749 281 75 769 528 381 999 51 38 869 352 541 623 31 419 575 778 44 798 859 673 302 50 454 359 347 311 833 542 217 119 964 438 734 0 387 248 507 217 288 557 398 51 685 269 14 1013 843 108 708 798 648 847 921 280 696 648 303 455 359 45 1006 762 337 368 463 829 37 619 33 565 596 503 74 535 520 53 329 632 905 396 91 564 131 910 566 720 83 68 247 248 487 394 650 540 978 
197 259 107 287 69 509 346 163 397 220 1010 849 471 637 396 557 82 667 569 719 560 503 411 748 535 912 67 399 942 840 603 424 384 711 431 111 449 434 403 0 191 506 69 106 547 397 856 589 14 933 394 252 365 258 363 37 634 678 200 405 306 24 724 341 827 906 318 628 943 744 1007 184 94 140 188 890 287 991 964 713 429 88 667 661 15 705 8 32 867 393 626 847 907 957 650 59 721 175 141 962 
496 170 295 96 628 469 407 73 303 433 326 424 142 216 1011 42 626 820 689 872 318 746 14 778 874 167 632 708 950 674 323 496 30 702 104 79 736 46 241 192 0 689 721 63 522 454 93 107 869 192 989 189 373 694 35 831 564 208 383 958 561 237 183 196 127 883 6 630 434 785 199 916 341 907 236 951 938 190 26 943 982 350 681 561 717 627 753 246 666 476 459 152 223 764 487 145 244 702 454 820 
505 173 634 75 418 279 257 510 435 262 605 789 940 886 49 749 591 650 709 107 118 167 979 273 653 754 630 397 188 537 778 941 152 998 565 183 611 155 509 490 684 0 62 983 935 202 324 967 285 965 433 135 136 724 441 802 234 186 574 1001 944 590 1011 145 937 490 563 479 902 789 730 45 841 519 616 820 686 434 544 301 52 899 314 953 747 706 804 82 733 721 914 449 813 646 542 371 954 595 175 382 
898 72 161 438 2 23 787 787 122 865 58 634 178 565 929 928 537 604 277 376 732 552 792 795 339 982 270 31 702 476 908 372 626 603 515 408 880 968 222 70 716 82 0 17 420 44 89 774 164 777 967 814 830 548 542 113 376 335 760 357 99 78 361 84 824 777 253 243 1000 486 362 722 765 428 246 117 203 334 355 798 382 749 199 113 627 238 40 608 601 381 122 692 888 821 526 348 811 934 470 194 
507 556 616 771 714 77 655 698 780 349 998 53 833 302 300 553 845 419 615 139 472 498 863 644 878 147 82 542 136 978 142 141 371 674 109 198 138 814 286 105 70 979 25 0 998 871 118 284 315 13 915 314 623 114 609 760 758 571 828 919 34 671 630 788 166 659 284 765 808 551 321 183 730 905 712 877 90 799 475 344 163 1013 542 302 459 953 169 427 826 244 682 983 148 110 648 20 871 210 891 279 
208 930 904 743 640 40 501 563 137 241 464 73 775 244 47 434 786 193 43 17 480 776 999 636 754 733 785 331 212 884 869 929 682 507 777 630 570 90 575 541 525 935 412 991 0 436 214 955 131 271 633 996 921 567 62 3 634 568 149 404 738 815 617 566 353 846 868 817 540 711 638 911 646 858 451 739 116 628 867 554 403 302 20 363 624 734 999 572 975 107 85 28 565 505 480 295 968 877 166 346 
211 377 924 288 157 823 660 474 932 375 641 106 538 407 897 808 896 779 991 57 289 850 775 300 487 462 265 21 95 906 756 146 30 736 199 754 807 152 392 397 457 193 48 881 418 0 615 700 480 398 783 879 750 463 263 868 666 248 198 461 48 354 949 208 889 423 278 431 616 7 161 213 220 568 367 286 454 360 432 186 594 481 565 582 321 226 91 346 194 350 103 35 553 930 726 60 267 313 824 708 
29 762 806 503 460 984 420 373 217 529 933 114 318 876 934 327 706 360 516 71 205 948 473 91 910 473 984 23 934 552 491 73 105 500 468 347 431 191 61 853 112 319 93 119 209 607 0 457 569 615 231 512 117 969 125 611 539 454 307 238 991 734 406 582 478 390 693 1014 536 931 731 804 931 1015 128 640 537 233 803 566 990 935 238 563 338 558 601 878 110 42 63 818 647 867 414 344 225 430 158 171 
34 904 839 566 462 940 965 739 98 872 812 502 181 934 780 646 777 534 826 213 14 182 715 504 333 191 370 48 564 549 512 656 424 93 306 736 648 492 688 592 112 965 757 283 954 698 468 0 539 784 844 767 725 215 219 167 108 726 631 494 975 310 933 952 725 334 103 260 444 496 873 247 890 41 333 690 779 764 607 291 319 98 601 1011 922 83 913 129 585 587 124 905 539 751 135 816 166 678 135 896 
382 557 762 237 718 135 282 726 981 872 821 632 187 806 458 906 783 404 719 878 976 495 920 991 278 326 540 356 263 664 333 113 375 874 295 870 290 303 262 22 864 287 154 325 130 481 568 529 0 810 274 317 740 61 594 935 679 280 511 339 482 819 665 498 100 20 79 98 422 800 300 676 632 631 848 782 296 981 519 902 191 627 785 655 59 705 669 884 40 524 346 616 920 195 505 409 870 656 294 555 
636 355 885 477 812 722 36 323 190 267 752 375 456 597 74 174 598 771 130 547 112 227 281 798 832 591 908 157 958 277 960 970 337 391 297 613 373 898 25 933 191 961 767 18 270 399 621 785 799 0 120 484 558 363 977 805 901 519 804 69 89 987 334 549 494 1001 415 60 831 526 259 588 1000 123 987 620 62 817 219 400 438 735 191 929 780 866 436 948 388 305 256 359 691 747 258 370 444 254 688 863 
690 790 915 189 764 790 135 534 271 620 224 485 341 803 804 193 158 831 273 216 339 649 246 474 293 710 976 325 478 397 522 191 226 699 965 882 424 428 1005 382 979 440 952 928 635 786 244 854 270 137 0 562 576 866 756 275 575 373 519 360 446 487 387 271 291 128 144 941 249 703 476 921 314 602 663 495 296 469 118 385 299 59 531 458 498 841 777 973 223 298 990 12 779 440 648 449 126 953 830 931 
690 884 202 193 875 417 950 303 621 714 819 374 54 30 986 535 94 404 401 90 404 260 749 352 759 783 88 46 788 77 20 890 510 288 59 660 904 731 860 248 197 137 822 311 1000 875 494 769 308 485 569 0 595 250 628 492 592 836 352 197 744 434 465 509 282 52 344 545 53 189 928 366 718 947 755 223 817 590 384 101 656 999 468 938 378 154 885 880 225 476 298 136 931 111 614 229 930 745 591 960 
324 668 512 3 209 66 339 502 162 734 73 915 3 970 250 904 102 339 720 767 739 929 426 759 45 514 5 717 407 268 344 314 171 657 432 737 213 943 116 354 365 135 837 622 936 751 108 728 747 558 589 595 0 443 841 849 461 835 1017 671 559 478 814 921 377 736 280 997 114 803 109 12 982 459 184 769 822 681 591 843 544 436 73 824 241 304 35 455 878 989 187 873 506 580 358 164 769 943 326 801 
851 145 951 194 972 92 83 34 170 947 28 606 755 502 36 329 927 279 391 157 601 626 115 448 883 466 928 774 342 29 541 781 57 630 381 170 672 459 715 266 708 719 561 116 562 460 971 201 56 377 877 250 434 0 886 901 740 720 73 680 878 390 28 25 298 569 595 60 914 929 197 985 501 415 782 850 185 193 732 50 221 246 216 671 556 171 356 25 761 309 301 91 396 852 410 449 270 276 396 699 
543 63 598 88 139 692 958 287 18 124 45 938 119 509 676 808 793 674 619 941 639 962 105 914 340 141 443 33 410 153 702 880 625 672 657 146 501 758 808 370 54 447 551 601 77 262 126 213 591 981 744 636 829 899 0 320 426 965 471 272 672 268 227 941 197 479 668 603 291 856 656 8 495 725 460 120 673 303 484 98 925 674 220 672 930 289 759 604 319 640 543 743 133 349 221 605 702 683 94 164 
912 314 837 727 941 630 547 91 23 934 76 102 166 595 554 327 801 339 243 857 820 305 64 546 771 95 736 786 227 716 214 800 513 143 563 960 848 378 639 21 832 803 114 761 13 858 604 185 929 791 286 483 855 910 309 0 430 983 597 985 63 567 547 202 213 947 8 517 670 908 414 759 46 375 46 606 354 252 663 475 500 767 742 611 61 224 735 120 293 337 70 505 699 805 639 88 199 168 603 183 
514 743 704 370 494 825 881 834 903 735 921 173 52 349 620 703 880 901 60 961 420 106 796 392 315 825 557 624 239 394 375 455 360 435 744 658 439 627 841 635 544 239 377 749 650 671 547 110 674 891 569 607 445 730 435 436 0 642 920 940 812 184 473 178 638 306 434 658 169 136 747 953 92 725 820 801 250 133 403 995 655 913 150 291 232 560 567 329 679 442 780 938 264 631 501 306 767 917 265 558 
532 448 357 151 234 449 319 258 806 485 6 66 946 464 625 593 431 627 249 731 669 873 912 643 613 196 275 199 744 3 688 874 322 270 837 915 250 761 929 683 215 189 332 579 560 243 453 738 286 523 379 849 841 709 977 977 640 0 912 695 971 199 243 438 422 178 933 673 84 617 496 988 863 54 914 361 870 95 733 183 283 449 710 440 437 88 799 74 211 996 793 813 435 443 363 926 743 444 602 102 
738 235 693 309 647 677 290 230 744 1001 893 477 646 288 750 535 409 447 107 491 958 297 906 846 76 410 941 574 543 955 841 746 148 388 171 1017 829 1011 294 186 382 586 751 823 159 215 295 643 519 795 525 350 1013 86 490 581 939 910 0 649 294 97 911 270 427 791 9 312 941 810 472 420 1001 978 856 992 637 144 748 381 827 259 863 803 535 624 626 845 425 203 429 618 888 352 646 724 490 58 976 64 
372 169 1001 811 244 597 364 782 896 671 869 499 498 209 753 803 724 726 11 206 756 202 100 368 42 214 838 540 283 46 236 196 792 482 148 801 994 438 688 399 953 1010 364 924 390 464 244 502 339 68 362 184 673 669 269 988 942 711 646 0 41 362 780 76 638 74 787 891 111 90 997 75 2 989 273 244 864 438 584 621 364 737 800 921 727 490 39 997 998 923 833 220 867 790 239 254 657 432 813 25 
736 350 687 410 574 415 987 62 120 396 77 801 153 1008 509 812 46 68 442 826 895 100 458 695 896 197 387 101 786 24 433 376 182 759 64 940 494 996 656 301 561 956 103 25 746 32 990 975 488 88 441 754 544 878 684 55 796 972 303 50 0 390 855 815 749 903 1000 396 250 564 551 780 348 704 321 413 212 398 426 79 966 177 116 867 921 920 312 311 338 275 145 254 991 1001 332 235 94 827 262 372 
765 916 23 263 529 695 537 431 575 863 867 277 67 426 392 436 298 895 813 682 628 918 92 578 933 883 495 851 480 913 736 215 367 852 14 956 686 989 301 24 255 594 81 682 834 363 732 323 834 989 500 427 477 396 266 559 195 192 96 351 396 0 573 876 345 661 118 896 338 457 511 734 852 933 895 810 491 386 233 639 903 916 304 306 689 892 124 335 312 1004 16 768 337 141 548 606 758 599 762 927 
467 397 158 882 578 141 569 825 276 885 209 68 700 545 28 467 26 489 621 29 664 719 822 771 758 341 181 42 182 794 454 135 448 435 729 622 378 630 467 722 197 1003 378 619 629 944 396 939 661 337 369 478 820 9 218 548 461 239 904 786 858 573 0 106 937 340 120 883 882 474 787 272 399 721 573 41 137 370 856 507 71 824 429 954 33 525 723 59 443 628 883 409 109 961 649 194 876 182 944 703 
593 103 17 17 474 785 55 800 840 41 822 752 546 36 95 394 462 168 664 954 115 767 129 845 300 214 332 234 916 295 69 97 602 850 209 627 361 614 368 358 193 155 77 785 562 203 582 969 503 550 272 513 928 19 950 202 176 434 267 79 797 884 103 0 101 801 659 789 512 69 787 982 786 104 586 898 506 683 474 26 861 639 304 303 859 565 782 660 65 897 390 128 344 884 885 487 360 908 572 726 
578 774 304 384 473 466 952 345 460 864 785 435 656 231 915 713 664 119 578 425 142 912 793 532 816 174 955 514 217 171 856 774 966 716 430 708 114 305 39 821 122 938 832 160 370 885 465 730 97 503 298 294 374 309 204 220 639 424 436 637 761 337 933 92 0 880 571 237 511 181 320 140 714 199 832 550 483 379 353 23 130 195 211 904 652 498 912 776 917 28 617 565 118 205 196 815 928 992 259 989 
295 118 226 656 887 1000 49 857 43 634 960 323 943 868 956 865 388 545 357 264 322 731 976 750 22 884 28 780 225 94 948 860 557 138 461 273 568 376 1012 911 892 487 787 672 849 422 385 316 21 996 111 60 756 583 466 962 305 180 788 69 916 673 331 817 882 0 529 808 450 531 110 881 839 198 533 537 815 497 190 700 31 562 313 923 99 393 671 690 335 631 279 138 882 218 840 870 65 852 494 634 
810 139 693 244 535 343 162 891 504 997 206 1002 365 519 434 620 152 727 696 564 751 151 96 494 918 946 993 543 584 11 208 937 865 157 630 110 70 940 749 320 2 567 244 269 868 275 696 92 67 423 131 333 266 597 656 4 423 931 15 784 995 115 121 668 560 520 0 784 867 373 93 730 699 393 983 786 598 516 372 323 626 860 458 264 947 710 853 642 699 823 445 794 541 330 786 1000 704 815 158 630 
707 371 783 699 696 223 68 78 148 957 377 446 314 282 323 991 238 474 872 706 488 649 207 214 87 392 995 817 953 700 438 750 994 981 686 608 980 366 334 635 626 478 247 769 819 424 1000 260 96 74 936 543 1004 47 603 520 651 668 315 887 398 886 875 777 217 797 772 0 396 109 160 87 652 790 94 587 314 595 299 406 331 1008 808 86 13 949 439 776 607 173 484 180 548 900 893 442 982 408 910 137 
689 955 871 702 956 81 872 802 803 815 396 999 261 504 701 399 900 65 749 909 697 950 143 876 114 374 209 32 177 328 113 114 622 47 135 523 349 921 355 934 435 891 991 807 544 602 547 442 406 840 248 49 110 923 298 687 170 85 943 110 258 331 876 518 518 446 886 396 0 453 619 757 371 210 437 917 534 778 516 70 132 924 568 109 219 676 58 69 620 324 79 317 418 552 396 131 354 245 36 625 
374 243 521 718 495 706 668 132 556 966 53 28 377 690 114 447 20 513 453 169 681 760 942 45 423 531 447 76 464 978 318 118 166 667 815 217 909 35 460 756 774 781 490 542 710 14 923 504 803 531 697 181 788 929 849 911 142 623 811 90 561 468 470 65 180 526 365 111 445 0 814 525 306 821 922 1001 357 410 563 384 319 206 938 129 956 831 351 21 206 20 933 889 45 980 56 420 504 211 958 252 
250 932 693 634 385 721 871 129 819 396 292 58 289 717 221 768 136 737 492 74 725 93 486 796 976 489 51 661 68 117 816 878 390 979 549 741 87 335 833 996 211 749 371 321 646 155 724 873 294 261 484 930 105 178 664 411 743 498 483 998 570 502 782 779 320 106 95 149 618 820 0 748 880 142 509 784 734 810 392 926 597 1003 288 109 156 927 399 541 252 551 1000 479 610 552 25 130 188 916 383 120 
994 172 603 607 601 732 237 461 96 594 863 341 744 107 479 446 687 664 168 856 247 712 218 390 599 236 966 304 266 794 891 68 228 849 270 999 224 938 49 178 910 59 728 177 918 211 817 245 673 580 923 372 20 980 5 751 965 988 424 60 795 721 283 982 143 890 738 91 763 530 733 0 569 728 515 966 663 38 723 18 439 562 523 145 747 228 896 782 688 180 769 215 949 1007 836 150 315 450 122 285 
91 361 948 925 412 488 950 152 664 550 467 946 235 706 84 632 905 675 692 185 732 736 589 269 481 802 944 368 745 155 472 37 191 299 102 72 726 184 628 102 335 856 771 738 639 214 947 881 618 996 309 731 967 488 489 43 77 863 993 14 346 852 413 788 719 858 694 657 380 300 881 569 0 535 144 544 129 694 446 331 477 118 579 811 140 231 581 228 141 953 799 613 687 33 236 137 975 45 870 1018 
664 53 630 817 122 595 979 933 684 318 134 719 80 5 620 157 673 756 712 305 614 241 912 67 100 453 953 863 646 367 291 417 458 340 110 679 51 243 30 148 919 527 432 905 841 554 1013 48 620 115 612 936 475 412 722 384 737 45 989 998 701 927 716 113 197 204 387 795 201 832 140 719 532 0 398 556 121 437 312 111 499 598 436 941 66 430 14 279 78 817 167 835 335 104 567 354 918 44 804 891 
902 292 607 134 228 279 443 401 755 957 56 195 556 238 522 545 23 449 835 137 602 486 144 226 664 52 931 234 593 126 970 743 968 430 491 759 562 882 567 191 246 600 241 703 469 373 134 338 860 996 657 740 181 788 453 40 827 920 862 268 316 881 574 588 834 517 995 99 432 917 524 507 142 415 0 22 714 462 463 593 485 493 992 135 489 553 474 483 421 47 226 537 425 68 598 843 51 898 859 559 
841 426 440 411 197 104 333 969 108 423 827 171 867 288 808 724 852 114 161 840 88 297 396 195 238 368 350 346 738 544 398 649 639 322 128 719 79 213 579 886 935 809 103 880 738 291 652 680 796 608 490 216 767 846 115 599 784 369 989 248 405 798 30 899 556 531 778 579 924 1003 770 961 556 570 29 0 204 797 364 236 876 161 63 14 134 888 455 540 732 861 783 547 494 819 183 576 658 154 105 40 
464 906 837 755 748 886 726 395 613 265 615 557 633 725 645 737 391 304 587 225 270 829 34 378 511 890 304 854 463 928 695 94 597 302 822 806 644 127 488 296 925 695 187 82 124 466 533 782 291 60 297 824 841 195 661 359 264 867 639 852 193 499 140 506 478 811 599 323 517 359 731 645 128 122 722 204 0 362 929 996 896 903 715 717 35 860 879 85 829 696 798 124 597 930 453 667 379 266 449 98 
910 749 932 341 288 374 886 634 736 479 752 328 709 471 935 970 413 886 290 367 111 26 142 303 714 357 843 8 615 136 655 972 846 773 239 439 338 453 84 990 192 426 331 794 619 353 240 765 987 822 489 581 691 177 321 250 120 108 142 443 404 386 357 681 379 500 509 607 787 405 817 41 696 438 456 785 352 0 73 124 251 320 876 835 809 687 994 665 753 723 186 969 78 461 383 498 621 657 707 405 
808 146 409 381 487 617 224 308 359 179 304 780 656 1001 700 100 496 374 89 156 550 804 538 782 86 483 238 332 862 496 123 371 440 891 863 214 36 791 526 956 32 537 354 488 868 436 820 614 526 228 118 386 586 720 466 675 407 717 749 586 422 226 858 473 358 185 372 299 528 558 392 715 433 316 451 380 944 66 0 547 614 566 876 78 925 453 981 146 230 148 966 609 528 371 188 293 911 586 544 61 
680 524 738 227 923 644 364 1000 319 326 276 703 588 439 762 77 97 814 466 153 583 731 63 480 684 104 479 794 427 342 1010 195 660 31 903 748 975 110 524 708 929 315 789 335 565 188 572 295 889 412 393 94 856 50 93 485 1007 179 379 622 85 628 497 31 32 713 311 415 70 386 928 12 329 94 578 227 986 112 557 0 244 605 868 512 898 783 468 569 195 756 691 457 608 359 866 694 543 61 910 402 
453 573 712 958 333 1003 594 909 871 245 417 347 407 923 776 95 575 991 624 885 16 311 856 460 649 521 213 851 707 608 490 866 430 249 913 549 197 43 64 413 974 51 395 157 411 594 994 325 181 422 306 659 544 215 913 502 667 275 816 356 956 899 69 863 121 15 612 336 149 312 589 439 475 514 497 879 890 233 633 225 0 250 190 832 216 199 511 774 1010 31 657 568 74 19 494 698 521 863 505 116 
597 98 439 290 280 12 98 483 553 629 352 884 965 642 1008 92 1010 197 726 90 878 842 814 343 923 924 210 26 751 149 731 976 547 427 234 692 349 180 330 101 341 904 754 1000 306 477 933 92 632 737 56 981 428 250 660 766 914 455 258 747 177 915 839 638 187 553 860 995 925 222 1012 551 117 605 497 153 914 323 552 615 254 0 890 676 142 163 562 723 396 230 56 275 482 274 184 766 559 965 208 422 
318 807 131 362 611 952 173 331 510 310 202 641 807 913 710 437 33 338 641 704 266 44 699 42 708 869 204 678 323 132 890 715 794 667 36 563 233 549 627 659 691 326 201 538 17 571 237 620 788 193 512 470 61 235 224 742 148 718 860 793 103 301 423 299 199 309 462 800 551 946 293 521 578 422 993 60 725 889 881 876 172 904 0 81 254 415 532 190 820 15 418 189 468 697 85 659 805 669 653 304 
296 183 250 595 725 797 888 981 105 773 255 589 576 140 480 301 664 918 79 213 106 425 718 843 726 660 944 583 661 829 169 411 877 589 473 564 762 443 896 664 575 956 112 306 378 567 562 1013 659 924 457 944 822 675 656 620 300 439 802 919 852 307 966 299 905 925 283 91 111 149 102 146 815 925 123 14 711 838 80 509 828 676 83 0 884 982 428 873 29 551 777 571 136 575 809 321 228 352 641 620 
974 1001 521 839 346 457 104 344 846 499 671 678 937 766 292 614 864 116 327 555 263 38 765 35 139 544 920 679 46 479 607 992 411 628 888 960 509 848 394 18 725 751 635 470 614 332 335 911 60 786 513 365 232 563 922 63 238 427 536 739 929 675 18 871 661 92 951 18 219 956 156 740 137 69 481 144 42 811 922 880 224 143 250 883 0 152 627 267 145 967 99 106 79 400 837 31 993 554 222 838 
710 357 665 1011 289 458 236 580 359 713 23 619 34 301 384 293 932 527 823 173 496 635 215 731 339 608 764 877 812 87 37 363 682 712 425 283 76 461 89 718 625 705 245 971 734 217 558 87 707 868 842 145 317 172 272 232 575 100 636 486 907 886 520 584 500 410 718 942 677 823 920 223 223 410 543 881 864 700 446 785 189 165 399 997 157 0 307 744 274 936 953 591 983 132 728 275 546 601 782 135 
793 205 354 999 122 149 988 281 177 703 798 820 41 880 776 560 578 100 147 188 693 604 846 558 314 900 400 117 503 881 599 327 749 169 527 186 251 175 566 19 755 796 44 177 1011 82 611 918 684 435 788 894 42 370 765 742 576 796 624 41 315 115 726 776 912 652 871 442 45 358 399 893 597 25 467 456 869 995 984 468 511 562 527 424 628 294 0 343 332 873 951 136 547 210 488 896 1003 752 974 390 
373 943 216 790 924 322 240 868 289 90 240 721 810 763 792 40 266 148 343 59 401 590 506 634 568 684 956 862 622 390 304 641 228 397 566 432 805 529 128 34 234 97 618 436 563 339 889 143 885 945 980 869 449 36 620 115 316 67 855 993 303 341 56 656 759 695 641 786 65 28 539 780 230 283 492 552 99 664 165 570 781 731 191 881 269 738 347 0 704 416 296 882 317 303 228 44 909 754 473 613 
218 886 80 620 451 514 81 862 614 562 426 55 523 192 21 256 563 970 777 864 538 210 24 638 46 783 494 65 226 886 35 246 629 506 178 322 965 886 903 859 674 735 602 815 972 184 112 592 53 377 240 232 864 760 323 287 691 216 439 983 336 322 435 60 898 335 717 608 625 213 249 681 131 74 412 722 828 756 214 189 998 406 821 18 156 280 335 714 0 276 678 191 647 989 545 805 185 621 941 763 
147 493 694 903 170 650 328 201 493 110 812 246 617 26 71 894 41 58 914 52 748 294 683 51 395 267 431 47 454 925 508 624 955 441 64 723 747 415 559 400 457 723 397 247 96 360 55 594 531 305 300 485 975 313 635 330 435 997 195 924 260 1008 626 903 18 627 824 190 319 20 556 162 959 821 38 858 694 712 153 759 48 226 22 559 973 929 860 421 268 0 944 1002 66 954 510 437 915 338 477 707 
125 527 959 501 294 411 985 820 561 543 533 765 647 340 128 643 696 835 14 812 220 599 488 371 68 577 762 623 853 545 998 970 774 179 698 754 961 975 725 633 470 916 125 668 98 107 58 122 360 259 977 309 190 303 557 77 768 792 430 825 125 18 868 387 605 275 438 479 78 939 988 757 787 167 214 782 788 176 959 698 656 63 412 779 87 957 957 297 696 933 0 587 240 481 195 833 150 313 752 240 
623 73 722 842 585 308 734 642 665 576 923 119 865 201 127 488 431 38 159 354 837 249 493 727 674 282 799 145 472 661 650 37 729 770 122 639 294 933 94 850 149 456 687 981 45 37 820 901 615 361 6 146 863 84 739 491 948 822 628 214 248 773 397 134 567 156 777 164 312 894 482 215 610 832 551 538 126 974 615 458 572 282 186 570 103 592 132 888 180 1002 569 0 523 570 529 456 192 41 2 502 
418 848 846 932 966 614 652 697 547 904 23 827 933 521 505 834 652 394 662 656 396 884 947 78 987 534 238 326 486 918 662 410 351 570 101 900 149 335 83 900 216 820 880 135 570 544 643 538 920 686 783 929 508 407 138 701 269 441 892 853 993 328 127 349 107 891 542 556 418 34 625 951 686 321 418 494 587 71 529 623 84 481 462 140 64 979 537 324 649 71 243 511 0 111 126 580 18 135 177 851 
391 333 969 465 251 266 836 945 239 183 230 420 191 315 284 780 723 710 174 156 357 223 853 737 625 75 275 588 903 705 455 787 693 479 117 428 89 789 257 947 753 646 811 104 497 937 879 738 190 749 441 101 591 839 341 817 634 430 342 776 992 133 956 900 208 215 343 897 546 962 560 1012 38 104 72 829 938 471 386 373 21 282 714 577 396 129 210 301 984 962 484 573 119 0 919 510 957 995 591 441 
683 712 21 80 45 958 192 950 332 914 944 366 409 730 644 373 898 941 328 141 792 450 88 819 289 135 196 301 394 939 294 708 921 238 695 697 661 968 233 644 483 543 535 644 476 724 420 135 522 247 637 612 363 408 223 653 519 356 653 240 333 537 654 882 196 838 775 902 390 38 17 834 231 569 611 181 452 374 177 851 502 189 95 811 845 723 474 232 556 518 205 525 124 916 0 562 721 299 772 226 
854 279 597 102 37 762 969 948 709 125 140 681 950 202 836 542 72 195 96 572 17 277 169 141 668 844 81 508 396 43 580 524 426 670 813 719 586 639 503 56 156 386 347 23 295 59 345 811 390 377 467 233 163 458 610 89 310 911 743 245 232 588 191 471 816 868 998 445 144 414 126 150 144 346 837 576 650 504 299 696 704 771 657 324 18 269 904 31 825 444 836 453 574 501 574 0 614 665 821 994 
292 341 646 12 944 280 732 348 661 531 54 897 153 755 306 715 935 876 111 408 675 724 188 69 832 678 910 414 863 177 281 479 374 702 478 78 878 891 381 720 232 939 806 873 968 254 216 161 874 440 128 946 779 277 715 216 760 756 505 648 91 771 872 365 926 65 714 987 354 506 185 323 975 917 46 649 377 606 909 555 521 562 816 220 992 549 1012 915 179 931 158 187 21 952 723 619 0 88 38 646 
450 785 798 30 243 549 12 237 267 713 286 650 867 486 34 123 942 974 906 566 847 361 70 740 83 676 925 194 468 349 931 319 560 903 962 894 573 676 653 179 708 582 932 204 877 299 431 676 654 267 962 752 944 286 685 181 915 429 58 437 838 603 181 914 1005 865 806 414 243 221 922 438 56 50 883 156 278 665 587 51 877 955 660 362 562 603 762 748 620 325 321 38 140 1005 303 668 85 0 300 506 
305 927 583 912 116 353 785 752 825 536 983 662 901 863 557 497 261 180 680 314 67 750 239 655 525 435 188 391 401 809 916 729 604 723 701 430 589 311 537 142 460 172 483 875 164 840 167 116 297 704 844 590 333 400 100 608 271 611 959 811 269 768 939 576 256 505 138 909 39 962 383 123 886 793 859 105 449 701 542 916 498 201 651 633 205 775 979 481 952 484 751 3 178 595 767 834 45 298 0 366 
257 970 464 872 1003 847 124 377 977 242 869 850 238 909 609 622 87 637 560 908 371 678 57 268 214 907 892 766 698 734 96 57 496 696 417 20 297 159 977 971 809 375 181 285 358 701 168 910 551 860 928 976 792 688 157 180 553 111 71 28 369 916 702 725 986 631 629 137 629 252 116 296 1012 893 561 39 97 396 61 414 130 441 286 630 835 137 393 614 746 696 238 492 852 446 242 1006 656 496 361 0 

Depot information
1
1
1
1
1
1
1
1
1
1

Customer information
1
1
1
1
1
1
1
1
1
1
1
1
1
1
1
1
1
1
1
1
1
1
1
1
1
1
1
1
1
1
1
1
1
1
1
1
1
1
1
1
1
1
1
1
1
1
1
1
1
1
1
1
1
1
1
1
1
1
1
1
1
1
1
1
1
1
1
1
1
1
1
1
1
1
1
1
1
1
1
1
1
1
1
1
1
1
1
1
1
1
