Seed 123 - Instance: n90m5_2
n 90
m 5
Q 9999
L 5
U 23

0 898 746 585 918 430 484 447 58 908 679 18 561 986 885 19 212 186 445 277 924 303 258 751 782 952 851 88 66 986 533 199 640 810 207 709 822 946 744 703 740 89 596 762 764 161 806 843 184 113 876 445 325 52 37 172 983 418 923 889 325 451 618 62 66 800 883 877 1014 85 137 873 262 1001 335 118 689 945 101 151 850 141 896 452 960 869 877 857 961 56 152 554 397 712 395 
893 0 22 308 646 348 283 893 180 304 180 875 339 974 996 332 898 737 235 460 147 311 960 15 599 28 937 456 779 853 952 353 845 641 212 327 380 787 202 410 56 555 821 980 909 832 633 487 879 570 836 871 486 441 773 510 953 865 877 321 470 249 680 822 946 443 262 1019 274 872 77 512 692 324 803 979 82 160 729 698 774 782 634 831 1012 980 939 242 116 610 803 39 829 615 220 
758 20 0 179 787 625 809 494 362 39 804 493 86 622 40 28 619 836 514 416 265 500 981 484 879 411 495 228 159 929 178 750 75 900 779 781 45 958 885 943 470 565 931 881 844 846 833 970 629 504 336 539 404 345 525 688 233 539 194 436 335 30 959 638 517 376 1016 312 19 965 809 630 581 499 849 178 809 1013 331 710 731 925 240 546 523 317 375 342 358 467 935 584 707 309 713 
580 316 171 0 81 887 323 443 169 974 216 1012 344 960 985 236 459 993 549 313 410 526 485 526 516 106 566 231 264 991 72 648 640 197 942 717 827 924 683 186 904 756 840 898 989 964 645 3 606 4 607 24 284 852 520 956 441 242 909 608 898 769 372 289 67 243 243 476 312 704 498 623 828 607 685 717 42 778 306 803 885 290 67 66 836 715 439 502 19 70 909 242 138 29 723 
928 636 782 78 0 480 440 461 27 971 779 414 238 359 946 648 261 142 448 829 104 105 819 455 958 859 741 175 162 862 512 355 389 699 561 145 908 793 623 159 175 799 96 739 880 1005 740 440 430 376 1005 232 685 445 48 477 888 962 327 887 105 553 302 922 632 370 472 455 700 264 28 125 383 415 909 578 239 927 209 946 636 1013 513 313 640 372 551 819 589 668 33 512 366 514 503 
444 337 625 890 483 0 202 633 363 452 283 806 830 96 683 55 203 199 438 83 842 816 260 493 839 353 959 156 921 590 474 506 257 567 613 275 385 485 411 864 879 392 659 853 766 413 107 572 338 308 93 536 884 940 527 875 590 619 888 957 224 425 382 75 556 207 347 808 613 454 229 647 48 695 499 912 941 750 171 302 653 348 1012 60 386 710 774 228 206 226 673 977 261 783 427 
479 286 806 333 447 203 0 631 623 374 442 161 291 586 613 168 164 622 138 588 374 899 338 529 860 31 200 499 438 1017 84 617 988 422 452 702 828 182 55 864 758 705 436 207 264 79 821 170 63 515 619 263 814 626 185 330 224 420 533 164 561 376 765 763 981 187 917 602 699 177 192 89 179 163 509 455 518 606 73 712 992 65 829 188 332 629 741 143 869 204 876 386 384 557 521 
448 903 484 453 455 647 629 0 271 381 622 583 261 522 308 896 855 716 224 869 877 621 119 395 830 896 117 923 654 453 577 969 219 146 406 360 385 481 158 180 591 525 935 976 561 942 216 631 227 822 282 274 139 580 679 562 31 532 188 90 707 669 618 760 954 827 536 218 694 191 371 168 965 638 222 304 384 389 779 921 70 842 839 780 339 949 896 529 164 74 191 77 452 35 504 
55 186 375 163 33 351 623 280 0 363 767 557 226 163 868 179 262 405 628 227 577 624 778 164 347 797 403 665 432 696 483 939 1001 961 557 424 738 140 827 638 649 191 991 597 57 447 827 260 161 824 272 826 274 760 198 837 166 861 133 880 53 512 300 582 308 157 713 203 792 220 169 74 892 291 432 398 972 463 779 851 265 446 526 426 774 459 419 1004 311 382 529 918 323 460 648 
914 306 29 972 961 455 374 376 376 0 666 611 661 464 961 513 517 978 401 255 508 102 729 17 68 6 376 3 187 410 659 449 879 810 134 542 691 515 396 60 713 606 276 721 228 175 306 952 389 589 64 279 205 189 711 91 821 259 911 471 893 995 25 158 774 925 734 849 82 949 557 365 371 406 585 340 239 203 195 539 881 469 735 824 462 1003 679 968 228 819 322 641 459 271 969 
667 174 801 214 790 266 441 624 778 683 0 897 304 230 491 643 22 75 894 330 364 530 916 4 382 671 630 618 953 643 64 528 988 963 366 898 532 176 344 399 701 778 475 418 567 137 970 754 501 192 587 114 930 210 272 16 71 344 42 805 675 290 915 340 141 566 207 256 703 671 894 855 959 457 773 323 883 514 337 967 435 11 754 997 559 893 983 784 378 840 85 267 413 223 928 
20 880 480 1012 405 808 179 582 555 593 896 0 476 435 575 181 415 699 173 857 340 120 475 25 885 809 707 703 402 378 244 210 145 994 744 479 32 747 545 378 262 562 61 685 249 320 450 486 78 727 526 446 794 923 656 642 988 286 147 375 59 844 944 834 1009 661 606 483 126 261 85 841 873 30 49 929 989 50 810 715 844 203 175 566 148 421 714 80 263 635 615 365 110 901 727 
559 339 74 354 236 839 285 274 226 663 305 471 0 999 793 647 713 1003 977 710 96 563 316 544 174 71 945 369 964 252 637 28 749 754 133 566 417 295 720 392 226 293 181 738 790 87 284 351 290 648 445 599 810 524 33 376 975 132 186 868 77 8 426 871 689 924 353 543 121 910 23 805 620 915 462 497 87 868 607 425 897 890 654 505 232 775 658 250 754 160 751 527 477 697 263 
995 967 617 961 346 94 584 530 162 461 223 443 995 0 435 385 846 433 432 649 971 583 348 593 776 890 502 53 141 601 454 876 952 411 900 862 406 870 650 589 477 634 553 808 882 868 940 575 286 773 201 732 102 260 920 180 654 104 179 675 820 556 551 758 913 170 86 809 325 144 322 599 888 772 984 249 92 963 983 912 511 635 484 920 262 495 228 490 461 788 811 983 525 1014 970 
889 998 39 979 957 677 612 309 861 961 493 558 784 437 0 565 462 353 198 743 412 248 190 842 1010 82 801 921 510 975 59 974 983 70 940 653 778 895 14 207 23 71 221 349 900 138 645 609 618 973 92 874 776 647 253 451 350 478 978 764 777 597 53 726 962 418 333 820 954 208 168 998 201 336 34 537 181 316 366 508 477 708 286 723 181 185 107 1005 488 434 126 54 440 427 124 
16 339 28 226 654 55 166 903 191 506 643 191 654 377 561 0 741 944 991 424 937 628 43 129 1008 336 549 193 640 699 260 276 893 674 867 942 622 859 600 610 397 405 119 358 794 16 423 818 928 518 909 567 181 730 858 977 41 251 375 808 306 450 731 33 986 308 342 825 379 639 331 332 504 977 775 169 132 140 937 848 731 656 376 855 466 654 404 1013 359 596 134 644 32 925 461 
216 902 610 453 260 217 169 868 265 510 24 422 718 844 457 737 0 835 20 175 250 908 336 284 644 741 43 220 240 548 190 840 922 936 544 886 636 540 318 214 376 439 897 275 826 556 960 506 477 848 518 957 981 940 640 358 41 255 954 254 130 731 705 661 219 162 736 291 559 652 121 771 247 69 306 562 266 625 262 181 93 170 970 755 196 56 753 301 381 22 47 962 1013 755 214 
202 731 835 982 138 199 614 723 425 973 62 703 1015 442 349 944 832 0 392 396 636 210 637 127 740 261 28 364 71 890 89 214 692 17 745 587 415 326 217 939 191 927 629 661 816 746 749 652 238 263 799 329 670 699 979 819 409 536 330 616 719 211 973 305 5 77 438 841 109 670 971 89 553 546 735 355 385 587 739 503 825 333 700 533 627 774 668 695 841 538 27 247 651 223 675 
453 223 497 530 449 440 125 237 625 394 886 182 977 422 206 995 20 375 0 320 634 460 972 697 931 600 435 449 320 378 423 762 870 840 649 516 39 804 1007 180 601 114 892 560 61 448 251 493 951 748 786 392 335 865 54 191 943 203 387 226 367 185 582 274 464 836 645 81 745 338 602 869 950 793 311 350 316 867 608 879 985 229 418 963 592 525 45 970 545 595 133 148 252 624 890 
280 468 428 315 828 82 598 871 225 246 333 866 705 656 749 431 173 389 320 0 442 823 964 180 56 935 324 352 848 728 462 831 471 208 911 728 43 740 666 154 846 213 387 1004 1012 446 828 795 1007 490 135 956 55 409 588 763 835 286 741 451 384 932 737 788 812 212 314 698 567 897 233 901 856 634 383 351 37 55 441 986 232 530 951 765 213 574 375 368 271 425 556 504 826 450 503 
915 153 277 425 100 858 376 882 581 512 357 321 106 967 414 931 252 628 637 445 0 408 16 694 505 137 700 922 431 192 357 157 373 309 740 326 644 30 737 528 725 970 786 312 915 668 735 966 629 820 461 306 774 155 237 650 419 1002 361 334 650 404 919 388 450 967 1002 398 244 268 471 557 13 318 800 180 14 59 837 322 294 111 302 121 640 388 766 124 807 713 123 102 845 89 540 
297 306 502 536 110 816 916 629 624 105 526 119 556 589 243 621 910 204 463 815 413 0 545 940 718 207 843 790 521 520 743 722 820 462 832 28 402 810 334 462 900 530 178 662 823 94 992 924 40 904 448 292 867 794 458 136 86 250 767 777 144 646 249 169 513 44 178 224 168 259 551 116 505 177 996 597 122 56 336 750 899 90 652 964 494 646 742 1001 934 315 442 350 655 293 286 
266 954 995 483 827 251 338 118 773 721 917 482 309 358 191 55 337 644 958 956 24 543 0 455 935 180 886 914 508 928 457 55 339 7 928 939 688 398 324 31 56 681 142 640 199 712 277 596 560 60 368 826 697 41 861 654 684 807 936 837 779 999 425 651 872 271 755 807 199 605 431 836 961 723 307 306 397 813 715 626 264 738 987 408 791 259 894 774 523 492 728 633 654 192 619 
743 18 485 536 463 487 537 406 179 18 1 10 563 581 846 121 300 121 700 184 698 925 466 0 52 123 383 206 993 26 81 385 465 798 203 580 1003 442 706 314 86 170 100 409 576 752 151 458 133 625 803 944 366 183 799 421 296 479 379 646 811 294 818 52 906 313 1000 723 902 835 597 37 383 242 202 443 699 289 690 918 371 441 629 483 534 356 747 244 154 873 667 542 485 734 956 
787 605 875 499 972 821 859 840 338 67 383 876 176 768 998 998 650 729 936 66 495 717 933 37 0 178 268 840 231 956 778 112 249 514 327 91 189 152 803 176 822 254 310 813 711 155 446 182 426 843 275 50 524 175 381 165 549 18 72 5 988 878 934 725 592 1000 383 480 396 239 154 502 996 952 664 612 85 267 348 475 642 937 351 757 183 557 472 567 25 284 948 144 985 801 86 
950 35 416 95 868 353 27 888 797 24 673 805 64 890 81 344 739 268 600 936 135 206 176 128 167 0 958 319 484 862 117 269 104 166 41 836 151 980 612 767 825 671 413 435 83 720 427 469 551 998 559 239 773 346 25 45 898 936 637 438 918 299 71 654 556 503 424 289 892 768 910 910 140 368 47 300 844 889 746 316 236 597 813 582 468 178 44 715 761 129 502 90 919 654 442 
848 941 495 575 737 963 208 131 397 364 632 702 928 498 810 546 30 22 452 317 685 841 896 379 255 962 0 710 401 812 365 699 221 1008 823 791 609 681 805 852 857 422 198 788 279 555 982 1004 769 364 196 118 530 770 274 57 339 925 496 672 165 832 349 689 1003 868 399 347 892 770 777 534 844 570 44 233 292 83 583 295 762 216 133 525 100 898 482 158 172 879 897 793 985 252 147 
88 452 229 221 173 149 494 919 648 10 624 711 381 38 933 177 228 370 443 341 931 793 907 209 839 327 726 0 537 419 578 164 786 838 779 322 390 824 306 325 760 636 358 260 691 857 605 715 984 272 682 624 360 825 307 331 677 142 889 896 352 352 296 439 599 928 459 22 752 150 243 840 357 690 600 37 936 139 191 636 633 367 766 126 22 246 48 857 746 5 999 733 53 54 892 
54 788 157 263 178 912 435 649 438 173 940 391 954 135 500 640 246 80 312 838 413 516 511 988 226 471 399 544 0 510 660 668 759 782 564 954 711 296 819 450 303 759 924 885 73 338 710 426 654 85 500 120 136 414 761 390 297 171 913 589 274 73 243 316 776 891 700 693 729 249 334 52 665 706 580 565 876 424 951 717 1015 590 730 136 68 267 368 916 59 324 451 163 705 125 645 
981 863 925 983 855 596 1019 468 708 408 638 382 251 602 983 688 548 901 387 725 198 531 933 25 969 877 808 413 500 0 129 3 163 927 130 685 966 810 1020 794 890 790 636 587 675 863 977 40 208 669 768 355 270 66 122 178 417 332 257 213 727 774 579 955 778 349 352 226 873 839 408 361 305 579 514 911 147 75 27 621 386 864 817 284 968 392 852 23 495 994 823 478 796 92 529 
535 962 184 63 523 474 90 577 483 649 59 253 631 440 64 270 197 77 433 459 347 739 448 78 788 114 368 567 673 125 0 348 806 810 556 413 426 855 185 774 545 753 81 84 343 788 183 959 69 618 415 660 336 607 881 217 378 397 44 998 753 258 930 685 358 569 120 819 622 142 175 215 975 242 626 528 564 55 87 937 562 661 476 902 942 262 115 73 229 858 750 660 160 828 108 
192 369 751 648 350 496 630 965 925 444 543 212 37 883 967 275 840 224 762 843 148 726 62 387 111 268 703 161 672 7 360 0 556 977 76 570 971 847 576 301 861 560 777 197 984 636 488 629 242 990 803 634 516 89 943 596 757 978 692 757 995 774 340 775 748 85 994 627 468 665 137 571 803 531 441 80 216 442 358 803 504 531 344 107 521 398 763 740 439 564 246 257 383 164 50 
639 846 83 631 379 266 988 224 990 880 979 158 742 952 993 898 926 690 869 464 373 834 335 459 246 108 234 780 764 176 797 556 0 158 995 602 921 197 478 599 270 47 822 637 555 816 640 361 659 741 482 697 862 686 217 729 793 342 135 921 357 544 946 597 373 143 574 814 803 648 52 47 628 752 771 276 79 234 926 629 361 252 146 849 458 634 316 515 181 767 389 674 876 997 510 
795 637 886 200 686 571 424 165 958 826 957 999 744 398 71 684 949 10 830 194 300 467 20 808 526 174 998 842 762 936 825 975 169 0 321 749 702 153 565 301 712 476 278 262 361 616 642 77 174 1001 678 645 109 40 181 780 365 770 448 285 200 921 706 824 174 35 592 913 6 561 188 503 804 676 33 617 102 164 876 293 357 89 352 378 342 20 406 578 773 489 830 86 251 483 339 
198 226 776 943 556 613 459 414 555 142 371 741 138 913 941 867 562 745 635 916 745 830 940 222 325 37 813 790 560 117 564 61 993 336 0 754 807 236 878 344 684 320 453 778 856 131 223 478 382 270 78 67 770 519 228 141 1003 559 333 400 229 360 210 998 516 301 231 942 328 908 547 187 687 353 411 283 557 562 352 946 633 314 328 540 237 102 814 161 625 24 991 581 356 710 343 
722 313 778 717 150 263 706 367 438 541 907 474 579 875 653 942 897 596 522 744 341 25 954 573 107 834 794 327 957 698 399 580 599 747 758 0 319 715 510 948 422 272 194 296 21 539 345 137 605 232 325 283 563 120 213 607 596 516 322 384 284 915 153 53 945 895 293 35 982 826 453 426 533 856 243 156 1004 890 826 908 161 469 428 941 533 482 320 365 353 999 340 186 908 266 217 
819 360 52 834 908 375 813 395 740 691 530 42 414 416 785 610 644 413 32 56 632 400 694 991 184 155 616 401 704 976 430 982 920 694 795 313 0 665 956 74 448 785 25 327 567 404 597 321 332 455 798 401 256 156 595 493 468 202 793 131 717 21 923 580 813 653 16 136 447 224 702 536 223 885 69 175 870 815 72 431 749 726 903 808 453 718 579 857 250 882 574 626 140 285 163 
938 801 961 933 805 499 172 462 142 508 191 753 309 857 901 857 550 331 809 724 37 820 402 442 160 982 697 819 303 815 861 835 185 158 230 726 668 0 1002 685 335 454 905 988 200 997 298 131 755 401 878 320 277 247 761 979 554 672 53 195 25 470 449 1001 791 396 529 854 557 186 551 65 471 830 171 680 633 911 752 953 486 396 592 848 66 970 1013 234 296 842 936 391 197 230 897 
745 207 885 685 633 414 68 142 816 395 346 546 727 653 17 598 321 219 1000 664 749 342 319 710 809 626 814 308 825 1015 189 574 482 576 885 507 948 991 0 570 174 8 248 371 215 71 301 614 163 793 669 164 322 844 892 254 864 103 537 150 924 412 27 519 743 146 364 424 796 122 698 175 335 678 725 60 784 718 997 885 568 121 880 695 759 160 215 41 58 190 28 882 837 789 680 
709 418 946 173 162 873 856 177 633 64 383 372 408 574 210 609 201 933 191 170 526 461 37 322 170 759 863 324 443 791 773 309 606 304 329 939 82 679 551 0 801 160 958 258 475 829 579 983 434 678 769 271 349 554 189 752 817 181 269 715 193 95 881 488 338 310 504 631 786 560 465 96 745 286 754 757 568 523 487 613 360 216 926 859 728 554 555 236 124 390 597 618 693 232 923 
723 58 478 911 168 880 760 590 647 712 684 255 230 477 7 404 388 203 603 858 738 897 44 67 828 840 860 751 307 887 549 873 257 726 692 426 451 344 176 795 0 271 429 13 492 169 667 25 679 336 384 745 271 862 623 468 1008 931 759 919 773 910 757 926 540 262 22 551 891 98 275 812 443 521 127 469 368 642 575 122 645 364 259 284 143 63 125 381 745 473 406 572 39 931 169 
71 566 559 756 799 398 707 521 188 622 794 558 295 620 73 390 437 923 115 212 967 541 684 186 257 674 421 643 762 778 749 559 49 484 302 272 786 457 9 152 266 0 401 432 413 708 445 718 877 685 69 275 768 552 219 996 160 450 469 100 246 183 337 280 508 398 972 455 396 974 278 953 3 192 614 339 539 76 52 520 138 95 342 597 346 497 482 407 708 316 44 847 785 600 381 
596 817 941 842 113 653 434 948 982 274 467 66 192 565 222 133 896 627 885 404 800 172 151 98 300 427 195 348 923 636 66 771 817 266 455 191 20 911 251 965 440 409 0 15 388 105 250 192 875 538 896 592 384 552 283 394 606 551 477 224 553 793 368 578 330 214 782 810 880 350 553 244 274 403 202 792 698 99 310 128 354 466 221 276 258 794 772 293 525 394 704 462 902 572 238 
749 992 870 898 742 850 206 987 592 729 412 681 737 797 348 348 259 656 560 1003 311 654 627 402 801 424 783 258 868 602 77 200 632 276 766 308 325 1004 366 259 20 435 28 0 788 214 949 400 94 1009 583 734 158 461 284 150 180 999 402 64 339 195 671 149 759 735 795 342 64 438 579 111 740 71 784 340 127 104 265 918 701 755 822 729 953 460 811 542 905 520 413 243 736 740 159 
757 904 851 1005 882 770 268 575 49 238 574 248 781 886 896 791 816 823 65 1001 925 831 185 585 710 85 290 692 67 672 333 986 537 349 875 24 553 188 220 488 479 415 392 793 0 433 582 423 254 651 414 96 276 246 412 555 404 657 318 510 673 989 87 803 206 233 691 445 45 847 755 790 223 35 141 188 317 777 251 937 867 601 829 756 447 374 977 714 723 669 109 242 510 646 645 
159 832 831 954 1008 407 83 954 436 183 134 335 90 881 144 15 556 761 438 459 668 96 722 759 141 708 567 852 328 866 774 633 825 634 134 530 410 993 68 832 175 697 90 215 434 0 525 763 597 984 379 229 73 678 272 835 678 783 624 914 242 884 623 930 427 84 279 700 436 334 937 574 279 837 909 395 767 616 289 658 725 638 814 148 175 262 358 659 351 658 447 621 117 469 715 
809 638 836 656 738 104 828 223 842 306 985 455 288 948 658 430 959 740 262 837 738 1000 262 153 449 434 979 593 690 975 194 471 639 633 215 348 580 294 303 567 662 447 260 957 599 543 0 810 182 605 817 95 770 799 773 449 422 350 316 378 390 498 286 231 792 73 398 483 202 796 971 571 626 333 43 133 69 820 439 574 441 265 118 1005 645 189 664 950 806 501 421 384 520 40 62 
836 479 984 9 432 581 168 623 251 945 742 488 348 573 617 820 509 662 496 807 974 931 581 450 182 465 1005 712 428 37 966 629 366 70 462 127 332 130 605 978 27 720 191 389 427 753 811 0 929 224 769 916 981 588 182 940 50 919 542 108 671 608 58 261 872 112 10 806 221 289 337 574 658 745 116 678 359 819 677 579 793 723 684 188 289 225 956 307 451 518 202 881 170 501 758 
188 867 625 600 433 326 70 220 168 405 514 85 283 275 631 928 487 255 951 1005 628 46 578 126 408 546 765 982 651 209 80 246 657 168 380 610 323 773 162 432 670 878 878 101 252 590 182 910 0 332 631 228 294 992 402 853 843 867 345 543 672 962 855 580 473 294 132 962 123 521 453 703 665 307 772 191 16 626 534 469 739 958 855 663 582 193 60 612 958 353 604 573 909 418 849 
119 570 504 15 382 289 499 828 814 579 197 709 662 771 965 523 851 263 758 498 824 900 54 629 837 1012 369 272 88 664 624 983 736 1003 277 233 456 409 790 661 337 674 532 1017 659 995 608 240 340 0 110 433 411 693 818 17 478 438 989 496 986 933 287 701 110 808 370 367 736 343 318 678 256 856 205 898 1007 380 580 682 400 475 66 477 977 412 912 238 719 855 466 986 877 871 683 
878 839 330 613 1002 84 615 269 253 72 583 509 446 190 80 914 508 811 776 137 461 445 362 804 275 565 186 680 503 785 414 798 483 664 74 328 801 891 655 769 388 68 903 579 415 368 818 772 615 104 0 186 581 761 113 300 91 615 926 758 95 223 470 980 736 329 358 707 42 673 613 709 58 678 748 582 446 159 61 973 698 64 818 181 55 1001 206 327 591 92 813 873 225 20 28 
459 868 531 17 223 549 267 263 845 267 127 460 591 730 876 570 947 342 393 960 308 295 823 948 33 235 128 617 121 354 651 633 699 649 60 279 395 317 179 289 757 277 581 742 82 230 80 906 224 430 184 0 1003 269 715 309 349 385 676 453 785 442 921 461 77 828 371 834 615 409 51 312 551 987 78 902 110 642 500 714 228 768 102 280 904 65 316 750 28 702 116 490 880 911 877 
320 491 411 294 676 885 812 125 279 190 933 798 813 109 792 177 974 668 343 43 770 870 692 377 526 784 528 351 125 278 337 511 863 101 784 571 260 279 311 339 263 772 383 146 277 87 765 980 296 398 574 1014 0 491 839 521 338 869 423 19 645 442 908 999 56 139 267 999 976 344 617 228 315 991 1014 728 8 152 883 88 238 80 378 935 253 653 712 281 416 454 466 304 120 958 107 
53 450 351 838 429 951 638 571 768 188 203 923 513 248 627 723 939 698 875 409 155 792 38 194 177 364 754 835 413 70 618 77 676 37 531 111 155 262 845 540 846 553 546 443 249 662 794 573 999 685 758 263 490 0 352 39 681 997 571 244 382 306 797 873 117 47 377 75 783 259 583 308 270 921 356 245 108 51 401 437 628 672 986 863 482 646 30 490 995 53 240 704 42 994 262 
42 768 514 533 60 532 179 678 193 708 272 642 34 920 262 868 651 986 57 606 232 462 864 798 373 13 269 312 760 112 880 941 207 181 219 207 598 763 901 183 619 225 282 292 408 287 763 184 389 804 106 698 826 358 0 202 909 428 705 317 88 248 488 17 898 161 432 906 634 262 683 800 335 861 381 982 171 184 998 197 8 129 813 553 442 670 429 981 755 851 612 447 750 937 218 
188 520 696 963 465 884 332 571 836 97 2 659 373 190 446 967 367 835 197 746 649 121 670 435 159 30 38 314 380 192 226 585 713 773 142 615 498 972 244 749 459 999 389 142 543 831 437 944 846 4 300 327 520 39 207 0 389 53 682 578 450 754 164 244 202 382 117 746 322 161 500 192 548 878 309 855 841 394 537 625 334 631 250 424 868 809 197 59 524 258 611 856 823 1005 762 
970 960 224 455 880 587 223 31 173 829 68 979 984 669 335 48 33 396 950 841 408 87 692 306 548 892 345 675 299 415 382 760 794 380 1003 604 463 553 858 817 1002 173 602 170 411 680 410 55 849 475 79 359 334 676 894 394 0 107 292 128 643 146 340 293 414 167 231 908 701 84 720 940 513 491 971 938 302 181 426 217 548 578 29 806 341 771 394 318 972 243 114 645 818 466 861 
420 866 547 246 961 605 420 526 857 265 344 305 115 105 480 247 268 535 204 290 1006 241 807 486 23 940 920 139 175 332 411 973 336 768 574 523 216 674 121 176 926 447 569 1000 649 769 349 926 851 429 602 384 887 992 434 65 120 0 47 42 184 864 440 391 63 166 257 892 213 839 626 472 471 451 379 910 68 256 884 256 224 257 254 424 911 826 566 924 969 104 794 382 410 151 225 
919 884 191 909 313 899 525 189 135 916 41 164 193 194 989 364 960 325 381 742 358 762 947 381 78 645 497 900 917 256 36 697 133 445 340 311 798 39 518 277 753 468 480 393 306 626 319 548 338 989 924 661 433 569 699 686 293 47 0 784 416 286 530 613 857 901 215 941 56 692 799 642 27 941 580 849 14 132 843 870 113 390 196 75 880 110 334 571 837 572 746 410 438 589 707 
887 335 448 597 898 952 169 99 892 457 803 388 855 677 768 801 259 625 227 444 332 788 839 658 18 446 680 887 598 215 989 756 920 278 414 395 131 191 136 726 922 104 214 58 509 908 386 108 551 507 748 444 17 252 315 580 130 35 791 0 542 918 856 70 728 256 248 336 582 658 513 530 93 824 868 138 600 338 21 10 700 214 781 408 743 692 480 466 156 616 353 506 446 590 403 
337 469 340 907 101 211 574 705 50 893 662 41 86 821 783 311 117 704 366 381 646 146 793 812 982 914 152 342 279 726 768 995 352 206 226 292 722 13 910 181 778 248 547 325 687 249 390 684 674 984 92 789 626 389 91 455 640 183 422 547 0 713 941 938 626 975 645 400 215 1001 202 1004 649 112 404 136 737 375 782 870 177 730 144 101 327 886 184 736 1006 766 975 346 750 436 585 
448 253 33 756 558 419 379 666 514 1009 291 856 10 557 588 456 730 215 177 952 414 644 999 291 881 307 832 339 76 769 257 780 557 917 351 915 21 470 400 102 912 168 787 192 990 887 515 606 970 939 226 441 429 306 253 751 145 864 287 917 714 0 714 121 45 663 590 884 868 858 102 527 851 296 445 606 295 602 720 781 144 133 374 96 870 867 476 565 225 960 194 309 931 39 320 
620 672 946 359 307 397 770 612 295 16 901 961 437 539 63 725 687 974 598 736 918 251 421 814 937 77 348 286 238 577 933 347 949 700 215 169 913 451 23 872 751 348 380 662 78 636 274 63 850 290 459 916 900 800 478 174 340 433 532 873 944 724 0 871 533 833 143 712 594 347 36 810 679 789 46 398 769 974 919 495 146 899 216 435 734 893 196 371 869 101 89 236 663 564 645 
68 812 644 279 919 86 763 773 588 170 344 828 871 753 725 40 663 300 286 788 380 177 660 48 745 662 690 436 312 960 671 769 592 827 999 48 595 992 533 495 929 282 568 161 817 943 222 267 573 690 999 454 1000 861 15 247 295 403 623 73 934 130 864 0 987 155 404 614 262 251 723 686 462 830 466 903 230 1006 6 508 794 379 720 665 30 694 210 606 815 999 535 556 353 680 195 
68 935 509 62 617 549 975 951 302 769 142 998 683 912 969 975 209 7 458 812 456 506 868 897 589 569 1003 599 769 783 368 739 382 174 530 950 813 783 740 348 545 502 329 776 204 420 782 872 475 123 732 67 38 112 894 198 410 70 860 723 630 29 545 977 0 202 866 932 671 898 399 813 141 864 961 46 517 472 488 760 900 810 150 547 542 923 432 959 144 44 140 462 33 945 270 
807 433 374 244 358 204 185 826 159 919 565 662 919 168 433 305 174 66 819 217 959 43 268 321 1014 499 861 921 905 354 566 103 151 46 304 896 656 387 164 311 261 392 222 728 239 78 82 109 284 821 322 815 139 52 162 371 154 174 900 258 980 666 839 147 199 0 463 762 532 268 313 785 56 613 401 975 803 641 548 948 497 145 763 78 217 365 479 58 960 694 42 509 288 39 481 
886 267 1003 254 475 353 925 538 718 730 195 598 336 85 336 331 730 441 628 328 1002 188 754 990 376 429 396 465 684 354 119 1013 559 597 237 284 30 532 384 518 16 979 780 794 682 273 387 23 151 366 361 369 266 372 424 116 227 249 224 235 656 582 155 393 856 470 0 901 859 61 192 74 144 219 471 622 837 573 281 539 912 276 103 227 417 928 954 506 744 988 127 217 411 243 44 
879 1009 319 484 447 807 604 211 217 836 248 473 524 810 819 832 285 831 93 708 392 227 796 721 498 290 354 9 682 212 834 627 814 913 934 21 144 856 418 633 538 446 823 323 452 699 481 800 967 365 691 830 1005 75 913 742 898 890 935 352 405 886 711 613 939 770 892 0 962 71 839 947 57 86 166 136 500 736 296 114 843 368 136 174 271 526 462 298 378 406 198 952 526 803 142 
1004 281 17 326 691 601 699 680 788 79 697 125 133 324 954 363 554 127 759 570 241 166 181 907 386 907 890 751 733 870 626 457 805 21 335 970 439 565 803 790 887 408 861 63 47 435 209 216 142 725 54 610 972 793 633 305 703 231 49 584 223 870 597 246 662 530 853 971 0 70 944 491 165 492 909 992 223 348 727 356 118 291 733 411 138 656 432 663 730 475 798 607 513 764 380 
100 882 972 696 277 463 182 205 224 959 676 260 903 146 201 651 668 672 346 905 272 272 598 826 250 767 770 137 250 855 148 670 646 563 914 829 214 199 122 555 111 987 336 434 856 324 778 287 520 360 678 416 352 264 257 149 76 837 685 647 1005 854 360 251 905 278 49 74 83 0 609 854 558 108 208 573 256 940 295 903 120 777 506 692 622 234 973 988 518 983 481 679 719 271 509 
125 82 807 502 27 213 197 370 166 570 897 86 14 319 164 336 117 956 621 231 473 541 433 591 155 917 787 230 342 411 189 131 56 179 557 439 707 542 693 448 272 282 538 590 765 944 959 344 453 313 619 67 612 588 687 498 736 612 792 513 206 118 37 719 397 326 192 852 953 623 0 671 426 810 446 342 332 200 594 959 168 533 624 993 589 258 107 762 871 971 176 467 177 471 157 
882 517 612 616 133 650 75 174 75 367 857 831 794 611 985 344 764 103 854 907 544 120 839 44 497 903 525 831 48 358 207 564 40 509 187 425 532 53 180 103 814 945 238 131 794 589 568 568 705 663 713 314 220 293 801 180 955 458 633 521 1001 523 808 691 795 781 65 951 497 843 681 0 860 888 365 83 994 115 35 674 931 255 3 817 445 182 259 872 173 997 798 979 638 376 720 
244 704 583 816 393 49 171 963 897 370 941 885 619 887 202 514 232 568 944 847 17 515 966 363 998 143 843 355 675 294 978 805 633 801 687 515 229 467 331 744 439 5 279 742 242 264 621 651 665 246 72 547 306 276 339 542 531 485 39 81 653 857 693 445 145 47 137 69 166 554 429 876 0 362 414 550 433 704 258 755 571 396 684 106 676 413 965 307 995 419 574 13 102 690 852 
988 316 494 598 415 693 170 641 274 391 446 25 917 778 324 975 54 548 802 631 319 180 718 249 967 377 569 683 702 581 258 535 764 689 362 846 885 829 678 289 527 195 402 69 41 838 337 736 311 854 675 978 992 939 858 879 491 448 935 821 111 283 778 826 855 609 225 94 492 113 803 878 353 0 524 411 722 535 992 797 102 304 700 704 418 614 644 597 756 673 702 37 795 218 640 
344 804 841 680 902 481 523 216 440 577 774 40 443 990 21 766 303 727 316 374 804 996 315 214 662 53 46 589 580 499 635 435 757 25 424 254 70 175 726 767 144 610 201 787 133 917 33 126 772 220 741 79 1007 351 382 305 984 374 588 874 403 437 37 463 953 411 468 169 913 213 442 364 400 505 0 164 882 949 78 799 773 342 79 790 786 51 366 209 440 162 718 120 631 76 828 
116 996 178 723 580 911 452 307 394 338 317 926 502 254 545 168 555 357 362 345 189 596 314 448 613 283 233 46 565 917 532 84 266 614 293 162 182 675 55 766 463 342 793 341 172 394 120 679 201 899 594 907 720 242 984 842 950 916 858 136 142 610 392 921 48 982 622 140 975 572 338 66 549 416 164 0 323 48 1001 481 585 942 267 859 563 618 917 861 612 646 66 760 706 768 428 
698 78 819 46 238 936 512 380 980 237 892 986 102 91 175 130 280 385 328 27 8 120 397 714 89 832 301 951 871 140 568 216 71 99 564 992 865 641 780 572 367 551 693 144 320 765 49 342 29 1016 433 111 9 110 178 849 292 77 30 588 729 289 771 223 518 801 837 490 212 247 335 985 442 714 884 335 0 864 352 39 670 885 542 933 547 193 399 627 68 666 259 782 582 314 956 
938 149 1018 768 916 747 623 388 452 212 526 32 865 967 314 130 636 577 874 56 55 46 810 270 266 896 77 134 413 83 46 456 234 158 567 891 817 907 736 517 629 78 86 101 779 598 826 832 632 386 168 652 151 50 182 393 178 257 134 324 379 591 986 1005 462 646 577 744 350 939 201 113 706 519 951 45 852 0 858 661 817 787 620 262 652 240 145 727 585 46 228 45 83 312 408 
98 719 326 312 208 163 75 773 792 208 323 797 621 964 368 937 275 745 614 451 844 339 720 698 350 753 598 197 931 36 84 367 922 881 354 831 79 756 1006 485 586 36 305 270 245 281 452 661 537 567 50 501 892 402 1015 550 424 896 834 19 797 721 918 13 481 562 274 282 725 285 598 35 263 998 88 997 349 855 0 245 190 487 449 588 460 137 794 174 482 550 372 543 351 713 499 
136 711 701 806 939 291 721 930 846 542 958 714 426 914 524 847 187 498 887 995 315 754 634 904 464 320 312 637 699 633 935 797 628 280 954 910 412 955 894 615 126 510 141 930 939 654 578 582 458 676 966 725 84 452 178 621 217 243 871 15 859 781 506 508 769 941 521 115 364 911 966 681 743 799 801 473 43 657 227 0 29 226 167 135 411 340 687 498 918 297 865 916 607 36 836 
845 773 742 879 643 647 984 68 277 873 453 843 887 501 491 734 86 812 993 223 294 893 252 364 640 237 762 636 1011 392 558 506 374 354 632 168 757 490 574 359 655 134 342 701 864 732 428 795 724 399 708 239 227 617 24 339 551 243 108 681 171 129 147 787 885 497 925 852 118 132 160 935 580 97 776 585 652 816 193 18 0 522 951 657 509 563 165 281 497 492 271 305 216 649 1016 
149 767 921 298 1009 346 64 855 431 474 18 204 894 615 712 662 168 338 228 531 96 95 744 452 936 592 213 360 578 848 662 544 252 77 323 478 736 377 117 217 359 111 474 744 617 641 258 730 956 471 55 768 73 670 130 637 582 258 390 226 720 118 900 388 811 145 263 370 296 762 530 255 386 311 334 941 890 802 474 210 516 0 185 553 660 541 774 466 170 748 892 466 232 66 658 
910 637 243 71 505 1002 840 828 533 750 761 165 654 497 296 384 959 708 412 942 300 665 982 630 345 805 131 753 732 827 470 345 149 343 327 424 893 580 888 935 263 351 236 840 829 814 110 669 867 71 825 111 384 985 798 248 20 254 188 775 139 361 222 721 135 762 99 144 730 502 625 19 682 694 85 266 549 620 448 169 964 191 0 332 755 101 905 113 895 371 817 332 429 787 944 
442 828 542 64 302 44 177 786 429 828 988 572 505 933 719 849 763 532 970 758 109 973 407 481 762 575 505 113 154 273 896 121 853 381 539 928 802 852 704 854 289 586 260 715 764 142 998 178 667 485 177 287 941 868 551 430 801 439 77 403 109 93 436 663 551 70 229 189 401 694 1010 813 120 717 786 841 938 260 578 129 649 562 332 0 948 484 880 971 796 211 823 470 955 644 351 
959 999 510 847 652 393 342 341 771 457 562 135 233 279 186 474 213 626 600 207 634 487 783 522 169 479 101 18 80 968 938 518 441 338 240 545 443 65 772 739 143 338 257 958 434 179 652 280 566 984 54 895 253 483 426 867 337 906 870 747 330 885 728 24 542 224 421 272 128 623 576 449 675 418 781 560 540 655 462 419 517 656 761 959 0 928 384 328 838 87 203 746 383 308 911 
886 979 302 714 368 712 639 956 465 1001 904 418 766 504 201 644 57 769 526 574 377 627 269 370 558 176 891 246 271 380 262 394 639 23 107 481 708 968 150 553 69 514 794 458 375 256 192 219 197 399 995 60 645 640 679 794 756 833 108 690 891 885 877 686 927 361 932 522 674 252 271 181 410 623 56 627 198 238 143 338 561 525 93 492 920 0 273 265 135 191 22 988 109 298 99 
868 927 366 440 544 778 734 890 410 675 984 719 647 234 115 418 760 664 44 355 759 751 895 754 490 40 467 51 376 866 115 761 315 415 803 336 579 1019 223 548 123 482 773 811 982 371 676 961 58 909 216 312 719 32 441 194 408 557 334 490 198 470 194 199 442 480 946 463 446 982 106 269 959 642 374 914 382 151 789 693 175 788 905 887 376 269 0 295 193 802 702 703 631 655 194 
860 246 334 508 819 222 151 529 1004 965 792 78 245 488 1018 999 306 705 971 374 120 999 767 238 559 707 168 870 905 39 53 745 535 591 167 365 860 219 45 254 373 398 292 535 725 673 944 300 608 250 331 750 287 493 985 64 320 922 568 465 730 567 359 610 974 58 496 303 660 1003 746 871 305 588 204 860 616 723 155 494 261 463 117 959 333 269 282 0 471 884 761 139 841 370 375 
968 99 361 0 597 209 858 180 312 230 365 272 753 453 481 364 393 836 552 264 805 944 537 147 13 765 184 749 58 490 235 429 189 762 635 356 249 293 58 109 748 709 522 921 709 340 801 453 940 708 600 27 433 989 754 529 973 963 826 166 994 231 871 810 144 960 748 380 728 528 884 175 995 758 449 609 82 579 490 911 485 163 895 786 841 134 198 474 0 881 964 739 550 286 716 
52 627 468 69 680 221 204 75 398 827 838 640 149 803 448 586 24 541 589 413 715 329 486 877 269 127 898 6 325 987 860 553 763 497 24 998 884 853 198 380 475 305 392 510 671 659 518 527 347 860 77 709 457 57 853 245 251 95 570 609 775 955 112 1005 27 702 995 405 459 986 976 997 411 661 150 637 650 50 562 297 492 749 380 226 91 187 811 878 883 0 54 927 746 838 461 
152 808 943 901 37 680 864 188 523 326 99 612 733 814 143 135 50 27 113 556 121 425 729 666 942 507 888 986 452 811 744 260 383 849 999 349 564 947 29 595 408 49 703 427 114 429 422 195 608 479 813 117 470 237 611 607 114 791 749 361 972 203 89 533 122 51 120 208 806 473 177 792 573 693 726 77 263 238 360 863 271 908 821 829 204 32 705 762 965 58 0 12 316 200 941 
546 40 601 239 501 983 385 70 907 644 268 364 528 989 44 641 965 242 155 513 102 350 631 528 163 78 784 736 183 479 651 245 661 82 585 190 636 384 883 620 579 862 474 234 236 630 390 872 562 981 880 491 300 713 437 861 638 393 412 509 340 323 234 546 455 521 225 951 609 678 463 974 23 31 117 772 785 57 551 907 310 467 326 468 747 998 704 140 741 935 24 0 672 195 886 
407 845 714 140 383 262 376 437 334 460 422 127 469 528 428 36 1001 668 255 825 845 653 660 482 983 926 988 67 709 800 158 390 873 249 365 904 123 195 836 702 40 777 904 726 515 118 508 162 914 864 223 869 123 47 746 818 819 399 423 452 747 941 670 347 33 283 418 522 514 731 171 636 107 782 617 723 585 88 358 607 207 219 435 959 387 114 628 848 546 751 313 665 0 60 32 
717 617 314 18 531 782 567 44 466 260 219 890 698 1012 422 936 763 216 610 437 87 304 192 719 819 635 261 69 137 80 827 169 994 485 708 270 296 236 794 240 935 603 579 734 651 480 43 503 423 866 19 898 972 989 943 1000 467 166 597 597 441 50 565 678 942 39 228 806 759 253 467 374 704 225 68 762 317 306 715 26 646 76 782 647 322 294 656 382 290 822 215 214 62 0 798 
398 219 705 725 507 416 536 510 651 960 919 735 265 970 138 463 206 681 898 521 538 286 614 967 82 443 150 880 649 520 105 61 500 357 352 216 172 907 681 908 151 391 239 159 648 731 79 767 850 672 33 883 117 265 230 761 859 234 712 407 584 332 643 179 264 479 41 149 380 506 154 732 853 634 817 430 939 423 492 824 1016 643 944 344 903 98 187 388 712 456 934 896 38 813 0 

Depot information
1
1
1
1
1

Customer information
1
1
1
1
1
1
1
1
1
1
1
1
1
1
1
1
1
1
1
1
1
1
1
1
1
1
1
1
1
1
1
1
1
1
1
1
1
1
1
1
1
1
1
1
1
1
1
1
1
1
1
1
1
1
1
1
1
1
1
1
1
1
1
1
1
1
1
1
1
1
1
1
1
1
1
1
1
1
1
1
1
1
1
1
1
1
1
1
1
1
