Seed 123 - Instance: n90m10_0
n 90
m 10
Q 9999
L 3
U 15

0 372 704 884 597 887 245 399 103 584 534 853 639 57 86 974 586 337 262 742 489 573 21 794 196 820 847 755 733 149 282 689 511 366 176 61 983 462 136 733 246 234 534 339 725 320 133 976 471 131 166 391 338 349 271 826 570 446 231 982 467 838 945 134 624 240 44 935 862 268 232 297 224 22 173 98 449 18 569 370 99 95 713 445 568 878 516 953 678 693 837 437 275 818 878 830 755 949 340 516 
374 0 348 224 229 418 448 647 155 446 83 913 86 822 510 160 471 445 63 847 391 61 813 28 689 643 254 946 712 39 690 386 943 564 927 185 88 897 940 759 707 203 934 371 609 752 630 232 946 563 546 406 273 937 44 426 322 300 291 752 210 30 296 934 704 746 893 217 176 785 567 710 568 118 644 205 238 840 890 672 115 594 222 368 239 877 262 301 450 677 846 365 861 369 860 978 787 269 822 567 
709 353 0 994 743 169 552 257 118 152 790 781 545 410 64 999 714 851 199 55 743 148 735 801 509 472 416 717 128 505 288 1015 497 794 856 288 216 570 398 107 142 1009 533 611 909 140 78 522 347 201 235 1002 662 243 769 737 621 582 68 779 469 931 783 63 350 826 412 92 578 738 908 189 657 430 583 255 865 676 594 604 319 852 960 412 378 680 88 972 979 461 318 27 55 259 271 934 1007 745 990 229 
902 224 986 0 115 943 147 121 243 664 513 259 159 338 414 505 24 990 657 1012 275 465 722 889 657 1004 759 807 755 77 157 855 772 717 71 246 776 244 791 761 374 356 484 310 788 957 31 54 575 85 576 193 859 516 736 176 839 316 311 525 773 704 973 765 418 417 388 989 245 907 599 454 218 116 683 832 1017 344 680 958 206 134 353 99 762 844 96 0 853 470 494 255 409 394 540 711 805 660 297 226 
594 222 743 112 0 654 69 741 704 473 893 322 572 203 946 732 771 561 273 962 414 872 770 800 693 956 777 770 536 859 652 65 852 803 800 590 879 703 888 35 237 917 445 964 971 612 418 336 750 614 408 254 596 837 580 973 143 379 667 976 313 108 759 584 212 121 838 255 685 827 271 389 291 564 235 34 149 854 411 245 945 443 487 737 334 209 626 152 526 921 946 816 457 486 374 360 196 206 894 782 
891 421 163 947 651 0 555 633 802 29 973 75 45 753 224 445 735 237 828 1007 318 340 62 361 203 494 11 930 807 118 706 873 987 671 516 642 196 386 74 337 87 358 47 829 963 703 457 785 635 612 953 41 641 774 962 41 946 703 855 889 19 756 535 418 919 549 937 985 1000 285 257 442 399 375 468 576 204 508 360 940 739 638 872 356 224 653 652 318 247 981 981 127 638 142 180 806 103 956 287 502 
250 451 538 138 57 553 0 211 382 845 534 169 31 536 300 386 378 843 724 167 266 536 588 279 53 792 715 27 809 953 71 266 962 127 305 1011 729 755 30 836 383 516 200 836 169 425 878 526 868 44 166 102 478 786 822 556 232 849 355 665 176 998 986 879 1007 241 999 23 518 563 765 715 924 404 600 809 49 145 537 325 403 435 835 831 949 305 772 861 497 168 963 36 890 113 102 388 800 89 351 609 
393 646 262 119 753 644 213 0 394 388 476 485 300 120 138 577 587 542 667 633 395 681 362 804 341 533 744 444 472 712 846 202 387 816 71 26 871 794 663 779 536 912 186 767 805 971 886 89 38 914 47 838 811 496 21 486 547 562 705 844 823 8 229 30 438 166 72 561 580 1001 230 225 506 934 464 695 533 348 337 495 778 55 629 536 226 817 180 424 517 915 54 296 378 892 386 466 155 118 766 512 
106 158 122 237 712 810 384 379 0 157 855 428 936 266 69 700 885 369 45 906 732 279 427 546 148 313 659 962 775 737 621 131 743 230 449 586 497 360 129 576 765 492 705 203 393 49 881 913 237 472 383 551 448 294 660 935 753 402 662 225 556 747 399 55 830 150 618 674 673 174 430 404 550 590 602 640 904 507 968 340 248 880 602 736 977 557 738 209 110 9 112 165 816 306 29 574 558 188 858 580 
575 437 157 661 468 26 834 381 170 0 903 322 662 653 477 831 928 929 394 147 847 677 124 947 362 212 617 310 130 15 828 388 647 860 839 816 757 379 739 418 44 915 464 1006 548 239 245 198 30 952 469 113 718 8 744 431 384 219 702 841 257 217 826 582 494 458 242 290 812 176 831 299 130 986 427 698 428 248 715 952 208 559 117 225 660 282 872 803 369 759 614 993 534 713 272 182 133 651 90 641 
538 90 798 520 891 984 536 492 852 897 0 524 49 45 987 613 557 655 741 635 352 684 158 987 115 225 363 44 341 902 70 255 819 580 186 443 888 198 562 81 50 663 949 594 624 692 601 294 288 924 284 141 842 98 448 950 670 138 701 707 229 276 580 973 100 573 343 711 267 52 631 220 12 559 11 479 769 377 645 705 346 594 927 807 497 922 890 265 832 775 828 438 436 337 510 435 842 819 721 918 
843 922 792 260 311 71 171 495 433 318 534 0 922 204 930 11 569 887 430 176 490 568 152 141 600 259 11 593 407 974 680 568 124 831 292 975 618 501 231 595 288 74 981 857 217 78 1006 321 287 592 758 693 339 263 780 828 1004 858 809 79 916 689 711 308 741 483 200 614 729 749 870 811 880 716 442 39 398 904 997 490 910 853 702 493 428 142 31 464 836 962 393 929 889 640 757 116 542 749 463 748 
632 71 535 175 566 40 14 296 947 647 54 926 0 339 228 680 190 169 550 700 851 213 1014 913 205 418 554 507 783 683 1001 591 333 755 527 171 522 58 265 628 651 130 534 391 430 190 22 277 567 718 172 278 755 136 275 845 451 836 261 366 906 930 495 798 584 474 418 76 64 693 198 891 73 943 750 918 575 661 817 440 600 724 411 996 282 982 50 1006 102 574 541 889 65 534 577 699 443 274 666 1 
51 822 423 341 184 756 532 115 262 648 40 189 352 0 619 132 201 471 991 325 168 292 136 489 440 377 918 223 92 612 759 548 116 230 620 478 447 895 279 83 743 1006 482 952 143 109 37 5 986 634 991 238 124 57 876 900 530 993 87 800 61 959 166 503 1013 952 539 154 35 1002 452 709 954 988 939 80 897 208 275 32 137 917 347 514 970 289 243 406 722 533 807 877 667 194 342 816 910 446 402 149 
93 505 66 408 962 223 296 148 69 474 1004 930 224 615 0 233 54 1010 82 691 831 925 598 569 314 491 265 880 587 910 7 415 828 549 61 482 837 974 792 62 328 969 85 432 718 750 201 128 62 486 240 491 652 112 56 288 587 1011 390 725 350 775 607 529 181 594 69 945 601 531 793 357 748 929 964 940 111 970 635 284 682 1018 167 787 165 920 724 354 92 628 267 130 944 148 808 654 640 381 580 142 
966 162 1000 490 730 432 389 577 704 837 614 19 673 114 241 0 18 391 857 360 719 815 341 915 240 419 726 837 742 61 209 630 670 963 221 181 92 213 362 869 120 577 909 370 249 615 653 969 386 851 727 209 817 468 363 183 43 656 645 143 616 266 458 230 596 500 45 25 144 410 749 570 758 233 993 559 250 152 169 493 550 604 667 969 428 766 191 223 291 889 338 37 948 953 117 799 871 709 786 213 
580 482 705 17 763 735 385 582 884 934 558 562 172 201 61 17 0 418 654 651 984 134 896 945 236 35 961 206 859 787 597 680 460 182 65 484 905 135 59 116 490 253 234 490 623 580 316 147 172 564 823 30 550 432 499 545 443 763 68 713 75 192 710 494 319 225 173 132 864 67 357 463 798 423 594 610 103 879 600 257 898 441 266 752 12 184 346 256 300 683 394 679 650 957 483 430 471 831 78 228 
318 447 850 976 552 224 858 544 372 935 670 891 167 474 1013 404 411 0 942 402 703 864 622 848 563 780 73 1003 735 812 892 84 373 76 971 595 843 691 137 128 726 875 826 694 144 894 289 551 129 284 131 658 390 582 759 177 86 352 967 809 374 497 324 253 896 985 361 211 267 273 86 324 141 315 842 459 270 65 999 272 5 453 551 150 663 115 852 444 741 399 414 761 56 413 254 252 85 74 170 661 
273 61 193 654 262 821 728 658 33 402 745 426 563 991 88 852 663 953 0 993 407 321 352 858 869 665 467 565 739 317 218 505 928 92 969 739 110 209 413 268 308 950 711 59 777 875 346 465 921 863 88 991 79 851 550 759 690 136 614 890 239 387 260 671 681 997 261 71 776 151 918 625 539 200 332 438 513 66 919 81 245 447 475 220 79 925 371 377 523 630 477 447 160 686 982 240 708 892 749 589 
737 849 51 1006 965 1008 154 630 907 152 620 186 703 329 676 351 656 393 1006 0 731 845 749 179 905 618 422 988 98 937 523 15 983 836 797 619 106 496 590 149 526 586 294 324 336 447 864 30 707 251 17 303 892 372 845 708 723 956 982 810 959 365 438 160 443 320 740 931 237 333 450 86 794 723 715 43 766 677 354 592 586 507 237 318 125 904 711 48 209 964 251 672 993 406 482 588 131 776 311 820 
507 394 747 277 429 322 247 397 745 843 363 478 849 180 828 711 987 698 407 714 0 569 90 616 330 504 189 155 663 78 912 295 315 436 713 643 883 835 574 42 433 281 766 503 575 136 956 624 212 352 557 938 319 972 990 81 590 413 172 565 765 840 676 33 718 475 123 541 270 737 943 859 477 780 577 870 172 257 500 620 203 19 755 362 262 72 484 1011 424 394 115 636 1008 530 892 66 872 442 246 643 
564 73 162 454 866 348 527 691 286 678 674 561 225 288 914 820 119 876 318 841 575 0 83 652 339 245 882 156 96 317 859 184 724 426 899 284 850 418 783 351 57 560 871 411 898 636 741 454 698 268 935 520 726 405 945 480 327 671 877 943 420 78 662 139 275 273 46 926 922 333 565 621 89 810 443 69 500 379 416 175 546 761 266 381 856 149 767 247 826 438 808 982 50 513 563 400 322 172 199 145 
20 794 725 725 771 63 592 365 423 118 164 142 1005 139 598 336 885 620 357 752 91 82 0 56 994 359 749 101 214 1011 227 245 870 241 567 514 937 123 435 688 849 98 467 187 833 476 563 687 335 322 421 195 219 82 519 413 628 843 612 518 97 876 792 372 732 688 328 828 852 596 510 605 879 579 1001 879 480 436 841 263 402 68 537 392 760 773 27 563 457 119 896 508 215 742 576 720 696 534 658 922 
801 32 799 895 799 364 277 797 533 944 998 134 914 486 562 924 955 835 847 181 603 663 50 0 311 551 138 325 734 860 1004 668 559 865 275 245 485 695 690 494 830 530 967 363 297 632 249 88 548 359 407 978 108 939 699 799 698 134 475 854 573 167 944 815 1004 635 762 584 333 538 77 876 533 101 521 256 997 661 599 992 155 642 359 987 552 931 361 188 403 14 829 868 744 281 134 957 464 394 816 849 
199 704 507 665 678 207 51 332 148 353 123 605 214 446 317 230 227 580 860 916 344 355 980 323 0 82 453 893 264 753 1000 770 331 932 891 456 130 173 654 736 277 643 785 241 733 180 329 1002 626 33 556 16 368 754 593 469 295 506 515 140 667 314 526 419 731 648 338 303 730 784 188 528 508 515 701 914 629 470 610 522 793 211 668 648 332 169 268 346 344 207 416 329 709 313 253 700 595 412 312 272 
825 644 473 1005 968 495 784 530 320 213 223 265 404 368 501 412 29 785 664 634 510 240 358 546 83 0 173 339 127 224 465 332 707 109 820 857 678 859 350 924 583 869 650 287 723 273 142 978 818 764 489 238 321 277 495 207 329 922 279 879 8 190 244 167 827 642 643 813 983 176 620 935 882 128 295 691 92 408 959 320 708 615 289 338 462 545 199 489 345 745 242 737 556 451 120 868 155 29 816 710 
847 252 397 778 769 5 725 731 640 624 367 16 551 914 271 730 959 75 468 421 193 890 749 133 456 180 0 754 641 763 161 463 546 531 431 507 758 789 218 733 67 21 192 286 662 865 232 48 888 408 474 188 848 470 172 318 89 313 989 360 209 818 655 428 360 640 250 998 855 69 88 149 856 813 810 577 523 59 851 145 66 960 112 911 792 46 690 855 915 495 165 202 238 699 138 808 520 664 946 86 
749 938 718 802 772 939 13 445 961 314 54 610 510 223 880 851 194 990 567 991 146 142 90 326 895 337 750 0 506 985 205 695 445 109 740 600 186 766 568 331 546 531 557 577 218 439 911 621 224 765 177 404 295 108 772 307 49 414 391 325 942 230 441 749 405 735 211 27 122 679 726 37 117 453 446 220 262 429 529 113 334 210 38 21 277 124 936 731 506 470 910 537 74 833 177 128 369 68 345 599 
722 712 137 762 523 797 809 480 763 132 341 397 778 96 585 736 857 733 726 92 677 111 227 723 278 139 642 487 0 241 608 564 235 335 46 836 585 135 78 838 451 46 740 317 306 412 621 355 604 799 294 90 294 255 370 95 54 521 690 433 486 108 692 728 559 529 561 198 951 451 176 27 42 457 518 865 836 557 295 478 780 858 972 333 523 621 528 468 506 480 688 820 814 962 319 631 657 11 896 560 
160 30 491 77 861 135 945 703 740 6 891 977 689 600 903 71 790 815 332 937 85 312 1007 866 768 224 780 990 254 0 252 675 51 743 181 51 77 983 334 958 169 121 76 322 341 279 166 77 735 504 642 816 493 943 492 160 469 698 883 896 560 209 801 528 548 19 410 20 847 984 360 229 375 358 817 80 967 717 341 116 256 316 545 640 909 272 814 925 117 529 122 347 612 780 631 539 582 210 557 779 
291 693 297 150 656 718 70 833 616 825 67 680 991 751 20 218 606 886 199 527 921 863 217 1016 1008 459 157 211 601 244 0 606 768 820 553 395 79 890 405 573 281 725 10 993 336 831 201 225 961 864 570 591 696 102 116 279 864 193 484 547 877 318 403 276 746 988 627 751 482 193 995 837 821 776 800 30 965 18 439 896 743 131 968 955 566 459 249 343 862 690 751 750 101 406 810 583 580 814 91 621 
691 396 1003 842 76 874 262 191 129 395 268 565 604 548 416 627 688 97 521 26 305 191 243 671 782 330 456 695 555 675 604 0 82 886 218 812 22 753 859 1013 888 30 62 116 115 527 863 247 848 506 975 502 665 804 298 545 20 179 534 928 406 177 769 611 636 172 724 470 969 554 200 356 315 625 476 250 105 835 182 91 726 141 650 133 363 780 976 669 893 119 825 771 883 201 856 221 535 292 870 832 
517 946 516 770 847 981 977 390 748 645 837 121 323 113 819 661 444 375 930 989 313 715 850 565 337 703 539 437 248 52 753 99 0 142 166 133 39 580 415 15 507 146 200 50 402 439 274 491 441 458 122 574 667 205 476 373 721 168 459 157 315 496 185 1005 929 32 906 627 687 609 436 931 460 885 512 452 412 63 875 112 91 513 315 118 422 181 934 441 497 920 390 872 972 962 264 97 19 321 475 699 
376 579 788 726 794 672 139 810 229 865 581 835 743 228 547 971 171 79 78 841 426 429 237 867 932 113 521 98 340 758 826 889 135 0 319 37 474 130 674 495 189 800 433 600 1003 738 1000 571 524 23 365 24 28 171 684 636 562 341 556 33 708 575 733 690 752 287 534 49 239 740 39 816 910 180 165 27 1016 235 673 19 120 393 549 965 421 568 12 779 971 68 583 323 876 747 946 544 807 786 83 717 
171 933 849 69 817 508 316 72 453 831 183 294 539 603 52 215 71 981 985 793 718 883 558 283 879 805 427 732 27 175 556 223 161 316 0 232 989 274 991 511 215 536 896 417 731 604 237 499 125 1001 902 887 956 572 988 68 597 291 258 729 847 555 489 404 210 177 979 479 903 508 472 907 93 248 619 932 145 758 596 388 961 127 759 910 673 328 635 729 567 66 876 901 96 273 813 181 842 962 831 163 
61 186 293 249 600 640 1005 26 583 828 437 975 171 468 477 195 475 608 737 615 653 283 501 234 472 861 501 586 839 39 401 805 143 17 235 0 385 426 96 658 572 590 915 454 627 506 186 875 313 794 900 147 40 566 459 921 396 746 580 811 713 818 209 429 596 930 664 930 66 904 116 616 301 203 337 90 219 383 783 277 947 83 86 591 728 141 659 997 347 713 315 817 228 890 503 414 288 974 240 995 
991 96 216 778 880 201 732 886 508 772 871 612 521 450 841 102 906 830 118 115 881 859 947 474 134 678 768 190 567 72 70 19 26 469 1000 377 0 840 138 722 409 120 892 369 117 781 766 993 108 272 186 130 691 237 975 695 794 651 697 149 580 97 682 159 43 90 702 296 494 499 836 313 481 879 789 150 828 762 481 485 166 819 453 162 587 919 207 78 456 352 913 275 75 32 559 598 504 336 564 937 
462 902 565 249 707 376 758 796 374 379 199 515 59 885 975 210 151 688 200 489 828 405 113 710 166 866 794 763 124 993 878 750 588 138 265 437 844 0 324 614 104 848 429 475 203 513 666 122 75 735 521 676 722 846 515 821 440 330 828 801 207 276 596 362 770 549 476 728 953 295 408 602 596 276 916 610 490 441 284 553 286 879 161 953 402 150 231 521 585 642 999 511 246 792 90 169 428 240 956 479 
131 929 402 805 889 77 36 657 125 738 559 225 264 289 790 368 69 135 412 594 572 794 435 680 665 362 233 571 75 340 402 853 427 676 996 101 149 320 0 365 689 202 819 506 75 861 768 148 408 647 661 700 239 723 685 363 846 337 408 74 570 505 550 397 301 797 907 159 358 792 494 275 386 483 14 280 410 515 326 121 127 196 122 801 24 525 805 746 211 462 279 176 527 332 513 836 701 628 741 709 
727 755 106 760 35 334 822 791 589 415 96 603 633 85 64 885 116 116 284 148 45 369 672 506 733 939 720 325 828 978 586 1001 29 478 506 652 730 608 375 0 330 373 273 982 79 645 340 582 514 328 366 974 934 65 432 105 861 246 704 339 222 401 769 311 126 484 824 229 860 480 641 947 733 270 16 401 203 905 7 449 26 905 62 675 822 146 560 878 493 402 858 504 798 490 957 94 495 537 967 53 
259 710 146 384 250 96 373 532 780 44 45 293 649 731 338 126 497 730 312 537 432 46 847 815 267 575 68 536 444 172 282 896 509 201 213 575 411 104 688 340 0 874 878 824 518 900 635 833 359 764 88 136 993 775 516 213 511 251 322 598 23 389 749 221 683 26 1003 762 582 781 104 570 335 295 581 193 292 930 429 446 941 203 920 73 804 339 866 264 557 905 324 442 758 993 619 426 540 296 640 1005 
241 212 991 354 914 342 514 917 499 919 661 66 118 1002 976 584 261 861 966 587 293 560 106 537 626 859 26 543 53 130 721 31 149 794 546 594 119 855 208 365 867 0 231 461 544 614 865 231 556 686 481 403 447 303 28 966 211 73 683 305 541 297 132 905 235 821 133 467 278 305 415 916 331 122 190 320 904 103 674 268 47 501 757 342 927 284 433 670 947 617 444 981 343 90 534 296 614 215 918 746 
535 943 544 490 436 62 214 171 706 466 952 991 535 488 81 924 234 833 721 294 773 872 465 966 791 639 180 557 727 74 24 51 216 419 908 916 875 414 814 270 873 228 0 72 220 620 31 146 574 911 66 26 9 504 746 35 236 929 541 272 796 290 752 845 847 219 358 690 235 836 142 511 366 949 149 377 762 400 575 666 612 930 161 145 827 62 486 487 517 852 871 544 307 841 881 264 886 781 715 316 
341 368 626 312 960 841 838 764 204 1004 596 853 407 942 427 375 477 703 71 321 493 420 185 356 248 294 277 580 318 324 993 114 35 609 407 446 371 476 504 990 829 454 86 0 477 452 161 149 545 215 964 165 71 852 695 999 345 468 366 504 306 35 839 122 548 368 736 765 120 315 586 186 139 536 885 688 876 147 579 738 852 286 217 523 1008 832 41 224 994 391 390 189 263 424 849 270 625 442 325 521 
723 606 914 789 974 969 171 801 378 557 612 225 434 142 725 252 619 134 764 354 570 896 839 298 723 722 669 225 301 342 337 114 411 1000 735 635 120 205 65 79 515 529 223 492 0 517 239 963 215 445 937 144 512 653 32 379 151 737 881 822 245 50 616 31 70 225 48 754 746 317 107 242 143 499 521 241 795 1002 947 611 927 881 492 324 493 13 741 440 211 305 243 575 870 301 139 840 385 73 231 193 
314 758 159 961 601 706 435 963 59 250 679 76 204 102 754 622 561 894 868 463 123 642 488 630 167 266 850 430 415 293 821 526 431 746 595 488 776 510 849 633 897 619 617 462 517 0 40 715 390 996 134 529 322 255 861 50 21 804 148 185 821 983 650 709 710 101 34 577 824 484 702 813 231 486 192 176 286 90 555 626 845 583 287 680 166 991 340 538 390 524 989 609 624 177 954 843 919 716 253 835 
135 639 83 40 413 453 869 891 873 235 603 1005 33 29 197 653 320 291 352 850 957 741 564 257 321 144 228 913 618 155 192 851 264 1016 225 181 760 660 758 351 638 871 38 155 232 37 0 278 896 39 804 509 931 271 555 795 113 166 841 805 559 945 63 415 561 720 548 224 393 603 766 276 556 875 216 272 797 71 264 586 125 962 49 381 479 169 374 74 201 958 527 563 368 959 611 83 926 372 938 797 
978 252 520 41 343 777 541 85 921 207 295 319 266 19 130 985 143 540 456 31 612 449 692 92 1010 979 55 621 355 94 231 264 487 563 511 875 988 129 135 584 846 239 162 139 980 718 266 0 603 9 813 526 184 867 626 493 650 243 78 286 202 722 493 47 155 69 794 506 369 707 348 74 48 258 785 890 517 885 732 991 490 640 1008 124 39 218 412 233 311 815 353 134 352 778 789 550 462 902 123 66 
480 949 338 581 756 617 877 44 231 23 289 279 569 982 55 388 178 138 910 707 204 693 332 544 627 814 883 224 607 722 958 857 444 517 127 308 111 66 409 500 350 554 564 540 210 391 899 606 0 213 722 165 236 664 201 717 351 293 531 199 26 1005 88 639 154 118 811 768 415 807 190 509 706 594 997 117 577 302 499 917 742 312 702 798 960 617 783 408 738 561 256 134 587 535 776 997 703 710 680 481 
138 561 204 77 626 608 43 914 468 938 938 607 711 630 494 863 561 285 857 256 357 263 334 365 22 767 411 766 793 500 862 516 459 20 994 785 273 744 643 321 750 692 898 217 447 1006 33 10 204 0 156 313 36 585 793 262 964 282 978 1002 986 490 766 513 985 551 967 881 745 929 651 60 612 458 628 63 993 122 716 517 529 828 676 593 680 946 385 400 105 292 56 594 696 456 650 516 201 39 922 930 
168 560 232 572 419 946 149 51 389 470 282 760 166 989 235 718 831 145 91 9 558 931 414 413 553 504 479 182 285 624 570 982 122 379 894 900 188 510 678 383 79 473 79 961 952 120 795 812 726 165 0 484 642 953 604 828 915 132 76 511 707 989 121 28 822 451 298 949 289 288 882 447 722 930 551 863 612 184 373 699 433 752 792 188 226 196 432 330 205 173 497 360 466 157 272 316 560 180 14 295 
380 405 995 211 270 43 108 833 552 108 148 703 279 227 484 212 20 649 995 311 942 521 179 970 20 225 175 394 94 825 573 515 587 21 893 161 129 690 709 965 136 401 33 154 137 537 506 534 180 327 480 0 191 511 368 35 949 336 279 329 263 119 625 971 942 832 933 557 462 563 60 263 650 229 599 817 15 794 201 756 58 117 371 363 327 625 990 125 517 978 219 318 168 653 655 718 568 617 167 62 
351 287 661 867 601 648 467 802 460 726 841 338 756 117 636 815 561 387 77 885 317 735 210 123 358 315 842 306 284 497 690 667 664 28 950 58 685 710 235 933 992 450 24 69 509 312 938 188 243 47 630 196 0 1015 867 798 193 389 888 556 55 700 653 137 564 228 33 364 900 210 754 21 218 849 667 857 112 819 970 385 406 699 45 812 50 206 515 231 538 902 263 821 10 396 894 805 177 604 834 621 
341 933 238 523 844 772 788 489 293 14 84 251 136 41 115 463 434 578 862 360 974 405 93 943 751 271 471 110 248 957 98 798 203 185 562 571 244 856 724 60 793 289 496 855 652 247 275 871 666 588 956 501 1002 0 593 925 695 237 220 442 360 77 157 249 967 808 915 506 352 548 873 1000 56 165 265 285 478 930 453 404 29 768 283 499 649 332 457 317 172 738 999 945 836 455 188 493 420 971 757 343 
275 30 770 727 588 972 816 18 659 751 451 769 268 866 66 363 492 764 544 836 990 946 512 703 580 495 174 783 371 501 117 304 485 691 982 462 971 519 693 433 513 36 761 688 28 859 561 612 204 781 606 380 881 591 0 539 441 163 884 256 892 69 548 87 451 988 408 826 344 241 515 953 963 178 508 40 56 384 424 868 98 448 499 261 448 301 397 112 56 240 685 616 978 530 488 102 724 792 386 826 
820 428 732 181 983 45 552 474 930 424 947 816 859 899 288 180 531 175 761 693 79 468 408 806 469 199 311 304 105 167 269 541 379 642 52 936 701 812 371 96 210 967 30 987 376 54 809 501 714 276 841 28 818 933 550 0 431 804 321 97 798 671 648 19 117 774 643 108 850 907 675 175 83 500 334 220 755 26 730 725 226 990 642 236 482 859 445 64 164 323 664 119 537 697 214 293 928 496 446 300 
583 311 636 835 141 950 237 562 740 391 660 1001 452 522 596 54 429 88 683 710 571 327 632 713 307 320 104 44 53 481 849 35 724 557 596 386 796 439 834 851 525 212 242 349 146 37 112 647 350 956 915 930 183 696 428 443 0 116 724 842 479 998 291 115 151 594 300 495 396 366 332 216 875 351 173 439 260 30 123 890 130 517 773 96 247 282 157 75 948 933 768 878 655 78 49 388 462 7 822 694 
445 288 583 322 383 697 856 563 392 228 127 853 826 981 992 647 764 341 148 956 403 667 849 146 497 917 330 423 510 709 191 173 176 334 298 753 666 336 328 240 238 72 922 474 738 801 177 260 290 288 137 341 389 244 152 791 125 0 725 396 158 367 31 828 1006 793 853 448 749 860 168 166 691 339 96 364 161 23 812 269 686 838 270 423 638 626 508 581 580 59 220 30 927 370 1005 632 313 532 662 441 
231 279 56 304 666 859 353 701 661 698 697 796 269 103 396 651 75 970 605 968 179 878 602 475 499 281 979 381 688 889 475 546 446 559 258 590 686 822 426 709 324 688 534 371 893 160 846 71 541 975 67 287 888 220 869 325 739 718 0 624 958 107 350 347 277 13 253 992 599 127 317 964 355 840 580 330 638 687 800 51 315 762 49 241 686 957 261 163 379 47 970 173 348 761 82 243 185 61 576 478 
998 756 785 524 988 900 672 846 219 827 724 92 367 804 743 134 706 805 874 816 576 930 526 861 153 864 351 324 425 908 540 915 159 27 732 808 152 817 78 336 586 324 283 495 834 179 806 278 207 1003 502 341 555 453 271 81 835 406 612 0 748 279 365 321 929 322 948 286 482 342 420 798 607 865 320 660 434 179 782 810 156 334 528 828 252 445 47 170 456 817 83 91 352 412 984 332 839 48 429 842 
468 215 464 784 317 15 178 817 557 263 227 910 901 59 335 621 81 370 225 958 757 427 96 575 674 4 209 941 500 549 888 406 317 706 833 722 569 210 550 216 6 539 793 303 247 823 566 206 31 994 713 282 49 344 886 792 496 143 945 753 0 182 879 882 25 933 277 918 731 9 1000 122 278 555 215 541 371 409 769 558 601 394 408 762 149 709 469 48 397 109 133 298 437 53 168 539 279 808 146 638 
856 22 944 716 105 764 996 19 749 230 269 702 942 962 787 265 201 501 374 346 845 79 869 152 312 183 814 214 116 204 301 193 503 582 554 825 98 285 512 387 390 292 293 20 50 986 934 717 1013 488 975 121 697 75 80 675 1002 370 106 270 189 0 432 430 304 582 634 939 704 656 417 749 888 543 577 890 704 382 186 89 10 700 152 891 409 894 649 288 690 768 721 894 188 344 283 455 366 116 632 976 
940 300 786 965 761 538 989 231 394 819 585 713 494 148 595 463 701 323 255 435 673 663 781 957 507 247 664 436 705 789 409 766 188 725 479 211 667 585 542 764 732 142 768 829 626 648 66 483 98 758 117 632 647 163 538 641 288 47 368 366 880 437 0 884 532 931 729 593 484 735 295 476 808 465 393 322 342 869 67 368 685 730 52 809 885 384 775 201 811 220 937 623 41 413 883 656 263 471 831 868 
148 950 61 754 579 418 884 31 72 600 986 313 794 509 527 238 505 270 681 167 40 145 369 816 424 152 431 754 728 529 284 617 994 704 408 441 170 373 379 308 231 914 847 129 42 689 411 48 643 517 29 972 136 251 87 34 132 830 347 316 868 448 891 0 535 636 320 203 287 845 536 835 991 479 930 248 764 894 280 314 802 452 67 652 372 502 999 607 624 104 472 615 442 607 878 374 896 779 775 496 
635 716 357 411 220 915 994 424 830 486 97 743 582 996 191 605 310 901 680 438 717 277 746 992 721 827 348 408 557 547 748 645 943 768 198 606 51 763 292 107 671 236 858 550 72 706 558 145 160 975 836 937 553 957 448 104 167 1000 267 937 41 311 525 534 0 831 977 944 12 420 194 383 66 487 281 65 255 863 873 589 566 880 121 818 287 898 750 946 852 815 282 903 219 851 444 705 595 930 975 273 
243 749 821 423 123 541 231 185 155 472 563 480 474 962 591 513 229 996 1004 323 471 260 681 627 646 643 629 738 526 33 980 174 22 282 174 921 88 531 797 472 16 830 226 380 229 96 729 65 98 561 454 820 228 800 989 767 601 808 21 321 928 566 933 639 842 0 572 436 301 435 499 969 573 124 172 219 327 411 130 731 93 857 350 231 357 180 155 262 547 66 446 528 619 858 324 478 841 647 187 900 
34 896 425 405 845 942 992 74 625 250 331 213 414 525 69 49 162 367 271 737 132 40 335 751 331 645 242 197 545 414 636 720 906 533 992 665 696 474 905 818 999 142 360 720 63 33 551 802 797 979 301 926 39 921 421 657 293 865 247 943 277 627 733 322 982 580 0 753 779 214 371 245 248 310 111 302 580 991 445 519 220 653 910 994 378 83 323 700 992 670 897 175 86 405 508 632 994 747 892 22 
936 224 90 995 249 974 28 557 661 300 711 614 90 157 935 13 140 210 71 924 558 923 827 573 291 824 1008 33 189 18 765 468 609 57 484 931 282 715 169 235 760 456 674 769 765 581 219 510 767 878 943 567 352 514 822 107 479 452 990 287 924 943 595 193 934 438 742 0 682 244 349 725 964 952 996 595 329 199 643 55 280 534 844 638 879 308 23 760 146 512 148 856 179 259 41 779 413 732 505 771 
861 175 583 238 696 1001 523 585 679 800 269 720 60 37 610 149 866 275 761 225 253 921 850 339 723 1000 855 130 956 853 468 976 694 237 892 61 491 966 374 859 584 287 243 128 745 824 398 388 410 746 290 455 907 343 347 838 406 768 598 476 729 710 476 298 27 312 776 676 0 911 721 710 421 844 608 41 122 463 687 5 327 877 684 723 998 894 188 629 483 915 965 995 75 261 973 296 782 210 347 538 
267 787 734 912 821 285 561 1003 178 174 54 751 693 985 528 416 60 264 155 329 737 338 586 538 774 178 66 673 461 981 208 547 606 738 507 897 494 300 800 486 766 304 850 304 305 481 603 709 804 918 282 561 214 542 243 894 367 867 127 346 11 653 737 852 431 451 197 235 900 0 99 231 874 844 430 894 462 824 103 572 189 349 645 593 765 168 494 112 191 191 97 812 231 483 44 233 857 350 451 164 
235 578 903 604 254 244 773 215 437 816 620 877 206 442 794 749 350 75 921 461 933 559 516 88 188 629 83 718 171 362 987 208 442 40 463 121 831 412 478 631 95 415 152 582 100 706 785 331 209 651 894 71 756 872 518 673 333 165 322 432 1002 423 294 550 196 488 368 345 725 82 0 289 29 800 790 550 861 813 341 646 865 313 479 923 582 209 247 107 673 587 751 759 871 837 894 449 210 297 633 28 
292 718 187 451 401 431 716 205 394 308 219 810 894 711 374 556 472 328 631 71 859 625 600 882 533 933 145 46 30 224 828 362 935 822 898 621 320 605 258 933 563 918 503 181 240 819 258 63 513 55 434 244 10 994 943 182 209 157 955 802 125 746 473 823 387 957 263 712 694 228 305 0 766 587 446 626 973 367 491 842 975 652 759 567 534 698 191 784 346 520 736 179 158 169 101 552 123 817 615 197 
231 564 664 220 302 388 940 513 552 131 10 870 71 959 748 743 801 148 547 797 471 94 880 535 500 892 846 122 39 372 830 312 460 915 87 300 473 606 382 731 324 323 347 137 143 233 543 52 706 612 722 653 215 71 971 85 886 683 354 610 275 872 811 980 57 565 246 958 424 873 19 783 0 973 896 444 341 828 364 39 986 915 534 159 92 958 260 409 944 174 215 220 358 389 936 32 489 566 405 190 
39 103 437 117 560 380 417 940 599 990 576 709 959 974 926 240 419 316 197 733 776 813 573 94 508 133 817 461 465 359 772 629 872 172 249 211 896 277 488 278 291 108 941 524 493 483 874 254 584 455 925 230 855 171 186 500 358 335 839 863 551 544 464 465 505 108 308 946 844 846 818 576 970 0 622 584 122 977 768 41 640 610 222 359 539 713 942 162 742 382 907 491 889 159 843 331 500 199 797 887 
165 641 580 701 222 472 588 475 610 432 19 442 743 924 970 1005 586 837 340 727 567 456 994 523 715 306 821 443 530 820 795 473 509 161 619 328 796 922 12 9 584 178 157 897 513 197 202 784 987 625 557 597 674 266 520 338 175 86 584 315 221 564 396 914 290 181 122 1007 593 438 778 435 897 618 0 64 556 83 319 157 800 261 265 383 171 197 497 839 357 68 555 537 855 745 411 710 73 357 987 227 
114 215 251 828 32 572 801 694 647 700 480 41 917 83 930 554 620 451 423 42 872 72 894 261 921 704 580 214 863 84 35 248 450 41 918 83 142 614 275 414 197 336 376 684 236 176 273 888 127 73 864 809 856 269 25 217 433 350 330 678 536 907 308 234 67 228 316 605 42 903 543 619 429 598 50 0 727 925 493 17 444 201 8 177 622 134 673 772 475 265 622 682 512 733 978 994 331 815 572 335 
449 231 862 1011 145 206 55 521 897 426 762 400 571 899 111 266 102 275 512 766 176 498 481 1001 640 98 517 252 824 958 964 103 417 1006 146 237 839 495 405 200 282 904 746 872 808 271 806 513 573 1001 614 31 108 469 50 746 264 159 640 429 358 710 343 753 251 346 590 330 123 455 864 966 332 109 558 741 0 830 573 216 676 729 497 78 113 34 704 207 892 982 600 394 988 414 382 692 681 186 123 608 
19 839 685 346 843 527 130 364 506 244 372 887 654 209 965 167 881 59 67 680 244 379 447 667 465 412 68 422 564 709 3 823 62 228 753 364 777 437 534 917 931 103 389 139 1001 91 80 880 292 114 184 789 833 921 381 33 28 26 685 198 401 388 871 891 867 425 991 183 460 820 817 381 824 973 69 931 838 0 318 229 739 610 345 319 703 330 962 723 97 891 316 113 215 878 455 804 99 94 868 707 
574 889 596 682 420 374 525 337 970 714 647 987 816 287 632 163 612 1001 916 337 492 421 849 609 612 954 854 533 309 334 448 190 894 667 590 794 479 292 330 16 423 674 572 574 939 548 269 737 490 704 377 215 971 447 421 734 124 818 804 781 757 179 67 279 857 124 447 653 699 110 345 483 375 762 299 484 580 332 0 569 150 324 860 578 740 961 818 413 818 788 707 677 43 741 241 930 339 86 729 65 
379 665 613 957 234 950 330 480 330 963 708 494 432 24 278 476 244 265 96 602 609 172 258 997 518 314 138 113 487 111 894 77 107 24 382 273 474 553 129 455 458 255 661 723 612 620 581 987 914 511 684 765 385 409 868 732 892 268 48 799 551 72 380 303 587 724 518 57 20 580 646 844 23 36 165 18 220 232 589 0 699 652 764 852 633 564 412 924 373 315 739 559 125 45 124 860 988 153 309 991 
103 116 320 204 946 739 402 779 234 209 352 920 603 134 683 546 889 18 247 582 207 545 403 153 784 715 54 329 778 239 761 706 86 102 971 941 154 288 123 30 941 45 617 853 934 854 117 502 735 531 434 69 411 35 115 238 137 678 301 151 588 15 691 813 572 80 229 281 324 188 864 972 988 645 811 447 682 732 149 685 0 51 950 445 796 324 933 1001 458 399 187 39 1003 292 729 317 480 321 665 259 
97 597 834 130 451 641 437 57 886 560 600 847 733 921 1012 608 443 459 460 505 1 764 80 636 209 609 974 222 854 320 120 130 518 399 143 68 820 891 210 911 204 510 916 287 875 587 967 637 318 832 738 108 689 773 452 994 531 852 759 341 393 694 739 452 881 863 663 520 871 354 325 661 917 607 255 215 734 615 325 656 32 0 32 90 784 1006 733 101 748 496 600 73 385 558 349 1002 55 696 560 122 
728 216 951 366 495 870 839 631 606 109 923 707 411 348 154 682 279 542 492 242 761 267 522 346 682 299 101 25 974 535 965 662 315 548 756 90 445 175 132 61 926 762 156 219 480 288 44 1012 696 691 791 389 46 276 498 647 774 267 56 542 404 160 54 60 129 350 914 847 694 654 486 767 554 212 262 7 486 356 859 761 960 19 0 212 648 483 437 840 151 713 716 16 590 794 105 379 877 51 568 806 
459 381 416 110 737 338 835 534 743 225 814 484 979 502 775 967 746 159 221 312 362 376 399 989 642 334 923 30 329 648 952 133 111 959 904 595 151 946 813 659 80 350 156 521 319 670 383 127 806 586 189 358 809 495 274 236 82 414 238 819 749 899 817 641 823 224 998 633 731 587 917 566 155 351 372 173 90 328 572 845 433 89 216 0 827 761 989 47 58 1010 501 643 926 439 579 688 322 586 25 286 
563 243 378 758 318 224 951 234 979 651 491 421 279 966 165 439 8 662 76 117 277 846 768 551 344 446 804 278 508 911 554 377 437 422 689 723 596 399 29 830 810 919 813 1010 488 167 463 22 968 680 229 320 53 650 451 483 243 654 685 248 151 404 893 363 282 358 387 880 1015 766 592 527 82 545 165 629 111 694 737 638 815 788 643 839 0 762 758 202 59 225 954 543 137 349 753 684 944 2 612 914 
884 886 680 845 207 657 313 801 553 282 925 150 966 296 922 763 188 122 923 908 70 167 787 934 166 552 45 122 623 282 452 787 181 555 317 131 914 151 513 132 323 280 69 838 4 980 168 214 626 952 196 623 220 350 294 866 281 634 966 459 701 894 386 510 895 181 91 304 896 163 212 713 949 719 194 140 40 325 953 563 334 1001 482 779 749 0 210 828 475 8 563 885 926 69 254 233 50 228 852 162 
515 255 96 78 625 661 758 180 744 879 897 34 60 252 728 186 348 855 355 715 483 768 28 376 276 213 686 924 542 812 244 975 923 18 630 654 220 249 804 566 865 449 493 39 733 335 381 423 787 381 440 1003 523 466 399 456 159 506 273 50 465 649 779 1003 766 151 333 18 182 498 256 182 257 944 504 670 695 965 812 411 936 743 440 991 762 201 0 32 699 66 320 601 575 551 257 313 808 871 763 901 
964 310 990 14 137 309 871 416 217 797 248 453 1006 399 353 217 260 450 389 55 996 242 561 182 341 495 868 729 476 927 338 672 429 796 719 997 68 514 753 861 262 651 483 224 444 525 65 222 404 410 337 135 218 334 104 62 83 570 163 170 61 273 210 603 941 259 688 743 620 112 123 783 415 159 843 777 207 725 407 941 993 116 832 48 200 813 30 0 569 862 533 453 94 669 1000 924 298 255 254 730 
664 438 988 855 533 254 509 516 112 375 843 849 91 725 105 293 293 757 526 208 425 822 463 404 361 339 910 503 503 126 857 892 498 971 573 333 461 566 227 504 568 943 535 992 217 373 192 303 748 94 206 523 538 161 60 166 955 574 371 460 394 684 821 619 862 551 990 128 501 195 655 339 948 750 359 472 893 87 803 376 464 737 162 55 53 465 712 569 0 844 753 665 597 323 17 11 900 765 695 164 
698 686 475 483 926 997 162 917 9 758 782 968 580 529 620 895 683 385 621 960 385 445 114 17 194 749 497 466 482 527 704 119 926 63 59 724 345 651 465 405 894 623 847 386 319 524 959 806 556 304 161 964 901 723 231 322 925 60 49 814 104 783 228 99 821 67 667 519 922 196 595 525 186 376 72 268 972 897 784 324 402 491 708 995 238 18 65 854 845 0 657 620 949 657 298 957 31 164 331 728 
826 848 330 501 943 972 963 56 102 609 837 387 550 807 270 322 391 420 459 244 107 808 904 838 401 250 166 918 686 120 743 830 387 599 880 328 915 984 287 864 328 444 871 393 242 979 514 346 264 66 498 232 255 999 695 661 769 216 986 89 131 731 956 485 277 450 882 136 974 105 752 734 222 895 553 621 595 320 692 733 194 600 707 490 944 557 320 522 744 640 0 640 741 793 63 879 433 448 464 720 
444 364 31 255 808 129 38 296 160 976 426 912 885 885 128 37 687 753 440 672 620 991 521 856 334 733 213 554 816 339 734 763 857 315 903 822 265 504 161 500 445 982 540 190 594 608 563 131 115 590 360 318 812 942 618 132 881 30 178 85 301 885 626 628 912 540 173 839 1006 812 767 187 211 485 532 684 395 121 680 564 53 80 7 650 526 895 599 461 669 606 635 0 434 673 976 200 273 446 734 280 
272 852 68 414 470 640 881 378 802 541 447 895 82 677 945 938 649 58 161 987 1009 55 216 738 719 547 246 58 814 605 93 870 983 882 82 234 71 238 526 808 770 341 311 278 888 623 355 365 586 693 451 167 7 847 973 538 661 925 356 339 442 185 35 443 227 628 71 173 75 229 863 161 351 890 862 529 978 219 44 125 1000 386 600 934 121 926 578 91 579 954 740 446 0 480 377 938 400 704 615 630 
806 384 273 389 500 127 114 903 319 726 346 640 517 184 155 944 958 405 677 414 522 527 740 285 304 457 689 827 951 784 405 210 961 759 263 884 34 776 331 496 974 77 833 434 302 197 973 773 535 447 158 643 394 438 524 706 71 374 759 407 66 343 400 607 851 861 408 263 270 497 838 169 398 162 748 735 405 873 733 51 303 556 785 437 354 61 549 680 321 649 786 664 473 0 825 611 979 217 35 60 
874 869 268 539 367 166 102 380 35 276 504 760 574 323 803 115 469 237 982 478 897 558 588 133 250 124 135 182 320 634 826 847 274 945 816 490 550 101 513 960 620 529 895 855 143 962 622 786 778 640 277 653 875 188 491 211 44 995 66 983 152 298 883 888 449 329 505 36 987 50 907 92 927 838 405 961 369 442 247 126 725 358 111 592 755 266 263 996 20 297 69 980 379 829 0 446 526 868 75 101 
830 974 927 713 347 816 392 456 571 186 444 104 709 815 644 796 441 246 238 580 66 414 718 971 687 864 801 114 622 543 587 227 87 536 173 423 607 178 831 111 419 298 257 277 837 841 74 552 1000 529 313 729 795 497 93 282 388 618 235 334 544 450 663 383 692 484 628 782 301 224 444 551 27 339 714 1000 688 816 936 874 304 990 362 688 683 238 313 932 15 948 877 202 939 606 432 0 891 814 100 776 
742 789 1003 809 195 110 808 142 557 138 849 535 432 905 638 876 479 89 705 137 860 319 707 462 596 144 525 365 672 568 584 534 35 804 833 292 498 419 694 497 540 612 895 629 378 918 932 459 705 201 544 556 179 411 707 927 446 305 196 841 275 362 250 899 583 856 998 415 798 868 216 115 483 508 71 330 673 105 338 978 476 58 879 326 933 66 821 286 892 29 440 276 411 968 520 902 0 450 291 28 
957 280 751 658 216 951 85 126 170 656 819 747 276 433 372 703 835 76 876 774 435 168 540 388 422 32 676 62 21 208 819 293 313 803 954 958 336 238 626 532 289 202 789 433 71 728 383 908 718 44 174 622 599 970 792 494 10 546 63 47 799 130 464 787 918 652 755 750 208 343 297 811 575 199 343 806 182 100 75 171 328 692 36 592 5 238 887 261 764 163 442 431 702 233 865 803 449 0 332 167 
343 829 987 281 875 285 353 763 860 81 729 464 659 392 588 789 75 169 753 316 243 210 654 825 311 819 957 341 890 569 100 855 473 82 827 232 574 952 741 955 643 926 717 308 250 245 935 138 668 937 23 167 829 750 390 448 820 661 578 435 152 634 817 773 964 187 890 519 348 441 637 613 400 809 1000 581 142 875 726 313 673 562 558 10 597 844 765 237 702 332 460 720 628 43 82 109 282 337 0 208 
515 562 230 222 785 498 612 505 573 643 911 740 3 141 152 213 233 654 591 818 641 149 924 833 280 721 89 597 562 792 601 847 693 717 166 998 927 477 705 61 994 731 305 527 190 834 784 79 487 921 303 55 619 344 818 309 693 430 477 843 637 970 862 490 273 911 29 766 540 157 29 206 179 883 232 327 615 725 71 992 253 122 814 292 910 164 895 735 156 736 712 282 633 67 110 777 21 160 220 0 

Depot information
1
1
1
1
1
1
1
1
1
1

Customer information
1
1
1
1
1
1
1
1
1
1
1
1
1
1
1
1
1
1
1
1
1
1
1
1
1
1
1
1
1
1
1
1
1
1
1
1
1
1
1
1
1
1
1
1
1
1
1
1
1
1
1
1
1
1
1
1
1
1
1
1
1
1
1
1
1
1
1
1
1
1
1
1
1
1
1
1
1
1
1
1
1
1
1
1
1
1
1
1
1
1
