Seed 123 - Instance: n90m20_1
n 90
m 20
Q 9999
L 3
U 23

0 529 861 146 305 815 712 618 251 367 193 161 29 831 943 146 396 91 471 476 969 339 223 524 197 334 768 932 322 437 411 464 533 862 274 192 711 658 742 172 486 931 245 368 79 109 326 545 553 705 356 833 310 416 82 576 505 894 360 100 105 201 251 609 465 364 162 890 729 212 547 591 510 246 503 705 974 616 678 368 368 552 314 678 857 70 183 229 774 275 600 114 775 869 843 608 300 93 126 725 24 791 225 104 401 354 118 948 73 307 
521 0 781 119 729 708 519 595 50 959 586 573 251 921 323 990 514 858 759 904 389 215 31 63 880 477 881 871 111 911 802 147 497 341 254 722 802 25 25 125 863 666 43 70 612 840 584 265 976 447 415 1008 344 73 741 923 891 954 802 15 488 232 423 547 786 156 544 780 246 305 715 477 172 1005 260 366 438 393 283 720 603 51 286 307 859 654 7 779 17 602 615 531 653 39 475 910 602 379 77 734 737 81 440 433 628 735 629 271 947 613 
862 777 0 962 415 571 816 469 533 692 158 472 210 32 37 535 1008 577 968 310 537 64 872 152 695 940 395 101 714 126 417 938 279 980 440 920 267 949 300 470 882 963 105 969 91 84 984 739 501 707 159 829 883 207 793 73 752 564 169 558 43 363 318 756 488 797 795 449 568 162 212 134 146 590 674 160 726 594 979 781 340 491 954 205 278 744 307 294 561 220 97 783 94 723 357 849 1010 390 932 866 553 805 953 31 331 182 771 634 202 373 
148 100 963 0 584 395 562 518 84 823 849 761 709 392 890 694 878 993 466 137 263 33 377 284 511 257 897 471 776 595 91 783 940 969 453 721 821 313 876 107 493 284 186 866 101 584 309 719 488 782 446 353 201 724 777 771 961 493 626 698 212 136 562 635 714 845 255 238 81 27 734 393 276 861 560 68 777 985 716 335 804 618 368 919 373 527 471 365 303 586 471 59 211 156 4 408 648 560 189 590 769 584 192 314 485 423 96 557 763 36 
291 730 397 591 0 795 490 708 736 243 954 592 62 305 726 570 732 524 470 356 947 435 306 591 594 432 918 368 212 448 288 198 725 387 705 584 176 1012 757 593 98 875 885 731 29 613 944 405 92 314 991 793 934 579 746 545 36 977 632 504 466 646 375 701 527 630 397 261 676 377 674 679 402 194 575 904 604 528 995 896 424 312 717 906 229 750 930 105 949 111 986 71 87 740 745 50 378 557 329 298 678 4 87 389 207 121 572 602 870 731 
819 700 575 404 778 0 509 873 616 398 572 425 189 658 18 577 871 623 860 132 871 520 971 327 86 808 812 662 982 56 292 559 855 589 42 275 345 224 13 863 71 469 740 896 235 206 312 958 759 577 715 603 927 279 686 836 214 529 249 709 982 838 771 154 684 274 581 226 210 235 674 680 79 991 46 542 68 329 931 215 271 884 747 880 126 228 257 129 520 284 528 494 619 346 426 103 544 514 385 452 588 21 58 845 932 89 346 663 248 34 
705 524 811 563 471 516 0 41 129 694 757 131 115 299 645 536 792 334 843 882 382 988 469 563 729 234 481 344 504 924 696 747 763 162 791 803 687 750 193 504 344 628 551 665 215 350 587 63 88 753 485 39 409 464 783 75 183 635 732 38 89 948 377 159 912 313 468 927 470 669 218 845 734 961 794 424 396 316 393 860 26 114 705 106 909 805 288 66 928 294 674 220 917 564 547 506 568 192 965 744 53 468 695 751 516 277 749 799 273 671 
606 592 478 520 709 868 37 0 494 135 571 314 569 828 309 121 150 996 982 555 677 297 396 987 813 711 582 259 659 518 320 872 668 96 39 62 179 647 302 261 52 177 92 229 730 941 94 112 947 575 624 378 434 496 743 773 331 918 129 777 86 389 315 166 673 365 634 489 704 781 212 519 207 265 328 450 888 824 931 548 121 481 306 651 267 147 923 77 986 565 288 177 919 228 805 718 986 335 956 224 607 755 647 321 278 133 201 159 435 381 
258 48 549 82 747 616 115 477 0 977 228 350 224 796 446 295 682 542 56 350 710 140 612 111 141 700 484 621 92 847 857 439 594 670 309 278 464 162 88 884 21 784 479 72 496 104 554 877 788 358 64 176 402 209 471 786 899 45 799 500 343 732 767 676 893 823 737 209 886 942 338 25 696 290 1009 902 267 341 188 361 204 377 545 871 80 664 102 180 690 347 292 88 533 336 855 1006 308 832 632 888 245 56 52 934 956 136 748 141 895 567 
365 957 691 830 258 410 679 131 988 0 762 666 89 210 61 424 409 150 438 397 918 570 913 398 408 896 53 554 958 639 391 191 494 105 834 286 317 139 173 327 184 572 413 199 937 571 373 182 46 108 412 976 326 108 498 177 72 452 548 461 37 118 636 258 365 356 994 444 78 761 733 562 61 96 82 178 507 601 53 383 371 764 611 443 637 300 417 164 507 368 398 424 386 993 871 886 840 191 261 33 96 672 520 806 171 310 494 483 975 159 
196 571 157 850 949 565 743 562 220 753 0 14 239 788 293 587 576 943 746 915 807 500 991 86 26 252 42 545 523 280 913 156 900 410 106 677 502 70 761 96 794 660 375 1002 367 395 690 771 654 697 721 267 118 168 779 619 991 219 14 532 821 569 336 171 695 914 660 924 882 655 33 46 350 479 320 488 585 471 341 439 487 68 275 943 596 704 768 541 165 270 120 101 359 921 524 508 767 765 407 223 250 247 1020 508 909 898 379 751 556 876 
160 565 488 763 589 405 129 309 347 678 22 0 377 189 322 801 262 105 535 629 664 856 791 696 402 735 572 108 835 766 619 256 309 647 291 930 463 830 494 224 21 523 953 283 521 28 931 478 556 531 237 771 627 581 962 385 644 459 690 88 862 627 376 783 879 747 260 898 884 351 170 344 345 406 603 171 217 27 605 402 114 228 974 409 699 421 631 405 589 58 808 563 28 79 714 839 75 234 227 89 983 90 969 452 837 1008 642 962 698 375 
31 247 212 724 46 182 127 557 238 102 234 368 0 636 939 861 770 120 780 352 406 124 528 847 565 595 576 914 127 861 220 206 790 590 127 910 846 464 642 144 786 666 584 861 981 205 487 695 275 779 515 537 888 551 855 13 992 899 653 517 966 420 558 5 40 894 774 752 1002 261 881 987 641 896 822 399 257 914 518 486 594 848 67 223 404 203 893 775 884 831 334 855 466 102 947 914 753 603 487 965 595 703 687 304 378 206 292 313 262 893 
821 929 21 385 310 667 300 811 800 218 769 197 622 0 498 781 38 497 679 240 543 504 968 634 918 567 209 824 259 117 497 309 18 907 565 914 960 269 312 824 883 194 397 193 628 777 572 859 140 333 72 201 683 430 465 600 802 138 991 476 665 997 912 636 879 21 540 914 462 173 294 697 571 367 338 810 128 168 798 901 939 353 230 774 54 761 660 641 246 447 275 183 742 430 338 554 388 662 627 333 751 934 267 894 945 622 444 333 919 816 
961 318 41 891 721 12 646 299 454 57 292 324 952 509 0 1010 353 44 205 47 80 957 55 822 108 665 439 388 831 945 957 406 597 211 883 586 240 971 692 49 312 784 126 906 614 184 112 716 829 465 337 897 762 191 663 758 762 709 823 841 513 189 28 8 870 184 985 871 792 745 733 376 822 336 21 858 505 742 488 716 929 865 233 268 192 414 214 480 82 565 420 996 251 92 40 601 892 898 36 222 786 785 570 725 732 567 590 988 858 83 
157 998 549 692 560 563 541 129 280 438 592 781 872 761 998 0 451 913 671 133 726 722 589 261 390 305 402 651 566 355 168 953 125 468 209 828 222 474 671 763 227 461 845 477 276 659 222 490 359 647 626 781 539 892 200 122 921 584 967 937 997 846 733 332 581 403 999 503 998 254 451 718 169 131 483 945 272 77 415 182 65 229 325 100 748 756 717 598 347 634 515 897 154 958 432 708 864 301 757 30 603 908 200 390 120 172 792 218 15 499 
401 520 1003 887 730 856 803 146 693 392 587 261 760 36 342 456 0 74 237 49 687 452 423 770 684 592 281 265 922 506 627 529 743 634 276 154 305 729 637 953 462 453 42 331 911 407 500 779 437 969 695 204 273 789 413 61 93 184 177 112 205 42 544 66 289 416 83 511 304 937 351 695 546 461 915 606 605 701 839 922 634 728 180 774 641 867 915 212 854 184 114 449 584 851 171 421 1007 1015 713 103 274 786 123 53 936 624 660 439 438 535 
95 873 583 991 512 622 327 999 550 143 931 118 121 482 49 918 65 0 429 321 727 788 900 676 875 235 486 869 651 992 53 441 513 545 95 511 334 804 576 417 237 932 854 403 424 614 869 295 25 863 813 20 123 59 133 478 196 83 39 709 921 273 404 166 53 197 281 227 51 422 986 197 369 593 993 881 97 815 92 128 704 896 490 507 898 361 352 143 49 982 37 906 106 22 337 58 416 227 232 421 807 972 810 261 643 842 651 826 648 297 
473 760 969 448 466 865 854 972 58 433 751 534 784 686 217 665 235 436 0 328 682 561 265 83 110 805 853 286 671 479 429 544 286 31 613 946 608 153 112 881 552 330 642 580 309 947 835 1011 34 433 712 845 438 62 839 873 404 689 756 824 1002 48 205 747 189 125 742 551 600 408 372 781 570 75 271 53 1015 772 841 205 654 372 877 314 824 42 105 389 470 97 149 712 669 619 755 1005 907 211 60 436 823 456 519 10 536 542 610 551 686 622 
482 895 308 143 354 120 875 568 334 409 912 636 348 249 39 131 41 318 315 0 540 378 548 847 653 474 844 261 183 167 297 229 688 726 358 707 311 451 761 61 440 502 539 744 680 984 888 281 886 486 877 177 919 256 183 721 727 637 956 639 226 548 616 256 143 767 513 269 461 112 770 1001 425 221 122 561 830 969 382 885 369 849 508 306 563 966 71 686 320 841 504 669 468 405 637 53 639 461 1007 545 342 359 678 985 212 106 290 382 516 775 
972 375 541 254 946 863 378 668 708 931 814 662 392 535 100 717 675 738 679 530 0 636 975 735 941 997 275 636 842 125 806 966 917 625 960 829 317 318 785 988 798 778 288 172 28 575 517 551 907 833 208 486 573 901 710 106 983 146 924 426 844 585 348 194 224 725 893 707 875 409 405 88 372 863 495 1017 281 623 384 248 88 611 189 625 658 910 595 358 630 148 431 43 607 676 55 41 89 89 41 607 759 939 272 108 155 1013 29 360 453 703 
336 218 61 38 432 530 1003 297 121 567 489 861 120 515 960 721 451 790 571 372 638 0 350 177 498 254 326 268 202 856 484 251 182 275 359 124 582 952 11 138 196 485 51 816 817 846 815 69 952 824 732 235 984 821 87 920 798 181 698 157 802 13 917 279 226 891 741 690 353 110 972 652 148 340 213 287 538 468 491 439 615 693 618 279 240 522 895 514 37 353 334 822 92 402 893 346 538 652 343 225 481 494 278 636 487 649 412 871 343 621 
225 41 877 367 317 977 469 399 620 912 978 794 538 959 43 579 433 907 263 557 992 359 0 59 936 730 803 325 36 617 227 802 721 61 1002 1011 555 48 829 525 742 914 696 650 801 542 676 95 510 628 122 231 381 398 740 100 111 224 221 355 376 248 729 585 821 587 773 458 42 648 505 85 1005 111 523 509 588 671 124 455 555 336 891 950 627 701 691 58 277 680 881 180 189 804 550 109 182 64 207 399 20 1006 579 75 79 705 314 430 998 322 
531 50 162 277 588 343 550 997 123 393 78 692 839 648 817 262 764 676 86 837 731 177 55 0 585 605 950 751 752 576 882 409 471 461 94 255 1013 799 685 603 263 339 101 728 226 654 650 742 707 202 973 859 168 32 390 230 907 401 822 397 502 745 681 129 546 421 896 304 117 955 330 440 52 232 380 843 822 238 354 868 118 393 642 477 35 61 355 363 192 1002 803 293 76 442 47 950 577 586 492 878 521 344 864 199 138 134 115 448 733 931 
197 894 707 516 595 84 731 814 128 404 36 400 571 932 104 401 686 875 118 637 947 486 934 589 0 791 323 754 133 1003 124 155 29 82 852 558 625 941 202 29 135 583 268 961 690 506 293 353 924 814 633 275 241 263 112 932 517 999 210 650 969 663 791 790 161 135 860 723 113 210 956 914 678 27 468 476 87 925 95 612 30 954 753 425 207 675 106 743 450 201 580 199 875 286 11 929 591 104 150 705 322 892 49 452 139 675 423 466 17 218 
352 477 942 257 437 800 230 707 716 902 248 722 597 560 672 300 589 237 817 461 1013 257 745 600 788 0 497 253 1000 897 924 908 780 219 119 298 633 297 884 441 330 776 552 474 19 661 672 692 53 397 119 827 286 77 174 664 743 58 31 423 759 340 991 1008 223 54 756 776 451 798 657 580 1009 637 511 276 644 952 194 682 69 452 907 433 876 73 810 456 113 162 190 235 100 465 492 512 331 610 418 283 42 174 218 698 472 434 43 449 489 674 
762 872 406 887 921 812 484 580 467 53 42 591 585 210 431 392 284 495 844 835 285 337 796 957 326 500 0 191 272 571 903 777 228 732 744 625 660 98 810 85 846 120 925 270 922 999 449 453 741 55 1009 525 629 155 123 699 300 507 486 763 566 103 792 301 948 127 371 53 29 862 193 528 933 833 921 687 12 820 645 806 561 187 72 417 383 474 231 968 466 939 648 136 404 284 262 658 106 374 144 350 139 721 239 110 268 784 652 238 203 565 
923 885 108 469 363 660 345 250 625 565 545 109 913 811 383 646 270 869 275 272 636 278 339 743 764 236 179 0 268 82 187 196 370 910 983 174 815 222 951 637 926 564 817 727 28 639 52 114 50 298 714 259 185 340 937 223 139 714 280 663 539 280 999 698 690 22 14 934 487 726 402 694 983 461 520 138 262 854 133 138 796 517 284 793 531 697 377 727 378 524 831 518 200 157 7 981 23 117 758 652 204 902 416 313 728 108 778 256 566 59 
305 110 716 784 221 982 495 665 77 953 524 828 137 267 814 583 906 662 673 181 854 182 29 768 125 996 262 268 0 345 701 134 718 193 226 221 59 123 519 739 737 502 706 479 856 354 382 130 686 127 722 772 845 722 436 280 521 443 898 640 840 435 510 105 466 724 900 276 375 66 910 23 796 286 373 854 29 77 269 202 360 169 224 269 128 26 702 828 550 621 837 355 419 314 385 633 78 527 596 647 510 689 498 131 813 778 708 764 936 557 
447 904 127 585 439 70 912 518 846 643 273 770 864 117 958 364 513 990 488 149 139 866 630 567 1004 903 572 82 345 0 862 275 271 217 992 727 903 871 643 663 683 156 154 61 541 847 469 853 844 403 244 356 194 332 29 362 834 129 85 811 144 931 797 918 824 686 703 49 906 471 591 374 564 429 544 702 32 487 214 297 213 878 798 364 872 500 442 744 282 707 892 41 553 843 486 446 240 749 956 586 1004 945 30 826 396 543 663 605 878 662 
415 801 418 108 293 295 693 307 865 383 899 608 213 493 956 150 621 49 430 310 804 484 227 882 113 934 890 194 709 869 0 9 302 507 256 297 779 844 218 714 112 635 932 57 757 373 360 134 211 648 61 760 211 716 646 273 752 387 771 393 983 971 331 441 1004 574 257 500 111 477 846 603 556 872 571 199 70 605 71 819 793 515 880 558 801 632 693 323 805 366 830 842 983 433 723 239 790 869 800 868 45 686 136 541 101 678 363 225 773 731 
461 160 941 776 215 552 728 875 432 194 144 258 192 315 407 949 543 455 544 234 962 245 819 407 151 902 778 193 128 279 12 0 305 1008 218 571 229 749 511 383 264 534 731 953 723 433 960 821 126 437 699 298 935 394 267 216 717 201 422 955 119 45 856 814 136 39 307 999 281 555 578 49 840 884 441 796 702 38 978 324 645 23 139 6 54 913 749 161 420 103 569 326 342 990 629 283 662 429 892 482 526 859 489 602 35 664 205 769 900 670 
540 503 289 950 730 869 758 670 593 514 894 314 786 13 601 118 742 516 283 684 921 184 726 476 15 783 216 360 705 282 288 300 0 989 183 290 789 733 559 92 458 297 477 211 1008 254 604 158 583 781 558 679 382 534 432 354 520 817 240 363 216 606 445 742 724 645 487 648 201 595 987 351 611 814 252 1010 817 580 954 515 184 346 76 199 823 434 268 123 319 389 1010 706 992 863 268 108 70 892 810 848 316 48 200 908 545 656 878 529 505 442 
856 349 978 978 392 599 152 95 661 109 406 656 587 915 201 475 644 530 17 721 619 293 56 469 95 229 742 907 195 236 507 1008 976 0 636 575 820 782 898 940 289 889 914 640 517 712 919 113 339 123 199 171 297 265 516 698 278 594 162 1005 216 906 229 403 570 825 158 893 463 806 845 448 973 402 508 500 492 591 905 86 329 32 186 749 848 916 576 161 299 866 725 102 265 566 416 669 704 900 341 546 18 658 745 95 795 629 408 233 930 860 
268 240 449 462 699 42 777 41 312 822 111 281 120 566 882 214 290 106 615 357 964 362 1003 95 850 112 748 983 239 998 254 223 173 635 0 415 520 424 66 221 477 710 34 361 796 959 679 764 497 119 583 83 565 785 567 125 702 989 210 610 719 957 686 259 469 725 101 158 344 799 752 233 602 770 500 399 383 148 24 428 831 680 70 694 468 916 432 708 67 952 350 641 187 682 324 718 630 815 731 406 1009 655 98 933 597 546 509 802 674 722 
176 725 916 721 587 261 803 78 276 297 681 927 896 896 605 839 162 519 961 706 828 126 1010 263 547 295 607 180 217 731 291 575 288 574 423 0 959 902 136 439 601 258 442 579 28 800 153 559 394 768 572 889 449 8 769 614 936 99 589 845 632 873 253 906 342 109 683 603 878 969 303 757 110 787 482 585 411 796 923 852 608 737 769 179 575 769 846 459 822 313 518 46 405 842 164 576 334 549 278 814 230 581 119 793 880 797 739 440 643 338 
703 805 277 826 180 345 680 176 470 332 507 461 830 963 246 216 298 332 602 316 319 579 552 1006 616 643 665 798 61 913 776 217 803 831 516 944 0 996 407 868 56 802 327 787 757 912 18 68 612 574 614 447 566 28 251 770 99 656 99 250 431 286 800 631 699 666 190 309 623 856 936 628 927 862 813 789 821 691 831 553 400 74 522 458 121 800 878 58 234 978 291 666 831 49 921 441 566 773 421 659 669 958 954 538 932 501 649 264 111 426 
670 27 963 305 996 216 746 646 152 132 72 838 466 283 958 483 731 811 165 461 314 952 39 794 950 295 91 223 120 858 841 759 726 786 422 900 1007 0 563 235 47 107 979 71 131 292 668 341 361 752 712 715 250 389 926 132 744 231 158 251 460 375 755 562 775 228 807 876 1006 938 501 980 225 255 438 475 615 687 887 179 862 734 587 558 139 495 853 827 904 191 126 908 816 119 93 615 35 913 48 899 953 593 351 791 867 351 991 119 75 256 
745 41 300 879 756 30 191 295 89 177 750 487 633 309 700 689 646 594 123 753 782 19 837 682 198 895 810 957 528 647 229 500 549 889 55 150 400 570 0 272 306 138 550 85 339 542 56 400 748 418 947 204 467 737 456 174 991 270 775 744 997 76 106 338 430 189 279 110 524 938 392 141 72 873 851 935 430 199 748 977 604 247 820 537 784 876 1011 441 657 741 663 202 756 94 838 328 489 743 187 106 370 937 426 392 751 631 22 851 589 530 
157 120 465 104 605 863 489 262 888 313 100 221 145 818 52 753 947 417 877 58 985 128 530 607 38 427 82 621 747 663 710 391 90 947 222 453 878 238 275 0 536 861 70 544 984 706 663 627 771 770 553 627 991 784 926 943 647 821 642 43 927 481 178 45 221 805 407 373 698 484 967 283 287 299 287 281 809 228 541 800 977 855 546 89 587 964 346 214 272 499 385 536 302 325 447 737 84 754 206 99 47 493 485 810 338 197 253 371 183 670 
478 852 875 508 107 86 349 48 28 176 794 9 777 883 323 225 469 239 552 443 804 185 752 262 142 333 848 923 722 679 113 254 465 284 478 607 57 47 304 516 0 808 503 42 886 44 150 404 935 109 38 720 556 540 619 398 607 750 867 204 711 289 796 677 244 922 95 656 809 354 494 1003 637 696 594 674 112 204 994 540 428 701 956 837 519 910 406 983 145 155 715 967 388 855 781 305 41 69 116 242 84 398 351 847 252 894 686 587 848 574 
938 659 974 289 871 466 620 184 779 569 657 515 668 200 790 469 456 932 336 497 785 494 904 344 597 766 116 574 499 156 648 535 312 888 698 250 790 115 145 861 794 0 673 527 812 383 581 881 119 626 722 433 831 904 200 885 25 775 283 517 21 940 623 981 710 243 43 967 999 886 778 188 623 258 663 541 165 885 659 844 787 591 643 414 785 72 271 74 709 288 131 392 731 534 244 102 112 283 390 258 497 235 893 157 900 86 983 276 817 446 
246 44 97 186 893 746 567 94 467 418 382 966 583 402 120 833 46 841 648 545 297 62 700 106 262 547 920 823 696 154 939 715 480 907 44 435 318 974 541 72 518 681 0 967 344 757 99 145 209 110 257 288 391 153 264 52 417 826 139 270 963 63 526 834 954 661 63 883 744 372 219 850 673 47 33 687 662 361 352 779 989 886 541 758 790 209 122 475 638 28 529 613 148 133 546 336 31 669 697 395 377 300 461 519 371 724 41 793 431 419 
371 67 957 864 737 894 665 231 64 199 989 285 862 195 902 472 342 413 571 741 157 807 660 743 963 473 259 726 472 64 50 953 205 632 354 571 789 72 71 537 56 512 984 0 653 130 108 754 995 1008 221 958 624 114 715 455 724 143 594 793 675 356 168 510 909 164 785 613 335 716 500 215 24 215 132 519 678 444 896 768 383 920 766 250 900 653 754 153 567 509 467 978 510 540 840 240 437 12 409 578 537 944 935 388 830 920 727 880 864 128 
70 597 95 93 36 236 223 716 497 934 370 533 975 633 610 272 924 421 311 675 31 813 805 216 692 19 920 28 874 552 761 736 1011 521 794 16 744 122 338 982 888 805 351 656 0 458 68 850 37 107 807 377 729 305 990 325 507 205 747 975 787 509 94 526 456 239 360 211 687 530 422 18 320 571 224 254 879 1012 86 304 746 174 763 1007 52 232 704 849 80 594 678 247 550 806 552 454 409 619 354 652 265 474 995 181 947 544 828 213 470 75 
101 825 83 592 599 201 340 947 114 562 398 29 212 791 197 647 401 601 943 980 557 839 531 654 513 650 1002 636 347 863 387 432 243 710 967 789 911 287 528 694 32 388 752 129 469 0 878 396 300 66 618 148 637 731 249 390 170 711 616 881 592 790 261 88 581 397 438 547 55 437 29 94 997 893 87 685 175 652 284 430 952 827 535 951 718 827 43 660 1001 269 351 886 587 544 513 524 1004 98 861 554 269 480 546 490 243 184 967 678 31 928 
326 600 989 305 944 310 573 99 557 378 680 914 487 583 113 224 508 856 824 899 503 806 683 656 281 673 441 46 389 479 364 955 617 925 679 156 34 675 58 663 155 581 114 103 56 878 0 648 464 766 882 928 28 261 677 201 23 388 466 75 940 409 31 143 290 946 441 503 786 200 298 962 174 398 389 742 251 868 509 854 368 571 806 232 355 774 289 600 113 868 146 470 525 559 301 973 581 631 396 159 217 32 811 971 263 121 155 45 351 162 
537 259 745 710 401 952 59 102 873 185 781 486 707 859 713 475 763 281 1020 273 557 65 105 737 369 692 452 119 136 843 130 821 158 111 765 577 80 341 397 619 412 897 144 762 845 396 644 0 689 992 580 372 835 922 259 776 258 14 601 708 185 901 903 817 396 403 916 853 201 222 821 563 539 731 666 905 997 970 504 315 1006 521 365 82 980 509 563 314 226 386 504 677 1010 742 517 300 689 196 637 335 332 943 117 4 291 119 45 938 864 703 
561 977 503 503 90 776 86 950 790 50 653 564 263 136 837 353 438 27 52 899 912 955 506 724 917 61 742 56 673 833 197 128 570 352 500 391 607 359 744 789 931 131 200 1010 38 308 464 684 0 102 345 266 642 376 375 598 729 633 197 155 307 569 601 425 78 204 342 50 782 401 984 548 670 885 130 416 337 887 331 390 84 846 807 47 993 902 36 724 57 324 776 884 984 765 688 221 491 911 530 946 16 171 634 1005 51 43 534 156 568 147 
703 446 691 783 300 580 752 570 343 118 702 536 779 333 473 651 960 845 435 482 841 825 615 201 829 385 43 281 128 393 648 427 784 113 119 779 560 743 417 770 105 628 124 994 109 60 765 994 87 0 196 700 450 285 751 910 116 92 816 363 376 939 810 635 252 444 679 678 206 663 348 826 654 995 870 344 14 619 378 922 614 49 17 640 399 990 148 489 822 381 584 561 400 586 768 753 634 467 464 485 355 552 167 662 383 750 941 1000 720 312 
352 407 163 447 982 711 476 613 65 422 733 227 503 72 328 628 702 812 696 876 197 732 126 962 630 121 1000 707 722 256 63 696 565 210 593 579 605 712 947 552 21 730 248 216 814 616 869 586 341 210 0 838 407 448 338 84 701 404 273 527 77 389 19 626 49 724 843 533 700 691 954 283 384 537 78 492 698 163 846 454 34 96 645 804 889 979 467 403 927 151 443 557 253 758 472 538 600 633 320 568 828 107 428 955 508 468 994 463 393 617 
828 997 822 349 777 587 30 383 160 992 256 774 535 201 885 786 201 18 848 169 468 233 242 853 261 831 522 254 784 362 755 288 676 182 83 898 441 719 205 624 732 443 293 973 383 145 919 354 266 717 839 0 170 930 955 320 704 512 266 834 411 770 387 253 988 298 106 443 832 235 9 421 337 712 573 571 456 119 342 511 151 907 10 48 773 434 26 145 383 427 98 412 566 165 730 844 176 102 227 950 246 918 32 201 592 456 898 598 12 926 
319 348 888 185 917 921 409 423 413 313 105 629 897 676 769 531 276 110 441 919 565 971 400 151 235 286 615 190 855 195 213 931 386 298 568 451 549 260 465 985 544 835 375 609 733 646 22 835 642 457 399 179 0 223 391 477 461 638 768 97 288 935 70 182 501 768 772 347 433 695 911 496 186 482 238 47 64 72 716 98 381 411 447 854 740 281 870 601 501 506 588 346 686 508 588 959 520 698 464 811 220 47 232 985 449 358 702 826 728 974 
411 81 208 728 579 280 476 500 215 101 172 587 539 425 185 888 793 56 52 242 900 828 402 26 271 63 157 345 725 339 711 407 515 272 785 20 19 389 739 788 551 890 154 103 303 730 250 912 384 277 451 928 235 0 686 981 805 703 381 998 718 55 503 367 86 704 4 805 903 332 462 387 971 922 734 386 600 329 693 4 25 72 509 316 95 524 980 794 534 837 626 961 215 580 557 953 699 953 105 347 234 932 894 841 204 1000 743 976 498 503 
71 747 791 779 759 686 774 743 483 503 784 952 853 459 658 196 420 132 841 202 707 88 741 393 112 165 118 927 429 36 659 282 422 525 558 759 251 908 458 918 600 194 279 716 990 261 673 252 366 741 332 950 394 696 0 579 744 600 482 631 101 601 882 160 700 148 310 635 414 648 663 561 651 765 77 739 64 674 658 425 747 953 691 186 761 794 32 157 994 140 795 23 501 699 446 242 718 918 804 19 489 853 938 894 821 728 1012 787 243 201 
577 920 86 781 533 846 61 778 796 197 610 386 15 602 765 107 57 469 862 717 115 911 91 236 921 679 684 229 269 349 274 210 372 689 130 615 763 136 181 960 392 876 68 461 307 382 190 772 597 905 83 323 487 977 593 0 480 29 510 566 39 879 642 487 534 636 151 279 720 595 935 757 160 73 254 56 261 576 50 477 226 764 432 759 660 67 378 394 232 903 685 520 106 308 53 319 780 835 104 986 524 3 873 703 877 990 62 749 431 143 
515 899 764 953 29 217 167 341 904 71 1001 644 1000 804 762 920 79 185 395 722 989 808 115 910 519 740 291 142 512 828 741 709 522 284 720 926 88 737 989 642 617 29 407 716 506 190 19 267 737 113 708 710 461 805 747 489 0 889 977 384 1002 520 710 694 556 599 678 985 797 159 830 485 498 676 765 389 635 916 135 835 874 473 237 330 796 779 770 698 514 623 536 50 871 153 563 943 690 36 408 15 532 261 81 187 99 473 728 889 90 375 
911 956 575 497 978 526 622 913 36 459 227 457 907 141 705 582 184 74 685 653 147 167 208 396 993 69 505 709 460 123 390 209 821 587 997 103 664 236 278 822 751 769 822 150 191 708 383 32 617 100 392 528 633 703 593 20 890 0 313 282 847 357 906 170 331 337 156 490 139 915 141 395 830 244 643 36 702 787 657 780 437 582 776 717 479 821 182 193 689 35 30 118 31 974 383 974 809 538 128 437 730 358 209 194 824 708 369 1002 996 620 
363 805 163 629 635 242 737 123 812 543 24 700 656 988 824 971 190 27 756 966 914 684 202 824 217 35 497 276 898 85 780 416 235 158 212 605 105 152 786 640 869 272 148 605 747 603 457 598 182 799 284 262 752 387 491 517 985 313 0 943 690 855 649 224 852 907 380 943 143 653 665 637 130 324 930 665 780 728 1015 176 730 278 202 633 818 320 159 248 219 321 790 497 122 779 478 724 871 585 268 54 211 738 342 472 186 933 120 621 17 661 
106 21 557 686 501 706 30 777 491 473 526 104 516 487 855 939 113 701 830 644 410 146 355 388 641 411 771 676 627 799 387 959 360 1004 611 841 251 248 745 40 219 532 268 795 968 877 67 710 161 365 538 827 97 997 634 565 385 275 956 0 181 134 828 251 337 556 212 658 427 712 310 509 725 423 247 136 255 22 756 69 225 191 544 453 49 268 864 762 346 463 228 687 364 456 177 610 508 49 360 140 151 590 630 711 339 91 304 60 624 396 
123 504 39 204 450 984 86 91 346 31 822 863 965 654 513 996 213 919 988 224 827 804 391 497 969 760 570 529 834 156 980 117 211 219 715 623 430 471 987 926 710 23 959 670 777 587 925 189 308 376 78 419 270 718 97 47 1018 848 687 184 0 42 17 752 815 587 647 685 360 929 784 337 862 727 438 585 731 440 266 701 922 881 607 300 573 218 564 426 125 138 561 58 584 749 768 814 504 8 138 842 541 872 184 685 764 67 481 700 455 479 
195 244 353 143 652 837 946 409 746 122 572 631 428 1001 194 836 33 275 44 550 584 29 251 744 674 344 92 286 432 918 977 48 618 908 947 874 287 382 76 475 293 928 67 360 496 785 411 896 551 931 389 775 945 54 614 894 537 349 852 129 43 0 783 455 148 462 525 392 802 97 117 645 596 41 873 183 15 495 253 872 139 518 242 287 396 713 580 924 203 827 967 72 907 469 429 709 227 797 481 571 562 393 57 349 525 967 461 295 885 798 
253 428 327 557 375 781 396 319 765 631 343 378 549 918 42 738 548 402 215 604 349 908 714 670 791 984 806 997 507 804 316 850 438 246 685 239 793 753 112 168 806 616 533 174 109 263 36 889 604 803 25 399 75 511 864 636 712 904 642 838 12 766 0 940 273 672 943 388 1018 881 544 64 10 448 403 107 848 128 832 350 441 793 804 987 20 790 711 8 121 492 384 505 569 511 936 187 909 162 993 767 384 951 775 472 855 761 883 334 123 296 
600 549 756 633 704 157 153 153 696 251 152 764 12 649 11 323 66 164 744 257 201 269 590 140 784 998 295 680 102 916 438 809 734 416 254 909 627 569 340 54 663 977 823 505 526 95 143 813 410 636 620 268 191 375 155 480 682 185 233 266 745 447 933 0 396 301 898 150 1014 126 779 28 615 668 667 583 326 143 219 577 745 486 205 571 355 182 82 222 958 719 614 573 332 342 613 382 104 352 268 872 25 234 815 508 417 202 285 598 335 801 
451 783 477 713 523 703 909 674 901 356 693 887 37 884 863 574 276 37 203 151 230 229 821 546 163 212 936 699 468 825 999 142 725 560 479 351 695 766 434 215 237 705 950 897 466 594 283 393 79 268 55 993 499 92 702 544 553 329 850 325 823 138 261 400 0 626 673 633 890 444 987 393 229 689 625 507 150 922 56 732 815 145 179 213 980 563 303 250 743 617 162 536 492 95 127 1011 313 342 239 865 883 755 586 864 534 352 676 161 570 717 
373 153 798 852 642 281 314 356 826 356 922 746 884 24 184 402 423 195 124 768 727 877 599 413 132 52 131 18 722 673 580 37 644 829 725 118 667 230 185 813 903 244 665 161 236 388 945 397 207 452 726 299 759 721 142 628 598 320 923 559 585 461 682 307 616 0 321 61 580 752 883 377 769 705 620 968 477 955 211 142 723 270 98 712 69 372 513 361 43 176 366 114 829 456 364 422 653 201 800 785 682 293 934 780 954 462 861 741 458 838 
156 556 809 252 403 585 450 641 739 995 650 265 766 527 978 1005 92 281 748 516 885 737 771 881 845 753 363 0 895 709 257 296 479 147 102 677 176 817 278 419 94 53 71 791 360 436 434 929 348 679 839 94 773 7 315 144 673 158 390 198 642 515 943 887 680 322 0 750 409 715 963 788 108 902 879 935 955 293 306 67 400 204 485 510 275 810 268 771 834 513 116 959 767 795 642 457 560 358 275 475 522 370 248 362 914 384 901 171 695 889 
890 783 449 236 253 235 936 488 210 447 918 898 747 915 877 502 499 216 551 281 713 705 440 303 724 768 49 920 288 54 511 1016 640 884 148 610 321 882 109 384 660 948 887 620 220 561 505 844 50 670 524 451 340 815 638 275 990 487 943 658 693 390 374 168 633 48 751 0 950 658 227 252 202 793 66 919 452 79 307 709 292 848 522 246 742 564 986 917 270 61 796 733 127 339 457 222 339 48 57 113 427 172 382 152 926 478 988 658 355 278 
732 257 555 83 677 216 474 692 892 79 894 883 1005 470 806 1016 296 56 602 464 884 369 45 124 115 448 23 490 375 897 112 287 216 458 327 891 640 1005 532 710 820 997 745 342 691 52 776 196 787 209 708 834 429 910 406 710 789 154 137 432 357 815 1007 1001 895 578 420 941 0 50 265 368 760 185 659 339 183 328 126 446 715 700 387 828 721 292 894 479 654 574 1003 310 647 537 737 752 949 643 754 822 725 610 577 228 620 200 447 441 910 139 
214 302 155 19 381 251 656 782 955 762 647 351 259 172 761 251 932 428 410 127 417 100 650 942 209 795 867 719 59 480 470 551 600 812 804 971 866 932 920 498 372 869 353 713 530 429 189 223 411 668 697 227 686 331 640 606 152 917 645 714 930 91 873 109 442 747 712 662 44 0 330 271 805 157 767 905 722 370 766 317 484 933 925 108 665 991 989 823 513 531 437 671 378 636 329 879 152 134 23 509 586 558 567 157 1011 191 224 784 91 521 
529 726 206 741 670 683 232 217 347 736 30 174 886 306 727 459 336 983 356 781 406 970 510 315 962 642 195 402 908 589 845 579 979 847 766 309 931 485 392 963 507 785 218 519 417 22 301 822 982 341 948 9 917 474 649 928 830 152 666 297 774 124 539 771 975 873 955 241 257 326 0 417 221 216 211 289 997 185 244 796 136 801 764 459 856 560 231 898 175 225 859 88 261 975 185 553 107 298 990 672 859 292 669 512 856 803 501 502 534 714 
595 478 118 403 691 669 852 510 18 559 36 331 987 713 366 705 699 190 765 1005 92 650 73 443 911 572 531 705 30 358 596 58 337 431 245 773 633 992 156 275 992 178 862 217 19 90 956 553 544 828 282 428 510 393 546 765 484 396 631 518 343 661 66 32 401 393 788 243 374 278 419 0 1002 892 775 587 185 529 1001 571 39 19 385 306 673 544 917 64 406 873 93 292 15 313 212 150 317 893 456 581 948 138 382 584 104 387 173 413 876 358 
508 161 153 277 398 64 727 200 714 48 345 342 631 570 830 178 564 370 582 442 358 143 986 46 680 1016 934 965 804 564 563 852 609 972 592 95 932 221 58 282 633 615 678 36 312 1005 172 539 664 644 378 336 202 971 654 162 502 814 140 719 854 584 14 603 224 783 98 197 759 801 226 996 0 505 864 887 519 948 409 906 818 228 65 478 347 347 884 394 894 386 801 100 775 197 627 616 483 318 232 283 744 521 64 323 217 728 870 590 323 222 
249 994 573 872 190 993 966 271 290 92 479 396 886 364 321 146 461 594 79 214 868 335 115 222 29 623 834 456 294 441 884 883 808 405 767 784 863 255 864 312 698 257 61 209 574 888 396 737 894 986 547 727 472 924 778 64 680 231 315 409 717 40 453 667 677 710 890 774 204 139 232 903 492 0 544 796 523 382 44 538 463 404 329 819 228 206 818 689 313 928 588 663 794 188 427 517 731 131 754 672 303 87 823 419 937 379 36 621 580 585 
496 248 662 558 564 42 794 329 1011 90 309 610 822 348 8 485 900 1001 271 123 477 202 524 378 469 511 905 510 363 550 563 445 256 506 504 488 804 437 867 283 581 669 30 139 226 69 388 671 132 854 87 570 235 721 64 234 759 640 927 240 443 881 397 672 621 623 887 63 646 770 211 788 875 544 0 197 375 951 809 291 960 562 154 255 211 163 781 445 831 993 456 1009 773 767 761 690 810 95 29 77 533 90 341 900 538 767 473 407 259 405 
697 378 176 74 906 541 437 465 912 180 493 179 397 814 847 931 622 868 49 555 1006 299 497 846 474 272 687 131 855 706 203 803 999 500 400 582 775 476 945 289 670 554 683 525 259 684 740 897 413 328 489 573 45 382 727 56 395 16 661 131 590 166 111 571 509 975 937 921 346 897 285 589 890 789 189 0 607 290 423 165 208 505 369 962 746 546 867 54 568 36 802 415 284 372 356 267 481 963 931 683 505 468 495 323 444 595 277 643 427 585 
961 437 729 779 586 51 394 885 280 502 583 226 261 113 518 268 604 104 1013 830 284 536 577 820 90 640 5 264 26 41 80 695 800 480 363 394 818 623 443 797 94 179 657 683 870 194 248 990 329 20 697 461 77 593 66 259 634 688 776 259 720 10 843 318 158 471 958 441 185 716 988 197 514 525 371 616 0 268 891 72 106 240 337 600 535 140 128 954 821 695 885 616 528 549 472 89 834 373 249 364 840 375 328 968 760 24 476 554 348 307 
630 389 608 1005 535 321 315 829 351 588 472 35 921 164 751 87 697 799 760 965 614 456 669 223 917 934 815 856 71 484 594 37 581 593 149 793 695 684 200 228 188 889 357 454 1009 645 866 957 889 619 166 121 67 344 672 565 911 776 733 18 431 506 139 129 924 969 288 90 327 370 184 537 963 379 964 286 286 0 483 72 242 223 153 29 801 325 466 933 204 168 650 79 94 925 353 415 308 361 415 404 844 833 473 336 823 361 963 440 964 667 
687 285 973 718 990 928 391 924 204 51 334 611 507 795 493 410 839 82 847 388 388 494 122 359 83 205 629 142 268 229 78 969 941 905 31 914 839 881 734 542 984 652 334 887 74 287 510 500 329 378 833 339 710 701 667 55 136 652 1012 767 272 248 831 215 50 210 292 304 142 778 242 1003 399 41 811 433 906 473 0 318 205 86 509 194 341 679 911 511 990 117 44 299 421 928 442 106 26 641 440 814 372 177 102 984 398 864 178 746 57 70 
365 737 768 339 881 221 852 533 367 378 449 390 480 893 730 164 936 134 211 875 251 446 442 869 623 690 807 123 194 292 814 336 524 80 438 844 549 180 977 814 543 857 782 787 296 420 844 321 395 919 453 497 98 12 435 463 817 795 174 77 687 877 353 574 731 132 67 702 433 310 792 576 890 539 291 166 72 68 314 0 597 422 951 449 26 624 991 543 174 79 433 146 70 923 998 724 371 444 421 755 147 454 51 382 955 913 386 105 109 516 
353 601 337 803 441 267 33 127 205 367 493 115 578 949 938 54 647 710 656 377 75 623 560 115 40 59 563 797 358 212 788 653 191 327 825 589 393 873 617 990 428 787 996 399 748 950 357 1012 78 615 39 155 379 32 752 237 883 437 738 227 918 140 425 735 823 715 381 276 719 497 131 40 823 449 956 222 114 242 216 603 0 275 948 49 493 379 114 347 884 897 316 666 585 368 36 556 80 745 984 945 581 455 688 853 604 395 217 839 499 274 
556 54 490 613 310 891 108 469 388 754 68 219 831 351 867 241 712 878 365 833 619 694 334 401 938 442 178 519 164 866 518 11 344 32 681 732 72 726 246 866 709 579 878 918 166 816 564 512 829 50 100 913 427 70 957 762 486 573 287 179 888 521 790 486 162 272 200 857 697 922 782 7 235 415 561 521 239 210 84 436 277 0 257 997 671 638 911 129 479 905 528 453 619 724 981 636 214 416 727 986 10 576 269 766 920 561 890 648 196 20 
316 268 960 362 707 745 699 314 547 609 287 973 63 216 246 324 169 490 867 525 193 617 881 652 765 903 61 291 222 799 891 152 84 171 74 767 520 578 806 540 947 644 540 778 753 525 786 354 813 12 633 13 440 511 705 430 243 770 184 545 604 241 807 197 163 90 493 529 376 926 781 393 74 321 168 383 324 151 500 964 948 267 0 379 338 162 554 688 672 198 672 408 1003 131 49 538 428 925 174 752 487 840 895 460 239 296 152 817 839 342 
683 299 190 903 896 892 116 651 875 442 941 395 224 771 266 101 785 518 316 313 608 284 953 462 426 421 420 798 254 356 555 10 191 753 679 176 449 551 527 103 823 413 747 248 1015 948 229 87 52 634 823 45 863 320 174 763 341 711 645 457 295 298 997 557 222 718 503 251 826 98 453 310 485 834 258 957 588 30 191 450 54 988 382 0 407 655 103 597 154 136 643 213 786 810 905 668 605 145 105 182 710 684 242 68 595 82 531 973 262 77 
846 855 263 380 237 119 926 265 91 645 600 711 397 72 183 754 638 901 816 559 673 223 612 41 194 881 387 528 145 873 784 71 836 847 454 588 119 137 775 588 521 785 794 911 57 731 368 976 1003 393 899 773 746 96 774 652 790 478 812 59 574 388 4 355 973 70 276 732 719 681 860 675 350 227 213 740 546 814 348 14 483 662 335 413 0 153 932 453 163 963 578 122 432 744 104 206 729 282 929 483 672 242 110 439 207 240 479 619 105 938 
83 659 728 524 752 233 816 150 659 313 707 425 216 776 418 751 868 362 24 971 913 509 689 58 659 80 486 703 30 499 637 916 432 916 912 769 810 500 867 961 910 64 207 672 216 832 778 506 912 998 962 447 296 522 800 65 777 829 322 261 219 710 786 190 561 385 811 552 285 981 565 546 340 205 165 546 143 325 664 632 360 637 167 651 167 0 791 70 223 325 464 753 269 257 305 197 357 856 324 375 260 528 442 131 485 514 627 712 961 277 
177 17 299 491 947 257 269 930 92 427 778 634 905 656 218 710 914 358 87 88 586 904 689 352 112 806 247 362 714 436 701 757 263 591 425 830 880 852 1007 342 405 264 117 748 700 33 286 574 27 152 466 31 863 983 38 370 764 176 160 863 567 589 706 83 305 512 252 990 907 996 235 904 877 820 768 861 139 464 905 976 131 900 563 118 930 784 0 917 980 436 848 760 711 676 587 506 254 472 460 881 741 275 647 798 579 218 676 779 179 679 
234 789 294 369 112 124 72 78 179 170 546 399 767 639 479 589 205 135 407 675 366 508 76 345 734 466 972 725 815 754 335 153 128 148 706 456 46 823 438 204 986 77 464 153 865 656 597 321 721 497 397 134 598 792 163 396 711 187 256 754 420 930 16 239 254 361 777 899 475 816 887 53 386 683 450 56 942 938 512 527 334 134 680 603 435 80 911 0 493 270 322 762 594 728 477 703 794 156 404 496 983 698 340 348 619 807 637 669 524 316 
784 21 570 300 952 538 929 975 681 507 158 593 891 245 79 362 850 60 463 331 640 20 286 188 450 107 457 371 553 295 807 420 306 311 62 807 225 918 661 283 152 711 633 556 88 985 100 213 69 817 917 381 496 542 1009 231 505 702 222 363 125 207 108 952 741 28 838 264 669 505 192 403 911 318 830 561 815 212 994 169 882 477 679 165 170 224 969 483 0 319 254 241 253 776 307 950 612 951 22 40 253 925 663 259 757 954 773 300 115 989 
287 598 231 582 105 291 295 567 350 356 273 66 818 445 571 618 198 976 94 828 164 348 683 1009 197 163 927 519 636 713 350 103 400 864 948 323 980 182 747 495 153 303 41 506 604 253 874 395 317 385 150 434 500 832 144 912 620 34 323 451 143 825 491 727 624 187 517 62 585 541 237 880 383 933 988 41 688 165 122 78 896 905 204 148 972 327 427 258 315 0 607 273 22 486 823 409 885 527 956 73 609 429 237 693 1002 638 797 198 649 539 
614 608 94 474 974 521 664 294 285 400 135 824 320 273 412 511 117 45 169 520 435 327 886 817 573 186 653 832 831 892 837 571 1016 735 338 521 289 118 669 376 715 119 523 470 686 341 162 506 762 583 451 83 600 622 794 692 553 44 804 208 559 965 391 632 169 371 104 806 1011 436 855 97 800 573 450 802 891 648 31 443 318 526 677 624 586 446 847 321 254 613 0 860 698 680 94 960 726 93 377 385 76 970 829 154 892 784 82 498 609 940 
106 512 783 63 79 509 205 165 101 417 101 551 837 181 994 886 444 907 711 670 48 824 180 292 182 242 133 510 373 55 840 343 707 112 636 32 658 912 198 552 963 381 604 979 244 893 487 680 886 552 565 401 341 954 23 518 47 121 485 670 44 71 506 565 530 106 971 727 293 675 88 298 86 659 1011 403 621 67 309 135 669 450 407 204 117 744 767 761 244 276 862 0 268 65 309 196 654 478 613 412 413 730 200 367 37 942 947 861 970 476 
770 643 90 212 77 617 934 903 526 381 369 36 461 729 253 155 589 124 678 461 602 87 204 75 868 90 406 196 421 551 989 346 993 272 204 395 825 800 747 309 379 727 148 496 552 592 521 1001 981 405 264 570 672 215 498 99 882 29 109 364 589 895 561 329 479 830 753 140 658 390 257 28 777 783 763 283 531 93 415 80 590 628 989 789 446 260 711 596 251 29 696 280 0 537 828 545 640 931 707 880 91 604 848 437 126 771 971 787 690 166 
878 50 736 169 751 353 564 235 354 988 916 87 90 424 85 974 847 4 618 421 675 393 805 438 297 473 278 148 297 841 436 998 879 566 687 824 44 123 89 335 867 541 142 533 821 550 558 743 751 574 751 165 522 591 708 312 154 983 785 443 763 483 506 339 94 465 790 339 534 632 990 305 197 177 779 371 560 925 923 920 364 729 133 811 732 263 679 741 766 491 677 47 536 0 308 369 945 101 255 989 232 854 284 175 217 596 413 806 871 507 
833 472 363 14 742 421 560 810 860 866 518 726 945 333 52 422 161 334 761 640 49 885 554 40 22 504 272 19 387 488 729 623 278 424 322 150 934 112 844 447 773 240 560 854 554 526 307 520 683 757 482 725 593 556 450 69 575 398 490 180 774 441 921 608 128 361 654 468 725 323 200 218 626 443 755 362 487 345 451 990 28 984 46 907 108 306 576 461 322 815 112 299 837 291 0 411 658 541 10 698 220 471 718 246 714 579 117 415 557 410 
607 905 845 413 44 117 513 725 994 879 500 853 908 552 602 713 435 54 1003 46 41 343 103 947 932 513 642 994 648 447 228 284 111 674 721 578 430 620 344 734 310 93 317 244 458 523 977 303 228 753 541 851 958 959 241 322 940 974 719 622 825 705 195 375 1002 421 468 209 757 893 564 146 615 516 689 259 95 417 118 735 550 623 548 674 197 209 502 705 956 405 970 189 546 353 399 0 574 896 188 889 20 643 319 413 924 486 164 169 469 409 
297 591 1012 655 376 536 567 983 304 831 783 74 760 375 899 860 1000 408 896 624 92 546 173 592 603 321 98 12 77 245 779 668 69 706 620 349 563 26 488 83 39 112 22 434 416 1003 587 689 492 649 598 180 511 709 712 767 676 823 865 507 507 224 905 103 311 655 549 321 951 151 115 308 474 741 798 496 850 300 33 367 82 232 422 613 729 368 259 806 611 882 734 660 634 928 668 583 0 260 760 45 361 835 975 216 339 216 125 122 922 1003 
92 375 390 566 548 517 203 339 830 181 772 237 604 658 899 284 1011 229 219 449 84 645 57 588 94 610 377 110 526 730 872 435 875 913 815 541 780 909 751 752 60 286 673 13 624 103 644 195 930 459 626 91 687 961 909 827 35 536 581 61 2 792 178 346 345 211 363 61 637 139 282 894 318 130 78 964 377 364 637 455 751 402 941 152 292 860 480 157 946 524 105 475 922 84 542 895 244 0 931 168 663 604 237 663 812 674 657 594 820 888 
129 75 939 195 330 384 958 959 639 263 418 211 489 637 49 749 727 236 72 1008 29 335 204 475 157 404 150 768 597 946 798 898 810 348 727 285 409 56 195 198 117 397 685 390 354 863 399 638 539 472 319 240 447 118 808 96 420 124 265 357 118 468 991 276 251 787 291 54 764 27 976 454 232 755 36 911 241 424 449 421 982 714 187 90 933 339 464 411 22 958 390 600 705 260 24 198 761 938 0 221 846 939 388 710 332 997 680 147 350 234 
722 735 879 584 289 447 754 223 884 36 226 101 961 336 211 12 95 436 422 545 598 208 408 883 701 294 346 643 645 586 887 471 861 544 406 814 664 893 122 95 238 249 387 560 640 562 173 334 940 475 557 956 809 358 18 989 4 430 47 144 824 584 762 861 864 787 472 121 822 512 681 588 285 674 81 691 349 387 817 753 939 993 752 179 472 363 877 504 40 85 385 401 886 990 701 890 45 172 208 0 395 906 134 289 696 43 472 361 767 110 
30 737 545 782 682 580 42 608 248 94 248 966 600 757 797 588 257 793 827 346 750 491 14 528 335 34 141 199 505 1001 55 516 304 11 1007 233 676 939 374 42 78 495 384 545 266 262 216 337 28 360 831 242 220 229 486 526 516 728 209 138 543 565 397 36 887 669 514 427 733 593 869 947 736 299 527 502 848 844 364 145 569 11 497 699 652 261 752 986 255 611 87 405 75 250 216 25 369 662 835 387 0 152 232 935 508 483 797 621 637 406 
782 92 800 571 6 18 467 765 43 675 247 96 710 946 781 910 800 989 450 356 935 509 993 338 879 181 717 903 684 960 684 865 35 662 656 572 970 594 938 489 400 232 297 931 464 492 31 931 163 565 123 913 41 922 841 13 255 348 732 609 857 388 960 247 768 279 359 167 613 544 299 130 509 97 87 472 361 836 190 467 452 569 834 695 253 528 269 698 929 429 974 732 605 865 475 651 835 602 925 908 162 0 684 47 523 480 414 120 102 242 
211 452 953 197 81 65 691 631 34 519 1003 980 696 257 559 201 112 808 505 682 275 264 567 859 52 210 252 396 489 35 154 477 197 739 98 120 964 358 418 476 342 899 460 953 1008 562 801 112 636 165 446 29 231 894 923 878 87 198 332 640 189 45 782 815 592 933 241 396 569 566 671 397 64 819 331 495 333 487 103 41 688 277 881 235 116 447 650 346 668 225 811 194 862 283 705 320 977 247 385 146 227 698 0 71 81 547 293 725 896 924 
100 435 15 330 377 853 745 328 925 823 503 459 303 890 715 398 66 265 17 984 118 633 78 182 446 699 117 319 127 814 545 598 917 86 948 792 535 786 391 792 857 146 511 389 169 484 974 11 1008 675 973 190 984 855 890 700 201 204 469 706 685 359 481 517 861 779 362 145 217 156 517 579 318 426 897 322 980 344 970 379 849 768 468 68 448 118 791 348 248 701 150 374 433 172 252 411 208 656 706 284 938 44 68 0 666 191 480 541 665 324 
401 625 332 495 205 927 528 262 963 179 922 830 387 946 720 125 943 637 533 203 148 479 74 137 145 468 271 726 811 396 101 23 533 787 598 872 933 868 740 345 264 905 373 838 950 238 255 292 55 384 520 594 434 216 830 888 103 824 193 353 761 535 858 412 543 954 925 913 620 1000 868 92 223 932 543 440 756 833 409 944 608 921 232 604 197 478 587 606 766 991 892 49 113 225 725 909 342 802 335 714 511 523 72 664 0 527 723 217 732 213 
343 739 176 421 133 99 276 143 140 313 895 995 212 638 552 177 607 854 553 115 999 657 709 143 675 424 778 119 786 543 666 663 649 623 546 793 498 371 623 201 892 78 719 917 531 176 107 129 45 754 463 451 344 996 741 974 469 702 936 94 68 969 769 200 343 454 376 483 210 187 809 384 736 376 781 596 6 351 853 925 404 561 287 82 239 511 221 807 949 626 776 947 766 582 577 483 215 668 996 49 492 480 553 177 519 0 579 796 868 161 
111 630 784 107 569 335 756 195 740 489 374 648 283 437 574 781 665 645 616 299 25 416 316 117 423 57 644 779 717 666 364 206 888 417 501 757 640 987 10 234 675 991 50 724 833 973 160 31 542 940 983 907 715 731 1006 68 735 350 126 307 476 443 881 283 676 875 888 991 442 219 504 183 885 25 475 280 491 952 171 381 227 891 146 549 472 613 677 634 788 789 82 953 973 407 106 168 132 647 693 475 807 417 305 490 716 573 0 109 512 772 
951 280 644 558 602 669 786 156 134 486 766 963 329 351 982 222 437 827 557 387 356 873 412 459 446 440 256 252 765 603 233 785 539 247 803 435 261 121 836 370 594 276 785 877 216 678 50 939 141 1006 463 599 827 970 789 755 877 1007 635 58 702 280 326 584 162 739 188 658 432 789 493 404 598 610 406 629 571 435 747 107 837 648 817 954 608 729 774 661 309 197 498 864 788 817 412 157 128 595 149 372 620 122 732 552 236 796 121 0 285 301 
84 947 200 767 870 266 278 447 899 973 546 682 260 924 854 31 434 646 679 506 453 330 1000 737 19 485 191 562 927 881 770 902 517 928 685 649 119 79 593 167 859 822 421 856 461 24 364 878 568 721 388 10 738 512 230 424 78 990 29 622 443 893 127 340 566 462 705 344 908 105 553 881 334 563 252 434 351 966 67 107 509 205 843 261 102 957 179 508 115 648 606 967 699 871 568 463 908 814 358 769 627 101 887 666 733 874 517 289 0 999 
313 615 370 47 719 34 662 378 569 150 860 381 894 806 78 497 536 295 629 769 707 636 325 941 219 662 564 51 565 651 746 678 449 867 722 339 428 273 522 668 574 438 412 139 64 934 163 715 160 305 612 929 987 506 206 161 371 616 651 383 471 811 294 789 720 843 894 286 141 516 701 360 230 599 397 587 297 686 60 513 270 32 354 88 935 273 685 321 1000 533 947 480 161 498 422 403 991 889 234 122 402 244 923 304 199 152 779 292 988 0 

Depot information
1
1
1
1
1
1
1
1
1
1
1
1
1
1
1
1
1
1
1
1

Customer information
1
1
1
1
1
1
1
1
1
1
1
1
1
1
1
1
1
1
1
1
1
1
1
1
1
1
1
1
1
1
1
1
1
1
1
1
1
1
1
1
1
1
1
1
1
1
1
1
1
1
1
1
1
1
1
1
1
1
1
1
1
1
1
1
1
1
1
1
1
1
1
1
1
1
1
1
1
1
1
1
1
1
1
1
1
1
1
1
1
1
