Seed 123 - Instance: n90m5_1
n 90
m 5
Q 9999
L 2
U 25

0 847 691 57 259 419 83 383 653 218 81 85 708 473 808 356 801 494 534 522 659 261 516 413 149 185 858 705 808 994 814 443 992 731 564 841 556 512 979 225 485 797 235 578 267 263 893 769 282 598 358 138 342 552 777 97 16 344 421 499 52 544 92 594 134 755 118 97 174 961 115 190 378 377 597 399 690 43 874 843 503 625 303 600 553 35 602 438 413 591 870 364 238 149 599 
859 0 983 781 146 392 540 341 294 668 335 723 136 256 876 236 620 738 824 431 451 362 716 855 267 140 299 298 100 463 568 863 688 47 373 732 422 242 44 417 652 417 257 728 410 355 671 342 679 267 215 733 820 838 967 276 488 469 667 304 571 829 537 866 540 312 375 927 108 793 709 271 564 536 353 634 624 343 797 52 557 103 732 580 138 523 429 639 300 864 343 102 207 178 377 
700 979 0 492 83 641 844 648 77 486 305 378 669 48 163 586 885 976 792 630 568 764 971 591 359 966 426 509 658 263 500 546 161 34 874 232 912 515 905 727 24 235 434 994 413 383 28 615 423 494 173 907 801 343 506 921 509 223 780 757 643 828 107 940 698 286 919 549 380 766 594 539 188 558 898 794 531 312 41 934 958 509 961 344 500 113 396 98 527 331 535 991 545 476 554 
56 786 494 0 94 632 101 357 956 343 509 199 658 198 311 598 416 385 304 983 715 418 731 1011 952 518 241 533 113 828 596 771 829 643 191 393 689 399 380 584 392 315 577 525 601 521 174 626 320 934 251 752 620 177 1005 241 728 290 454 664 579 309 857 622 668 645 254 337 642 355 947 103 1000 601 404 74 491 857 36 841 641 451 381 604 30 696 276 794 295 631 314 492 146 333 458 
255 147 66 91 0 724 270 461 534 882 622 510 454 603 508 652 669 625 382 279 722 894 441 839 299 156 197 904 363 492 843 55 376 583 45 360 682 745 546 1018 459 492 61 263 414 486 303 289 151 553 314 649 1007 107 999 484 338 959 464 853 718 66 744 179 954 835 447 339 723 77 662 514 770 299 354 626 892 82 237 694 379 583 707 420 402 598 848 376 321 1000 919 303 258 976 510 
434 377 629 618 727 0 11 36 917 365 582 435 1002 973 703 22 134 713 661 143 604 449 473 981 89 690 279 394 883 359 257 944 619 955 221 50 142 849 246 122 712 354 992 722 820 930 498 650 312 703 362 51 841 516 10 110 520 177 904 501 892 973 655 872 391 838 411 843 346 375 99 123 889 170 390 79 556 313 830 586 80 465 237 223 682 338 834 628 855 696 227 583 21 702 995 
90 536 848 96 267 29 0 157 337 272 209 359 762 907 747 931 447 360 753 509 911 684 546 49 857 769 549 74 255 37 946 830 46 260 850 636 467 884 561 30 922 979 110 398 640 27 791 6 301 449 87 350 580 434 96 641 526 938 276 448 198 187 530 327 505 331 939 167 656 646 171 324 591 342 188 228 976 180 665 738 25 206 961 869 187 638 88 680 919 523 50 851 791 404 590 
379 336 647 352 450 45 155 0 464 213 597 253 167 413 792 880 310 857 720 180 144 924 92 212 165 537 62 773 730 241 196 384 48 129 716 592 676 384 567 245 661 88 427 159 643 355 498 111 735 661 298 689 848 58 982 888 927 977 577 416 208 106 41 320 804 307 823 174 633 665 68 128 725 540 840 770 783 797 851 146 556 365 191 91 937 471 402 801 636 804 587 793 735 512 564 
649 301 70 944 532 916 331 462 0 139 346 970 446 245 184 356 742 181 481 329 323 986 780 229 56 947 109 708 918 593 68 233 566 857 799 329 287 792 531 887 321 859 932 25 574 231 712 284 304 326 886 38 116 605 147 687 695 469 256 466 639 857 994 523 477 273 800 306 9 44 596 36 79 758 580 128 98 874 389 33 743 505 103 856 27 571 74 806 571 680 647 842 609 588 294 
212 675 483 346 879 371 262 227 131 0 588 438 256 359 290 952 703 93 620 613 610 210 253 917 691 643 687 899 113 269 172 731 627 431 172 932 19 596 19 204 932 188 206 231 746 726 821 198 464 283 933 159 120 203 298 856 866 419 708 338 695 664 459 721 188 489 355 466 491 529 406 696 375 691 186 501 414 405 825 519 411 825 98 180 651 624 306 593 893 131 173 352 794 411 649 
81 343 301 517 622 580 216 585 346 594 0 740 709 225 568 250 501 730 626 50 530 407 273 953 936 292 477 864 271 620 272 972 689 547 35 381 796 339 128 921 321 733 403 215 1004 309 552 903 209 14 224 193 342 830 806 389 127 936 987 351 71 534 43 208 32 893 372 668 41 699 876 941 764 491 256 29 181 929 496 133 795 294 106 647 34 229 667 933 924 933 823 317 302 809 90 
89 723 372 208 508 436 361 243 971 435 743 0 509 120 36 645 606 758 513 630 383 530 354 768 993 616 543 881 786 755 408 538 764 123 61 370 30 80 922 911 694 524 716 822 872 670 874 429 337 430 83 280 696 26 654 53 944 604 666 803 162 421 254 621 512 382 650 230 174 772 968 876 21 800 29 158 935 80 154 134 707 83 338 70 486 906 195 973 370 969 349 972 732 65 487 
703 129 671 645 447 992 769 161 452 244 698 515 0 863 50 999 505 158 951 613 920 195 535 834 506 484 578 215 678 85 406 363 336 862 555 227 988 611 896 601 376 1012 932 563 263 26 292 613 171 482 22 835 592 79 993 430 876 849 697 55 834 789 143 488 483 977 576 914 546 548 116 611 499 114 759 486 345 746 720 768 557 512 440 165 208 868 877 846 27 312 862 406 146 748 910 
475 248 43 193 601 972 918 433 234 362 224 109 865 0 83 302 276 664 592 164 159 944 914 241 429 618 591 414 392 435 671 628 336 558 598 251 289 488 511 328 346 431 804 732 431 903 723 392 591 689 351 573 989 453 981 138 593 265 47 882 584 157 938 88 843 172 265 406 291 33 359 735 211 940 755 540 495 755 749 911 52 210 563 896 761 112 373 700 836 457 179 332 892 748 945 
805 880 160 318 528 714 749 781 182 284 567 36 67 93 0 574 254 703 638 360 287 807 62 268 463 596 922 836 139 876 765 127 68 238 959 832 988 55 583 563 327 254 771 154 503 203 179 236 101 736 194 897 646 180 563 157 936 737 961 472 586 772 781 1003 552 650 599 238 313 397 163 374 867 854 534 10 860 466 226 125 100 858 226 268 415 902 157 1002 481 698 788 246 229 823 581 
356 233 597 605 658 27 931 865 370 955 244 657 1012 307 568 0 478 740 416 911 192 4 63 310 449 194 438 663 393 129 932 591 835 843 978 618 470 118 932 211 822 844 639 727 862 403 184 779 292 179 880 381 575 294 286 234 678 890 991 725 708 39 623 701 294 741 463 295 391 599 868 231 523 434 56 53 655 71 498 920 290 792 389 308 357 803 222 337 716 616 685 471 912 645 492 
795 629 886 413 682 140 448 301 740 695 507 597 514 266 257 490 0 231 171 101 326 965 868 17 184 311 177 25 866 787 382 155 202 271 230 726 939 621 154 191 217 260 701 589 152 47 636 39 157 754 638 502 842 285 709 474 376 57 787 231 968 627 335 104 256 934 710 262 681 776 201 217 68 573 476 634 687 88 801 427 762 994 458 372 377 96 754 1014 937 124 187 722 268 906 793 
500 722 958 386 622 704 343 853 189 93 737 761 168 652 708 733 241 0 687 989 100 673 543 718 959 989 722 187 315 277 433 893 539 831 285 57 236 406 813 907 26 362 655 513 475 437 395 499 935 891 157 737 649 351 911 292 916 238 64 183 44 886 970 339 920 750 476 489 963 682 845 51 603 770 511 258 139 142 497 221 263 445 860 853 85 1012 754 861 77 304 33 988 274 930 943 
528 813 790 319 382 672 743 708 490 619 615 510 957 579 631 416 186 680 0 328 873 38 332 236 824 403 580 931 380 478 140 129 898 298 820 481 858 834 238 327 570 584 511 602 870 210 654 601 410 671 989 607 640 823 173 119 938 942 887 525 612 235 910 374 297 14 347 599 833 635 216 696 40 584 765 977 57 49 381 225 640 717 961 349 936 507 237 584 1008 614 385 348 510 172 475 
515 438 618 995 272 139 499 184 326 626 38 625 597 163 377 915 99 984 332 0 186 113 739 521 664 665 977 40 146 777 692 937 446 221 867 328 888 928 662 571 938 113 843 934 448 67 352 398 593 929 196 260 460 412 307 371 103 712 189 170 256 788 373 975 539 25 899 53 42 819 750 531 752 144 246 145 593 706 451 107 873 92 150 770 914 1011 804 222 767 907 831 422 600 276 121 
661 454 551 721 710 608 918 145 334 625 529 381 913 140 296 186 317 112 868 204 0 45 763 545 635 888 811 128 459 947 65 607 662 788 255 980 782 628 727 622 764 407 792 905 327 854 339 934 99 686 888 335 99 945 673 820 111 697 375 347 60 69 392 299 657 274 406 194 38 100 174 352 216 433 5 89 865 794 85 815 907 246 969 520 844 402 818 299 31 22 278 485 58 690 949 
249 354 763 426 884 452 679 937 987 211 413 532 203 948 802 11 961 687 41 128 47 0 127 122 248 506 25 228 229 939 277 832 385 194 359 24 729 719 783 779 234 785 525 668 553 319 985 851 995 969 225 516 622 515 724 837 618 330 845 898 890 896 569 696 49 840 683 331 347 314 573 197 356 912 585 821 355 277 871 323 263 453 921 136 215 867 565 898 156 340 353 923 807 664 337 
522 717 967 716 443 486 535 94 764 245 278 358 539 910 65 65 874 560 317 748 759 114 0 31 1003 382 520 664 692 897 233 957 465 970 977 125 818 889 580 38 630 467 730 531 836 613 60 206 753 152 396 1013 269 226 148 211 271 219 340 156 792 259 414 14 731 359 94 469 945 156 752 587 820 12 712 626 316 920 506 425 521 959 30 679 46 73 676 747 690 715 490 210 382 514 787 
407 849 591 1002 821 991 42 213 236 918 965 781 835 229 268 317 11 723 229 517 547 128 27 0 992 503 745 746 885 300 69 974 917 705 580 145 978 188 364 698 706 642 322 327 809 712 968 975 297 289 441 83 589 910 991 723 390 615 972 470 264 755 475 323 937 97 866 477 95 18 187 170 771 207 455 965 732 931 968 748 492 145 947 314 236 456 734 647 212 39 112 325 444 150 318 
141 282 353 957 312 87 868 149 66 689 934 990 509 428 463 446 186 955 836 656 645 238 989 990 0 17 183 536 657 592 579 84 509 441 68 339 811 858 455 222 202 557 956 657 190 576 754 487 616 389 546 892 195 171 936 366 602 461 501 439 1010 150 817 232 151 537 837 907 245 525 623 155 411 938 745 856 582 860 894 308 954 901 653 588 936 604 729 740 719 938 302 318 562 368 654 
190 151 954 522 164 693 770 531 950 639 304 626 480 621 588 191 295 1005 418 658 881 518 379 501 10 0 903 939 828 350 907 523 411 646 674 321 35 552 801 732 285 572 683 802 526 195 724 952 828 30 852 296 396 728 837 554 579 258 951 596 425 493 887 203 338 493 896 417 562 314 231 710 536 16 219 868 780 43 610 389 387 778 776 599 193 440 939 890 970 104 702 479 894 97 804 
876 282 432 246 201 276 531 50 118 683 484 557 589 576 920 435 164 727 586 984 807 28 515 757 200 902 0 683 88 233 49 36 417 267 80 108 478 930 490 860 771 853 320 575 670 317 113 908 393 778 386 727 899 960 218 62 755 961 170 806 908 347 185 822 283 822 322 557 709 730 541 847 656 920 694 962 971 51 609 74 109 992 207 453 302 600 819 769 988 139 638 258 950 969 665 
712 292 514 520 896 388 62 779 716 889 879 874 219 412 856 668 22 174 931 43 141 237 676 743 538 935 679 0 621 447 987 274 421 970 780 129 89 593 800 520 525 96 151 90 40 972 104 430 845 922 503 932 284 793 944 73 378 572 517 541 478 53 376 123 845 251 669 80 243 344 432 534 777 368 501 972 255 950 759 112 309 819 778 512 1012 262 512 215 117 817 712 553 607 129 734 
815 92 673 118 365 875 253 740 932 112 278 796 663 390 135 388 857 316 393 142 469 229 686 879 662 821 97 620 0 110 791 472 3 965 700 143 378 716 214 371 514 653 521 134 753 667 191 922 750 915 55 853 719 977 808 433 813 1001 222 78 378 463 847 579 796 561 301 723 889 143 216 931 884 913 796 179 513 268 702 618 983 470 16 429 989 694 455 316 457 337 879 104 437 752 384 
990 467 264 812 493 357 35 236 586 272 637 757 86 447 868 116 789 282 493 770 931 933 899 288 586 347 237 454 101 0 883 198 191 653 999 639 334 243 344 257 541 865 758 515 508 31 495 76 127 71 651 917 148 665 986 530 994 651 1013 754 142 995 403 724 625 710 765 731 782 815 52 589 389 160 583 640 897 675 234 493 804 269 1002 586 448 567 201 488 108 244 634 347 236 517 820 
819 574 502 596 841 240 942 201 68 167 262 401 405 675 767 940 368 428 137 680 82 267 235 65 560 901 52 987 801 892 0 741 528 52 436 14 376 749 138 607 759 404 803 250 126 658 678 699 768 341 321 151 189 641 58 303 695 90 807 334 599 64 229 578 287 521 995 643 388 308 337 923 600 775 429 864 865 1001 324 714 561 773 236 187 751 209 226 418 173 288 802 720 288 462 791 
427 866 551 777 52 941 837 380 227 742 965 527 366 632 119 590 161 887 136 937 608 825 971 988 86 531 46 284 472 190 744 0 8 797 99 399 257 843 410 655 198 636 712 423 785 195 990 506 740 639 411 273 888 359 11 826 763 126 189 343 612 116 808 137 354 616 61 861 703 398 341 473 138 963 525 785 173 301 893 84 491 787 719 50 913 705 261 750 668 979 480 231 89 691 95 
982 693 148 818 382 623 47 56 565 623 708 766 341 333 75 832 197 546 892 446 663 398 464 914 504 412 408 438 20 185 535 16 0 746 842 385 548 361 884 414 684 239 760 161 773 419 201 35 349 816 171 198 246 527 965 780 800 843 224 435 343 274 943 677 354 91 502 894 648 101 114 730 344 397 662 323 632 568 484 48 424 746 639 492 773 100 898 488 372 658 436 83 199 340 391 
733 47 26 627 597 939 256 138 844 416 536 137 871 556 243 844 268 824 284 223 777 210 982 714 458 662 264 973 964 659 52 793 758 0 517 697 54 625 398 924 976 827 615 160 620 21 706 849 95 428 298 685 925 217 924 864 804 728 952 286 509 796 883 335 187 838 524 479 22 459 220 83 210 758 705 576 295 542 648 877 87 626 150 993 693 45 825 345 349 803 633 815 294 450 1001 
577 361 874 193 37 233 847 716 786 162 39 75 574 587 970 976 238 289 821 863 257 370 971 567 67 673 72 777 700 992 437 108 855 509 0 290 681 554 655 70 541 737 760 43 154 349 955 60 381 123 878 938 624 702 167 872 382 982 994 454 860 867 65 734 997 722 375 627 374 894 697 972 772 92 460 41 669 440 992 427 631 901 997 268 674 289 886 221 754 908 82 74 519 579 211 
840 736 238 388 374 51 642 591 336 927 377 364 225 265 825 619 728 48 474 330 980 25 124 133 323 339 97 135 126 641 28 409 398 687 279 0 683 575 805 323 553 406 928 686 987 1007 387 761 674 670 376 971 851 552 755 423 436 745 768 836 940 874 683 289 984 410 445 251 836 798 81 573 166 125 607 826 655 640 694 96 814 365 531 731 19 248 808 166 170 933 847 194 413 746 848 
549 414 900 688 681 155 461 673 301 18 805 31 989 281 996 470 942 248 860 878 774 738 818 963 805 22 488 74 381 336 382 250 562 59 666 692 0 312 617 814 822 337 19 845 688 484 755 890 276 187 95 251 313 299 999 573 656 289 840 109 342 849 647 306 529 107 786 149 294 175 590 911 19 721 921 563 328 429 490 960 75 1004 597 666 546 604 967 891 649 748 933 509 212 396 145 
505 243 518 388 738 838 880 390 805 589 351 77 613 484 59 115 633 400 823 931 610 730 885 187 861 556 929 610 716 241 734 847 360 620 542 571 311 0 380 994 302 845 672 188 29 689 230 955 283 585 202 833 140 728 859 541 325 204 786 375 808 188 804 799 562 69 452 487 552 315 683 860 774 348 902 160 692 800 473 383 294 269 690 994 445 967 181 1003 277 986 53 750 553 228 38 
971 56 913 380 561 258 547 553 526 29 115 914 886 511 579 928 157 801 236 662 725 766 562 381 459 799 486 799 220 357 140 413 894 397 650 816 616 386 0 332 83 765 377 912 706 479 821 858 156 531 497 300 766 15 913 740 167 491 839 122 642 222 607 534 503 14 952 215 691 782 270 487 866 368 92 659 31 248 587 241 1010 52 448 230 156 532 742 76 840 39 504 442 851 809 266 
231 437 731 583 1001 124 42 256 890 201 929 925 610 312 577 203 200 905 312 568 621 782 26 698 223 726 859 514 366 266 611 660 415 932 56 307 808 995 335 0 985 491 413 73 184 46 637 793 391 528 469 558 1016 51 206 981 362 149 614 67 10 992 633 702 815 884 992 496 136 955 314 260 822 682 47 562 508 47 104 901 507 816 681 953 503 376 799 332 302 830 41 134 652 691 137 
495 636 27 399 452 708 926 657 316 922 326 689 373 358 331 822 203 22 577 938 766 228 630 699 202 284 767 538 497 548 748 197 693 975 536 548 839 299 84 970 0 675 524 857 440 443 160 616 607 338 328 687 157 874 224 220 978 571 332 96 842 586 210 609 637 620 491 165 652 959 357 750 216 927 916 903 184 218 401 491 869 659 227 48 591 232 670 737 792 749 493 235 459 964 195 
808 424 239 308 496 349 985 86 871 189 741 528 1014 437 258 849 262 347 592 111 402 801 470 640 564 560 837 93 662 875 410 635 241 824 736 419 319 863 757 480 673 0 824 800 385 203 894 972 586 282 564 834 458 612 214 687 408 470 37 1013 250 318 899 808 65 50 309 436 843 660 879 159 521 641 332 788 680 710 720 371 259 110 226 317 326 917 606 779 628 500 141 873 8 405 541 
229 253 423 595 63 1005 107 426 932 212 402 714 918 822 753 623 686 657 509 841 796 519 743 326 952 681 314 160 515 752 785 698 762 604 761 936 24 684 384 413 528 806 0 855 398 441 899 423 635 983 342 264 294 997 97 1003 686 421 986 121 187 213 618 211 649 94 331 892 317 412 831 572 584 386 415 541 828 954 531 3 882 715 718 272 740 195 749 23 97 214 770 536 104 134 744 
594 739 995 525 273 729 398 158 20 231 226 837 576 729 165 743 597 511 609 934 919 663 518 316 661 803 573 85 141 509 242 429 173 148 47 692 847 196 904 70 866 797 837 0 721 145 317 460 61 295 155 223 746 364 23 775 920 629 532 888 860 94 607 205 518 345 617 717 76 242 1004 667 568 701 790 575 789 1012 797 228 731 531 185 552 52 642 964 299 911 935 961 982 212 287 260 
276 426 407 598 430 819 639 659 571 743 990 863 251 434 508 861 153 483 874 455 335 553 826 804 200 523 674 40 761 511 117 789 777 623 136 1001 689 31 711 176 440 395 406 712 0 394 216 498 723 23 365 110 217 899 860 708 962 691 862 663 655 121 239 810 100 886 678 833 385 99 121 529 627 551 96 26 572 286 354 631 997 649 730 186 305 649 526 947 853 942 423 831 678 843 791 
258 366 375 507 474 923 30 345 229 740 305 674 26 904 204 399 41 453 201 74 865 310 626 706 592 203 327 963 673 15 651 199 425 25 350 1006 480 696 483 42 450 204 442 143 377 0 1001 354 1006 555 643 494 806 717 545 133 250 363 766 886 129 987 939 528 136 219 36 1002 763 910 921 959 789 526 780 880 358 185 814 872 387 775 763 141 770 691 762 850 913 295 4 822 36 1002 235 
889 678 33 182 297 500 778 487 724 815 565 885 292 709 182 181 642 401 650 359 335 985 66 974 751 715 96 94 206 501 690 991 187 699 963 381 760 219 816 628 150 886 905 322 217 1007 0 331 607 593 739 763 393 544 138 497 228 919 246 779 792 643 397 434 971 17 598 395 49 389 746 477 303 561 438 897 85 282 559 12 680 638 893 783 238 699 566 193 360 579 637 269 747 200 25 
774 357 611 635 292 666 10 110 285 210 904 433 614 381 231 773 53 493 602 405 928 843 190 973 481 955 912 434 926 86 700 497 39 854 74 763 875 966 866 783 619 956 424 455 509 362 334 0 961 413 590 338 859 506 650 673 910 344 569 462 606 685 914 493 990 601 617 835 81 493 544 606 499 190 865 772 586 426 583 115 360 997 27 399 621 609 654 740 466 849 972 120 143 919 408 
279 669 423 328 149 302 305 737 298 468 224 330 161 587 104 290 156 921 407 583 84 988 737 296 606 830 392 835 754 117 769 747 351 108 371 676 290 269 167 404 614 581 633 67 722 1007 607 952 0 512 432 0 630 99 778 554 130 530 564 77 540 812 639 762 625 8 344 100 444 729 702 461 873 732 990 274 44 646 625 654 30 86 443 740 547 569 565 790 683 789 99 782 916 888 568 
603 250 496 930 534 705 435 656 317 285 24 429 480 698 740 165 754 881 675 940 693 974 163 281 392 26 772 936 922 71 333 647 832 432 123 688 185 593 525 515 323 297 981 308 22 557 586 414 500 0 482 629 344 885 389 476 800 938 650 558 460 621 660 780 175 339 945 830 686 232 609 404 122 89 422 40 554 706 373 350 942 898 272 560 818 820 919 157 320 199 132 546 655 464 870 
357 201 184 251 305 354 89 291 899 937 222 72 23 349 199 888 643 153 996 187 888 217 401 444 549 851 398 497 55 642 318 426 176 297 898 364 87 203 500 459 325 583 353 159 370 634 742 592 435 476 0 549 154 704 829 83 730 314 411 559 749 968 621 198 196 872 974 718 975 507 497 531 794 796 174 846 547 879 161 806 474 317 9 374 224 886 785 394 849 329 603 538 619 443 164 
140 738 909 763 658 44 349 694 30 157 192 265 823 579 897 396 502 732 613 247 340 510 1003 89 886 294 726 918 847 923 154 282 196 673 948 973 246 831 305 544 697 847 261 242 116 495 767 345 10 631 530 0 820 586 129 872 367 215 967 885 995 1003 657 992 630 396 588 495 446 492 398 194 770 837 745 940 563 253 367 802 860 31 942 736 914 190 337 558 858 833 737 275 74 980 800 
350 830 796 616 1006 827 593 858 110 109 342 710 589 984 655 558 831 639 625 454 102 613 266 589 199 402 899 280 719 158 195 890 249 916 629 850 298 131 751 1010 148 476 297 743 221 802 383 861 619 334 144 808 0 946 566 249 430 73 156 735 579 209 520 66 277 99 33 467 627 754 932 761 840 437 800 936 406 698 968 522 982 775 624 880 453 122 554 440 639 898 675 32 251 82 819 
562 824 348 160 105 506 419 41 600 204 836 32 74 456 180 299 294 362 815 403 941 513 218 898 169 717 970 789 964 670 639 364 526 216 695 544 287 735 19 58 868 614 994 379 901 709 557 502 102 877 717 596 944 0 534 599 90 101 682 380 881 395 528 88 353 288 193 130 433 1016 882 534 263 102 748 707 972 551 7 48 409 334 1006 881 351 193 204 928 120 114 318 449 729 999 266 
775 977 517 1004 996 18 83 986 140 295 796 661 1001 967 567 295 709 913 166 309 667 713 133 988 927 839 204 946 817 988 59 25 966 911 167 766 999 846 915 212 230 223 86 16 871 534 132 643 773 397 833 112 576 536 0 109 728 521 659 445 429 523 780 995 907 717 121 814 771 157 595 923 871 551 408 894 672 869 336 455 607 959 866 922 368 699 287 450 969 662 63 506 510 121 164 
91 269 913 223 475 98 635 904 684 849 391 56 448 135 158 254 483 273 135 374 829 831 197 716 366 548 59 72 420 517 307 830 770 875 877 432 565 527 734 983 226 684 1006 782 693 152 494 675 553 470 77 881 242 593 101 0 301 560 110 547 940 295 726 59 111 762 526 227 927 485 121 639 475 171 789 967 956 495 33 269 232 720 193 878 578 799 989 312 537 963 1012 19 583 791 975 
30 490 494 726 347 527 514 935 697 854 134 955 889 607 932 676 386 918 953 87 122 620 287 391 615 577 761 377 829 997 678 759 798 821 394 433 646 328 171 367 994 411 680 931 959 254 228 916 133 806 724 352 447 84 732 307 0 180 222 181 718 988 887 644 160 714 401 182 204 807 500 478 840 666 979 990 864 598 943 623 875 467 384 125 49 19 697 463 666 507 824 361 172 131 223 
343 475 212 295 967 167 925 993 469 427 933 609 865 273 728 881 55 244 940 706 698 330 228 612 458 250 966 575 1005 664 102 118 824 718 990 751 297 192 486 151 571 453 435 622 686 374 910 354 540 920 301 198 71 116 503 560 181 0 35 916 711 224 104 111 700 35 668 108 407 200 207 715 230 986 718 398 1000 402 402 943 394 707 883 193 504 836 967 294 104 988 715 697 255 759 432 
420 670 787 443 475 920 261 574 266 708 984 663 704 40 952 994 797 70 875 179 376 846 339 968 503 937 174 508 215 1017 804 187 231 954 983 757 851 791 841 604 340 53 991 531 852 778 242 564 573 638 420 973 150 687 658 112 221 24 0 984 235 961 919 743 769 329 173 424 156 958 99 134 944 104 820 403 80 618 460 730 687 487 766 129 831 840 887 431 720 64 984 239 649 774 201 
505 301 759 655 851 497 444 424 459 328 357 820 60 882 472 722 227 176 538 180 362 886 164 464 425 582 819 532 74 747 334 349 432 290 445 840 102 376 107 52 104 1008 123 881 659 888 766 463 79 546 562 872 733 381 457 542 178 917 975 0 292 284 660 495 381 257 494 728 74 750 799 666 446 341 734 418 564 316 847 923 166 985 452 319 801 638 1007 267 686 245 772 156 948 426 105 
48 575 659 576 729 887 183 210 643 701 80 152 819 591 591 724 962 44 611 253 51 885 790 263 993 410 908 478 385 154 594 607 361 506 870 940 342 808 639 23 832 243 180 855 658 136 779 599 525 459 752 983 592 875 414 936 717 711 242 292 0 742 911 477 779 758 111 77 381 246 850 227 958 583 834 734 400 395 356 607 663 161 428 861 50 266 995 256 60 586 69 506 835 737 969 
551 825 827 302 63 984 180 104 861 666 535 411 801 161 773 27 621 883 241 785 70 883 257 770 150 496 347 65 463 992 58 110 275 798 876 873 847 183 217 989 584 302 212 93 121 982 644 679 824 609 976 1003 213 386 537 285 1000 211 966 276 740 0 152 825 890 108 170 641 908 1004 808 878 505 536 436 807 689 590 936 588 458 293 623 619 630 105 516 977 82 893 682 782 994 972 720 
85 538 123 861 727 655 518 23 980 447 44 272 141 943 777 617 344 957 908 388 397 565 425 459 831 887 187 362 837 390 240 810 938 886 59 684 633 806 607 620 215 890 625 595 235 956 386 923 646 669 640 656 530 538 781 717 898 111 917 659 907 147 0 944 503 610 343 496 892 958 554 823 313 262 784 995 918 861 732 659 429 396 235 523 18 556 211 187 609 218 823 344 775 380 542 
599 877 933 624 171 867 326 323 526 724 224 621 486 90 1009 704 97 335 371 986 304 707 25 325 216 219 827 111 570 728 569 141 682 334 735 277 293 782 544 699 598 803 197 209 797 532 430 508 764 773 182 1005 60 92 996 67 646 105 742 486 472 833 938 0 798 778 1002 781 247 521 140 722 556 107 83 307 995 57 260 248 23 273 332 88 654 379 137 488 805 599 168 395 237 245 378 
128 523 698 666 943 391 507 809 476 178 30 526 466 855 555 303 253 911 304 542 659 51 739 932 140 322 274 847 793 616 268 360 353 174 991 969 535 552 516 823 639 62 644 507 88 133 960 996 620 160 193 632 283 335 913 121 152 695 770 382 771 902 501 812 0 919 165 762 806 371 201 694 832 671 781 1005 21 762 347 584 122 49 723 794 325 537 782 606 140 932 848 343 511 567 900 
754 318 289 651 819 840 330 306 261 475 898 385 975 177 645 738 922 762 11 28 286 835 359 91 523 483 825 266 545 710 534 614 89 844 718 408 109 76 12 880 620 42 100 338 874 216 30 607 15 334 864 407 95 287 728 772 705 35 328 250 750 111 607 774 931 0 249 783 245 847 71 47 548 611 333 377 252 183 631 636 586 726 909 901 932 553 646 867 340 282 662 439 69 704 728 
117 369 929 264 433 413 951 815 798 361 365 660 593 273 602 454 703 472 344 905 410 681 88 864 822 894 334 667 321 769 995 65 509 527 365 450 787 452 962 984 491 317 350 600 675 28 589 602 353 932 971 588 32 201 113 524 401 669 163 484 116 184 339 1002 162 257 0 548 28 872 469 263 124 522 398 721 919 973 682 94 890 483 641 926 929 278 1004 928 948 480 41 862 117 785 147 
112 913 558 331 339 829 171 176 299 454 669 240 912 411 250 292 247 494 601 45 188 334 462 479 898 429 560 85 728 724 647 866 894 477 629 239 141 477 222 477 170 444 890 726 831 1008 390 845 95 834 704 489 465 113 813 217 171 108 426 727 79 643 509 777 763 768 546 0 33 405 814 598 53 546 237 977 716 972 969 766 156 200 670 544 121 239 799 318 902 437 876 444 26 978 596 
176 112 383 654 719 347 663 628 11 487 38 184 545 289 322 402 678 954 834 40 32 330 949 102 239 566 697 243 886 785 391 689 646 9 376 845 294 550 691 146 651 855 321 81 385 762 50 79 450 684 976 453 631 443 775 933 200 407 169 65 365 919 880 247 793 246 28 29 0 212 292 154 458 449 748 538 772 801 136 771 605 987 754 1014 537 357 359 247 972 766 49 762 917 126 630 
971 811 758 362 89 375 662 682 56 527 697 786 554 24 401 594 781 691 642 831 104 306 140 1 508 313 728 356 145 816 293 399 102 463 906 793 192 317 786 954 960 673 413 241 113 905 378 509 735 217 511 504 738 1005 170 487 809 201 948 757 249 1005 959 515 384 848 870 411 214 0 35 578 161 973 262 989 833 675 491 87 923 359 230 606 120 220 984 189 979 874 739 563 205 887 277 
110 717 582 956 669 89 177 60 582 410 876 949 106 360 161 853 194 844 209 765 183 566 758 202 615 227 543 423 207 71 337 349 106 214 697 75 602 671 260 302 362 889 834 997 121 921 743 542 712 613 513 400 932 888 609 122 480 214 94 792 858 805 555 142 193 78 474 817 280 47 0 760 618 410 64 167 134 225 662 226 184 805 146 478 41 710 452 690 717 866 281 619 188 810 627 
175 266 539 109 528 138 337 132 40 713 941 882 613 739 362 232 212 61 702 533 354 196 578 184 139 709 849 526 951 576 929 477 726 82 957 560 910 856 481 263 765 161 569 671 544 960 481 608 471 397 527 182 761 541 922 658 484 711 121 679 232 865 830 738 714 48 257 599 146 586 772 0 497 107 664 971 211 919 174 424 1010 76 1001 878 904 252 88 180 362 963 700 253 485 947 687 
383 559 194 998 784 889 573 732 75 368 750 9 514 216 858 521 60 605 43 764 229 361 818 767 396 529 644 768 891 372 610 155 329 222 765 154 35 784 875 832 219 522 582 559 635 787 314 512 877 114 800 770 829 279 886 481 853 221 942 459 966 512 323 556 820 531 142 54 472 152 630 506 0 273 941 596 829 904 185 765 583 7 368 196 897 423 922 743 121 198 416 600 830 709 399 
358 550 553 594 298 183 349 540 763 703 478 795 121 938 862 431 585 760 579 141 433 911 18 196 933 19 929 368 902 157 769 961 390 760 111 111 732 334 379 683 910 636 389 694 566 530 550 173 736 105 799 823 441 86 563 169 664 972 101 341 575 533 267 111 662 608 530 539 448 961 410 109 274 0 458 778 494 229 129 635 287 51 544 295 936 492 685 372 339 259 307 745 388 484 161 
596 355 907 397 353 379 186 838 589 188 258 25 752 746 545 75 482 509 773 251 13 597 701 453 745 235 688 500 795 578 427 526 674 716 471 598 906 903 93 51 905 316 424 780 97 777 426 859 997 420 179 749 791 746 406 782 969 709 835 744 827 452 777 64 775 320 387 245 765 244 64 659 938 470 0 366 295 690 899 62 963 840 321 665 387 975 1008 73 306 17 769 267 1010 662 887 
394 646 776 73 612 73 217 761 123 504 35 144 485 542 20 52 623 256 988 132 100 822 634 952 854 860 946 973 187 656 852 790 314 576 58 834 565 161 658 566 896 794 535 591 37 881 902 770 288 41 834 956 949 690 898 962 995 405 409 420 754 803 998 296 1005 381 717 971 526 982 159 979 600 789 363 0 549 961 441 719 49 312 541 719 743 50 749 528 16 420 843 539 563 976 790 
694 627 549 487 893 564 980 775 95 421 176 930 340 504 860 653 688 136 52 583 847 345 319 737 587 796 975 247 516 902 881 162 627 301 672 657 322 679 31 492 188 686 845 797 576 357 88 591 30 563 542 566 399 982 677 944 875 993 81 569 402 686 916 993 37 265 920 721 757 834 136 199 828 487 289 552 0 187 708 282 873 668 831 875 363 958 742 121 997 881 213 365 800 411 436 
58 349 316 848 87 314 185 784 862 415 934 79 755 747 457 78 76 131 49 700 796 265 937 924 855 46 58 942 284 667 1005 314 578 553 439 653 421 807 249 41 214 699 954 1003 279 187 264 420 648 708 879 271 688 549 870 493 592 384 616 316 392 599 852 71 756 194 971 960 795 669 232 921 902 225 679 955 180 0 948 377 817 692 142 150 855 14 103 132 295 559 489 905 342 652 718 
866 795 46 48 236 848 671 841 402 832 486 164 715 756 229 509 794 491 387 447 77 879 520 967 886 619 614 762 694 237 328 892 482 653 991 701 485 459 575 101 400 716 514 804 345 806 550 577 623 364 147 364 980 5 323 40 940 409 454 844 353 944 743 257 354 625 678 973 136 496 650 177 171 126 898 443 705 955 0 693 697 242 941 85 25 577 475 85 403 190 758 397 527 663 297 
841 56 928 847 690 578 731 163 27 517 126 137 771 923 110 924 424 222 218 109 811 329 428 744 295 391 69 113 605 479 719 78 33 873 423 90 973 378 256 911 488 372 12 233 635 883 19 127 651 343 811 802 525 48 467 284 634 932 732 918 607 583 674 233 601 643 87 769 766 89 241 435 765 639 74 720 270 389 682 0 700 549 294 762 670 227 339 401 621 582 917 536 464 943 208 
491 554 943 635 378 72 21 547 737 409 779 707 555 58 92 289 758 266 655 880 892 265 520 477 966 392 103 300 983 798 562 498 427 88 622 806 65 282 998 507 880 276 896 735 999 401 661 351 25 952 459 863 969 400 607 215 872 389 681 171 660 468 422 13 129 595 901 172 606 916 189 993 597 300 979 51 874 821 706 695 0 578 681 570 163 262 697 191 417 507 349 611 239 944 266 
627 106 500 457 588 466 206 356 489 834 286 85 523 215 863 800 993 453 715 77 227 438 967 142 911 773 994 828 467 267 772 792 753 621 897 379 997 269 46 827 667 117 721 531 633 787 634 987 86 902 313 36 793 327 957 716 480 709 500 978 150 292 381 281 42 712 486 197 968 366 808 92 12 49 847 327 664 692 244 539 585 0 959 63 219 759 197 626 549 472 548 969 843 847 452 
299 727 975 373 697 245 974 185 118 104 97 353 452 556 235 398 443 857 971 137 970 917 15 946 644 789 210 770 25 1016 253 728 626 137 1004 533 599 683 449 669 222 239 724 192 717 771 896 32 438 260 7 951 619 1002 859 192 383 883 777 445 420 618 237 323 727 924 636 662 753 231 131 1010 353 548 307 542 824 138 952 278 672 952 0 22 42 58 801 936 157 890 371 239 574 310 918 
609 581 338 613 422 210 880 94 856 181 637 75 176 911 256 302 372 861 352 771 508 139 682 321 577 600 457 507 429 599 180 61 483 994 259 748 668 1001 238 947 33 307 256 549 184 160 776 403 750 560 369 733 879 895 916 875 113 200 124 324 856 620 538 83 792 886 925 560 1006 609 471 867 205 308 677 715 886 150 83 756 560 47 19 0 431 570 80 559 605 690 546 897 320 105 408 
546 148 500 34 404 696 178 947 19 649 36 480 224 752 420 354 368 88 923 901 860 215 37 231 923 196 310 1000 986 454 743 909 766 696 670 17 537 447 162 501 598 334 749 60 308 778 233 619 543 806 231 922 449 352 357 588 50 508 831 805 54 641 20 665 320 924 921 130 528 137 30 911 883 941 378 749 350 862 28 655 163 232 33 418 0 209 236 757 222 639 267 466 1006 609 850 
31 519 111 694 596 328 638 457 576 623 221 915 853 123 892 808 84 1000 500 1004 394 855 61 461 601 446 607 279 694 560 207 709 107 34 276 263 614 968 532 378 237 925 188 639 658 707 679 600 560 839 884 208 123 192 707 809 14 825 840 635 256 104 546 395 540 557 291 247 353 222 701 247 424 499 973 63 956 23 583 231 266 748 63 561 211 0 18 654 435 314 224 616 441 456 1002 
604 425 382 284 855 843 86 410 73 311 658 195 860 374 147 226 758 751 231 809 809 569 686 735 745 940 812 522 453 202 241 275 883 826 885 805 954 181 753 794 678 605 750 967 526 767 553 659 564 925 791 354 553 200 268 993 695 961 892 996 1007 502 208 144 785 646 1016 794 358 976 450 84 918 694 1006 756 729 114 489 349 684 213 789 73 234 16 0 306 210 395 68 342 578 198 221 
446 646 89 804 364 622 684 813 819 584 921 977 849 694 1003 348 1003 843 586 226 295 882 749 655 736 888 788 215 309 489 428 755 487 345 231 160 894 997 73 313 729 789 16 302 950 848 203 749 792 149 394 557 441 925 463 300 451 295 432 275 247 980 180 490 607 867 922 314 238 174 686 167 758 390 58 529 127 141 89 401 197 628 955 568 774 656 316 0 34 731 132 703 811 923 709 
430 295 527 292 331 836 924 632 571 910 934 361 15 837 495 708 939 74 1007 760 25 148 697 202 720 983 993 118 464 109 184 672 388 350 748 173 639 282 826 313 793 624 96 900 844 917 368 463 685 322 859 850 634 127 976 549 660 94 727 688 62 90 597 803 143 353 954 909 963 981 718 352 117 343 300 8 1006 288 400 631 418 543 153 593 224 420 217 35 0 538 646 374 916 428 52 
598 872 334 648 1004 691 504 812 660 135 923 953 320 471 693 615 131 306 622 910 27 340 723 38 948 116 152 828 332 231 288 980 665 804 910 937 738 1001 44 823 740 507 205 952 940 298 585 835 775 204 317 841 903 110 656 951 511 984 65 244 603 897 219 597 928 283 485 449 748 865 880 976 204 261 25 417 884 571 191 583 510 487 897 689 644 322 410 735 534 0 469 264 356 451 912 
875 342 542 320 920 218 47 597 651 188 821 344 856 180 782 689 189 37 385 821 294 364 510 112 288 716 634 710 873 635 802 489 420 623 87 845 929 64 513 50 503 126 774 956 420 6 636 971 109 127 603 745 669 313 68 1001 827 730 976 763 77 696 826 164 844 680 54 884 65 720 283 686 424 324 773 845 206 473 743 909 341 562 362 559 282 228 64 130 642 475 0 120 256 267 571 
367 99 990 488 304 577 842 792 833 350 315 979 416 323 253 481 715 979 362 422 475 931 193 319 315 482 265 564 113 344 722 235 97 820 77 199 508 747 444 148 242 884 544 976 817 833 266 118 792 543 532 262 40 447 499 20 365 693 238 167 514 776 351 406 342 452 857 429 756 556 631 253 596 737 274 530 358 906 395 547 628 961 227 899 461 619 347 707 374 265 125 0 842 326 492 
254 192 530 153 254 17 799 736 608 782 312 737 135 896 241 902 285 292 496 598 64 803 394 440 557 889 951 623 438 233 286 76 202 309 502 412 203 555 858 670 455 13 111 220 692 34 734 150 912 651 619 77 248 714 518 593 176 267 645 957 834 983 774 234 507 63 127 38 924 215 183 496 823 405 998 567 798 337 542 455 241 825 573 326 1012 426 593 822 900 367 262 834 0 736 207 
140 181 487 330 973 702 400 519 596 410 798 64 759 748 837 635 917 933 166 269 686 671 513 154 363 101 987 132 753 511 467 695 348 460 578 740 402 235 793 702 972 410 150 277 839 1002 214 913 894 465 437 977 74 1004 123 793 121 742 783 428 733 959 383 244 560 723 784 984 140 900 802 938 706 489 678 963 410 665 655 955 945 849 313 107 611 451 189 923 426 452 255 335 754 0 746 
591 396 540 444 510 1005 580 567 297 648 82 485 917 942 599 484 794 938 484 128 946 340 791 306 648 803 657 750 378 817 786 106 393 995 213 855 144 46 255 144 207 534 752 257 799 241 20 397 562 853 163 809 822 255 162 984 229 427 203 111 974 712 540 384 903 723 150 595 635 277 627 687 404 159 884 783 437 716 298 211 275 436 911 413 841 985 220 728 64 917 569 489 196 751 0 

Depot information
1
1
1
1
1

Customer information
1
1
1
1
1
1
1
1
1
1
1
1
1
1
1
1
1
1
1
1
1
1
1
1
1
1
1
1
1
1
1
1
1
1
1
1
1
1
1
1
1
1
1
1
1
1
1
1
1
1
1
1
1
1
1
1
1
1
1
1
1
1
1
1
1
1
1
1
1
1
1
1
1
1
1
1
1
1
1
1
1
1
1
1
1
1
1
1
1
1
