Seed 123 - Instance: n95m10_2
n 95
m 10
Q 9999
L 3
U 18

0 167 487 431 501 295 187 865 798 299 161 226 645 468 872 968 213 792 610 365 154 35 308 858 93 152 369 744 568 251 877 869 394 138 9 69 168 160 997 562 617 533 218 1014 26 982 402 110 505 375 31 967 648 35 121 546 864 280 267 964 875 361 491 297 561 842 629 971 924 785 57 107 382 760 443 825 428 233 693 303 351 778 447 436 989 631 525 549 608 12 774 722 251 549 595 538 550 876 31 429 191 552 716 206 768 
178 0 709 328 215 824 202 227 381 912 69 256 922 464 356 525 974 616 453 767 811 241 617 243 1006 370 68 869 270 69 429 460 271 47 159 835 191 503 742 206 477 227 107 266 317 437 164 513 496 514 304 487 682 558 101 42 86 96 381 393 758 51 261 903 462 751 242 625 569 532 399 571 99 885 441 608 905 435 879 541 931 736 213 283 566 663 881 186 1000 130 32 739 32 202 92 991 309 55 499 467 321 781 543 354 525 
486 725 0 499 374 73 94 943 633 755 215 523 381 828 775 754 647 124 578 705 486 419 269 636 723 612 158 565 392 53 131 792 593 660 961 367 885 123 62 694 622 676 154 103 864 646 871 309 792 892 580 156 985 574 625 112 423 97 345 140 661 155 321 518 185 211 992 358 205 692 4 105 161 488 565 46 471 132 278 876 325 213 396 466 423 735 942 674 97 33 689 325 246 764 590 471 93 399 719 790 826 733 745 266 607 
443 317 485 0 441 711 496 206 60 233 949 162 257 1005 509 400 609 920 255 149 488 968 170 961 492 254 832 618 262 680 681 983 937 974 973 67 494 686 362 605 352 19 444 78 785 205 102 687 621 851 253 291 91 944 386 749 820 978 916 405 107 93 918 870 478 418 25 577 872 920 332 63 737 688 158 829 651 377 878 841 975 24 702 886 484 529 70 326 134 810 577 448 56 596 41 84 243 439 947 308 58 314 404 642 450 
486 213 376 422 0 989 985 594 389 209 831 128 270 22 791 904 72 791 418 563 883 395 386 397 291 489 271 697 366 401 677 204 192 378 342 600 702 974 336 450 392 161 36 276 941 666 977 749 393 427 318 296 221 1009 548 174 329 316 712 985 467 940 914 365 877 384 330 147 92 922 651 804 462 464 316 811 542 106 882 300 815 570 858 328 668 229 1000 390 923 741 212 654 316 352 497 628 589 291 69 27 831 722 756 129 860 
295 823 82 715 991 0 265 1013 486 839 747 391 20 743 246 479 225 230 88 629 138 833 97 539 92 695 207 700 784 62 46 276 114 361 283 239 393 34 253 972 210 820 473 332 212 814 518 852 633 175 1005 992 431 38 936 451 540 95 258 342 6 200 484 87 554 92 851 753 105 561 1017 1011 455 598 571 416 886 792 933 932 162 260 154 750 547 821 607 365 264 840 56 918 681 171 457 732 424 940 756 706 61 811 711 778 542 
182 202 97 490 984 265 0 872 826 69 23 677 977 622 302 503 786 915 850 381 447 326 593 993 524 421 507 189 817 589 567 151 769 163 146 936 86 166 390 285 780 682 100 615 147 691 132 475 850 512 391 317 828 264 269 210 292 627 974 871 322 971 531 227 123 58 931 439 749 931 610 191 775 127 295 640 546 335 440 763 284 963 82 757 899 547 81 273 454 58 415 568 958 236 31 490 224 710 693 531 232 707 229 958 952 
876 225 942 204 585 1001 872 0 410 945 639 195 902 274 116 383 768 734 279 398 972 113 134 283 628 76 510 289 747 275 618 772 982 549 466 1005 286 384 181 147 23 180 858 874 847 183 713 173 242 823 642 368 368 420 358 452 910 585 795 184 698 674 70 428 462 729 970 296 372 562 61 465 228 159 997 947 177 154 465 669 518 1001 468 829 816 623 390 760 526 394 251 996 723 896 373 798 96 369 549 369 332 861 444 775 877 
803 373 625 45 406 470 819 405 0 846 104 335 384 990 343 611 124 61 678 308 814 43 57 77 846 783 303 963 565 815 335 147 875 598 56 467 740 871 308 91 943 303 848 589 655 867 39 39 29 171 554 143 316 820 648 176 282 349 429 791 295 416 1000 936 203 31 554 866 297 600 348 826 1008 157 697 963 478 66 426 947 978 1000 905 331 340 765 999 995 274 970 674 503 732 385 621 773 408 891 443 319 959 425 24 909 610 
287 907 771 243 221 831 55 941 853 0 287 305 959 836 184 740 235 354 404 81 566 564 927 411 497 1003 306 732 668 194 94 205 297 901 372 797 390 633 653 908 257 531 38 804 350 175 638 721 806 938 306 237 272 220 636 434 994 863 431 206 889 892 992 700 349 585 291 316 314 709 785 753 874 297 388 249 271 758 1006 965 686 388 566 833 437 149 42 219 116 742 915 647 173 475 649 614 475 53 495 498 508 243 902 190 708 
150 75 216 940 825 745 31 649 112 289 0 586 997 587 28 940 647 419 280 45 778 917 643 432 693 754 224 659 46 681 465 321 471 838 663 703 544 856 727 497 768 770 60 906 94 242 405 862 892 160 631 770 733 639 560 454 720 537 167 179 62 489 408 381 737 491 497 81 957 951 284 787 90 417 715 858 437 226 705 948 697 316 360 256 500 87 57 133 156 342 544 522 959 1004 800 491 711 125 1017 824 497 42 114 856 399 
228 240 524 173 118 378 662 196 347 308 590 0 751 405 526 715 567 688 650 446 389 949 1011 200 605 476 572 32 1015 276 214 258 854 980 660 178 736 187 387 817 45 73 937 745 680 493 532 626 76 131 87 728 835 94 194 149 136 962 390 962 752 937 637 342 183 738 374 485 721 791 627 519 298 628 948 38 744 349 681 63 122 439 361 667 859 972 719 203 86 381 690 300 502 488 39 816 272 334 497 280 337 247 427 317 21 
633 905 382 266 256 35 971 891 373 964 1001 750 0 207 823 11 943 790 967 787 263 558 169 143 363 759 342 233 614 232 154 554 163 422 957 95 720 938 235 861 711 409 512 991 160 28 756 978 412 192 700 812 932 739 561 957 83 349 513 354 210 752 802 63 747 298 889 112 728 793 370 652 805 478 22 81 282 717 791 387 255 984 956 330 167 687 465 262 843 417 845 722 803 273 886 820 953 979 440 601 736 95 186 504 608 
467 482 826 1009 30 745 620 280 997 838 585 401 198 0 290 959 476 341 409 499 316 899 418 249 137 354 444 285 369 95 947 928 356 165 965 438 67 1010 30 254 16 331 931 794 544 583 753 806 293 782 629 876 347 395 688 43 78 779 500 450 616 577 1003 1000 997 309 900 540 998 924 119 176 599 196 991 624 658 281 270 993 248 531 654 85 159 24 80 518 114 867 541 119 660 563 291 281 764 629 766 1008 392 597 736 115 788 
877 361 787 499 789 239 309 121 336 189 26 511 818 287 0 620 811 492 832 479 905 969 503 608 819 535 188 506 189 940 315 627 592 946 811 133 608 62 619 681 410 779 143 113 547 629 145 310 206 713 632 545 120 659 16 201 105 532 529 925 414 36 296 662 994 904 685 738 517 871 955 644 532 503 207 133 280 826 266 300 231 128 923 661 302 642 848 725 462 530 592 520 863 813 93 139 849 238 404 446 978 283 580 145 1014 
972 519 749 384 910 476 485 368 605 729 923 720 9 962 622 0 674 243 808 134 961 532 691 624 328 792 980 412 976 791 666 958 842 390 241 760 870 815 185 348 188 616 214 757 543 834 454 339 795 593 311 910 95 329 54 493 485 518 246 81 832 977 479 675 285 12 1007 802 652 435 271 197 478 832 406 179 46 45 183 931 88 655 338 243 791 436 487 538 765 435 684 664 385 687 508 181 883 184 974 443 238 795 772 805 602 
199 977 637 595 89 213 774 774 106 233 638 565 936 484 801 673 0 156 541 116 123 815 389 21 342 568 858 981 924 846 455 604 136 775 326 612 409 644 722 722 752 695 147 265 923 528 849 851 23 268 170 265 872 585 505 455 171 73 492 40 22 168 922 256 79 189 819 503 747 908 217 521 350 782 294 870 387 156 416 653 615 450 445 268 784 617 225 266 561 968 864 771 579 129 885 87 43 866 558 984 283 321 789 712 836 
780 617 130 926 796 216 929 743 56 351 418 676 794 344 497 247 169 0 743 450 162 589 176 902 531 261 144 543 272 336 42 678 477 876 998 976 457 736 128 897 730 958 742 897 949 675 58 541 783 400 333 198 384 277 262 793 471 179 621 341 60 196 89 771 835 816 889 325 994 543 329 379 796 359 908 117 724 193 48 747 852 384 497 515 566 404 59 827 947 986 259 880 141 941 376 488 281 742 569 750 837 850 676 360 864 
613 456 573 247 410 91 857 283 671 417 290 641 962 429 829 800 538 753 0 821 921 447 764 158 1004 854 28 343 795 493 844 700 574 322 785 382 474 452 251 856 284 550 226 407 553 10 562 567 865 194 106 666 456 739 746 943 527 323 931 98 114 31 413 157 556 730 608 583 644 250 923 22 908 55 439 433 847 54 420 742 480 981 703 158 409 656 681 493 573 342 643 287 775 970 697 86 528 63 697 236 291 677 457 852 208 
369 764 713 143 570 618 376 400 299 79 44 446 778 498 491 149 116 466 817 0 235 485 420 371 121 696 612 100 324 862 619 236 328 434 907 569 89 54 642 670 712 547 740 958 1000 793 262 52 812 207 61 680 633 918 458 481 316 861 738 748 50 50 753 250 64 209 378 377 183 775 490 987 77 228 157 227 141 368 652 293 360 119 752 345 924 234 160 612 591 492 538 534 381 944 317 672 969 611 325 819 245 957 641 694 789 
138 805 495 477 885 145 448 955 817 564 783 387 271 312 917 966 111 160 914 222 0 250 631 187 1001 556 557 96 129 12 880 624 996 106 900 40 730 18 633 548 298 529 219 80 750 633 835 800 543 931 388 455 889 678 662 235 959 492 531 875 935 889 447 615 379 840 986 842 727 456 452 83 248 656 783 637 44 756 293 699 891 993 412 579 683 990 95 993 549 571 770 296 1006 908 642 424 800 607 403 664 456 710 835 98 455 
26 223 422 968 392 827 322 123 36 555 923 964 565 891 971 526 813 597 436 481 246 0 544 724 212 664 785 785 708 384 596 396 269 792 594 738 139 1019 406 293 587 29 807 956 167 592 13 727 872 655 670 254 271 350 935 437 399 696 912 94 770 594 837 871 96 519 152 842 390 869 70 646 61 875 94 881 431 125 396 84 832 966 724 292 272 716 628 538 61 197 599 373 591 726 672 139 501 804 487 903 613 871 554 177 516 
299 602 268 177 405 103 592 139 76 934 656 1005 174 419 511 688 400 191 765 410 633 535 0 835 549 991 8 760 234 320 110 664 862 440 913 98 845 514 29 829 197 462 879 432 195 400 964 354 765 163 39 556 684 566 567 241 267 191 368 124 207 722 496 962 506 850 783 396 106 312 266 663 934 28 262 158 626 242 842 299 187 751 534 234 853 252 394 332 667 511 378 818 340 79 502 816 907 476 922 118 103 690 339 51 77 
864 225 623 959 391 546 984 292 73 408 439 203 136 245 617 617 22 904 169 376 193 725 823 0 345 239 200 97 999 482 673 817 512 291 717 130 547 506 203 787 64 377 746 391 429 830 424 705 858 227 292 230 932 792 442 662 477 843 820 584 396 216 126 86 464 751 223 485 560 121 338 9 979 254 112 905 624 497 48 243 383 712 342 311 956 498 296 800 18 683 59 448 508 168 574 240 533 401 560 338 82 494 975 429 698 
101 1011 711 501 300 74 528 636 865 500 698 590 358 136 809 332 330 527 1005 105 1015 207 566 339 0 987 664 815 156 146 385 983 808 654 781 607 344 138 654 642 102 639 871 568 29 971 725 293 499 898 563 476 435 668 580 576 845 449 955 202 889 623 814 443 960 81 788 765 391 570 191 339 565 929 885 185 603 831 900 973 37 109 579 746 959 834 436 273 429 480 564 378 445 890 979 846 845 151 246 25 725 257 414 821 624 
152 386 600 271 492 713 430 68 777 1001 752 476 763 352 528 774 566 266 839 707 552 673 976 242 986 0 612 381 330 616 134 181 80 665 785 482 51 919 729 877 993 678 486 971 60 10 346 220 614 260 185 26 802 195 830 426 434 584 300 369 473 838 685 324 220 516 309 163 486 383 150 779 223 142 193 917 688 1000 111 429 964 183 675 997 465 365 51 849 817 145 157 872 886 613 40 595 775 236 742 497 189 31 290 691 222 
375 66 158 834 266 219 489 524 313 320 232 570 341 456 171 986 868 143 20 628 550 785 12 208 650 613 0 371 35 367 600 227 420 130 794 868 299 44 14 485 813 170 524 570 123 5 936 797 256 220 682 878 555 1004 668 702 83 436 174 673 97 158 272 628 430 50 543 322 709 719 685 740 42 620 289 590 179 134 388 822 896 793 147 89 276 203 34 798 450 100 379 954 198 300 904 682 78 593 763 735 933 946 737 62 313 
753 859 564 613 708 690 189 296 967 737 658 23 232 278 499 400 980 552 338 87 90 781 762 99 819 382 363 0 175 755 91 58 610 40 720 392 139 398 921 804 872 762 731 179 408 1012 446 989 521 397 319 734 936 698 561 521 458 545 938 525 948 606 717 453 987 278 183 625 293 660 955 388 198 955 514 784 287 473 551 646 770 347 981 259 384 212 332 737 422 295 39 779 608 221 232 39 704 273 39 157 328 99 583 43 608 
585 264 399 260 360 777 809 744 558 669 47 1011 609 366 186 983 932 273 807 324 120 696 243 990 147 331 39 168 0 777 770 923 677 57 527 406 873 399 877 735 745 928 33 144 669 103 378 21 634 512 731 981 343 470 593 739 423 822 309 893 136 707 61 982 841 797 369 842 864 435 971 813 1008 535 496 628 965 282 882 212 297 400 93 727 577 114 683 1002 17 510 750 439 923 827 165 959 960 396 1013 203 195 892 503 9 217 
241 55 52 688 410 62 589 280 796 194 671 266 241 78 955 802 852 330 501 867 29 398 332 481 151 617 381 742 777 0 422 118 906 646 425 797 919 381 694 265 719 945 494 256 247 90 813 83 342 127 639 936 997 313 162 540 593 912 204 898 98 61 701 697 742 432 973 991 957 900 418 236 827 488 840 531 571 227 268 261 528 748 444 785 963 254 719 36 113 920 586 530 307 496 557 546 490 444 134 282 1001 678 73 1005 754 
878 434 140 679 674 45 562 606 322 106 461 203 171 943 301 654 451 57 838 607 882 596 116 679 372 143 597 82 777 414 0 245 857 107 816 825 249 478 625 412 452 863 646 123 791 566 562 772 773 212 467 765 704 224 199 468 336 405 916 223 189 342 172 852 626 469 870 293 817 970 407 181 212 645 441 438 475 838 921 939 380 17 780 501 912 332 315 711 271 860 553 1002 415 952 43 67 758 141 979 907 977 363 410 915 675 
877 467 788 974 201 286 155 775 147 206 310 247 565 936 634 956 607 668 702 234 623 399 644 817 978 180 245 71 917 114 247 0 419 445 829 860 401 217 738 632 528 501 602 326 338 759 678 503 396 647 786 136 353 821 1007 501 696 132 376 45 216 933 659 411 253 544 525 947 529 860 745 711 836 931 514 379 881 74 454 861 962 641 708 632 84 452 6 746 837 351 475 825 544 444 221 157 826 520 687 948 814 445 323 834 33 
385 268 597 948 192 121 772 973 884 290 467 842 164 347 584 844 120 468 592 311 1003 260 868 523 799 85 407 619 679 909 842 406 0 417 554 594 214 931 344 628 986 212 51 503 749 447 236 72 501 1000 388 212 737 385 377 27 234 518 928 327 415 920 597 103 667 102 581 227 154 860 441 268 356 884 19 546 526 184 658 918 40 846 105 101 731 634 496 943 769 324 306 493 182 463 508 908 979 115 414 911 657 71 307 40 57 
149 53 650 958 392 362 176 547 585 902 826 961 420 153 945 374 771 864 328 424 101 799 443 292 646 656 138 50 42 661 123 450 411 0 1008 888 726 877 295 538 680 997 299 474 290 107 800 161 759 11 432 407 231 242 459 317 66 737 737 193 975 761 357 578 414 843 735 723 495 268 128 247 232 71 147 821 968 90 606 119 331 431 718 683 539 139 580 19 419 460 532 349 450 443 692 386 767 937 138 753 972 633 195 176 844 
7 159 963 979 342 281 152 468 62 374 668 657 949 966 816 232 339 995 787 898 898 609 915 715 779 787 800 723 521 426 818 831 573 1015 0 16 775 295 510 136 28 188 146 151 441 9 514 956 840 633 81 279 419 444 856 574 739 101 280 1006 209 707 831 827 96 251 362 826 699 19 115 242 457 281 348 977 1014 361 732 784 487 593 150 804 774 535 311 125 235 664 18 274 468 32 399 816 819 126 351 236 974 301 817 385 870 
62 849 363 76 584 239 949 988 472 817 695 192 91 433 129 765 597 981 376 576 38 740 90 145 605 482 874 401 412 784 824 857 598 876 23 0 494 900 114 820 126 788 128 82 240 713 49 67 894 483 407 391 477 999 207 841 911 112 13 298 88 29 609 290 97 416 616 586 498 674 303 413 319 845 298 698 604 67 123 130 343 501 442 412 379 577 595 44 423 668 862 476 121 849 969 890 430 79 154 600 174 327 257 263 367 
170 178 900 508 711 390 85 284 748 409 548 746 728 70 618 872 401 439 467 91 725 122 842 549 360 48 288 141 882 904 244 400 216 711 774 489 0 1020 488 71 932 553 161 989 244 369 245 78 658 604 967 110 963 262 548 489 783 140 351 349 721 408 106 404 951 918 311 929 872 289 128 969 445 741 799 73 518 60 498 188 766 663 989 265 6 824 29 69 29 175 704 591 459 498 426 873 658 952 181 969 150 155 82 44 979 
146 500 134 684 967 36 160 395 876 651 867 174 954 1012 47 817 650 735 443 63 17 1016 512 516 129 914 50 395 400 374 476 202 935 865 296 902 1013 0 612 56 421 457 600 994 966 847 905 322 307 948 1014 275 984 691 968 170 487 105 202 385 658 964 886 636 123 551 949 740 883 765 886 551 291 554 688 120 632 105 647 779 705 254 605 330 621 518 821 177 296 991 464 257 663 368 293 47 733 394 150 834 507 1007 790 379 954 
985 756 66 370 326 247 389 190 296 646 725 370 238 41 613 181 734 128 250 637 629 400 38 191 669 730 27 931 883 698 633 721 338 304 524 119 479 617 0 149 434 534 873 90 985 974 905 964 257 176 858 739 220 41 456 169 384 320 427 131 166 292 412 20 439 138 866 148 314 726 25 655 557 215 851 421 800 614 732 1 672 205 534 630 990 486 822 133 289 155 132 926 361 993 133 547 416 222 118 512 676 75 753 299 945 
562 202 687 614 456 976 276 145 87 903 492 824 865 243 686 355 734 892 860 672 534 281 835 784 637 877 476 806 745 260 424 642 628 538 139 819 74 41 150 0 569 419 877 327 58 429 939 802 872 638 169 29 901 536 59 624 557 212 865 905 973 595 964 250 274 681 815 458 892 776 136 411 706 184 398 516 303 347 526 990 982 876 220 82 751 586 1003 902 526 49 997 765 322 15 632 436 738 1002 685 852 752 322 1004 710 622 
615 482 613 341 400 215 782 6 927 249 772 58 698 21 411 189 749 739 290 719 283 587 205 61 96 990 804 879 748 714 458 527 1001 668 14 131 934 429 435 566 0 536 645 204 777 784 333 742 705 430 678 761 716 209 699 198 593 352 56 648 840 797 167 586 988 872 12 806 917 907 651 374 342 848 663 816 183 79 297 1016 720 127 928 938 799 254 434 610 716 379 70 971 148 57 753 712 314 912 226 113 835 742 609 589 37 
529 216 659 27 166 819 691 180 290 527 769 75 408 347 785 612 697 964 539 561 532 30 466 386 640 667 179 763 925 938 854 512 208 1005 203 789 540 461 528 412 551 0 984 779 333 17 817 125 118 894 425 725 302 267 89 445 288 845 569 82 858 41 680 823 338 941 221 932 294 89 94 92 334 336 469 750 935 589 906 441 375 456 741 897 129 239 318 433 846 477 819 854 927 752 27 735 639 888 374 29 533 671 434 147 754 
217 98 168 437 27 486 94 861 854 28 55 951 511 942 149 206 147 748 218 739 231 801 866 738 867 482 531 723 29 506 642 603 67 294 142 134 159 611 882 874 648 986 0 538 748 135 53 940 684 756 219 449 315 463 963 406 355 491 57 181 272 317 176 478 944 368 33 871 710 205 506 523 166 274 550 698 986 602 326 498 500 884 201 1007 761 318 52 835 164 186 60 261 481 260 99 110 941 379 961 122 958 941 30 315 124 
1012 257 107 77 270 320 607 874 596 790 923 744 988 793 100 752 263 883 391 958 69 969 447 385 586 988 581 182 156 255 115 323 519 490 164 68 988 1013 91 316 202 770 533 0 786 371 851 84 159 633 391 953 498 754 993 723 978 111 234 414 369 748 416 633 733 89 335 454 965 162 823 660 444 495 253 475 472 657 646 579 147 271 338 939 377 759 456 762 311 415 849 518 898 124 48 770 911 889 386 527 867 144 383 790 944 
21 318 881 777 944 203 143 846 663 357 100 669 147 538 536 527 926 937 564 1012 743 163 196 422 45 66 136 416 664 246 791 346 752 294 431 237 241 968 983 59 765 341 751 792 0 979 947 760 793 478 70 595 526 398 266 332 971 697 242 92 183 630 662 551 877 950 216 590 947 451 906 82 654 620 677 15 992 676 279 413 59 1006 694 531 686 897 922 792 179 317 587 318 434 76 983 90 659 648 928 467 813 533 489 822 970 
999 441 642 222 669 811 682 184 856 174 257 481 12 574 625 844 531 666 18 789 639 596 412 828 984 9 8 1010 108 82 559 746 436 109 27 717 360 857 982 424 787 24 134 376 986 0 868 54 133 112 778 593 259 268 192 27 33 300 819 692 452 266 891 56 457 393 576 291 832 97 2 846 117 17 23 985 822 650 79 874 768 22 15 584 665 98 773 107 507 295 405 359 53 485 416 483 565 946 665 101 372 170 307 801 111 
411 168 888 98 977 511 125 714 53 645 396 543 748 752 144 447 842 55 571 251 839 26 962 420 716 345 942 461 373 808 562 685 227 811 506 45 232 904 914 946 335 836 37 864 954 854 0 676 234 941 325 173 145 212 146 934 572 350 664 241 379 686 835 81 414 559 448 103 409 942 357 209 496 166 714 116 254 724 903 29 33 240 772 32 577 720 166 178 430 17 463 967 886 889 54 887 552 461 458 894 585 3 433 17 240 
124 515 318 694 747 852 479 174 26 720 867 627 988 806 304 340 840 534 563 65 813 725 359 715 296 222 805 990 26 71 771 507 73 161 954 57 73 326 966 800 739 129 942 70 751 49 682 0 745 308 711 398 707 656 534 477 419 955 132 254 207 887 37 283 540 230 120 838 543 334 878 751 714 963 583 319 744 726 474 62 646 223 225 715 476 132 326 539 790 45 92 610 925 569 460 448 899 176 138 356 61 499 374 22 40 
519 506 804 618 393 630 860 240 31 805 879 82 430 311 206 782 17 785 862 816 549 875 755 850 500 608 256 524 635 350 776 385 504 761 847 906 670 308 254 878 718 108 685 172 793 136 220 756 0 402 690 370 656 447 827 900 418 667 854 109 165 761 496 863 159 588 704 657 596 900 477 486 378 86 319 822 645 145 856 323 992 625 295 506 855 50 548 991 687 915 673 367 107 215 281 137 173 632 452 515 269 206 357 275 225 
372 521 896 854 422 172 512 834 181 936 163 139 183 783 705 605 264 405 192 214 944 653 161 226 900 261 221 394 509 125 207 640 999 20 626 482 602 941 180 644 431 905 764 638 475 111 944 295 395 0 653 91 653 964 458 57 241 323 130 328 868 195 754 797 801 564 824 843 736 243 361 911 631 920 668 194 623 496 997 350 246 306 919 713 486 582 200 488 268 990 1009 592 421 397 456 252 200 486 501 262 732 857 392 549 691 
24 301 573 249 326 1005 394 650 542 287 636 99 706 634 634 304 169 332 99 76 387 681 31 278 560 178 682 330 744 659 478 780 385 436 87 398 968 999 872 176 689 418 209 396 59 783 334 710 699 658 0 171 145 935 318 151 305 76 554 158 475 941 1018 376 311 770 977 54 731 853 99 347 540 433 783 73 854 205 204 757 415 977 65 786 120 952 576 79 161 127 514 267 599 601 65 595 791 21 66 279 359 323 626 540 317 
976 488 151 275 293 989 327 356 134 238 757 726 824 868 545 908 275 204 651 688 470 261 562 246 465 19 889 735 998 951 766 127 221 416 264 401 122 281 744 37 752 729 456 955 608 585 164 389 364 90 184 0 315 72 960 331 424 598 271 621 366 516 303 556 888 1002 188 81 539 256 299 988 156 182 725 372 854 160 613 974 681 798 621 366 281 608 689 729 721 494 78 105 576 256 117 399 539 594 627 470 846 723 1005 148 148 
640 692 987 77 207 421 813 363 327 287 741 848 915 336 134 97 880 394 465 637 888 262 697 926 438 810 570 943 344 1003 708 363 744 235 407 483 962 974 217 914 713 289 309 497 529 260 147 716 641 638 156 326 0 992 1001 863 299 20 502 525 873 956 109 949 644 864 117 469 6 876 564 677 647 109 913 103 552 210 857 748 970 165 667 446 920 83 315 575 261 499 736 315 613 331 743 209 21 320 418 144 495 540 194 43 91 
44 559 576 941 1013 46 270 422 808 234 622 101 725 390 651 312 579 291 739 914 682 355 572 797 657 208 1004 693 474 304 222 830 390 241 454 1007 261 687 53 543 204 272 457 771 399 269 207 657 457 972 921 72 988 0 784 916 860 704 831 997 237 277 282 361 895 737 164 559 61 395 840 291 231 132 619 93 604 685 531 606 929 743 1001 698 694 426 13 923 270 178 613 453 318 644 861 860 33 852 734 886 146 60 415 5 305 
124 100 616 386 541 942 279 344 637 642 544 184 563 678 17 64 500 249 752 468 660 936 577 439 598 844 679 573 589 158 206 1011 390 453 864 206 553 984 455 62 704 87 968 990 263 194 160 539 834 466 310 963 1001 785 0 999 977 809 879 486 94 973 824 18 563 508 868 323 447 489 560 876 919 307 71 897 525 659 440 721 76 1007 135 278 543 122 319 978 824 752 292 264 119 910 147 532 951 865 219 343 235 51 680 427 34 
554 38 94 743 190 450 217 456 161 448 459 139 961 51 216 483 438 793 931 474 236 448 249 658 562 427 708 522 742 557 471 509 28 301 564 835 493 168 160 618 196 462 404 735 336 17 935 484 910 59 146 336 851 927 990 0 907 501 418 389 128 31 521 198 681 391 20 230 73 385 973 240 519 1002 95 679 178 910 564 706 87 174 570 246 608 99 811 180 418 254 713 762 453 342 491 121 156 550 892 626 289 443 753 315 976 
853 72 406 821 311 538 286 912 281 992 733 129 79 72 110 484 168 482 521 319 952 406 280 476 830 435 74 457 419 585 336 690 225 67 731 909 781 497 383 555 584 277 359 964 968 29 568 426 401 238 308 427 301 863 960 911 0 885 313 675 912 755 441 821 855 567 789 639 996 194 1002 113 895 692 546 480 676 100 33 652 443 133 494 619 937 628 227 788 772 177 219 345 368 648 868 183 429 328 512 185 274 66 615 574 407 
287 100 93 980 316 93 636 569 352 863 545 954 330 782 532 523 79 163 322 875 490 687 185 846 448 583 435 530 812 909 408 138 538 739 96 110 138 115 320 213 351 839 479 115 679 302 359 954 656 324 78 579 32 697 821 507 880 0 487 773 238 514 127 294 383 862 758 675 841 543 521 384 921 546 855 907 419 99 29 51 841 763 417 51 798 497 290 35 700 136 749 304 154 340 601 587 792 741 274 698 121 341 386 290 147 
266 383 348 919 713 248 969 786 418 429 163 380 503 518 517 244 491 612 924 734 521 924 374 806 953 297 169 919 302 199 910 394 940 733 282 25 345 214 423 846 47 569 59 222 237 827 657 140 863 129 553 273 489 830 885 422 314 487 0 638 390 70 853 778 929 424 552 766 424 555 99 798 612 434 730 936 467 981 922 374 157 359 578 872 974 192 72 167 137 830 607 485 853 890 874 721 409 923 97 640 857 340 778 746 398 
961 401 142 404 984 344 882 175 799 210 179 979 367 445 918 89 54 352 112 747 878 97 129 572 209 368 659 528 894 891 212 44 311 200 1012 315 359 394 136 908 639 101 181 428 84 686 246 251 111 319 148 616 519 997 478 390 682 776 627 0 74 696 25 996 351 543 244 528 202 143 1004 595 105 181 560 633 366 137 1006 579 664 957 775 480 40 160 998 570 359 173 119 524 557 91 897 640 263 111 820 704 740 611 772 198 240 
864 748 663 107 476 17 322 696 298 883 73 751 213 617 396 851 25 71 104 55 940 756 210 392 888 465 104 938 134 101 179 217 413 968 213 90 714 660 159 970 842 862 278 362 189 437 390 217 165 863 470 365 866 231 90 129 910 249 392 74 0 849 266 872 979 714 10 160 914 123 927 119 468 806 952 946 756 745 282 273 475 435 304 557 356 636 54 108 719 884 614 40 299 540 413 64 772 320 281 523 1000 591 403 608 1001 
357 43 154 100 925 197 973 671 400 897 489 931 750 576 39 958 170 205 27 52 894 593 716 224 625 841 146 607 715 63 334 942 911 754 693 38 412 957 308 597 796 32 323 739 635 262 673 878 745 208 959 515 947 272 979 30 754 514 66 700 853 0 546 187 100 326 147 666 442 951 308 402 130 66 592 625 547 26 182 129 49 335 648 169 205 897 355 752 949 941 848 359 639 675 166 496 306 650 505 743 367 256 387 293 687 
496 242 321 908 916 480 540 76 999 995 421 634 797 1009 311 472 940 98 413 770 446 834 502 140 818 698 286 724 71 699 172 664 597 352 836 608 112 885 411 969 161 676 174 418 671 906 839 42 501 763 1018 299 110 282 829 511 436 129 855 16 280 551 0 434 42 21 498 899 455 957 832 794 387 292 643 596 677 237 99 155 351 628 197 741 41 767 630 818 234 295 437 59 25 750 201 714 712 958 50 740 722 813 500 231 935 
289 897 532 862 366 87 237 437 951 702 383 347 44 1001 679 681 269 763 162 265 624 884 959 90 438 332 624 456 970 687 842 409 106 576 820 291 403 634 20 253 580 832 474 637 555 37 75 266 871 798 373 544 956 359 13 193 809 301 784 992 874 188 433 0 262 902 963 279 664 44 759 681 256 969 809 55 118 71 120 917 421 72 260 758 699 321 282 774 494 486 336 926 113 843 984 276 60 885 642 484 792 307 927 731 251 
573 459 171 484 859 548 134 468 202 352 730 186 745 988 1007 287 85 837 574 57 375 103 504 460 970 209 441 985 860 748 637 245 650 417 89 101 954 120 443 260 983 347 945 737 877 461 415 538 142 798 293 893 661 903 561 673 847 385 942 364 961 106 41 262 0 305 663 691 209 42 202 355 478 717 875 161 615 516 943 578 462 357 755 396 725 564 568 166 835 921 845 692 202 605 439 784 178 659 750 619 8 892 358 817 568 
853 751 222 410 386 93 48 733 42 587 494 731 302 309 892 13 185 810 724 190 848 517 840 750 98 519 54 265 804 420 478 543 110 844 247 413 912 532 146 690 865 938 372 93 934 388 552 228 593 561 773 991 876 741 512 394 556 871 422 538 704 333 19 887 289 0 263 105 646 683 23 525 126 579 223 847 722 414 646 198 265 302 220 278 938 796 441 722 979 64 155 337 562 871 734 318 439 269 325 221 782 641 533 979 685 
635 238 992 18 331 839 920 955 568 292 504 363 886 883 675 1005 823 902 608 376 989 149 768 224 802 313 542 185 374 969 865 531 574 727 362 620 319 950 864 807 20 237 27 327 210 578 457 121 692 830 965 192 122 165 873 26 794 751 567 239 10 148 499 962 665 273 0 86 914 897 666 525 195 672 87 272 193 488 961 206 767 409 351 989 343 567 201 664 888 140 279 54 940 429 390 227 728 423 279 189 650 524 506 965 169 
976 629 371 584 161 738 436 298 857 322 82 479 112 540 726 789 495 321 598 382 837 836 399 484 756 158 322 621 851 993 286 947 219 708 827 597 921 741 147 465 814 946 865 443 608 306 105 850 644 840 61 75 465 563 312 229 635 672 769 544 167 675 894 268 674 100 82 0 742 532 253 676 587 990 494 625 672 367 941 705 909 346 425 591 469 352 742 852 698 264 313 299 828 640 372 341 736 237 11 508 449 750 21 354 289 
911 554 219 870 99 99 749 371 298 315 946 720 728 1000 513 662 743 995 653 181 720 398 104 560 393 500 713 284 853 943 824 533 153 498 714 503 871 888 313 907 927 296 704 962 949 835 413 530 600 733 730 541 18 62 456 72 1007 830 426 205 920 446 453 673 207 643 912 740 0 406 32 236 509 245 396 628 782 343 755 198 760 270 712 994 783 406 973 17 306 201 297 100 966 779 75 201 871 765 822 995 898 605 665 137 345 
777 523 699 912 917 557 937 564 610 713 951 791 794 912 868 437 906 540 245 779 472 862 320 121 562 378 721 652 434 895 989 871 850 259 19 671 288 765 738 790 906 101 219 163 447 86 947 326 891 245 841 257 872 396 484 399 187 549 557 139 114 948 965 41 55 690 885 537 410 0 829 776 119 793 557 465 458 182 563 704 604 262 283 392 435 402 892 230 141 524 95 64 221 672 231 487 347 473 840 641 120 248 438 776 230 
60 405 12 312 644 1016 620 70 345 788 285 640 380 111 966 264 219 325 905 488 461 73 268 342 182 166 694 956 963 410 408 744 422 141 113 301 134 879 34 142 642 86 501 813 907 3 357 874 483 357 84 319 569 821 559 976 1014 524 93 1015 928 308 835 753 190 18 675 242 28 838 0 732 57 271 761 513 76 78 874 780 824 133 97 446 598 365 979 988 451 970 708 628 739 79 97 828 488 134 681 434 831 470 916 499 1002 
95 570 85 59 798 993 179 448 819 754 796 534 657 181 641 184 525 368 16 1004 83 645 661 21 338 778 748 381 818 249 171 707 279 255 242 415 971 556 672 426 373 95 526 658 86 830 192 748 484 899 348 976 673 301 885 247 112 374 796 606 122 401 783 687 364 527 523 659 243 773 728 0 541 513 435 420 365 633 369 210 479 583 733 512 846 144 51 475 571 137 932 811 884 496 583 436 34 676 38 897 217 140 541 848 301 
380 99 160 718 461 471 770 227 992 865 84 296 807 593 540 484 335 793 903 90 251 55 935 972 554 210 37 184 1017 838 214 841 361 241 445 306 426 299 553 704 325 344 158 442 666 126 489 718 383 629 547 140 662 234 903 511 887 928 597 109 464 138 371 264 476 132 179 595 518 122 68 532 0 393 822 999 126 583 81 970 124 58 572 983 944 823 996 801 171 647 704 525 317 152 481 727 441 14 397 368 54 364 854 849 646 
779 898 495 683 464 597 141 154 158 296 420 635 495 209 517 830 792 354 47 216 672 886 41 256 940 142 614 963 529 496 634 929 887 65 301 849 727 547 227 168 860 332 268 497 628 22 170 971 86 924 430 187 124 129 324 994 697 546 434 186 807 81 294 963 718 578 663 991 237 792 281 524 387 0 730 630 748 554 684 634 770 851 1001 437 878 125 899 649 441 323 984 41 135 573 651 29 569 47 319 190 440 506 727 445 628 
447 426 576 162 314 564 288 998 701 396 723 960 41 988 206 410 293 897 453 158 788 95 268 109 869 181 290 499 510 844 433 519 10 151 342 281 797 686 847 391 657 472 542 255 688 31 708 584 326 687 779 707 901 627 54 102 547 851 729 552 953 611 638 804 882 227 100 502 386 560 763 447 808 741 0 717 828 761 285 763 144 417 862 850 767 877 275 556 625 794 1003 258 142 313 13 300 917 227 675 1008 94 805 753 414 181 
819 617 34 828 803 416 644 946 958 247 869 43 77 621 123 195 851 117 421 228 638 895 159 907 186 920 584 767 636 530 427 380 530 809 974 699 79 117 423 515 820 761 691 477 23 994 129 336 818 192 81 376 88 106 884 665 483 911 947 635 936 629 590 60 158 842 274 644 628 472 512 420 1001 628 710 0 898 148 652 660 635 871 426 570 694 516 280 677 724 69 822 924 525 416 267 49 310 136 93 906 600 266 491 807 500 
418 920 474 654 543 888 528 171 475 260 433 756 279 656 300 35 402 728 845 130 40 449 615 610 614 675 170 272 958 570 477 869 525 961 1018 600 524 632 799 287 184 927 991 471 979 829 242 739 641 618 869 863 555 600 519 189 692 432 450 365 765 547 674 112 607 722 190 675 774 453 87 376 113 759 833 898 0 158 34 197 1005 549 591 741 1001 964 962 405 319 485 771 66 214 574 140 170 248 297 688 574 635 26 666 375 904 
232 425 120 382 110 777 334 145 71 747 236 349 730 272 840 28 138 195 51 350 767 143 243 489 827 995 147 482 291 227 836 86 177 107 362 64 66 103 627 354 84 605 612 656 673 659 727 716 146 487 208 159 203 675 643 908 105 103 979 130 750 23 241 66 512 420 486 349 327 183 76 647 565 549 764 146 147 0 435 71 713 623 525 408 260 523 86 786 975 383 401 354 81 393 573 595 201 58 686 898 943 382 969 776 426 
687 885 262 866 871 934 454 456 434 1000 712 661 792 259 273 190 403 38 419 665 292 401 849 62 911 124 397 555 877 275 922 450 661 602 738 120 487 641 730 519 285 905 317 649 286 83 890 484 856 991 202 614 867 525 443 553 40 30 938 1014 292 189 102 115 958 646 962 952 756 559 875 375 74 700 279 633 33 441 0 156 497 913 693 146 767 102 842 361 821 846 818 839 239 78 18 788 168 161 263 930 739 482 995 428 669 
304 534 876 830 311 947 763 661 959 959 946 56 377 991 287 939 655 742 745 283 691 73 295 238 982 438 809 628 223 281 941 849 908 120 778 121 176 766 16 985 997 442 499 569 419 869 19 67 323 348 759 978 760 612 727 700 655 60 389 580 271 131 154 931 588 202 220 714 190 717 780 211 962 636 766 659 210 81 166 0 692 115 34 196 915 928 599 299 762 380 138 254 736 57 283 523 166 739 895 811 1004 978 482 453 739 
361 922 324 971 814 149 285 515 989 701 686 131 258 267 236 74 625 852 497 351 894 849 186 383 32 963 912 769 292 541 391 955 35 321 480 351 761 701 682 991 713 361 504 149 63 769 47 647 997 252 410 678 986 920 89 95 434 849 165 673 475 46 352 413 462 271 762 907 766 614 809 472 128 771 147 635 1008 704 484 702 0 263 250 437 714 888 1002 738 439 1008 668 169 667 339 266 598 715 928 971 635 341 242 214 519 992 
778 720 210 27 572 257 964 992 993 393 314 424 979 530 130 668 441 372 975 111 987 969 753 723 117 179 789 335 402 741 18 642 841 413 608 504 666 257 210 885 136 443 881 262 1010 26 237 218 610 306 994 790 165 760 1000 180 131 755 373 957 421 328 636 69 350 306 411 341 262 271 131 573 57 841 423 879 567 633 916 112 263 0 411 834 232 843 366 629 514 771 575 66 726 158 212 46 121 619 443 628 660 581 985 487 593 
462 207 393 722 875 157 96 464 895 554 352 362 947 651 907 344 436 493 700 768 422 725 525 331 585 661 130 978 80 442 783 714 91 710 146 427 988 605 533 220 924 738 198 336 704 15 773 209 288 916 55 612 681 1008 134 569 486 430 578 760 295 647 200 263 757 217 362 407 709 283 86 729 576 992 847 445 594 527 685 35 262 411 0 639 557 349 613 718 576 115 567 702 137 230 324 249 728 570 734 817 611 706 314 880 1 
431 285 472 883 346 742 744 811 337 833 255 660 325 86 664 252 267 516 176 340 591 283 240 296 747 1005 77 254 739 799 511 621 94 673 817 410 269 328 638 80 924 898 1006 924 524 584 34 724 511 708 782 366 436 696 277 232 630 55 853 471 566 170 758 765 391 277 985 583 996 391 450 517 973 428 842 583 741 407 146 209 435 848 634 0 390 644 734 999 639 963 24 433 860 287 799 59 586 676 212 532 138 120 388 630 425 
1007 552 419 495 664 538 911 815 345 429 493 854 166 170 304 805 800 554 419 927 689 285 846 956 958 463 273 387 570 962 915 99 726 543 773 385 6 621 992 752 810 128 764 363 701 655 587 496 862 483 119 267 923 702 537 593 923 791 974 39 339 194 50 709 718 949 338 470 781 441 596 866 951 887 770 699 1005 261 759 909 732 248 559 390 0 371 147 196 312 479 494 27 457 283 280 58 609 720 421 664 435 501 658 403 54 
630 655 755 535 227 821 553 616 774 144 83 979 687 21 651 433 615 387 658 244 988 721 243 508 839 362 190 213 113 250 338 467 632 150 536 577 822 509 487 588 260 240 316 758 893 101 712 129 47 573 955 604 88 417 121 106 626 497 179 175 642 891 755 322 570 813 573 364 402 394 364 141 825 136 876 516 960 519 110 911 889 850 352 640 378 0 702 764 352 450 565 145 699 706 156 415 176 135 287 221 58 671 542 170 880 
523 878 939 70 1000 610 76 381 988 46 51 714 468 73 830 489 223 49 686 177 91 618 399 294 428 43 41 329 671 719 318 22 494 572 315 605 40 829 826 1006 435 301 49 461 926 758 168 319 557 203 577 698 334 17 319 799 232 306 75 1002 52 346 637 288 562 443 203 738 969 890 987 54 999 889 273 279 946 83 835 615 1016 375 603 732 155 686 0 237 484 954 826 982 525 224 882 251 50 173 902 386 121 693 54 207 771 
553 199 687 323 392 366 267 764 998 221 145 211 265 506 727 529 266 829 492 612 983 530 325 788 276 854 811 756 999 49 723 753 939 25 132 58 86 176 129 886 610 433 838 761 799 96 180 550 984 479 66 727 578 920 961 164 776 33 179 574 102 735 806 783 169 713 671 844 25 223 990 463 806 639 565 673 400 790 365 291 752 625 723 986 196 761 232 0 465 243 756 484 439 1000 415 424 646 952 94 751 192 218 21 746 380 
612 1013 91 144 913 264 458 527 279 105 150 94 840 109 472 766 557 939 576 584 552 60 672 28 426 810 453 418 29 120 264 851 772 404 235 430 36 293 292 528 699 831 157 317 194 504 424 790 692 269 169 726 255 266 829 435 786 688 150 362 727 959 225 496 834 986 886 710 311 138 454 579 179 440 629 720 328 978 832 759 447 505 561 625 305 348 484 464 0 255 397 233 707 480 314 1001 115 36 449 564 148 631 294 431 662 
27 121 33 805 744 849 65 387 973 740 352 375 430 859 532 449 969 982 342 493 568 200 512 686 490 144 118 278 501 925 861 335 334 451 665 674 167 981 169 46 389 470 174 428 312 296 13 56 920 1001 114 488 484 176 748 248 170 130 832 157 882 934 294 476 924 73 148 247 219 523 954 136 654 327 785 61 492 386 850 373 1005 790 105 954 490 446 947 250 244 0 599 735 707 985 463 807 941 918 515 457 601 530 624 144 839 
756 20 687 570 227 59 421 244 685 913 556 701 853 535 581 673 859 269 656 532 781 609 362 63 564 155 387 51 752 588 554 473 291 534 24 860 708 455 135 985 67 821 65 830 582 408 457 81 657 1011 512 79 734 623 288 731 219 751 593 125 617 848 430 330 845 155 295 307 289 89 708 927 697 968 1013 827 757 397 829 131 672 571 560 35 510 566 828 745 394 614 0 496 317 191 261 540 72 637 145 130 706 910 491 947 317 
707 737 341 441 644 920 576 1009 502 647 519 296 725 123 514 647 767 881 293 529 301 373 810 446 387 866 954 782 427 532 1003 815 492 344 273 481 584 256 932 757 960 851 241 530 313 371 968 605 362 597 263 97 305 463 271 771 344 312 487 541 34 354 51 913 681 332 62 298 109 71 625 815 535 48 275 913 74 347 850 257 151 79 697 434 46 149 977 490 236 731 502 0 35 961 97 577 876 485 443 653 53 40 44 394 550 
262 35 244 51 326 669 962 718 713 166 943 505 792 666 859 384 595 134 771 389 1008 594 354 512 446 886 202 596 906 315 408 552 173 453 460 127 474 644 354 324 138 921 490 887 444 46 903 919 105 415 601 578 614 300 116 453 377 156 850 548 292 636 21 113 195 554 921 827 969 226 746 874 316 127 139 521 206 81 238 736 661 732 152 879 464 697 508 439 696 717 312 30 0 332 772 855 350 86 391 896 530 93 325 578 610 
546 191 782 594 357 181 221 896 394 473 1014 502 268 557 810 676 123 946 961 948 900 719 67 161 884 619 299 223 823 498 942 441 472 457 26 859 510 377 992 19 51 757 265 136 94 483 896 565 216 407 593 238 324 661 919 325 657 345 905 95 534 681 753 848 601 868 429 644 784 658 78 504 153 565 305 427 572 410 78 60 347 140 229 289 291 709 224 998 471 999 182 969 332 0 252 810 290 67 24 129 955 459 511 519 705 
587 99 590 39 495 457 46 365 612 644 802 35 873 285 83 512 902 371 694 314 640 679 500 564 982 41 899 240 163 545 47 216 496 692 399 985 418 289 125 640 759 21 83 57 999 415 57 469 281 453 64 102 748 866 149 493 869 596 874 891 412 175 185 983 423 742 392 378 76 241 89 567 469 640 18 268 128 584 12 270 270 212 325 800 281 167 879 415 313 472 252 102 770 264 0 1002 357 139 741 797 961 186 248 730 393 
533 989 456 83 637 747 490 795 782 626 476 822 836 263 144 161 73 480 97 670 439 150 796 233 842 587 678 48 950 527 71 161 898 389 818 899 870 65 547 446 722 726 112 785 79 490 895 448 128 260 590 395 214 855 533 136 170 585 728 645 57 495 706 286 767 314 227 341 199 468 811 446 716 9 295 64 166 583 783 535 595 51 251 71 63 417 261 412 991 804 538 583 850 813 994 0 118 264 462 690 894 950 242 830 552 
538 322 98 241 587 422 232 101 392 487 709 285 946 770 854 892 47 289 525 959 804 506 893 536 848 768 71 684 958 472 763 835 971 757 817 432 661 722 404 730 321 626 945 911 654 575 557 896 159 192 802 537 22 36 951 164 443 790 422 273 767 307 717 76 195 437 740 735 859 354 496 47 436 580 907 302 231 187 170 179 709 109 741 591 590 174 55 631 131 941 66 881 346 287 357 125 0 76 630 551 90 927 37 840 424 
867 54 404 432 296 948 696 365 890 39 130 344 985 630 244 184 870 740 63 597 603 801 466 397 144 255 601 292 390 448 133 512 115 951 131 96 953 394 218 992 929 888 378 880 649 945 446 169 642 475 32 606 303 858 868 550 337 733 925 101 320 644 944 904 656 252 410 236 766 486 132 685 16 40 226 128 283 66 159 741 925 621 565 684 712 141 165 951 35 913 648 479 88 66 151 248 79 0 687 641 296 867 782 948 433 
14 499 734 939 63 755 707 556 452 494 1005 501 443 760 395 968 552 572 692 332 416 478 913 571 259 736 765 39 1003 137 980 678 423 145 353 148 174 148 108 694 226 387 961 380 924 665 461 155 451 504 65 632 406 734 221 878 513 280 97 832 269 508 65 645 737 322 289 10 830 851 678 53 402 324 658 108 680 685 271 881 985 443 731 218 423 288 903 106 461 519 133 446 399 24 745 447 631 680 0 393 319 752 547 975 977 
419 462 791 294 25 706 543 356 315 488 823 285 610 998 455 437 986 741 238 814 651 900 122 327 28 500 723 159 201 283 902 947 918 752 240 617 968 837 514 842 121 39 106 518 461 103 883 372 507 257 262 478 131 879 333 628 200 699 640 703 530 744 737 492 622 204 200 498 1005 641 438 913 376 189 1009 905 582 880 933 811 629 636 809 544 655 226 402 745 567 455 128 654 891 129 802 690 550 645 403 0 358 559 174 258 918 
195 333 825 48 840 57 228 339 957 510 503 340 741 408 967 229 291 837 296 261 458 628 109 88 709 193 937 337 203 1018 985 805 668 980 975 183 154 523 675 745 852 515 969 871 820 374 576 73 284 751 354 846 506 143 242 286 275 134 859 738 997 352 724 797 3 781 647 447 904 126 825 221 36 440 78 596 639 946 731 991 353 669 602 135 442 60 131 203 155 606 716 55 531 964 960 909 91 293 304 339 0 428 363 117 494 
559 777 726 304 742 818 695 850 434 239 38 255 103 594 285 787 316 845 683 960 721 879 694 486 240 17 946 103 890 676 360 447 67 629 302 333 152 1006 71 338 736 665 929 152 531 173 19 487 203 859 328 704 536 45 67 456 74 338 353 609 599 255 822 291 877 636 525 753 595 248 466 144 365 510 798 267 27 369 491 969 238 563 720 124 511 681 708 214 640 540 920 46 99 453 184 952 940 870 771 562 429 0 317 626 98 
730 546 753 415 759 722 224 455 10 901 124 432 198 742 578 763 800 680 458 656 845 553 347 960 425 300 726 573 501 69 413 322 313 187 813 257 79 792 745 1001 607 436 20 374 494 307 421 374 362 396 635 1005 200 408 681 764 605 382 766 764 418 401 501 937 338 533 508 23 669 432 929 540 850 727 751 503 671 973 987 469 213 991 300 377 662 554 53 18 296 619 486 61 335 517 249 226 40 789 531 172 356 315 0 169 496 
209 347 260 642 120 789 968 777 904 187 854 315 490 120 147 809 723 352 845 693 111 180 56 438 814 701 73 45 14 1002 916 823 40 157 391 267 48 376 312 716 578 140 316 792 829 794 17 20 276 555 546 159 38 10 425 323 588 286 734 192 607 282 233 733 815 982 958 351 145 772 491 843 863 451 416 805 377 786 428 465 536 484 875 616 391 178 201 765 435 153 947 392 580 520 735 846 828 941 964 259 107 624 176 0 108 
752 524 616 454 858 548 957 880 610 700 390 15 601 796 996 589 823 876 214 795 452 528 92 682 638 221 300 599 219 764 664 19 48 832 857 373 979 958 934 624 32 756 134 956 973 118 232 40 236 679 326 147 91 299 38 965 412 162 404 249 1003 685 940 256 555 686 154 292 340 225 989 310 640 643 182 504 911 420 673 745 994 580 13 422 43 895 761 391 655 834 310 544 619 694 395 556 425 433 984 909 497 108 499 123 0 

Depot information
1
1
1
1
1
1
1
1
1
1

Customer information
1
1
1
1
1
1
1
1
1
1
1
1
1
1
1
1
1
1
1
1
1
1
1
1
1
1
1
1
1
1
1
1
1
1
1
1
1
1
1
1
1
1
1
1
1
1
1
1
1
1
1
1
1
1
1
1
1
1
1
1
1
1
1
1
1
1
1
1
1
1
1
1
1
1
1
1
1
1
1
1
1
1
1
1
1
1
1
1
1
1
1
1
1
1
1
