Seed 123 - Instance: n95m5_1
n 95
m 5
Q 9999
L 2
U 23

0 724 43 308 21 629 683 54 84 392 806 332 859 631 101 702 189 29 288 559 209 445 922 612 951 106 635 841 996 549 888 275 278 550 367 941 367 418 150 164 437 671 207 748 428 703 630 289 899 214 271 105 999 895 432 358 713 189 935 116 978 383 333 221 657 2 166 364 868 109 509 403 91 102 1003 527 690 262 689 490 274 466 79 752 843 65 332 840 858 285 50 835 88 433 659 804 141 599 273 243 
716 0 200 565 292 389 721 442 130 133 522 497 817 176 98 185 819 714 359 213 327 603 55 126 110 254 354 374 742 509 475 298 144 746 1015 861 969 387 41 631 955 707 501 663 249 937 907 107 365 59 472 391 199 757 1003 104 476 87 564 780 583 504 221 175 586 839 581 943 114 740 378 929 559 93 352 941 92 446 845 668 293 84 646 727 761 890 880 20 170 994 719 634 311 699 930 313 920 148 958 18 
27 208 0 458 65 596 129 704 681 633 218 300 438 739 477 537 64 351 883 950 566 542 71 667 133 842 386 762 648 104 169 131 301 28 399 68 193 738 718 485 11 675 197 367 547 249 676 200 225 818 664 968 24 663 401 654 975 647 124 113 922 572 926 359 584 524 277 610 147 346 554 64 18 205 781 908 964 189 34 747 505 23 961 194 499 789 60 939 894 444 200 929 86 59 12 61 440 815 345 982 
308 559 473 0 949 207 365 789 150 799 213 481 93 684 869 713 276 159 559 670 306 66 601 132 284 335 93 64 782 431 692 61 318 301 893 475 112 407 78 866 449 741 921 968 170 618 811 776 157 718 783 926 105 393 962 488 166 716 968 264 155 138 806 706 91 795 544 725 1011 459 243 308 472 997 550 891 279 941 715 438 566 539 558 937 881 690 87 31 261 424 818 307 580 53 883 459 290 94 507 781 
24 292 78 949 0 897 659 911 759 794 978 795 618 187 56 770 201 120 315 9 555 922 317 208 855 492 456 37 290 390 707 102 22 393 448 153 909 996 861 598 168 321 142 651 922 226 335 402 43 778 450 882 969 450 170 470 807 34 580 161 678 196 31 869 513 610 234 676 917 650 838 531 103 641 649 418 36 725 431 768 825 907 73 48 753 133 52 910 504 843 438 703 485 822 479 329 314 803 126 798 
619 384 590 202 891 0 1019 936 358 523 659 999 165 397 728 706 548 554 855 551 24 25 511 759 551 406 453 173 556 990 401 150 250 340 179 110 128 234 1006 672 141 908 962 734 146 201 292 892 118 22 118 784 913 16 432 491 266 191 124 193 64 216 760 896 163 589 624 28 780 545 975 573 882 616 421 947 644 334 10 239 944 316 532 400 505 423 320 952 421 155 694 908 141 304 737 691 542 1014 218 151 
676 716 130 363 672 1018 0 196 304 684 773 144 335 451 432 169 812 850 485 998 67 575 103 538 321 124 184 296 813 238 645 198 349 233 231 853 385 284 516 749 960 151 369 926 428 16 393 954 758 407 196 488 656 659 905 577 80 389 232 789 440 396 119 373 207 986 109 612 845 910 830 751 422 341 281 641 55 569 391 675 1008 940 182 719 298 754 786 708 35 222 791 992 654 505 335 315 379 891 856 82 
53 456 691 795 899 932 197 0 942 642 385 592 95 1016 705 698 42 689 331 439 579 370 699 832 127 598 395 746 347 595 865 106 983 939 720 82 18 849 205 404 547 704 66 223 451 376 523 427 506 121 624 403 580 996 726 726 799 330 780 20 25 702 889 24 234 229 900 927 947 71 821 615 264 902 635 953 402 82 512 596 665 486 796 459 536 946 840 338 419 952 828 775 135 308 350 695 302 590 653 921 
74 120 677 147 750 361 293 926 0 620 79 145 163 595 576 419 397 1000 357 73 943 137 698 27 847 717 784 836 263 317 896 812 168 811 128 59 842 530 114 335 884 999 610 342 754 599 522 555 149 633 620 658 367 561 273 832 459 678 775 154 9 27 45 862 497 26 178 409 745 132 197 869 927 25 841 108 463 591 208 561 634 45 315 88 674 785 909 47 692 851 996 307 719 777 773 586 905 128 514 506 
394 137 635 813 785 517 688 627 622 0 822 938 264 650 567 607 151 846 739 835 312 570 20 480 264 124 467 262 159 257 719 905 237 185 761 388 808 268 314 637 60 246 311 258 464 795 626 464 773 511 344 762 350 595 807 409 337 223 318 371 528 148 184 370 731 368 775 923 921 150 1003 918 931 61 249 781 394 919 554 655 976 247 285 153 95 113 894 539 540 168 539 77 69 386 83 747 70 250 473 966 
815 508 233 215 984 662 780 385 77 825 0 249 651 485 653 523 208 199 511 243 331 971 622 670 326 1001 176 694 416 994 286 555 182 384 401 833 749 650 980 876 741 117 236 191 1004 564 440 190 47 63 23 90 698 930 441 511 956 168 516 623 782 846 333 370 318 559 918 752 256 35 983 632 294 48 335 494 198 147 207 283 931 941 422 137 687 997 451 466 915 778 877 860 49 550 267 474 700 563 213 338 
343 497 295 484 800 997 154 596 144 945 239 0 343 24 702 136 904 438 243 210 711 193 78 201 479 128 306 961 631 890 534 359 928 933 685 283 644 507 847 575 954 271 212 537 374 524 241 604 234 32 812 158 15 360 153 980 314 995 146 470 28 45 787 916 101 736 416 606 59 536 811 595 842 259 356 218 615 651 151 942 923 816 669 536 519 766 880 275 138 203 1013 684 197 692 324 954 452 806 562 358 
864 816 456 109 606 162 348 85 169 258 649 338 0 897 200 944 41 616 99 141 188 80 835 451 669 711 501 693 271 115 813 636 727 306 964 885 324 566 73 697 493 584 1012 791 52 165 648 560 77 16 383 81 937 637 916 463 473 431 830 843 857 494 504 574 505 894 985 587 328 690 720 696 402 986 671 589 282 97 8 586 919 281 144 919 488 193 846 589 738 73 726 716 405 978 787 698 464 245 310 445 
645 169 751 699 176 403 450 1004 606 656 494 19 901 0 955 255 464 871 471 592 535 860 543 80 763 799 673 1002 213 574 243 454 767 645 786 295 32 501 915 33 677 93 896 207 398 247 169 903 949 227 166 926 52 803 621 668 644 468 993 539 463 866 693 51 431 672 528 59 639 806 149 166 228 734 59 411 111 650 945 775 268 670 665 143 363 171 58 520 651 844 248 817 914 670 105 780 35 641 684 572 
103 100 485 865 70 725 438 697 593 564 661 710 199 952 0 207 191 1011 471 228 523 169 219 850 166 780 775 802 745 876 213 809 275 322 858 106 748 547 419 305 553 563 952 884 924 108 717 483 283 441 735 977 92 977 757 590 766 808 762 493 682 823 899 509 494 27 25 408 879 301 496 373 847 424 842 263 594 764 101 736 972 324 167 536 224 529 569 636 880 268 256 325 32 448 957 971 958 111 962 128 
717 196 536 713 772 697 162 702 410 604 537 135 943 259 206 0 458 391 729 821 190 491 672 455 704 535 56 704 78 826 1000 482 770 736 972 235 335 77 923 152 649 296 301 625 722 653 308 1005 986 720 720 191 100 403 635 524 595 254 538 910 156 57 637 84 343 367 124 348 63 303 1009 829 927 35 907 378 742 843 29 263 806 589 256 68 320 275 892 87 259 872 552 288 392 295 980 631 910 357 382 124 
196 817 53 276 206 541 818 51 397 151 195 902 52 451 199 469 0 271 816 843 813 512 618 409 802 227 792 575 79 393 441 682 380 295 549 36 681 219 480 290 20 818 171 260 569 982 380 202 786 591 732 860 885 185 450 389 166 514 39 1014 652 424 727 354 218 80 324 762 104 626 402 19 791 486 77 581 279 1000 505 142 612 24 945 299 189 72 146 987 523 658 418 574 126 21 744 358 833 392 955 165 
18 711 341 149 121 538 852 686 1005 843 189 445 613 883 1002 387 272 0 531 662 926 422 872 283 886 575 848 601 206 376 66 375 548 902 848 707 927 585 14 154 794 429 897 342 122 262 928 806 698 370 720 316 855 150 164 576 394 427 660 611 221 187 908 606 847 485 309 648 218 278 698 33 759 288 531 610 55 719 22 545 859 28 182 481 490 658 311 684 90 60 823 572 554 590 364 634 136 497 991 585 
296 370 890 565 320 842 472 337 339 741 517 233 85 460 470 737 823 513 0 212 581 975 827 948 620 978 854 467 760 358 665 393 188 800 923 726 721 202 685 375 42 735 869 44 903 195 831 240 178 186 826 273 252 279 641 505 1000 216 479 563 542 546 533 308 400 625 54 186 326 431 415 601 817 421 421 68 483 39 602 759 408 370 653 59 12 128 912 568 207 181 350 627 676 415 778 247 932 229 498 769 
562 219 942 672 14 550 986 443 71 827 245 207 127 591 236 810 847 658 213 0 624 738 926 25 14 543 18 725 931 251 583 126 133 766 589 435 340 823 976 653 399 429 354 844 314 276 289 54 213 191 286 43 241 741 365 851 979 102 740 690 944 301 427 346 54 674 872 458 172 347 190 275 604 575 616 166 184 784 378 19 597 608 124 297 130 712 967 36 193 20 834 763 916 428 841 214 554 881 106 10 
227 322 562 298 535 31 80 583 950 302 335 719 199 530 520 179 821 927 567 611 0 467 149 600 37 945 682 163 229 447 93 920 191 145 698 681 399 897 47 332 785 211 267 905 151 85 488 505 103 607 671 247 804 171 612 461 866 21 367 80 885 854 137 279 538 835 499 961 792 651 356 939 833 410 931 934 319 1017 63 836 725 555 674 320 993 66 761 828 247 873 35 160 877 341 625 538 434 706 652 263 
437 602 542 74 927 7 580 368 133 572 980 194 72 849 155 475 505 425 975 738 475 0 662 662 49 417 848 488 719 532 654 983 764 33 689 876 425 785 56 469 611 688 907 153 912 590 832 844 589 972 574 564 951 72 271 667 744 966 711 154 436 681 246 70 597 198 622 428 501 291 373 268 576 39 664 260 620 485 91 255 561 285 887 924 578 730 255 733 662 436 250 875 368 300 851 356 278 7 120 44 
929 51 78 605 313 506 106 699 699 19 614 72 834 547 204 681 628 860 838 929 149 668 0 232 460 225 969 377 417 142 563 216 876 836 177 341 150 183 806 219 880 448 905 879 75 442 128 291 437 823 783 301 596 197 688 356 898 903 214 20 799 821 965 426 84 949 590 168 428 324 403 757 1012 624 522 93 717 164 720 794 863 956 925 390 474 943 507 939 538 683 817 702 357 609 985 254 404 455 542 949 
624 139 666 152 220 749 544 832 35 485 685 191 460 71 843 464 421 277 943 15 595 649 249 0 654 754 786 88 759 474 795 272 89 468 360 280 780 972 883 197 290 320 255 953 265 682 195 167 410 441 373 510 942 305 134 977 631 491 853 890 129 956 137 460 806 453 1015 605 268 968 405 755 854 431 490 957 946 484 442 767 182 423 444 825 675 520 373 450 183 66 99 214 26 782 105 400 454 954 742 442 
961 115 128 286 858 543 310 130 854 263 326 487 655 759 156 690 814 886 617 21 37 42 454 659 0 79 165 75 490 792 275 335 978 84 846 413 604 528 409 644 615 322 787 472 410 898 662 51 331 764 655 505 268 725 802 410 943 374 86 413 879 65 350 55 122 803 620 479 481 89 917 789 595 564 993 453 408 172 168 163 586 143 816 132 309 342 748 489 924 472 207 308 789 897 621 111 788 646 527 431 
107 251 832 352 485 417 119 585 698 140 1008 121 727 794 768 542 222 574 969 533 956 416 227 766 74 0 993 969 808 99 387 525 662 66 595 564 36 751 993 652 668 410 70 719 947 934 881 244 547 959 42 703 965 657 158 305 479 416 322 722 93 257 327 852 965 171 795 839 111 315 146 284 344 139 522 809 525 435 133 228 661 223 222 422 1004 458 516 817 600 16 384 406 370 814 185 801 687 292 810 610 
641 364 397 97 458 471 188 388 796 462 169 305 510 684 773 56 783 833 860 9 668 844 980 782 176 1003 0 830 838 708 359 346 40 599 353 907 1010 415 750 591 1001 293 475 644 393 946 734 844 161 789 593 223 312 388 555 936 338 669 404 871 343 347 960 36 394 852 158 291 190 809 797 610 631 528 558 514 767 292 688 288 777 789 26 583 493 625 263 208 168 718 8 196 225 297 734 264 150 813 848 453 
847 391 778 66 49 176 296 744 843 248 701 958 697 1009 818 700 579 592 475 722 166 472 373 93 81 975 831 0 760 536 335 767 362 704 740 638 324 850 730 449 788 317 579 998 525 15 730 755 159 583 327 52 538 508 462 589 404 506 75 549 474 561 786 869 205 594 645 200 310 492 859 297 32 847 222 26 471 86 304 616 355 141 673 265 693 102 495 551 223 814 366 943 139 307 376 604 669 827 307 725 
995 736 632 780 286 542 806 355 275 152 425 627 276 227 750 72 65 215 769 933 237 729 428 747 500 814 844 753 0 608 60 805 278 700 901 381 268 253 447 78 906 867 140 631 977 881 802 461 932 672 28 717 344 332 460 171 287 254 482 765 204 825 732 455 496 105 100 418 413 891 841 139 52 352 779 145 418 542 535 238 54 416 470 845 515 178 232 476 251 505 448 764 720 87 528 856 563 255 402 794 
563 505 104 425 394 992 249 584 322 254 991 881 113 578 892 819 396 370 371 254 446 524 153 463 795 95 711 526 610 0 193 178 979 432 613 495 409 159 781 759 830 863 443 498 247 745 865 444 550 116 843 993 795 682 699 126 235 357 659 853 738 79 742 592 311 669 209 994 614 654 848 520 792 840 752 347 135 101 718 715 718 232 744 58 182 663 107 849 51 285 40 177 783 599 727 973 631 289 223 335 
890 479 172 682 690 401 655 873 893 731 291 548 815 241 213 991 448 58 665 573 80 657 576 789 267 397 357 338 53 186 0 398 412 752 689 404 166 938 274 982 268 971 449 523 487 601 385 613 548 966 330 761 58 660 636 119 661 242 786 961 563 387 586 464 166 400 594 315 384 111 917 216 908 722 604 273 564 154 349 35 105 1005 998 200 643 901 367 885 311 574 532 470 905 932 987 77 988 756 225 535 
274 292 134 71 90 158 202 104 813 908 550 354 656 446 806 492 678 382 377 124 934 979 211 274 345 516 352 765 805 179 412 0 229 811 290 914 3 90 521 718 124 660 590 381 393 866 356 980 767 368 193 480 837 688 490 362 70 73 957 567 145 991 838 273 2 720 176 996 972 929 830 997 134 967 451 51 315 993 810 912 528 546 692 788 862 617 783 301 826 178 722 474 29 177 949 242 214 214 198 588 
279 147 285 326 36 239 338 976 158 240 190 932 724 763 291 771 387 545 184 137 189 768 884 95 990 674 40 362 284 965 420 230 0 449 506 232 57 216 334 166 288 31 215 190 284 235 940 140 629 575 649 985 966 884 928 610 619 176 436 999 316 89 449 962 604 205 356 932 1004 420 431 372 88 988 157 110 724 38 697 550 312 533 696 377 277 534 256 866 270 517 217 27 227 375 781 151 308 634 85 406 
551 760 38 312 389 332 227 937 820 179 380 948 315 642 326 735 313 894 815 759 148 34 834 479 90 65 600 693 692 431 766 808 453 0 466 923 248 598 84 49 688 251 753 593 385 725 974 939 694 429 796 716 144 628 886 237 465 811 345 33 256 957 780 1009 264 948 271 973 61 249 576 972 897 168 470 422 733 702 586 194 795 969 334 280 946 507 876 831 52 985 346 289 319 250 250 222 1007 285 724 96 
361 1006 406 898 435 192 249 735 129 763 400 677 955 789 867 976 549 850 926 579 709 682 161 369 852 589 353 740 905 607 675 299 499 469 0 657 52 659 703 381 721 890 561 114 276 877 504 358 205 181 925 967 389 903 274 141 682 947 526 409 103 958 11 641 283 427 121 1011 203 1006 739 697 745 202 229 828 53 714 357 140 356 503 509 563 265 119 237 252 710 146 870 613 770 339 312 804 610 327 693 214 
943 854 71 482 152 122 857 69 55 387 837 292 893 299 104 231 34 702 716 439 676 875 330 281 417 566 917 631 379 489 415 923 217 913 654 0 445 981 905 137 661 347 970 706 294 48 664 59 589 650 306 391 426 972 75 778 418 763 124 392 375 453 483 13 255 306 24 504 417 153 906 400 968 106 138 328 168 799 265 877 236 946 638 379 616 833 391 216 323 569 899 402 232 806 980 763 607 95 661 149 
354 952 183 107 914 126 384 16 841 796 744 652 332 28 760 337 699 915 728 350 414 440 148 771 601 24 1009 325 273 396 170 15 57 236 48 438 0 166 16 813 324 258 909 108 485 852 95 486 191 736 832 165 1014 977 175 344 437 804 894 134 639 751 741 552 93 245 588 415 604 45 969 468 396 750 948 419 660 792 772 289 693 15 700 511 402 809 387 406 924 790 81 606 26 163 901 294 832 251 462 619 
426 381 735 408 1008 227 270 858 532 261 656 517 567 507 544 79 220 577 205 831 882 776 192 982 533 757 425 864 253 142 940 86 203 599 663 986 151 0 801 628 347 451 806 950 61 753 757 409 313 782 192 914 753 110 559 82 758 639 989 326 377 79 178 176 82 16 243 884 901 987 202 621 732 78 284 618 820 56 631 728 682 850 968 21 898 18 805 410 645 247 52 762 352 383 16 207 642 53 676 141 
147 28 704 66 873 1019 526 207 123 304 991 831 78 914 408 932 476 10 682 972 52 58 811 881 416 986 751 728 453 780 270 519 342 86 698 909 19 799 0 932 650 489 73 735 905 129 698 658 268 59 63 182 921 818 989 169 689 415 375 273 958 615 882 342 962 594 769 153 299 52 578 738 409 867 89 118 523 892 63 978 918 755 369 616 262 599 518 524 656 852 408 10 139 523 855 240 75 1014 39 997 
165 635 475 848 601 668 746 415 339 625 881 574 696 31 287 152 287 154 392 649 329 468 201 204 650 645 578 454 60 777 972 722 168 49 386 145 824 626 939 0 307 268 281 14 416 483 351 454 538 392 172 22 941 876 196 730 593 957 119 525 142 970 73 22 994 927 961 791 340 726 947 117 937 283 229 914 493 442 82 23 62 464 996 777 186 371 24 820 872 812 632 407 438 422 537 805 33 353 967 649 
428 959 14 449 162 149 954 559 895 41 724 957 500 696 567 660 19 781 47 396 777 621 870 275 604 671 989 799 912 828 280 117 286 699 721 679 334 349 653 290 0 917 177 453 165 147 412 585 25 438 745 707 503 358 913 791 211 497 827 732 395 893 188 723 248 107 116 815 411 964 715 710 870 503 812 715 103 952 591 682 141 602 416 563 918 23 821 840 507 477 751 636 797 315 658 226 60 101 218 163 
686 700 669 745 308 903 170 712 998 258 106 266 590 88 567 306 811 429 732 439 212 686 465 328 329 405 301 328 870 851 980 666 41 267 878 356 247 466 482 274 925 0 874 108 393 682 586 49 995 601 697 74 302 896 700 883 785 975 234 56 828 325 855 257 541 298 449 405 302 850 642 900 769 487 811 862 633 730 149 16 195 784 618 994 390 635 327 691 762 515 99 144 183 830 916 770 929 898 587 35 
199 503 202 922 130 963 380 62 622 315 235 217 1017 888 943 287 164 892 856 368 273 898 889 254 776 75 476 575 126 444 458 590 215 743 564 956 914 816 61 268 177 863 0 90 63 752 743 56 591 322 543 403 342 337 490 553 640 542 136 419 86 928 652 684 350 133 700 76 698 505 429 385 647 171 158 806 352 734 186 256 115 913 190 903 828 22 386 898 399 123 367 565 822 16 458 581 578 535 548 729 
747 660 366 975 641 728 917 233 343 264 201 538 805 199 886 612 259 336 38 842 896 166 878 955 473 702 654 996 622 499 514 400 172 597 126 702 109 940 734 11 449 123 88 0 358 955 740 466 990 515 466 264 49 425 532 806 707 919 493 1007 336 230 183 239 141 57 507 93 943 878 858 373 846 657 138 68 233 248 630 151 188 132 707 880 722 789 338 843 273 998 936 48 870 539 445 335 308 340 970 300 
439 249 530 162 938 134 435 446 754 476 990 370 41 397 931 730 561 127 886 330 155 918 89 255 415 929 397 512 982 258 477 392 279 372 272 294 483 46 902 414 150 389 59 352 0 284 601 114 444 10 463 690 903 508 341 313 959 543 382 919 691 275 962 51 787 224 849 926 95 702 41 474 465 592 281 206 696 335 894 913 292 732 65 876 403 450 219 471 87 120 218 852 807 655 849 359 187 362 537 894 
716 938 257 626 227 186 29 396 591 800 561 527 156 246 104 648 975 269 196 280 77 584 436 689 888 921 934 14 885 739 587 862 246 734 882 57 863 757 126 483 145 683 754 965 287 0 159 728 339 52 457 662 499 863 670 190 547 31 956 916 746 808 893 239 261 237 169 567 102 582 282 595 351 49 665 279 79 502 987 131 604 37 978 680 886 456 970 308 642 7 839 577 623 365 460 61 966 332 963 865 
623 917 688 801 330 280 381 529 529 625 434 247 653 178 709 296 383 923 812 304 475 840 123 204 647 877 742 726 807 868 391 353 941 975 491 654 103 758 705 352 419 591 752 739 609 144 0 676 647 750 62 203 701 307 113 13 971 474 629 720 40 433 888 357 385 999 552 226 487 914 770 136 848 736 871 351 290 896 577 557 863 479 386 118 472 384 898 287 940 930 613 77 254 18 989 990 31 741 707 172 
289 108 200 790 392 905 956 433 544 453 203 618 571 900 481 1008 194 820 237 60 510 829 298 166 67 241 835 759 457 442 621 972 129 938 372 59 489 421 670 457 596 48 51 476 95 742 683 0 380 578 974 738 810 107 723 989 333 731 383 55 284 620 881 744 705 554 128 766 366 288 498 766 423 442 711 571 748 155 159 352 233 902 102 315 752 90 547 97 480 554 615 387 605 214 265 494 345 764 162 919 
904 372 225 160 40 126 746 511 134 782 45 235 85 939 287 981 795 681 181 207 118 597 457 402 324 545 175 160 941 545 559 774 622 698 212 592 191 312 272 540 30 981 586 985 444 337 643 372 0 806 235 319 109 678 8 821 807 738 529 847 264 690 93 645 711 26 244 849 913 405 493 117 579 599 31 162 640 243 684 687 866 716 199 321 437 726 124 548 29 856 207 113 79 153 683 653 402 455 563 200 
229 40 823 699 777 14 425 116 638 521 50 31 8 220 433 725 592 375 187 202 609 984 814 437 767 967 791 599 665 114 959 361 560 424 176 659 740 781 47 397 456 588 321 504 12 42 769 577 803 0 956 115 627 442 578 439 912 460 765 818 617 80 413 661 919 491 821 499 205 88 389 297 383 198 456 80 67 835 760 45 421 121 702 880 973 621 593 555 802 665 172 305 207 438 62 313 575 102 188 669 
269 464 661 778 445 122 181 632 620 358 13 813 367 160 734 715 743 724 818 298 667 569 785 387 662 49 588 337 42 857 333 202 656 797 933 317 830 197 64 171 743 701 545 460 461 467 58 975 232 938 0 406 919 626 865 75 922 389 983 437 295 877 514 469 295 704 460 980 740 366 263 821 341 636 158 176 228 622 751 229 940 578 955 911 259 585 874 33 592 57 889 431 260 509 904 777 40 695 755 29 
110 401 952 923 871 777 476 391 652 767 88 166 91 928 994 185 851 331 260 53 239 548 306 517 513 703 216 61 707 1003 765 490 984 730 975 406 164 914 181 37 698 80 408 268 685 679 196 747 322 121 409 0 451 298 625 559 209 101 731 892 324 695 605 213 857 927 720 642 849 913 913 735 269 306 854 888 394 18 690 189 67 795 196 577 574 469 433 492 811 968 72 888 724 824 767 312 927 912 134 69 
1011 217 35 103 961 931 652 572 362 359 700 8 924 41 97 102 881 846 254 235 796 961 611 931 253 958 297 533 349 798 52 854 970 151 390 413 1009 753 932 938 505 303 356 40 916 509 694 812 110 635 920 445 0 475 993 991 542 159 643 493 492 240 606 266 979 231 416 317 751 834 970 359 236 53 976 479 687 175 246 197 945 639 1000 684 361 431 316 734 907 473 257 931 196 901 785 186 432 717 368 657 
901 747 662 399 444 20 657 995 569 581 924 354 642 788 989 408 186 140 272 751 163 65 203 304 741 652 390 507 344 667 648 691 880 630 914 982 984 122 807 888 347 888 337 438 506 865 303 109 683 433 613 301 483 0 429 248 745 214 231 348 504 107 686 290 591 355 167 106 894 524 394 152 85 833 669 354 309 207 965 90 780 203 626 923 753 42 468 374 123 646 354 451 171 154 461 780 514 343 66 237 
420 997 397 952 173 420 898 715 288 807 447 143 913 634 744 633 443 159 651 369 614 260 701 126 800 157 538 450 460 699 640 496 910 892 287 76 172 576 998 197 900 698 478 544 339 665 112 721 21 578 878 641 987 419 0 618 326 83 787 580 546 403 332 381 376 677 810 581 440 902 618 444 565 66 682 133 993 237 597 90 650 0 730 885 687 291 571 960 468 146 340 60 46 427 680 131 987 991 733 821 
364 104 648 497 464 508 567 721 834 419 510 963 453 682 587 522 394 577 502 854 471 657 352 968 393 313 942 592 171 128 131 363 621 242 153 770 343 84 158 736 790 893 548 813 313 204 18 1001 816 444 74 571 991 247 635 0 993 886 373 475 385 749 140 927 140 364 958 961 711 561 806 570 813 891 890 667 465 786 532 225 94 238 861 16 407 749 854 593 636 48 908 414 252 997 104 481 96 330 976 643 
711 475 968 175 812 275 88 793 474 337 945 312 472 657 759 594 165 387 1007 976 866 736 893 625 948 471 324 404 282 240 673 75 603 458 683 432 422 769 695 580 227 784 639 704 963 544 980 338 794 926 910 195 553 741 331 996 0 512 117 220 658 527 421 183 1016 340 646 930 293 384 957 467 478 896 60 554 152 499 149 107 677 90 301 532 627 492 553 87 456 371 887 77 590 950 655 993 209 211 635 329 
178 79 648 727 26 190 393 331 675 220 156 1006 429 476 820 267 522 429 215 107 13 976 890 481 370 412 679 495 256 345 254 82 169 793 958 770 808 644 433 956 509 969 543 917 554 35 465 724 733 459 401 99 166 195 80 886 512 0 503 409 746 246 985 524 778 982 245 604 843 443 946 802 485 394 739 320 100 536 441 433 818 763 64 371 152 159 209 373 276 394 243 710 92 795 988 446 849 503 496 275 
934 554 120 957 577 142 236 772 774 328 517 149 834 1003 770 532 40 651 467 735 371 700 221 854 71 317 402 75 478 658 780 963 427 349 532 125 899 988 375 111 833 248 127 482 370 949 628 389 535 774 982 738 649 233 792 371 114 496 0 417 260 60 277 460 108 998 295 147 565 207 227 537 289 1015 218 248 107 529 458 4 354 490 376 396 574 812 950 814 934 440 749 36 248 33 263 1005 735 428 886 463 
116 784 111 267 168 177 783 25 161 365 617 464 849 532 483 907 1005 616 561 691 78 150 16 897 405 718 871 550 761 844 958 555 1007 31 402 373 148 324 274 523 735 70 426 1000 922 911 725 52 855 822 451 889 503 366 568 484 212 405 428 0 953 245 666 75 477 615 863 25 682 208 365 49 86 578 86 446 291 107 335 560 47 451 828 667 335 998 759 607 484 641 405 770 21 170 373 400 910 966 604 658 
978 589 920 159 677 52 436 19 16 518 765 21 857 474 676 161 652 210 545 937 881 451 810 114 875 97 346 486 192 737 572 130 318 250 86 372 637 372 957 151 393 820 85 333 689 737 36 288 268 616 304 309 494 496 533 387 651 753 259 945 0 141 551 945 327 668 875 212 523 841 593 797 486 495 167 291 609 973 174 762 579 658 245 412 852 141 361 583 527 96 171 558 566 737 497 742 836 791 342 418 
390 504 559 151 181 228 387 692 25 146 846 57 493 878 830 48 426 194 552 299 844 680 817 944 61 259 352 552 827 85 372 990 84 951 971 469 756 76 611 973 905 321 926 234 285 825 415 618 691 75 882 695 226 113 401 745 522 247 73 244 149 0 1001 816 510 461 771 451 404 940 367 317 40 514 385 907 705 308 39 639 164 742 364 874 882 593 826 798 748 138 768 996 464 331 417 264 541 83 569 372 
322 226 913 811 30 768 112 902 44 181 328 770 502 701 896 645 727 896 529 431 139 260 965 128 339 337 974 769 734 744 585 840 446 772 15 492 746 187 869 77 203 862 649 181 953 890 872 877 89 410 512 609 613 692 349 148 412 980 282 669 534 999 0 761 376 376 703 906 255 917 357 416 241 456 388 229 102 213 629 670 208 411 193 721 842 543 336 541 637 882 61 37 131 132 818 335 808 466 840 459 
218 175 346 704 862 903 383 20 859 380 387 925 570 39 495 87 359 600 307 355 295 68 416 466 63 870 42 862 461 598 473 265 970 1008 644 30 541 195 350 18 724 265 687 246 41 225 350 754 642 650 481 212 264 289 373 920 190 518 465 72 950 817 759 0 168 927 857 785 918 425 433 416 965 795 881 950 229 630 893 901 272 197 904 95 493 696 423 566 167 687 68 97 642 405 758 286 828 239 850 731 
655 576 598 99 517 165 224 249 505 719 322 97 499 438 508 359 219 844 410 65 536 591 91 798 126 967 377 206 490 313 169 12 610 272 292 242 83 72 969 998 263 552 342 145 789 253 392 708 723 904 309 855 991 607 383 144 1008 782 115 462 325 511 376 159 0 986 1001 623 791 187 434 999 113 295 311 972 103 745 545 908 504 295 98 601 592 71 204 160 960 435 911 373 561 902 634 986 763 386 884 168 
3 848 537 808 625 590 993 224 21 379 544 743 896 679 13 373 97 485 633 672 831 198 946 463 816 188 851 584 123 675 394 738 205 959 428 316 235 12 604 914 107 313 126 54 210 242 1011 548 34 500 688 918 233 369 658 357 353 969 1010 612 667 445 372 919 987 0 562 668 184 27 603 820 628 780 814 728 696 992 961 962 649 897 459 270 697 703 646 865 328 683 379 854 949 198 675 678 420 690 994 63 
151 599 276 547 223 632 101 904 175 759 915 401 995 542 31 128 324 308 63 862 502 610 586 1008 625 798 149 638 93 206 588 172 364 269 134 37 604 234 771 953 128 445 711 499 866 151 558 143 250 829 468 714 409 171 795 951 631 257 306 862 865 774 685 860 996 557 0 930 343 82 538 995 664 455 365 162 560 601 489 195 339 488 169 369 175 234 489 24 282 993 700 483 80 494 145 283 449 245 265 703 
358 943 617 720 668 27 605 927 411 923 757 599 589 70 405 354 762 639 196 456 955 416 167 592 478 851 291 202 414 981 313 984 949 980 1005 504 411 888 142 789 816 407 76 88 924 570 226 773 854 502 965 650 316 100 576 973 934 611 147 36 212 451 908 789 631 661 934 0 263 205 444 919 620 634 381 713 839 529 360 70 957 952 143 301 258 111 569 600 458 301 926 717 880 15 782 523 775 219 1002 881 
882 122 151 1012 909 784 843 942 747 908 268 56 316 640 885 54 93 220 326 189 800 501 427 272 468 107 201 305 396 597 382 974 1004 49 197 414 603 911 279 354 424 295 694 952 90 105 479 354 901 219 737 860 737 886 436 707 290 851 563 695 514 395 250 922 781 181 356 258 0 495 423 624 884 818 649 248 661 755 937 38 519 557 193 805 407 885 483 959 648 448 656 200 874 123 942 913 824 286 82 685 
108 735 342 446 643 528 915 78 126 134 41 551 697 799 304 293 621 278 434 345 633 302 306 966 94 319 813 501 883 650 126 932 418 259 1007 137 46 988 45 721 960 839 519 886 695 570 927 283 392 91 366 911 833 537 912 564 385 453 192 212 838 940 921 426 189 38 78 200 511 0 941 732 139 478 345 766 538 151 655 574 166 472 712 907 159 782 146 365 461 725 31 1005 375 382 439 876 368 333 916 454 
508 382 539 232 842 966 836 822 201 1007 969 818 718 138 482 1001 384 692 414 184 355 371 398 389 906 155 791 857 840 865 925 819 415 580 740 917 988 197 560 961 717 648 417 868 39 265 765 497 499 394 250 916 976 388 628 786 955 933 223 377 579 359 367 434 439 599 530 448 428 932 0 679 673 898 960 668 440 653 158 172 819 825 112 789 523 66 794 611 963 996 574 819 120 768 305 616 484 374 825 789 
394 932 64 291 528 579 763 603 862 923 632 589 707 170 393 827 24 47 618 282 935 262 758 753 790 298 627 299 137 522 203 1002 390 984 700 411 464 608 736 115 712 899 381 370 487 606 129 752 116 292 828 736 349 153 449 576 484 806 549 66 797 325 421 415 994 828 1001 935 622 732 664 0 648 733 1013 887 935 869 469 381 340 743 583 997 538 816 614 797 247 431 762 607 531 481 959 999 270 553 853 90 
87 562 15 472 106 891 436 269 933 935 288 850 403 222 850 936 786 761 820 610 831 574 1008 848 600 347 645 32 44 803 925 145 83 906 753 964 396 731 411 924 876 774 656 843 463 347 847 413 583 388 338 280 247 89 565 797 490 484 296 94 487 40 242 955 102 633 664 602 876 150 683 636 0 501 773 184 647 786 867 459 858 508 80 403 941 859 395 920 973 916 742 107 89 853 58 610 886 259 977 538 
99 90 204 990 640 622 333 889 34 53 49 251 1001 723 419 28 500 279 432 583 410 31 626 430 550 133 532 852 354 850 718 960 986 157 190 102 751 92 878 292 496 488 176 641 595 45 729 423 605 194 634 309 51 817 50 879 883 383 1006 575 509 506 455 813 291 765 462 643 832 478 892 742 491 0 211 452 308 883 30 582 746 939 203 999 168 496 991 15 113 617 690 1008 571 870 145 317 920 920 370 958 
1016 349 794 551 650 423 276 637 845 259 332 359 684 70 830 910 88 529 418 631 923 671 512 475 989 528 541 226 777 746 594 451 168 456 234 152 947 296 87 235 821 817 157 135 281 663 861 702 26 449 153 840 968 670 685 883 57 732 226 90 185 397 384 876 310 803 365 393 651 331 955 1000 761 216 0 129 353 748 839 305 587 1004 450 257 54 409 245 791 866 962 246 482 633 267 612 778 152 1002 267 314 
525 948 906 880 426 938 641 954 108 788 488 210 583 408 259 375 567 600 61 177 952 254 89 939 451 817 516 32 156 355 277 51 105 415 815 343 426 606 124 918 719 874 809 72 202 274 353 556 166 90 168 896 478 361 144 661 559 314 258 441 293 901 233 930 971 719 176 711 241 768 684 895 189 443 130 0 497 652 193 901 969 509 940 913 353 511 171 353 83 59 806 348 351 370 65 31 41 153 839 443 
688 95 973 280 18 639 52 412 464 393 210 598 268 106 585 752 291 44 477 183 315 612 719 938 410 518 763 473 428 135 568 295 713 734 49 168 646 825 525 502 122 638 342 238 701 84 272 739 639 57 234 407 691 305 985 476 153 101 103 287 607 695 87 238 88 688 562 840 654 546 445 942 657 316 361 485 0 480 318 860 480 666 67 688 813 716 462 696 300 8 107 865 114 678 478 412 807 964 272 884 
275 464 197 932 731 325 579 87 581 925 140 643 106 658 768 850 992 713 28 788 1009 481 156 488 174 424 293 81 534 109 153 994 31 688 713 798 788 69 891 441 957 741 731 243 325 501 897 154 240 833 627 6 172 205 239 794 507 545 537 99 966 308 208 635 742 986 594 524 744 154 645 879 778 883 740 655 495 0 712 539 234 288 232 16 904 849 799 530 559 545 382 649 918 679 801 455 707 80 465 388 
700 831 19 722 432 11 385 522 193 549 209 168 21 945 89 31 499 20 599 377 63 101 710 441 174 136 699 309 547 707 348 802 687 571 343 279 774 632 60 69 596 150 170 617 883 983 568 156 693 759 742 688 229 980 599 537 156 442 468 341 178 42 626 877 555 961 497 341 943 654 158 470 868 21 834 195 314 706 0 788 255 808 300 964 759 258 346 594 398 361 656 1011 300 45 767 535 668 107 342 355 
499 660 749 443 764 247 662 599 562 651 288 935 569 768 737 270 155 551 760 6 842 254 810 763 154 224 280 598 232 723 40 894 548 193 143 872 297 748 972 18 691 12 252 150 908 134 559 339 690 37 233 199 202 93 96 217 103 444 13 571 752 625 661 904 919 958 204 82 48 566 184 378 472 583 286 905 851 530 775 0 788 111 688 992 201 769 203 491 973 29 742 266 21 745 157 454 96 455 701 755 
277 287 492 577 829 944 1015 657 641 989 930 939 902 261 979 797 621 856 398 584 723 552 850 188 598 655 767 360 61 720 100 519 311 795 369 251 684 681 929 62 147 191 98 192 276 614 848 243 854 420 947 65 956 779 637 78 685 829 345 61 579 159 196 278 503 664 341 963 518 153 823 333 865 739 584 967 488 231 236 791 0 395 67 824 923 914 506 923 161 767 690 465 235 81 446 878 50 665 763 350 
468 80 21 541 906 320 940 486 56 248 943 818 272 673 329 594 22 29 372 623 543 295 960 433 160 217 784 149 414 228 1006 540 536 977 483 930 25 850 751 463 602 772 896 128 729 41 479 897 704 108 564 806 635 205 18 242 88 778 498 441 661 729 391 204 306 898 496 965 544 471 817 729 502 950 1008 497 660 278 814 118 414 0 729 877 450 538 119 286 568 764 704 84 190 350 473 920 177 918 619 692 
90 639 954 548 64 530 187 781 316 274 434 682 140 665 174 266 945 179 655 137 674 889 928 457 820 217 31 668 463 744 1004 689 684 314 508 636 695 974 357 993 403 630 200 705 58 975 387 105 201 710 962 192 995 626 729 853 290 66 360 827 238 360 205 924 83 456 170 143 197 696 109 587 77 189 448 941 68 219 302 687 68 718 0 829 1004 860 285 613 284 874 247 728 165 40 180 646 115 741 287 823 
758 737 200 935 44 418 723 466 92 160 142 522 937 142 525 59 311 471 58 301 329 918 381 814 131 438 592 270 834 47 212 799 369 287 560 368 522 15 609 792 560 987 903 877 883 676 120 326 338 870 911 575 668 943 893 8 541 380 377 680 414 868 733 112 599 280 359 317 803 916 789 984 407 1000 246 908 702 10 972 988 813 879 841 0 432 786 422 231 702 933 518 473 689 169 506 50 40 741 69 327 
849 770 499 876 765 500 303 551 679 102 696 518 489 373 224 310 190 494 16 131 983 591 465 671 308 1003 495 698 529 181 631 874 270 952 259 611 400 896 250 169 920 393 811 720 416 887 475 759 433 980 252 570 350 769 699 419 645 159 571 332 852 876 843 494 591 712 179 242 420 171 518 536 936 165 66 367 807 895 774 201 911 448 1007 418 0 852 650 207 487 619 640 609 119 389 526 507 902 557 308 131 
65 886 784 702 145 432 759 953 780 122 997 761 193 179 533 266 76 645 130 702 65 733 949 522 359 458 629 119 180 661 908 620 543 496 104 838 809 28 613 383 30 639 25 773 455 457 402 77 718 611 597 461 433 53 307 744 491 156 799 1013 144 597 552 706 64 711 235 110 873 766 54 817 855 505 423 509 708 853 262 753 900 539 852 781 852 0 857 806 1004 503 577 545 257 342 213 975 810 291 269 877 
323 885 61 82 57 326 787 829 903 906 459 877 839 67 567 895 141 301 914 976 752 254 496 364 743 507 271 489 237 104 384 779 258 869 243 372 391 820 518 26 803 316 390 341 206 960 906 556 125 608 889 422 315 473 564 851 546 207 947 767 361 830 324 435 206 636 476 566 478 142 788 633 381 977 246 163 459 804 342 207 493 123 276 420 652 838 0 497 402 324 371 28 534 808 989 772 654 752 440 498 
822 22 928 25 896 952 695 328 48 543 473 267 586 521 638 78 991 677 568 31 833 734 936 447 485 826 195 549 480 856 885 298 864 842 252 226 423 409 536 814 843 679 892 843 483 320 286 100 547 555 49 491 745 365 950 583 91 381 822 617 599 796 531 559 153 858 41 585 965 377 599 794 920 32 790 349 702 546 601 494 913 295 595 221 201 820 481 0 64 101 46 710 241 488 218 609 672 439 669 965 
845 171 893 279 489 421 34 410 695 543 917 135 740 659 876 261 522 78 214 189 242 662 547 190 922 595 169 226 250 67 321 826 275 61 705 322 923 630 666 877 499 774 391 260 86 644 943 469 32 782 596 824 903 131 467 647 459 281 940 485 518 749 634 166 955 345 290 460 649 467 965 232 975 102 862 82 294 565 401 964 163 566 282 693 485 1012 394 70 0 692 135 908 164 701 289 818 596 465 802 173 
286 997 445 432 854 148 236 960 847 178 779 208 88 842 278 877 657 58 184 13 884 439 671 62 463 10 717 819 501 290 568 194 519 986 129 562 779 251 844 813 471 501 136 988 121 4 933 563 855 668 41 969 463 643 142 48 368 391 459 648 92 128 883 683 446 668 985 295 444 717 992 416 922 630 979 75 15 541 354 26 771 757 855 936 636 513 336 85 706 0 785 999 500 344 581 491 614 966 713 843 
55 711 214 799 451 700 795 820 1004 536 872 1000 724 249 267 539 410 834 357 826 35 241 822 102 198 377 13 361 445 48 537 739 225 359 879 898 80 48 415 646 762 104 361 940 214 832 627 617 207 176 889 68 274 348 337 907 898 258 758 412 170 778 55 74 905 392 700 931 658 36 593 746 750 704 247 808 127 383 656 742 675 702 246 510 638 564 378 51 142 782 0 320 217 630 991 331 113 138 607 857 
824 626 926 289 700 914 1005 772 303 64 846 683 715 815 315 293 575 561 626 766 157 876 700 228 304 393 198 937 774 176 466 476 24 287 616 414 598 762 20 414 625 142 572 59 872 583 90 377 111 310 420 894 927 461 60 416 87 719 47 771 556 994 40 92 384 869 479 732 202 1001 813 601 98 1001 485 356 870 656 1005 257 466 78 734 474 605 546 39 706 896 1000 330 0 519 249 384 218 633 123 235 154 
84 302 70 570 474 138 664 143 725 68 39 192 419 900 44 394 115 546 666 914 867 366 351 28 797 373 217 144 712 789 922 17 232 312 776 225 33 355 134 441 805 191 822 871 810 618 266 614 84 220 252 723 201 177 45 256 599 102 256 33 582 445 145 636 544 955 78 871 862 370 122 517 107 587 630 357 114 904 311 14 247 192 168 690 116 264 534 235 170 513 210 515 0 712 933 752 438 715 435 693 
428 714 69 46 820 300 523 317 776 374 544 694 988 678 449 288 40 586 414 427 330 304 601 792 900 815 299 291 83 600 936 170 367 243 328 809 156 401 531 409 325 828 17 540 650 370 7 214 158 442 505 829 910 171 425 990 956 802 29 172 738 331 132 406 897 213 505 13 128 374 773 479 850 869 274 384 685 662 63 757 73 354 40 170 386 343 794 488 683 335 643 260 706 0 357 605 365 714 444 568 
657 922 13 870 486 726 320 338 784 85 279 332 806 97 967 983 748 370 783 833 644 855 990 106 619 187 726 367 526 717 978 933 785 237 304 992 901 19 844 546 661 921 470 450 859 451 980 249 690 68 915 764 778 473 676 95 659 998 271 375 490 416 824 771 638 666 144 777 934 449 306 968 61 126 619 62 477 789 763 159 429 469 182 499 543 210 992 205 291 573 988 380 933 355 0 974 357 509 438 857 
819 301 53 460 325 692 311 691 581 743 476 953 700 762 966 620 362 632 244 212 536 370 254 409 120 798 256 602 867 961 86 238 149 230 811 771 292 202 228 817 222 782 579 333 360 79 994 490 647 321 781 323 196 768 119 471 989 444 1010 416 728 261 336 289 997 665 278 523 906 871 620 993 606 320 783 19 409 441 543 453 891 921 645 50 507 971 778 610 801 489 331 217 748 610 972 0 974 747 296 701 
138 924 438 297 313 536 383 303 901 70 703 461 450 22 948 914 822 148 917 545 423 295 400 461 793 702 166 656 578 635 990 212 310 1000 592 604 830 654 71 36 80 932 580 312 176 977 37 346 387 581 31 942 432 510 977 97 192 838 739 911 839 551 795 826 776 426 446 773 841 387 497 287 884 920 136 39 810 714 671 93 40 181 114 27 908 815 659 662 601 604 113 649 447 372 377 961 0 373 467 692 
596 148 824 80 797 1002 902 577 120 248 570 807 235 641 119 359 388 499 227 898 687 21 453 953 647 305 815 820 261 301 752 207 637 283 323 91 238 44 1001 354 106 906 533 344 365 325 738 771 455 103 694 907 711 326 992 340 217 488 438 982 804 82 479 246 393 682 225 202 277 334 384 571 247 926 1000 142 957 85 120 447 674 919 753 743 573 293 734 438 466 960 148 127 707 702 510 745 369 0 729 514 
264 976 350 495 113 225 854 642 525 478 197 552 302 680 959 385 965 988 499 114 647 114 538 741 513 796 838 316 387 232 219 185 86 717 688 657 467 678 35 963 216 597 548 962 538 948 714 162 561 200 770 130 360 71 744 981 641 493 903 613 327 559 853 841 895 988 252 1005 86 916 818 863 983 380 263 843 276 456 348 707 754 618 282 78 318 278 424 682 804 710 610 234 428 443 430 283 469 735 0 210 
232 16 985 787 796 164 93 907 515 968 326 370 443 568 123 137 166 571 754 13 255 36 960 445 424 606 463 727 786 340 533 579 395 103 218 163 606 134 994 655 168 24 724 283 900 857 164 920 212 671 22 80 661 239 802 658 328 280 454 654 438 379 467 717 173 80 711 881 670 455 782 79 548 952 326 431 887 391 365 760 357 684 826 330 142 879 502 965 182 849 865 158 692 578 873 683 690 525 211 0 

Depot information
1
1
1
1
1

Customer information
1
1
1
1
1
1
1
1
1
1
1
1
1
1
1
1
1
1
1
1
1
1
1
1
1
1
1
1
1
1
1
1
1
1
1
1
1
1
1
1
1
1
1
1
1
1
1
1
1
1
1
1
1
1
1
1
1
1
1
1
1
1
1
1
1
1
1
1
1
1
1
1
1
1
1
1
1
1
1
1
1
1
1
1
1
1
1
1
1
1
1
1
1
1
1
