Seed 123 - Instance: n95m10_0
n 95
m 10
Q 9999
L 3
U 21

0 97 373 382 160 264 405 739 983 920 989 361 938 408 686 661 375 391 794 855 619 934 826 214 831 636 392 27 73 286 435 358 86 1010 747 308 628 280 465 625 139 990 510 662 45 194 593 1000 700 372 984 341 671 46 588 361 967 134 258 185 313 544 433 358 686 760 112 443 266 519 44 731 647 512 985 371 428 445 223 703 659 743 269 752 166 950 994 724 540 77 198 352 945 385 982 474 476 890 116 929 84 768 467 514 438 
112 0 288 901 950 641 645 233 547 854 654 376 443 115 727 750 665 310 102 982 37 239 321 66 318 191 164 763 986 88 612 182 141 537 191 908 271 244 358 564 208 967 803 15 710 951 219 748 87 459 508 652 393 658 269 773 302 905 44 259 16 551 982 338 560 46 326 1006 687 225 969 219 293 400 722 679 897 242 261 34 1002 827 949 407 907 276 484 220 93 413 441 664 1000 1001 269 829 572 177 29 732 898 187 132 881 502 
369 286 0 723 317 157 973 518 639 429 844 130 568 103 1002 662 365 226 606 270 588 784 245 866 846 677 550 835 974 69 819 530 347 640 955 807 444 492 222 323 247 266 483 691 223 452 724 792 536 470 142 987 209 674 726 330 870 704 780 578 94 312 769 127 158 843 14 871 579 426 216 895 813 841 259 69 961 664 69 441 55 835 799 81 915 400 676 580 898 580 57 937 16 254 532 349 927 750 313 504 494 766 22 643 502 
370 893 724 0 964 82 230 151 425 59 908 304 756 262 718 506 639 146 702 992 739 469 829 604 456 799 394 728 329 814 52 61 905 644 182 871 535 391 25 928 261 993 777 48 241 937 13 864 82 906 755 596 702 22 763 708 491 567 504 513 940 604 919 477 936 900 681 576 885 765 1003 261 160 193 297 813 492 346 739 742 181 595 931 638 172 103 987 760 515 64 197 821 44 385 997 536 798 333 795 990 612 717 316 686 546 
156 949 328 945 0 954 87 303 816 545 426 957 897 361 685 930 1005 790 706 510 119 414 236 914 944 429 187 452 424 34 983 977 983 142 231 678 997 283 375 933 898 318 418 465 452 158 589 838 873 86 96 864 991 910 533 821 117 456 534 602 710 253 672 405 810 231 326 622 222 426 928 266 455 947 953 444 28 24 423 856 680 263 631 595 230 756 695 44 442 437 133 325 74 462 538 390 750 266 895 569 841 625 878 88 314 
265 638 145 77 961 0 144 132 530 906 78 497 546 334 905 715 331 300 574 481 908 764 776 504 880 11 474 835 133 653 892 539 605 690 882 482 522 827 526 896 303 32 1009 166 365 882 929 651 186 577 961 661 693 553 526 920 777 928 336 885 424 226 480 566 219 248 480 828 834 974 114 652 259 466 869 822 874 139 248 489 502 637 892 661 461 525 78 248 228 978 621 504 490 772 37 739 904 529 1001 306 589 944 789 59 584 
412 641 968 225 90 129 0 984 751 22 952 174 789 970 651 27 703 64 61 414 494 625 861 355 225 429 227 247 947 207 936 81 640 845 271 309 777 80 715 52 605 662 47 480 438 646 779 995 467 469 1014 976 134 146 997 364 857 868 803 534 280 591 1007 812 978 877 75 573 887 907 950 349 562 684 267 665 219 374 290 217 222 564 745 550 808 325 728 286 324 896 547 270 954 764 983 391 188 60 634 56 7 942 121 778 741 
725 224 520 145 301 126 978 0 529 402 608 213 605 882 302 389 817 331 207 848 753 558 727 226 753 607 679 92 172 444 246 123 928 97 188 197 782 80 172 259 465 469 302 974 831 926 882 769 360 610 110 160 495 732 770 938 237 911 682 34 712 282 844 486 728 761 233 683 44 247 951 163 293 406 223 103 349 852 837 544 887 186 616 26 263 280 250 706 913 338 529 436 969 716 590 165 61 490 709 203 844 93 782 401 390 
972 553 654 434 824 528 762 531 0 413 350 197 971 234 614 416 787 233 482 959 702 399 315 525 585 988 554 1002 327 52 569 783 640 438 770 520 328 403 512 121 669 942 45 868 942 261 196 897 36 211 655 146 853 961 45 886 67 200 482 976 820 491 322 558 935 641 885 720 423 435 483 91 236 945 841 666 129 69 41 148 295 366 308 589 321 823 729 706 994 384 918 786 948 731 225 492 808 556 741 675 674 233 1005 68 841 
909 848 435 68 547 898 12 391 406 0 250 606 417 262 517 489 966 264 501 338 259 43 609 379 926 880 735 901 25 173 663 518 826 959 629 711 260 228 533 238 414 838 448 429 636 301 465 997 878 673 410 418 177 339 448 957 262 603 214 876 220 724 688 726 308 749 911 375 268 163 345 580 190 643 66 778 972 62 930 649 41 652 672 981 884 244 804 386 439 812 235 600 85 845 780 304 1005 156 297 235 12 470 512 855 41 
980 646 852 913 434 96 956 609 342 254 0 381 748 903 697 141 897 82 53 49 424 657 738 293 629 59 507 919 714 527 338 818 901 944 314 504 754 881 541 418 372 792 913 114 240 869 996 894 351 265 147 858 782 376 635 745 299 531 603 79 158 208 260 114 468 840 504 777 948 896 52 993 744 865 937 76 774 741 475 487 396 925 666 221 277 710 319 577 708 15 391 814 641 421 460 30 367 317 231 659 816 172 720 191 813 
377 373 131 312 968 500 166 213 199 611 389 0 67 834 995 371 488 530 662 949 163 617 154 662 164 608 509 180 792 728 244 672 326 534 99 430 321 312 854 575 904 351 129 357 438 900 140 592 586 894 311 421 140 342 748 485 97 124 822 181 291 271 891 75 509 855 644 775 552 650 90 836 318 984 669 164 48 665 106 230 862 941 57 108 360 742 1003 581 868 124 948 23 990 239 633 314 138 433 566 815 938 874 275 609 704 
951 428 551 740 890 539 793 603 960 425 755 68 0 954 201 132 858 671 306 494 663 108 358 944 48 652 388 608 782 176 954 621 435 74 280 618 290 763 801 391 696 513 681 129 109 993 991 274 841 967 32 578 608 435 43 910 109 923 221 242 463 503 896 780 581 211 917 330 557 79 179 67 120 653 369 150 650 128 113 487 973 590 325 401 778 889 601 329 90 392 394 917 820 1008 965 451 400 165 950 537 134 717 555 953 168 
397 116 92 262 353 334 983 879 239 250 909 839 953 0 469 402 25 190 144 912 310 624 725 303 153 302 811 561 89 284 177 229 236 248 416 866 150 1007 29 765 335 744 540 595 471 85 349 660 280 293 424 891 747 282 379 840 33 297 371 793 258 445 305 244 320 26 410 227 198 752 8 206 380 362 761 116 570 45 565 940 926 315 800 944 699 291 355 747 936 685 692 902 7 186 172 520 705 699 640 45 176 614 644 729 530 
686 727 999 709 689 902 644 297 629 521 688 999 197 457 0 672 685 605 1000 597 191 972 401 370 125 154 852 183 250 22 981 353 26 997 615 439 480 202 705 747 853 859 275 368 144 872 622 674 855 265 261 926 799 269 173 882 107 191 157 517 57 693 264 19 72 251 500 984 629 567 654 752 781 177 811 796 250 492 50 574 98 213 431 611 241 871 69 900 364 189 618 877 995 636 984 199 340 574 59 419 208 629 632 145 396 
665 748 670 495 926 719 23 406 428 486 156 371 130 403 677 0 769 474 117 635 504 859 851 200 503 729 936 216 163 239 124 342 474 867 982 463 216 500 832 433 120 297 355 924 480 515 313 374 507 931 698 196 770 681 297 205 281 445 584 924 756 977 888 167 395 708 352 791 722 235 636 283 785 497 440 962 949 117 607 482 874 163 469 757 236 340 722 824 412 335 173 857 695 158 30 172 360 420 371 949 239 261 915 511 675 
367 667 364 643 1007 341 709 821 798 947 893 486 857 24 692 752 0 957 176 402 121 943 604 435 83 622 783 321 819 481 510 84 387 709 302 847 462 256 276 534 967 594 967 721 385 119 727 75 870 277 641 257 512 70 619 58 339 727 852 490 58 365 533 465 734 376 402 397 1006 383 598 52 31 113 252 963 176 818 372 6 870 350 499 778 196 84 329 450 59 561 430 445 780 575 213 482 665 962 994 181 243 377 680 892 491 
378 314 232 162 796 298 53 321 225 258 72 528 665 203 602 457 960 0 157 444 963 751 965 806 388 149 380 583 477 526 924 789 71 691 961 412 670 243 986 779 206 736 426 174 326 135 682 704 482 338 174 254 638 89 269 527 31 286 909 355 296 491 217 164 881 223 740 213 703 524 325 921 635 913 553 340 985 683 715 37 349 585 924 597 51 826 962 378 918 1007 558 158 309 902 537 569 162 742 761 576 219 45 588 254 608 
786 86 605 693 698 587 51 199 488 485 56 647 299 153 990 117 176 160 0 652 981 85 337 28 338 255 417 395 828 325 176 657 418 710 432 182 65 37 924 289 898 963 486 827 382 697 77 33 827 404 370 1000 265 172 779 37 870 782 545 430 860 499 630 997 726 130 636 215 16 144 316 856 957 258 592 911 911 62 107 564 368 624 374 681 110 681 115 923 570 163 531 442 348 403 186 524 53 473 739 416 456 902 963 338 847 
851 986 283 981 499 472 414 856 964 332 44 939 500 901 608 644 398 436 657 0 280 534 1005 373 319 43 709 141 483 570 85 436 778 886 351 666 237 774 337 177 56 3 184 594 773 218 260 901 955 523 803 801 784 32 868 727 819 208 653 298 868 332 673 349 414 459 358 863 189 944 67 183 873 493 962 821 368 707 853 346 729 282 113 889 1008 419 991 408 259 520 65 521 137 686 531 317 302 135 433 451 739 655 245 491 412 
613 49 585 734 125 900 499 758 688 261 419 149 671 312 196 486 109 968 977 299 0 112 877 794 565 88 976 181 701 547 484 179 965 438 384 602 877 481 268 875 184 286 953 153 534 179 797 982 471 733 116 600 850 196 988 972 212 399 988 706 414 795 74 668 692 164 243 129 162 912 826 695 440 928 969 278 929 703 608 248 951 515 148 110 94 334 300 251 353 494 261 330 48 202 167 104 46 996 61 349 875 912 796 930 566 
932 242 786 472 413 766 637 564 399 38 654 623 101 631 971 864 938 735 77 530 99 0 889 593 780 611 615 496 398 250 990 246 531 382 526 224 1001 448 864 532 996 311 867 716 767 906 723 691 744 266 284 638 344 872 620 778 379 824 310 227 632 457 688 897 644 310 126 946 439 778 913 348 605 822 399 710 378 305 880 51 22 40 417 899 202 332 280 35 166 718 972 795 925 419 1011 305 630 929 367 129 324 833 140 705 151 
829 313 236 829 244 770 846 718 300 590 742 152 360 725 407 839 613 964 341 993 873 888 0 806 816 980 774 942 608 261 19 422 389 170 813 76 419 488 593 882 790 569 115 172 833 422 361 983 365 455 59 955 335 667 99 197 227 456 677 222 876 339 311 251 866 988 678 707 822 481 574 23 890 88 712 691 428 574 287 286 594 540 501 155 601 180 771 177 42 190 742 344 864 690 233 288 274 464 714 974 349 255 112 565 336 
206 60 866 619 919 517 358 219 534 387 291 653 948 315 364 212 431 813 34 370 787 598 798 0 152 500 24 473 224 183 75 691 558 118 796 485 831 1000 245 469 330 952 670 251 856 465 326 240 496 834 989 552 376 166 405 694 5 533 375 718 273 633 568 786 704 385 727 967 493 79 789 38 106 313 933 137 918 750 51 860 761 262 310 669 518 408 909 429 730 895 74 891 238 461 201 843 367 319 838 840 503 354 190 728 950 
838 317 839 461 930 884 237 751 576 920 629 171 48 143 107 509 83 374 338 309 573 783 831 156 0 401 813 164 667 821 791 108 758 64 151 978 204 488 466 511 718 257 1000 540 390 887 739 71 479 930 499 185 182 291 13 217 946 599 653 414 150 226 299 834 236 438 145 616 181 398 569 118 718 454 223 869 590 815 105 638 113 590 768 831 45 929 470 923 57 448 745 177 644 396 24 158 82 227 592 829 443 46 835 225 70 
641 195 677 812 418 28 432 597 984 871 46 623 661 283 154 738 604 163 253 38 82 617 982 481 403 0 850 688 62 122 957 123 844 245 352 305 890 56 559 681 1002 515 368 442 318 512 870 607 631 717 920 940 515 51 527 359 732 761 543 215 130 134 736 411 22 325 61 296 250 597 884 460 378 779 678 987 544 452 742 973 661 907 476 40 258 303 360 272 968 325 295 339 393 818 436 303 599 63 115 152 149 384 978 599 464 
398 162 537 396 194 479 210 680 538 727 504 505 382 809 862 927 765 370 405 704 988 628 766 13 824 851 0 871 657 112 486 91 1009 925 262 332 62 282 931 237 714 843 946 887 569 338 486 540 234 710 91 310 348 981 372 744 435 633 784 55 647 826 945 222 45 820 374 244 452 338 212 52 316 35 537 625 771 809 13 730 380 338 115 322 812 770 660 683 699 838 262 816 331 445 141 949 438 516 413 793 592 512 758 740 8 
13 753 821 738 459 847 259 102 988 907 928 172 608 566 193 215 318 591 397 153 182 506 929 481 173 687 864 0 846 868 956 510 231 155 713 126 127 725 160 63 613 307 859 647 408 261 446 136 731 86 259 488 175 750 675 993 935 1017 368 339 605 465 894 853 869 993 236 192 281 155 698 256 963 562 524 788 739 315 996 584 152 407 51 418 70 771 579 72 226 920 893 140 502 294 684 250 823 626 451 334 714 62 352 747 102 
76 967 979 344 430 133 964 162 341 30 720 794 781 91 237 173 817 472 823 483 696 394 605 224 654 59 645 853 0 883 813 926 876 65 527 860 870 585 837 647 633 119 710 77 789 493 799 293 455 582 852 665 445 299 696 698 413 68 933 804 295 622 464 779 934 650 996 553 632 811 849 535 956 196 745 153 657 954 648 744 86 547 649 621 421 377 747 660 394 986 942 303 820 865 179 544 719 768 18 186 792 746 681 20 1018 
295 89 60 798 32 650 204 450 41 160 514 729 175 295 40 230 470 511 315 576 534 260 261 187 819 122 109 868 899 0 487 269 696 812 808 725 310 163 227 461 187 987 101 498 952 102 641 597 496 755 229 405 82 272 456 587 313 538 749 324 819 918 329 253 297 858 454 203 958 588 19 997 521 825 722 990 334 44 575 365 820 769 147 245 930 94 999 424 213 898 859 67 504 984 657 60 686 206 392 253 970 850 420 439 600 
427 610 824 46 985 897 938 257 558 669 350 246 956 173 993 129 492 925 172 90 492 995 16 78 802 939 475 945 815 483 0 591 1001 247 80 601 404 456 918 155 182 590 354 718 542 831 819 244 552 148 424 846 984 349 101 549 727 948 755 313 812 982 625 731 527 806 804 322 308 39 446 508 644 361 375 705 759 106 470 645 716 326 299 229 294 637 102 906 868 809 102 963 1000 591 914 80 799 132 929 191 267 714 848 671 756 
361 172 528 47 957 550 69 130 771 521 821 655 615 245 356 333 75 790 665 432 184 232 412 687 104 133 98 503 913 268 594 0 414 445 88 985 745 320 663 97 102 202 699 590 105 889 44 673 484 583 18 779 815 261 420 408 224 129 105 974 1004 702 273 118 937 331 418 177 326 949 382 250 231 649 719 159 600 150 259 594 698 390 869 848 30 253 658 684 646 876 851 481 951 305 912 196 212 137 706 665 750 640 451 369 85 
96 137 344 900 982 618 638 923 639 841 904 333 421 241 32 478 399 61 416 781 968 535 403 554 777 841 1000 228 870 714 1002 423 0 930 942 150 648 629 912 187 370 28 333 492 1002 727 841 708 523 474 353 323 513 831 259 632 1013 734 232 106 405 273 151 78 961 328 288 933 142 128 950 83 868 158 123 495 344 205 142 897 523 509 360 986 86 686 480 554 526 954 241 945 827 624 516 438 702 278 36 710 975 208 961 132 433 
997 534 659 646 132 676 845 88 441 956 940 549 74 232 1006 878 711 699 714 893 432 372 177 108 50 247 927 163 75 814 251 454 926 0 751 108 201 929 467 253 534 853 423 562 93 868 851 206 305 721 411 552 282 260 596 678 724 663 355 600 397 876 959 522 123 240 280 49 518 290 600 368 189 739 838 479 758 604 36 63 431 368 409 383 360 852 901 199 213 39 135 230 479 698 300 712 933 430 339 293 628 108 348 544 717 
759 186 963 180 233 891 268 190 780 631 304 87 296 416 621 986 301 964 429 345 384 524 822 786 149 352 255 720 516 805 70 93 933 747 0 920 794 228 447 575 841 374 834 85 1008 1001 704 840 817 506 958 46 449 672 383 517 1000 264 657 131 581 617 150 26 802 185 611 376 389 177 2 800 240 847 201 607 176 995 469 228 106 514 655 724 102 623 13 195 785 841 356 124 531 97 219 534 762 136 237 740 402 530 815 509 262 
303 906 807 858 673 465 293 188 511 708 511 425 614 856 423 464 854 417 185 656 602 215 83 482 981 304 330 137 859 721 594 994 157 103 914 0 636 875 482 310 170 937 938 69 510 817 103 187 202 126 364 304 841 181 624 860 834 503 915 571 351 377 303 552 126 197 59 563 332 927 61 231 698 40 323 181 202 381 761 144 29 804 891 939 262 482 969 881 301 265 60 619 866 862 783 165 286 568 399 254 954 438 415 169 521 
630 268 448 534 999 518 759 791 324 252 755 335 292 153 491 217 466 670 57 250 890 994 429 832 197 888 56 139 874 299 399 739 641 206 790 639 0 558 161 676 876 975 643 257 987 790 1012 156 149 591 956 103 728 214 991 627 408 259 490 790 858 426 962 231 683 28 232 517 1000 274 336 805 889 992 307 342 781 707 526 987 624 763 483 496 624 606 59 682 877 271 372 855 459 987 728 672 726 568 245 523 855 810 279 423 292 
272 242 479 380 290 825 79 90 411 228 883 316 772 1003 208 496 262 238 36 789 478 454 484 1008 490 54 296 727 597 149 445 320 623 936 226 891 563 0 121 37 278 552 71 975 67 64 790 578 481 881 752 202 36 552 267 85 791 213 282 483 942 930 138 939 111 321 227 739 632 449 399 273 793 359 702 36 334 613 668 972 115 506 662 115 484 226 374 290 733 242 999 839 839 728 665 362 673 591 979 970 52 516 248 453 465 
458 352 229 29 383 534 712 185 516 531 534 854 794 31 706 815 267 1002 915 343 269 856 578 254 454 565 928 162 823 234 931 659 914 452 441 487 159 121 0 775 578 702 197 20 743 192 538 132 675 437 362 334 892 217 423 933 407 666 171 105 365 449 431 432 782 421 769 148 515 619 803 10 696 495 999 819 599 663 785 64 543 194 360 985 239 1005 547 254 902 307 16 705 166 247 349 959 782 116 517 332 376 249 316 151 314 
620 574 318 936 926 904 70 278 122 239 422 572 408 768 751 447 527 792 292 177 877 527 886 468 516 696 233 58 641 459 148 86 189 237 585 308 675 19 780 0 29 194 412 378 955 670 810 279 610 207 729 195 920 338 572 744 712 647 625 365 314 509 50 621 921 572 582 319 819 247 853 251 741 899 235 675 1013 824 788 982 161 975 936 528 156 678 700 773 987 228 460 928 144 102 795 984 442 421 353 618 148 241 38 345 142 
141 215 247 267 898 303 592 471 676 401 380 899 691 324 852 108 951 205 893 51 196 986 793 336 718 1014 716 611 635 187 179 108 353 533 836 165 876 287 573 23 0 47 632 14 35 126 957 339 372 620 452 138 264 555 167 264 328 78 630 1001 123 240 593 842 605 289 529 338 366 778 109 522 368 892 825 184 790 341 446 181 660 876 945 262 268 111 418 50 710 323 505 697 521 920 153 905 236 598 222 393 946 722 968 335 175 
987 974 247 979 320 33 649 457 932 846 784 356 513 738 862 286 596 730 950 7 288 309 579 951 254 510 842 312 125 998 580 204 23 866 357 943 971 543 711 195 33 0 101 815 477 947 722 873 683 343 151 206 728 587 193 93 861 157 648 959 256 192 356 692 357 749 457 641 615 226 671 278 706 54 599 647 367 136 171 831 334 63 47 385 442 640 240 512 62 507 650 527 695 388 491 966 508 368 584 473 725 339 965 643 122 
509 796 483 785 412 993 59 290 31 440 916 137 686 534 292 351 974 431 487 195 962 883 114 666 1011 354 945 856 719 103 353 705 330 439 833 941 661 79 184 429 626 94 0 912 94 902 177 89 185 233 784 785 138 302 222 1000 1009 319 175 183 931 943 40 871 53 827 96 993 855 635 828 215 326 957 275 138 692 942 415 415 740 607 363 245 308 986 944 880 436 247 679 918 753 500 644 489 99 221 876 602 401 126 423 765 547 
669 29 685 55 478 167 478 963 872 432 117 362 128 602 384 922 723 170 813 587 160 728 187 243 551 436 897 648 82 500 720 598 494 552 86 56 258 970 22 389 4 824 911 0 695 927 86 209 621 560 953 891 831 559 640 798 17 998 804 880 155 838 600 511 222 504 802 330 373 88 481 992 858 383 662 936 726 903 49 913 245 58 546 168 626 752 655 213 758 877 318 169 967 411 545 369 360 899 715 311 793 876 386 11 152 
39 716 215 233 444 359 438 838 953 633 238 451 117 471 149 473 398 335 375 767 516 773 818 852 398 317 571 409 779 965 547 119 993 101 1004 497 993 73 750 942 37 485 82 703 0 547 283 769 827 188 183 960 403 689 382 524 423 45 242 73 990 268 830 479 147 600 754 213 881 459 13 490 460 899 505 855 209 743 691 463 861 1003 35 179 229 84 585 901 936 171 649 8 390 529 588 15 777 178 278 331 627 544 350 729 935 
187 949 458 936 144 877 648 930 270 307 880 904 996 73 867 507 127 140 704 220 188 911 441 451 897 514 333 274 499 105 824 869 727 872 1001 811 792 60 205 651 143 947 903 929 543 0 971 164 783 945 558 405 209 509 867 266 966 175 398 655 678 464 77 36 781 173 748 178 735 514 20 430 606 50 441 779 118 176 652 348 887 849 112 753 350 203 469 597 614 619 954 358 506 1007 482 144 917 949 763 274 214 222 134 452 895 
586 228 723 18 596 924 777 890 195 459 1000 141 988 345 631 328 733 680 70 262 806 719 342 330 739 888 484 437 806 639 824 45 831 858 691 103 993 785 538 812 959 739 190 83 263 963 0 415 860 334 840 766 433 573 682 368 25 37 949 966 349 435 856 790 759 971 705 793 260 369 731 940 671 673 209 186 930 718 760 309 94 621 71 953 862 250 357 187 249 764 712 739 761 492 775 86 951 845 110 222 367 242 231 890 110 
997 748 797 862 846 633 992 756 888 994 906 599 271 650 680 371 80 708 30 895 978 682 999 227 78 613 542 141 280 595 261 678 694 213 828 188 163 579 144 267 322 868 93 210 765 163 422 0 720 514 226 972 671 492 876 964 518 51 130 510 948 46 232 409 617 150 579 949 288 114 880 205 373 406 956 280 242 438 76 920 964 205 730 495 458 318 907 825 527 90 820 143 897 541 91 262 829 716 465 201 200 401 409 659 72 
702 106 540 85 878 193 458 367 36 882 347 590 845 269 859 518 872 484 821 956 464 739 354 487 469 648 250 736 445 495 548 498 523 307 830 220 166 477 690 615 369 684 197 618 829 777 859 706 0 678 514 683 666 100 232 935 348 716 145 657 102 101 783 343 443 60 327 564 471 121 841 505 512 592 278 685 222 644 302 53 622 665 423 168 37 423 741 588 468 739 70 70 985 411 823 222 450 27 153 816 747 219 738 81 237 
372 451 470 906 91 576 472 606 213 677 269 899 979 288 261 923 284 331 400 528 728 257 466 837 933 725 704 82 585 740 149 582 474 712 502 123 579 881 434 201 630 355 224 556 189 950 333 529 678 0 76 717 295 288 962 87 744 779 207 115 574 82 722 735 901 377 603 974 643 808 733 463 204 121 698 241 885 482 457 531 545 46 570 38 18 559 207 699 843 327 24 224 877 621 931 476 412 114 297 905 1013 66 730 529 220 
994 502 140 754 97 954 1014 116 651 404 144 303 36 405 267 692 623 184 364 796 103 302 51 972 495 904 96 253 855 216 419 21 356 410 975 378 963 751 361 731 466 147 773 942 167 554 839 243 510 76 0 18 225 132 898 392 86 618 676 636 916 407 800 592 150 49 368 948 489 833 266 613 244 206 921 483 284 834 877 18 360 598 857 144 726 585 466 110 766 861 151 732 49 782 572 194 54 728 343 269 154 738 415 480 565 
329 641 983 595 871 652 978 165 136 411 853 425 564 884 922 205 260 263 999 799 588 636 951 548 179 943 317 484 671 407 865 789 332 551 49 295 98 207 334 187 133 193 789 896 969 406 764 971 698 703 21 0 574 653 963 768 564 102 803 591 334 377 80 464 979 115 583 271 661 542 946 381 537 535 304 175 7 417 475 521 16 297 952 715 898 165 51 712 321 328 258 301 390 37 239 368 977 688 48 479 563 852 868 563 138 
670 403 224 693 985 694 124 496 845 168 785 143 624 740 794 758 501 621 278 773 848 336 335 389 187 516 335 183 443 95 972 801 522 288 451 846 742 28 908 904 271 712 138 826 408 200 429 668 663 296 239 569 0 858 278 268 408 229 616 172 815 261 101 844 798 532 575 912 363 177 212 353 714 862 591 529 236 239 947 833 320 127 683 823 830 375 995 871 872 365 426 413 720 251 558 51 25 696 440 338 298 921 61 209 553 
44 673 687 38 907 557 145 744 948 331 376 341 447 287 281 667 87 80 184 24 195 885 681 166 278 44 989 735 294 281 341 250 827 267 678 190 222 565 206 329 553 571 305 559 673 524 575 476 116 270 138 647 861 0 354 440 156 494 593 505 83 755 483 88 1000 584 326 44 457 746 430 486 720 970 644 32 620 39 459 383 436 489 974 957 200 615 391 168 502 825 214 517 452 206 906 411 59 810 639 768 827 899 108 829 556 
583 279 735 752 535 526 999 767 50 435 628 767 49 397 167 305 625 268 763 859 994 619 105 386 21 519 387 676 701 454 102 418 258 590 390 641 992 273 414 583 164 190 231 635 378 853 684 878 241 975 879 969 280 358 0 317 997 495 824 749 512 573 634 436 151 818 368 433 122 482 672 789 33 966 656 241 451 438 977 457 218 940 954 320 628 884 713 797 858 803 544 625 294 330 160 444 847 100 765 37 421 489 692 524 925 
373 774 322 712 828 926 363 939 883 944 729 483 901 834 873 203 73 510 37 715 974 773 201 694 227 357 735 987 711 590 549 426 635 681 535 847 619 100 933 744 275 91 1005 805 509 273 365 970 946 77 376 749 263 435 312 0 627 51 810 637 809 436 1018 888 848 425 773 338 629 581 166 486 950 202 630 693 591 706 13 355 644 568 582 692 350 319 613 439 140 955 437 872 740 90 658 271 602 393 803 106 235 206 321 69 308 
960 317 885 484 115 787 850 232 55 262 286 92 113 40 98 284 337 50 867 808 209 378 224 19 959 735 436 931 413 322 733 224 1004 715 1012 832 404 784 418 696 323 863 1005 12 435 955 18 508 353 750 88 572 416 174 991 626 0 765 977 21 723 307 992 337 538 976 517 298 697 678 420 690 437 580 157 1006 374 124 912 101 330 249 888 820 928 817 670 773 564 255 988 753 921 579 683 598 466 835 238 707 969 655 522 605 949 
145 911 704 570 453 926 864 919 195 601 539 122 932 281 176 441 743 288 764 201 407 806 447 523 610 747 630 1007 71 522 946 119 732 665 252 507 270 204 657 658 78 157 315 996 32 166 53 47 713 777 600 108 244 507 508 66 760 0 469 780 380 401 513 133 192 108 529 381 184 442 114 718 575 750 116 391 195 435 884 485 439 882 701 751 625 258 441 472 528 438 142 351 1015 214 634 724 404 795 885 225 672 345 536 733 999 
261 59 773 511 531 332 798 676 484 224 604 823 228 372 157 573 854 919 556 646 991 300 688 372 666 535 802 377 938 754 768 108 228 354 643 897 499 280 174 615 633 653 169 804 239 396 960 119 147 205 686 806 620 598 828 815 991 475 0 964 153 545 165 761 142 994 134 130 977 490 898 469 132 467 829 762 706 29 883 327 311 765 794 464 880 635 933 901 73 936 146 175 739 688 959 862 886 183 674 518 357 135 354 988 782 
196 253 584 526 605 882 536 39 981 889 82 185 230 785 524 933 485 366 423 297 704 223 216 721 402 205 49 357 812 337 312 978 97 591 121 578 805 474 94 361 1015 953 188 863 82 650 970 512 663 117 646 589 180 499 748 640 9 778 964 0 327 314 320 802 417 567 431 233 519 20 66 693 201 917 290 764 308 216 677 912 24 202 478 758 725 19 639 798 614 79 339 424 650 360 216 888 466 470 166 615 110 497 30 407 819 
318 23 90 939 724 430 266 724 826 223 144 285 452 255 73 754 67 287 861 868 399 637 874 264 150 113 649 607 288 816 808 1001 403 405 583 349 863 941 353 307 125 252 924 147 1007 672 342 952 103 566 923 330 831 93 512 811 731 368 155 330 0 267 551 991 716 907 787 550 260 545 98 433 332 742 588 787 301 143 419 286 503 218 497 369 463 17 793 389 145 803 194 705 577 711 404 406 85 151 666 556 1009 235 117 872 978 
536 536 306 596 249 213 590 264 488 735 206 268 509 448 700 982 346 502 501 321 793 474 342 645 229 128 817 463 615 911 981 697 269 872 610 366 421 926 449 513 239 192 934 841 280 462 423 49 121 85 423 375 246 744 567 421 296 408 565 320 271 0 373 315 412 651 661 208 726 957 184 850 666 688 991 259 425 613 910 291 887 416 144 730 684 474 108 380 997 722 347 193 67 402 17 799 935 344 48 395 465 462 875 100 258 
430 976 773 930 676 474 1003 833 322 691 259 886 897 302 258 896 528 210 627 670 77 694 298 552 314 737 953 911 461 321 630 264 142 960 168 318 958 143 440 62 604 368 41 610 836 93 862 225 783 724 801 89 107 486 634 1010 994 507 164 333 550 380 0 404 639 7 803 608 383 889 276 99 910 106 252 324 636 40 976 637 135 46 445 614 435 760 230 721 917 173 867 402 384 384 651 585 919 311 754 128 503 842 538 279 295 
355 343 128 484 403 558 812 482 544 737 114 88 774 238 28 184 465 154 1000 342 671 906 240 791 839 407 224 841 783 255 739 109 59 514 33 549 234 944 423 613 843 694 870 501 475 33 790 426 342 742 602 458 844 83 436 899 337 137 771 803 986 314 405 0 714 952 966 340 554 925 26 685 841 833 766 655 955 841 449 49 906 356 395 904 256 280 440 111 505 463 396 604 340 554 145 911 605 440 119 876 89 339 629 587 326 
682 548 142 935 809 212 973 727 946 314 473 511 577 331 71 392 741 881 721 418 701 631 868 707 224 20 37 857 929 304 538 934 958 125 792 118 688 98 766 915 605 347 51 207 156 781 752 613 445 904 149 984 785 997 150 859 547 192 153 416 725 401 629 701 0 964 671 546 539 635 957 426 386 996 191 222 880 739 527 733 572 273 82 359 234 994 35 680 654 613 112 717 18 150 310 99 519 611 347 587 304 365 907 459 97 
754 54 845 914 220 246 884 758 650 753 839 860 213 31 264 706 378 210 136 470 174 295 998 390 444 307 817 990 649 844 800 333 328 254 188 190 18 327 433 563 282 747 818 498 608 186 960 138 71 387 32 112 548 591 831 416 956 117 987 575 905 670 15 952 952 0 27 250 1001 329 263 656 711 195 777 613 689 251 722 803 112 686 217 789 196 792 25 655 954 873 439 284 688 532 91 598 742 526 162 343 412 626 402 323 296 
111 318 18 677 336 464 76 216 890 895 502 638 914 403 491 361 405 749 653 358 239 134 669 742 144 56 374 244 997 450 802 427 302 281 607 66 225 242 764 566 521 452 101 784 768 742 723 584 315 605 382 584 589 337 378 783 500 536 129 442 770 661 806 979 657 24 0 150 963 397 638 534 815 675 775 762 378 765 438 337 783 127 466 252 185 556 563 672 799 240 65 737 418 971 267 948 114 528 374 401 673 897 18 304 43 
439 1005 888 571 618 811 572 689 720 375 782 779 329 220 989 796 412 229 200 877 140 945 715 966 622 297 234 177 549 197 330 181 926 56 371 551 504 729 146 316 338 633 977 334 208 184 797 936 556 971 941 265 928 58 436 340 305 363 120 235 541 197 618 340 541 251 139 0 948 334 423 251 143 213 673 886 513 797 839 431 944 286 289 115 897 592 656 748 39 529 570 131 89 313 732 89 436 789 122 95 252 319 386 805 293 
262 703 569 886 224 839 880 55 409 272 941 553 565 195 620 708 993 720 33 184 155 439 828 478 188 242 445 263 642 965 295 330 160 507 408 334 1000 642 511 820 354 630 849 387 889 735 276 278 471 660 492 670 351 464 139 630 711 191 970 516 259 721 375 564 545 1009 957 939 0 872 750 611 771 20 551 465 88 980 135 793 411 517 857 36 200 539 741 838 322 115 861 230 313 865 960 632 1000 337 536 562 676 831 120 916 685 
530 219 419 770 422 973 915 249 438 154 901 643 77 742 580 246 377 523 155 940 913 785 480 67 397 591 338 142 808 591 41 959 116 290 190 937 269 456 615 246 778 226 629 97 469 511 386 105 108 818 826 543 163 745 468 584 664 429 487 32 539 955 888 929 638 331 413 325 883 0 13 55 970 615 100 179 297 296 464 549 909 187 196 177 583 206 51 619 303 706 651 944 96 732 153 497 608 604 907 7 881 658 165 738 272 
30 973 214 1004 917 105 944 955 482 355 54 70 177 0 659 620 610 340 322 64 829 914 558 777 562 893 229 697 861 20 452 375 954 613 17 60 343 410 809 845 97 684 840 490 25 20 735 879 854 739 261 932 198 416 674 171 420 113 888 66 89 191 269 28 952 255 648 438 734 15 0 411 611 81 382 762 635 71 584 672 263 306 623 184 120 160 727 1008 994 231 859 761 701 945 767 746 893 546 956 948 634 904 140 250 376 
719 203 887 247 278 656 353 148 86 569 992 846 61 204 762 279 54 907 838 181 693 338 8 47 122 450 56 261 540 993 504 246 90 353 804 235 802 267 20 263 526 278 203 975 475 421 936 212 493 474 619 382 356 506 780 491 696 709 468 680 446 844 103 693 428 669 542 261 617 43 416 0 106 529 660 100 51 730 506 223 70 342 814 80 113 524 1000 308 766 61 395 997 670 926 148 169 505 377 828 57 111 708 368 62 328 
629 284 798 159 458 254 561 280 232 205 742 323 118 371 771 782 26 633 949 869 449 608 877 90 721 380 323 981 952 513 656 233 855 176 230 711 907 791 691 746 362 703 330 844 477 589 678 383 524 198 250 524 712 703 31 951 445 564 125 193 330 658 910 841 388 703 815 147 768 973 614 116 0 848 696 232 851 149 184 590 853 624 848 529 529 536 458 539 215 990 414 636 25 390 935 898 747 279 114 383 792 619 234 802 645 
514 393 841 188 955 473 682 411 960 644 857 982 672 349 186 499 123 920 243 488 924 832 93 327 439 778 32 572 201 833 367 661 151 741 840 33 1005 363 495 897 887 48 949 384 904 40 675 398 594 130 211 545 851 969 972 212 584 751 470 902 751 689 112 832 1006 203 688 214 25 598 86 535 843 0 188 569 104 915 851 608 850 493 95 708 223 30 271 89 769 465 116 254 344 564 704 131 574 725 556 848 975 614 965 627 269 
989 704 250 291 965 868 261 220 835 79 955 671 375 747 800 433 252 558 595 963 957 407 719 940 231 673 549 520 760 718 371 714 108 836 216 320 296 702 1012 233 821 591 270 663 497 430 199 956 287 706 918 309 598 654 665 626 143 125 835 270 595 981 244 761 192 782 770 675 555 81 389 652 704 195 0 130 361 989 893 86 566 413 814 77 202 62 313 889 316 771 545 12 884 62 374 202 451 202 300 730 635 281 762 269 94 
369 668 68 824 442 819 666 114 649 785 86 171 132 102 791 950 959 345 899 816 275 713 687 131 857 976 628 778 139 988 686 148 503 483 611 184 331 22 825 684 190 650 137 927 849 786 201 293 691 245 478 161 537 30 260 696 994 391 773 774 775 262 327 646 223 611 776 883 475 177 773 88 227 568 134 0 620 243 978 654 130 712 90 179 910 746 208 962 68 553 789 739 535 276 818 436 514 834 261 476 326 614 564 797 775 
436 896 944 490 23 864 215 342 129 971 777 37 660 568 261 956 175 972 922 365 918 367 422 921 592 539 776 750 651 326 762 617 332 755 173 193 784 337 586 997 788 369 707 720 215 114 926 243 222 884 294 21 236 605 450 588 376 203 718 305 305 439 640 946 898 686 372 530 87 293 633 69 863 119 369 620 0 494 89 509 465 119 445 212 893 291 756 150 778 911 938 877 213 1003 423 967 504 350 726 23 260 778 225 141 156 
450 229 657 342 27 134 376 857 70 46 754 664 120 28 506 108 808 671 48 719 691 312 583 754 823 445 812 315 940 51 120 158 199 593 1002 367 723 604 657 815 344 149 948 893 744 185 716 432 629 475 821 418 219 41 434 712 129 433 18 224 144 615 42 841 751 267 769 815 983 292 54 730 138 913 983 236 494 0 355 991 509 685 1007 907 760 578 853 942 394 903 308 325 252 619 591 357 503 273 494 423 385 798 530 21 500 
218 247 61 748 418 256 293 846 26 930 456 115 115 569 51 620 372 711 115 857 597 891 276 42 111 736 10 1016 651 565 455 242 157 38 461 766 518 672 772 773 450 177 408 44 692 666 759 72 301 461 878 458 929 455 973 24 907 878 883 688 423 919 980 458 519 737 453 856 138 475 594 498 192 845 901 990 75 344 0 454 413 235 58 779 565 645 128 351 832 454 971 380 524 852 859 118 214 68 142 837 122 356 548 747 195 
696 31 440 743 869 478 208 541 156 630 487 219 494 936 578 480 11 37 553 359 249 57 286 852 640 955 732 590 742 367 635 584 892 67 224 141 984 960 72 980 186 824 414 910 468 346 315 923 57 538 22 535 831 374 450 355 92 476 324 906 295 295 644 65 738 800 339 424 782 551 663 228 582 626 80 649 511 988 457 0 527 282 666 892 664 126 250 803 902 821 52 958 588 208 455 305 81 737 44 464 876 999 1003 963 814 
658 996 63 188 691 494 237 878 292 40 405 876 973 926 101 875 877 349 372 730 964 24 611 760 116 654 375 152 94 810 710 713 521 435 88 25 616 117 545 168 651 345 739 246 862 889 92 966 618 542 360 17 321 441 213 640 321 427 327 26 508 867 128 905 577 100 781 953 428 919 275 59 854 844 552 131 464 511 393 525 0 57 357 293 81 869 418 872 791 598 602 929 625 506 227 829 675 49 259 792 725 172 652 164 891 
763 832 823 589 275 649 565 186 355 639 911 935 594 313 215 166 350 591 621 281 516 42 546 262 574 898 331 398 545 768 335 397 511 374 517 815 762 520 193 960 877 78 613 66 1018 864 621 211 658 44 592 292 129 499 932 569 253 879 756 186 210 422 47 353 257 688 115 292 518 191 306 337 626 488 405 723 109 688 251 295 56 0 567 874 372 242 158 348 679 302 207 601 207 992 339 767 686 256 159 450 550 515 273 318 44 
265 937 794 944 638 902 762 632 307 674 666 56 320 801 432 469 503 921 374 129 136 402 497 313 768 476 105 39 652 151 304 861 367 397 654 896 478 662 366 936 943 65 364 552 45 122 82 723 403 566 858 934 683 983 954 597 889 698 777 488 504 158 455 389 77 230 462 273 873 186 639 814 847 90 808 90 438 999 66 683 356 569 0 474 245 600 201 290 671 687 203 345 983 319 913 887 759 8 388 658 901 759 558 830 270 
741 414 81 622 595 664 556 21 590 985 214 102 398 937 608 754 782 597 682 898 107 900 147 676 824 31 326 423 607 239 240 848 983 387 722 954 478 113 973 518 257 398 252 165 177 738 957 482 173 47 156 699 814 950 323 683 810 743 464 768 375 712 618 890 363 772 242 111 41 184 180 96 520 698 81 187 218 901 778 880 295 884 469 0 511 480 583 685 236 693 83 223 102 988 888 679 354 181 736 713 1005 313 144 824 722 
167 915 917 176 221 445 795 269 321 869 276 356 778 708 243 225 212 64 102 1015 89 204 592 521 46 262 806 86 412 920 282 41 67 350 114 276 622 484 227 163 265 449 301 630 227 345 857 454 39 35 713 913 823 209 640 356 930 612 892 729 455 678 433 259 243 179 181 912 194 576 100 116 521 228 203 906 890 753 576 658 77 364 238 509 0 149 620 328 973 612 91 109 270 6 432 227 426 564 309 321 948 693 342 767 558 
941 281 414 101 751 525 327 273 805 247 704 739 874 281 865 329 89 830 679 423 347 337 182 419 916 300 768 776 384 112 645 239 668 853 619 485 613 232 994 662 122 630 990 758 89 218 255 304 417 562 585 164 391 615 872 319 822 266 637 35 25 469 771 284 989 794 553 587 536 191 152 539 531 42 49 759 293 588 637 126 857 254 603 477 145 0 310 815 80 334 189 95 581 364 352 488 521 332 839 535 1000 228 388 568 42 
994 486 678 994 701 80 735 240 709 812 337 991 608 348 68 720 317 954 118 993 290 265 780 918 466 360 672 591 742 1001 107 648 471 905 11 976 60 380 542 701 416 228 929 653 579 469 354 906 741 218 471 49 993 397 711 607 673 440 947 650 804 110 237 441 44 29 567 657 732 38 734 999 478 263 310 210 748 864 134 243 403 161 199 585 626 310 0 171 435 731 570 865 445 782 131 211 908 173 224 652 514 986 391 826 509 
730 221 572 767 43 250 282 704 702 388 576 587 325 756 889 839 446 379 920 406 251 42 169 439 919 272 680 67 661 433 900 667 557 199 194 883 683 282 238 782 46 514 872 196 917 607 193 828 581 702 122 717 881 165 793 435 789 476 893 792 388 390 730 107 664 670 684 756 843 619 999 324 546 91 904 977 153 938 355 794 860 352 278 673 318 824 179 0 173 793 490 955 92 313 535 235 447 694 427 441 328 367 936 906 576 
542 91 901 511 441 230 309 909 996 445 718 866 89 932 371 426 74 915 568 264 355 168 32 738 57 971 707 236 397 208 869 640 528 195 780 311 879 751 903 998 702 73 428 751 944 617 250 540 473 834 759 318 871 497 851 143 570 514 77 621 155 996 916 492 651 962 795 47 322 286 980 770 211 774 310 61 776 386 847 917 775 690 677 231 981 65 445 181 0 701 647 129 164 335 617 820 844 122 547 630 977 461 894 703 989 
86 418 580 74 434 994 883 341 380 812 20 117 382 698 189 331 549 999 157 528 497 703 195 901 449 322 838 909 972 906 808 878 936 50 841 268 275 243 300 233 336 506 249 876 175 611 775 94 755 342 868 313 367 818 802 955 239 448 940 83 804 712 161 466 605 873 230 534 129 709 227 57 984 466 790 562 915 896 454 833 591 297 696 687 623 349 728 801 708 0 859 723 413 183 829 620 908 963 180 740 808 547 979 45 7 
180 456 63 200 135 616 536 521 927 252 386 951 401 693 607 173 434 575 520 53 269 970 748 78 760 299 270 884 946 875 96 857 251 131 344 59 362 996 15 459 485 665 682 311 643 954 709 824 51 24 160 254 433 214 533 450 990 151 158 327 210 350 874 396 118 424 81 569 860 660 859 395 403 113 540 795 927 314 979 54 609 203 192 83 81 200 580 487 644 871 0 492 658 999 45 31 437 675 763 914 214 262 228 318 771 
351 676 931 831 333 500 265 440 784 608 813 42 927 908 886 850 453 152 429 523 317 805 349 881 179 329 809 141 306 64 968 498 955 223 128 613 848 848 719 933 711 519 902 170 10 345 747 146 78 222 735 310 417 514 635 880 744 351 191 422 693 194 414 594 718 296 732 140 231 952 751 981 633 255 17 739 873 340 371 952 924 593 348 219 113 109 846 967 126 727 491 0 719 783 902 365 184 539 115 748 1016 913 985 194 664 
951 996 27 49 81 492 959 987 946 93 640 987 831 25 990 685 783 305 332 130 59 930 866 236 644 380 328 494 813 506 1011 944 818 488 525 852 461 839 173 140 520 697 757 953 379 515 778 882 996 870 61 392 724 437 306 739 914 1016 736 663 571 67 380 336 11 687 427 88 301 87 710 678 32 348 886 545 207 256 519 588 638 210 1000 111 265 596 430 94 176 408 645 707 0 222 160 329 301 542 955 338 571 39 809 581 799 
385 992 249 386 449 771 760 720 727 848 426 241 998 181 629 158 581 905 407 689 202 420 697 448 407 818 427 284 866 986 578 307 633 682 112 861 981 730 244 116 934 385 485 418 531 1006 492 531 405 627 776 33 239 212 319 77 589 218 676 346 724 398 385 554 149 529 970 312 862 735 931 934 386 563 73 274 999 605 856 204 514 984 326 987 23 361 779 312 342 179 999 786 232 0 79 754 860 468 879 710 534 727 525 56 218 
1000 264 537 1010 539 47 983 594 240 789 458 629 962 165 988 45 205 538 179 521 169 996 224 193 28 439 133 682 187 645 901 906 516 293 209 772 735 670 360 777 148 491 635 535 599 478 759 87 829 934 567 233 555 909 161 657 680 631 959 224 400 33 666 147 293 88 282 736 947 162 766 140 942 711 369 832 428 590 848 453 210 346 912 894 427 359 142 519 628 824 49 890 175 68 0 396 280 587 704 357 67 448 461 867 419 
469 828 363 528 386 746 403 175 489 291 36 328 458 523 197 167 489 575 519 319 94 289 288 847 142 317 969 250 546 56 82 183 425 711 527 176 680 381 964 981 899 959 495 373 16 133 78 266 224 474 177 363 68 404 446 287 603 721 857 872 403 802 580 908 107 580 936 93 647 503 746 163 914 133 196 442 962 369 129 301 831 766 875 676 212 478 218 224 813 614 28 358 337 767 382 0 879 961 561 577 790 481 37 438 690 
468 558 913 798 749 898 180 63 812 997 366 131 389 689 349 372 661 146 54 304 55 618 266 375 88 594 438 826 718 678 794 201 705 953 779 284 732 678 775 428 230 508 104 375 768 909 945 837 455 406 51 966 29 55 838 604 461 401 871 455 83 942 917 606 516 736 112 424 1018 607 902 510 760 580 435 516 508 501 226 90 662 674 745 357 416 522 910 435 838 912 436 179 311 865 298 883 0 33 756 847 789 991 943 77 523 
882 169 742 324 260 529 56 485 556 173 326 416 167 691 579 437 968 747 473 140 991 943 464 314 230 55 528 624 776 197 135 141 285 443 121 579 564 608 121 404 580 368 208 897 168 942 849 724 32 111 720 673 698 825 97 387 846 793 173 477 147 342 312 452 616 535 535 787 331 605 547 387 288 718 202 822 343 288 77 732 50 260 10 189 566 337 176 705 113 960 673 547 543 462 588 964 30 0 263 444 577 375 810 887 508 
122 29 322 804 884 991 632 718 740 292 238 573 965 647 52 383 996 778 749 435 47 373 715 844 591 124 414 443 22 393 922 694 35 348 231 411 247 978 526 359 224 576 872 711 275 777 114 467 143 296 340 38 441 629 761 801 235 877 674 162 661 56 764 131 349 153 380 125 535 901 965 832 99 557 298 257 732 507 142 37 254 144 396 737 313 844 232 413 543 176 777 114 964 886 715 546 756 265 0 156 755 229 52 655 408 
934 734 489 977 573 300 39 201 681 238 657 823 538 60 415 956 182 566 415 454 361 141 969 846 833 135 796 335 189 251 187 666 707 292 746 245 525 967 330 599 406 472 599 316 318 269 230 185 816 900 268 478 354 772 27 99 703 216 533 601 558 390 118 876 589 339 392 96 569 17 954 51 390 858 731 473 22 413 836 475 802 450 655 710 310 535 668 439 619 748 929 742 329 710 353 564 848 442 157 0 754 747 95 465 258 
74 889 509 605 842 592 6 837 667 22 810 957 129 175 203 251 249 220 449 737 884 337 329 492 446 154 595 733 803 969 262 751 985 638 398 952 856 34 391 148 949 716 404 799 634 201 357 195 745 1006 161 571 295 834 413 236 967 656 353 107 1004 471 510 80 297 402 666 250 677 884 637 113 797 968 638 333 267 388 131 871 723 544 903 1003 940 986 520 312 963 813 211 1016 564 542 62 786 800 574 763 758 0 859 344 172 713 
775 191 754 719 623 952 945 81 219 475 161 893 718 622 626 260 378 35 905 664 910 829 271 356 40 379 497 80 753 835 707 628 202 108 525 444 817 525 263 233 713 344 116 886 542 220 236 382 219 54 746 843 932 899 503 217 670 328 149 506 242 459 851 342 353 625 885 330 822 664 903 695 623 625 295 630 783 802 347 1010 186 524 761 307 679 242 988 368 471 549 267 911 23 723 451 470 982 377 231 751 869 0 862 810 281 
465 128 25 314 884 783 128 770 1009 515 724 281 553 641 637 901 683 577 959 250 804 139 122 196 845 967 754 340 676 425 862 458 945 343 822 404 285 250 321 35 964 952 436 366 337 129 235 407 737 716 416 861 56 105 692 318 518 541 345 19 116 868 546 630 892 400 24 387 135 154 133 357 227 959 775 560 231 532 544 992 664 276 553 136 326 378 382 945 892 986 237 987 806 529 443 34 949 820 67 90 343 847 0 106 181 
518 865 641 696 77 61 763 386 62 871 200 616 936 711 136 514 895 263 338 496 917 700 564 741 222 608 738 734 10 448 679 363 126 533 502 160 419 449 154 346 326 655 771 12 733 451 874 653 83 524 486 564 209 833 521 69 593 731 1000 403 875 111 273 594 467 313 317 809 916 729 256 77 806 628 281 788 150 30 759 964 175 304 834 831 767 578 824 903 695 34 314 196 588 56 870 433 91 868 658 456 158 821 103 0 208 
448 499 488 535 302 589 722 388 846 32 810 709 163 544 399 663 492 596 854 416 570 142 334 961 80 457 17 111 1017 589 774 85 427 711 256 531 301 469 322 144 180 134 549 143 944 897 126 80 223 227 557 149 559 539 933 297 942 993 789 812 973 267 289 329 96 303 28 278 673 283 357 330 641 251 94 772 164 493 200 820 891 43 277 725 555 40 520 568 1009 19 773 658 793 212 413 694 506 504 402 262 701 286 184 213 0 

Depot information
1
1
1
1
1
1
1
1
1
1

Customer information
1
1
1
1
1
1
1
1
1
1
1
1
1
1
1
1
1
1
1
1
1
1
1
1
1
1
1
1
1
1
1
1
1
1
1
1
1
1
1
1
1
1
1
1
1
1
1
1
1
1
1
1
1
1
1
1
1
1
1
1
1
1
1
1
1
1
1
1
1
1
1
1
1
1
1
1
1
1
1
1
1
1
1
1
1
1
1
1
1
1
1
1
1
1
1
