Seed 125 - Instance: n40m5_2
n 40
m 5
Q 246
L 0
U 1000

0 236 375 152 123 502 610 724 683 201 417 392 4 252 889 524 199 887 855 715 297 426 226 676 608 834 87 735 287 329 865 841 744 623 281 530 631 834 110 263 276 345 761 114 118 
739 0 493 684 12 970 795 686 659 542 497 488 23 969 730 847 51 991 168 945 819 277 492 316 40 744 157 748 180 602 273 759 824 786 789 555 80 814 112 944 927 491 528 3 624 
73 344 0 957 959 788 782 743 696 6 492 195 239 490 76 663 925 144 281 389 572 241 975 645 735 692 817 971 791 200 272 919 859 437 390 10 416 949 836 812 786 508 748 149 574 
850 91 592 0 942 767 810 356 960 922 756 512 181 658 31 999 549 841 527 56 222 43 612 156 934 352 636 836 957 715 95 735 243 911 525 975 595 998 907 794 785 956 868 400 291 
780 160 436 128 0 708 649 229 194 640 783 26 919 217 823 185 663 27 664 191 616 559 433 884 12 168 511 584 234 624 57 205 961 621 580 188 863 907 996 666 856 906 412 256 783 
238 363 543 47 958 0 613 264 489 911 948 161 677 744 713 922 909 314 193 285 339 384 733 760 811 182 710 837 399 330 729 565 301 611 502 403 345 367 452 953 703 495 955 311 481 
756 299 701 39 678 343 0 552 317 411 348 397 328 486 215 262 79 580 920 32 308 283 202 300 279 706 594 865 343 420 778 603 446 167 836 991 21 96 141 472 490 549 731 573 311 
972 174 703 983 778 991 138 0 377 25 124 323 731 231 666 45 771 435 166 525 330 777 29 798 249 44 727 553 507 641 72 941 596 833 613 878 782 741 55 913 503 859 118 969 494 
300 649 278 188 292 558 119 558 0 177 243 759 43 908 287 306 248 95 842 5 633 382 99 973 1 573 472 671 839 61 55 505 726 808 663 143 375 730 192 529 64 93 178 871 984 
805 37 734 312 161 723 966 957 89 0 223 532 446 286 578 997 109 852 932 947 82 777 378 632 680 737 278 539 262 541 704 136 256 161 783 286 566 815 340 189 178 591 474 929 680 
59 0 383 632 179 747 910 240 822 491 0 200 829 852 677 288 886 107 945 767 976 191 792 370 815 410 976 767 182 337 632 114 630 67 560 300 889 963 485 507 368 541 951 820 936 
41 846 102 398 727 60 950 228 927 834 922 0 483 148 607 476 359 840 58 832 903 608 389 451 531 732 882 241 907 584 15 944 928 564 736 698 68 411 577 862 859 251 59 27 255 
185 512 783 765 349 903 452 362 430 895 432 445 0 954 821 677 339 899 550 143 2 13 524 174 115 325 656 418 366 684 219 258 691 417 327 423 682 490 687 49 489 23 187 718 129 
563 653 464 626 951 736 935 52 639 397 160 94 66 0 678 323 736 462 828 296 62 774 974 668 483 923 399 600 755 78 260 969 209 598 732 587 886 603 469 129 226 282 782 266 440 
113 425 372 951 164 881 245 422 943 271 227 219 845 124 0 873 501 7 999 162 745 206 934 510 349 675 757 375 601 281 482 485 996 220 582 1000 410 395 72 408 544 731 363 38 537 
455 377 560 616 762 951 130 688 789 151 895 440 158 752 532 0 247 785 516 461 237 667 807 714 31 791 666 339 490 88 916 765 389 427 145 239 693 288 776 671 208 394 671 834 465 
344 79 611 957 910 774 171 291 524 450 226 930 897 615 911 800 0 33 595 409 933 506 386 179 476 82 485 883 409 838 698 344 712 742 565 179 490 99 652 540 717 959 354 303 860 
15 6 456 411 988 546 227 15 496 72 284 718 807 204 663 999 849 0 403 597 716 864 760 507 133 698 204 844 981 671 206 546 686 739 835 896 265 509 43 206 62 720 27 89 586 
730 481 866 843 458 512 455 472 255 878 603 516 649 728 683 787 695 799 0 202 334 459 339 275 849 240 412 42 442 370 484 103 748 683 351 463 565 968 573 233 291 356 64 161 349 
390 324 780 244 140 384 891 54 258 489 389 747 174 540 514 756 104 54 658 0 483 27 879 376 81 800 213 95 87 344 685 666 253 43 579 356 814 505 872 891 15 346 850 631 122 
928 694 111 592 686 643 243 588 650 416 91 746 729 669 277 847 731 816 269 135 0 873 948 844 575 936 427 251 827 865 465 659 653 441 748 336 297 813 57 198 242 726 664 366 127 
342 264 1 796 9 245 329 854 239 889 196 586 561 939 494 44 947 881 406 576 677 0 201 856 583 989 225 848 918 42 160 147 479 270 510 999 609 934 899 51 275 463 396 984 597 
835 848 114 486 771 339 917 320 102 202 822 824 201 9 185 885 214 440 49 965 935 961 0 266 185 758 962 699 782 554 571 285 255 167 888 572 13 721 345 728 663 488 202 902 522 
964 340 487 953 836 853 336 836 605 536 101 726 553 344 35 110 213 793 26 559 544 814 397 0 811 9 303 467 576 658 277 304 378 17 447 355 555 939 3 102 163 144 97 479 493 
394 215 680 235 106 976 119 700 625 395 826 331 308 93 314 389 742 568 815 131 75 930 961 702 0 189 549 115 293 100 103 383 142 394 947 722 15 237 398 785 589 806 722 495 159 
291 409 26 750 29 464 543 666 654 696 523 801 704 640 772 320 383 152 809 50 317 84 120 903 932 0 90 222 864 755 414 284 891 670 780 169 278 872 244 254 284 123 613 172 712 
420 213 865 328 365 321 628 889 497 502 476 502 714 500 989 200 336 886 919 746 247 745 925 440 320 105 0 961 916 921 58 147 54 269 193 282 431 627 583 57 966 863 794 585 660 
884 379 934 745 738 943 461 568 1000 413 347 115 702 814 100 170 421 5 655 325 22 511 540 174 226 300 888 0 363 341 8 77 837 802 509 427 214 450 789 519 756 105 503 224 960 
758 385 345 170 145 518 843 763 243 542 726 76 347 316 308 934 834 681 526 121 168 931 505 462 843 995 218 20 0 262 400 523 6 969 680 15 478 158 778 610 286 332 272 804 148 
745 544 705 544 89 33 590 353 968 126 529 826 851 722 747 91 244 486 798 60 624 1000 705 25 680 890 675 238 418 0 800 526 77 972 2 607 632 496 303 668 779 230 47 779 669 
581 544 508 785 924 255 825 114 905 134 522 588 713 570 526 325 891 732 634 855 703 485 750 742 371 541 835 290 147 512 0 904 12 710 679 294 358 855 725 578 487 793 458 592 79 
352 370 288 660 342 841 16 82 523 392 55 834 913 288 288 726 788 235 83 213 336 968 438 828 553 667 725 582 17 495 555 0 48 739 623 640 515 93 45 757 614 304 874 241 299 
900 367 189 197 181 106 765 268 434 893 664 26 915 144 764 802 272 363 224 760 452 387 368 247 786 755 763 5 64 798 906 87 0 290 686 398 496 395 320 835 1 49 713 639 153 
287 553 952 734 397 148 366 521 856 462 255 909 47 807 749 198 192 56 54 114 904 719 738 377 125 916 940 283 789 875 944 136 368 0 645 265 584 410 463 156 933 699 364 447 751 
247 909 419 810 615 558 133 779 49 813 541 126 783 472 543 512 757 284 844 613 310 216 627 975 733 191 979 843 499 748 786 903 223 296 0 148 348 902 33 444 917 888 338 295 346 
51 298 541 736 302 111 592 591 567 862 629 471 4 816 968 814 627 971 693 710 510 492 17 141 773 285 7 364 581 551 520 604 229 879 158 0 282 265 723 426 378 241 10 155 326 
649 983 919 610 27 535 775 742 310 271 218 152 525 178 646 146 71 693 187 233 809 73 241 628 83 152 542 818 577 299 193 373 241 491 883 291 0 828 523 976 731 144 910 249 38 
628 469 236 154 713 763 652 477 727 130 738 868 599 465 53 819 711 851 184 632 622 898 900 383 850 150 290 78 527 149 701 363 293 696 650 141 678 0 733 160 128 308 164 280 444 
766 987 949 731 724 530 204 896 407 374 554 627 446 133 845 545 201 196 752 919 523 363 764 344 125 364 492 326 690 642 469 107 357 4 969 631 599 843 0 806 311 170 990 65 673 
107 266 282 778 997 434 343 255 973 183 470 845 99 704 182 511 779 515 538 298 350 130 279 256 176 743 343 490 492 2 283 468 47 333 97 125 929 568 687 0 165 409 538 90 633 
99 728 913 208 517 520 271 501 427 48 808 771 154 57 503 474 811 12 871 848 750 689 978 211 51 146 900 400 684 214 239 200 765 941 440 142 903 153 787 742 0 995 831 463 532 
270 134 24 845 577 776 396 580 258 492 329 439 859 722 451 107 706 68 805 306 150 585 444 572 633 999 4 352 107 103 363 902 63 865 438 532 583 207 329 521 295 0 550 965 134 
261 876 429 392 784 447 674 771 205 394 669 485 276 805 663 242 897 546 473 668 613 20 908 629 92 944 915 206 366 275 308 231 295 707 971 725 241 119 448 751 604 564 0 957 885 
964 440 94 327 420 525 655 449 20 649 727 269 52 564 978 977 650 410 414 950 763 595 701 693 171 907 233 115 626 35 806 217 349 124 8 877 656 885 686 994 858 506 998 0 714 
484 682 533 972 583 815 873 165 143 194 553 64 720 897 481 776 267 507 247 330 63 771 564 418 506 45 457 212 639 636 857 214 871 552 680 205 307 994 533 636 686 874 188 535 0 

Depot information
1
1
1
1
1

Customer information
17
19
15
17
20
19
21
19
17
18
17
23
22
17
22
23
18
25
20
16
17
21
21
15
17
23
17
16
18
15
15
23
16
15
20
18
16
17
17
24
