Seed 123 - Instance: n40m10_0
n 40
m 10
Q 236
L 0
U 1000

0 81 961 33 11 26 526 959 345 182 34 618 545 584 97 1000 568 723 97 630 263 824 971 667 870 603 312 72 201 874 952 5 744 14 345 702 627 243 877 854 356 777 896 83 449 474 516 675 133 866 
20 0 855 13 350 193 453 681 571 870 907 914 927 57 906 132 194 272 817 949 566 299 62 93 251 45 390 717 723 961 206 581 442 152 448 518 110 853 251 9 721 212 265 395 976 658 287 517 705 654 
357 47 0 856 796 387 558 269 794 213 588 610 569 676 56 235 520 473 609 73 897 26 625 344 781 781 364 159 98 236 627 679 865 483 268 785 171 442 862 493 688 653 915 473 968 107 270 606 114 7 
621 174 611 0 300 841 575 58 277 536 594 612 194 207 830 166 72 349 662 589 125 801 553 78 265 811 575 427 366 816 229 470 615 5 585 306 754 565 923 770 317 337 254 277 159 214 312 73 49 96 
537 623 444 140 0 658 625 281 777 518 918 986 394 568 318 96 119 717 196 712 367 399 857 480 485 799 532 437 723 270 128 167 26 977 519 878 978 625 538 335 746 351 311 460 463 396 930 469 945 934 
352 448 766 414 449 0 749 575 266 845 685 395 354 980 566 894 800 4 550 301 962 947 568 445 919 324 232 641 717 366 229 328 508 229 493 691 499 172 156 752 958 11 665 135 788 159 284 518 868 725 
721 13 419 825 162 696 0 518 415 664 813 563 825 898 338 225 495 272 779 431 516 586 958 333 375 628 548 711 894 836 70 932 375 802 343 672 789 62 962 105 945 706 176 807 467 889 158 750 941 656 
461 817 314 428 692 819 412 0 278 630 34 439 355 41 399 975 358 344 550 71 735 193 362 606 144 572 841 184 270 527 225 246 797 291 426 505 513 250 317 844 164 963 524 830 877 758 849 685 975 720 
591 733 509 831 218 889 286 462 0 786 418 911 942 824 528 342 465 892 95 954 514 613 548 15 819 177 249 204 59 139 672 867 789 353 459 87 338 475 291 467 612 71 65 468 740 187 781 863 147 957 
672 327 534 464 549 928 224 609 919 0 803 410 318 874 58 967 601 452 67 179 34 465 888 151 518 287 336 663 60 499 24 490 416 498 832 101 246 477 859 405 511 791 20 589 932 241 321 487 276 571 
220 525 780 166 553 915 222 346 409 226 0 807 35 385 424 539 713 82 974 528 727 181 579 65 629 96 221 733 393 632 828 476 617 343 786 773 274 724 761 11 144 758 695 140 185 654 996 563 541 991 
478 131 730 370 161 2 85 751 454 486 54 0 548 899 170 456 851 793 685 481 148 896 215 366 456 790 970 973 689 180 632 375 710 898 102 232 782 514 939 369 738 961 551 913 359 930 294 490 412 713 
663 183 175 285 596 946 329 987 543 939 479 692 0 911 151 886 938 654 78 548 401 95 484 910 933 547 910 401 372 370 377 604 213 72 371 694 828 710 970 608 744 471 803 391 274 458 222 578 270 366 
558 281 482 710 540 490 318 718 656 146 343 777 543 0 295 925 407 929 891 670 592 745 927 800 486 505 776 459 706 262 441 470 38 232 123 622 747 761 657 567 613 697 422 508 390 911 937 346 867 958 
990 416 346 951 938 989 807 86 690 503 556 996 39 696 0 336 209 55 292 607 319 611 136 772 377 534 16 529 142 622 927 565 386 687 697 494 863 446 707 115 257 480 510 292 420 476 837 431 146 449 
494 742 519 494 9 134 880 121 66 303 817 392 285 347 710 0 229 782 213 364 236 40 987 82 775 805 898 871 584 190 232 147 970 833 460 189 58 817 58 177 822 606 627 255 454 940 475 895 337 735 
326 387 424 109 118 628 975 746 929 537 621 926 553 680 268 803 0 650 819 134 655 995 802 110 389 749 956 994 218 985 432 865 246 223 294 375 212 882 410 424 136 424 110 603 670 177 947 806 592 484 
476 386 845 267 245 535 368 407 301 446 784 65 735 321 417 878 964 0 460 540 8 605 477 689 733 907 596 719 669 359 80 260 308 395 570 952 870 614 816 513 595 88 633 172 613 939 733 24 925 227 
117 281 896 361 62 709 843 747 782 468 766 833 588 386 977 923 594 763 0 146 150 141 193 998 56 906 469 558 75 522 312 304 30 723 358 967 338 680 130 118 389 281 198 267 172 624 881 113 887 995 
83 261 766 986 540 266 8 179 355 949 226 402 657 670 367 962 525 695 957 0 857 12 444 603 893 931 817 119 567 810 453 810 794 544 121 24 303 804 740 349 153 585 360 97 697 767 315 572 424 406 
121 193 305 871 332 693 208 367 86 916 167 758 601 227 226 57 956 629 272 784 0 682 22 462 21 582 838 728 383 877 779 208 948 926 473 359 357 175 492 267 11 259 35 745 261 357 812 765 464 245 
134 252 940 488 344 769 556 446 467 831 292 706 665 234 356 108 439 889 700 489 280 0 469 29 145 335 922 298 837 177 248 751 664 89 561 905 944 236 868 797 209 313 786 762 143 508 847 663 191 764 
444 994 116 692 645 6 787 677 912 330 207 62 601 418 890 37 275 339 339 922 85 331 0 385 696 945 299 35 460 268 111 624 685 878 729 68 849 620 605 462 171 363 805 502 678 767 139 545 187 899 
66 371 901 1 471 265 301 214 801 775 782 902 87 786 611 703 426 127 182 99 53 517 994 0 457 150 701 260 609 248 699 478 415 393 66 773 106 958 540 216 858 425 713 955 915 73 525 107 11 777 
736 302 704 534 766 791 853 171 813 807 517 945 837 10 977 790 378 673 99 869 836 302 652 509 0 646 503 975 375 588 959 417 388 119 823 206 307 962 748 560 911 524 195 752 533 355 976 15 520 598 
222 653 937 49 136 121 883 25 373 780 924 692 674 636 723 487 192 500 5 466 345 287 213 681 816 0 924 642 874 270 13 731 350 927 703 116 317 598 648 786 417 925 52 985 346 957 754 298 757 389 
712 593 759 802 26 666 144 336 183 781 424 992 601 695 175 752 355 686 358 948 373 975 84 1000 525 866 0 937 614 77 184 898 635 446 51 696 47 995 579 590 148 709 967 940 815 961 873 965 279 747 
285 674 44 151 169 656 970 502 423 384 686 83 88 744 634 645 639 639 408 671 293 985 588 231 793 295 970 0 701 952 112 341 964 989 163 684 506 605 599 910 396 422 545 417 38 791 102 865 1 523 
285 0 628 505 453 230 981 333 338 794 183 860 731 705 890 101 533 67 607 711 321 991 884 232 59 840 843 389 0 400 215 116 846 650 695 998 208 173 582 507 739 643 140 224 791 976 239 799 286 20 
656 469 665 647 91 407 511 50 904 473 87 393 479 711 468 562 616 291 257 726 941 847 943 78 727 996 800 196 280 0 964 130 761 499 627 738 707 167 937 836 88 208 535 272 255 868 872 128 54 485 
10 738 716 612 516 185 664 418 69 854 950 177 938 311 490 527 380 355 457 669 312 180 485 522 439 8 708 259 906 527 0 857 557 171 765 455 277 871 720 755 511 735 668 508 411 900 906 580 702 264 
64 136 818 94 797 246 444 413 655 630 347 744 318 322 356 105 651 146 640 909 730 782 162 591 568 591 123 538 256 900 673 0 280 40 134 538 440 666 172 78 204 946 914 142 353 135 16 543 203 872 
377 336 363 280 492 162 104 466 207 166 381 467 431 50 717 858 552 418 919 21 376 765 838 92 4 864 795 963 629 905 341 611 0 522 74 858 393 896 383 444 336 359 153 306 889 800 38 730 730 292 
828 796 887 554 467 665 33 94 990 905 326 528 112 408 537 328 55 850 928 492 43 199 58 508 788 458 736 414 184 593 379 828 885 0 601 50 856 904 470 276 528 301 746 979 244 757 985 14 103 782 
193 703 973 462 96 226 685 761 594 18 676 252 674 537 582 655 917 923 414 603 198 524 441 469 927 262 130 952 358 230 775 275 140 574 0 553 984 497 432 27 984 586 671 905 827 394 893 473 346 724 
502 702 262 41 568 902 338 370 900 447 172 70 486 114 278 90 783 92 448 506 61 772 811 739 852 274 768 966 752 460 684 194 233 427 908 0 960 1000 75 49 59 127 324 391 3 339 443 870 451 89 
687 236 868 274 525 130 176 994 69 989 493 938 689 20 167 32 86 139 167 773 239 580 279 388 710 403 961 701 267 649 665 888 59 734 479 917 0 761 404 92 508 685 820 862 177 842 534 740 403 933 
342 772 492 363 469 33 700 692 966 796 431 67 825 327 55 353 759 971 739 404 239 904 342 136 74 739 646 264 72 413 759 558 162 528 746 282 73 0 494 763 304 110 330 668 139 958 356 667 654 448 
732 285 132 325 6 521 155 808 97 986 557 112 426 548 197 116 83 658 506 717 864 113 28 368 354 113 161 375 551 54 150 354 149 881 146 185 269 104 0 679 700 881 913 340 764 577 994 147 407 732 
421 394 279 297 161 914 465 481 906 909 540 816 538 454 527 847 109 286 903 242 543 983 525 10 647 537 451 689 400 843 598 206 903 176 974 677 557 327 351 0 76 664 341 216 63 731 906 39 219 934 
73 809 797 730 317 654 301 376 644 546 207 594 467 23 740 121 532 889 447 581 95 702 836 362 783 848 290 885 113 6 20 711 401 369 874 454 963 267 767 873 0 736 226 340 410 974 997 620 460 517 
454 273 9 705 572 66 612 981 144 161 466 307 27 50 662 500 814 534 416 236 382 210 667 982 258 4 588 132 312 815 129 297 814 909 995 970 853 723 917 847 638 0 881 389 962 920 247 885 269 466 
952 702 707 353 321 233 711 641 300 552 484 138 667 824 55 263 871 5 891 576 419 613 65 216 223 255 406 667 742 259 388 277 982 952 262 910 822 133 93 796 348 281 0 130 942 534 258 720 931 637 
877 130 902 869 591 77 466 31 595 10 180 829 195 169 793 684 799 873 735 480 74 861 461 361 684 443 796 233 768 234 24 304 377 151 489 385 843 838 263 985 29 561 908 0 260 748 114 237 81 403 
822 789 646 252 214 603 400 22 812 691 119 998 798 887 614 420 319 695 816 294 202 881 598 152 746 365 509 35 705 577 988 925 90 37 108 792 634 429 334 158 77 769 786 278 0 362 361 739 160 376 
848 165 734 976 114 558 68 572 552 624 234 465 909 623 273 293 503 749 738 461 174 444 911 793 152 836 290 881 373 953 36 988 648 803 832 106 586 266 640 214 632 405 114 53 154 0 789 983 757 380 
833 289 464 441 93 379 87 634 596 446 57 403 83 222 171 240 20 492 59 919 937 941 168 857 771 131 512 216 103 277 759 132 32 416 663 773 901 905 608 601 64 427 605 814 387 1000 0 793 601 134 
275 661 731 285 116 45 446 118 953 339 379 560 473 803 532 580 281 715 858 46 645 141 358 594 705 906 949 625 956 896 552 740 562 833 287 212 584 365 792 996 437 129 796 492 295 849 593 0 72 180 
843 832 740 394 120 957 817 223 544 537 603 81 67 73 374 903 417 234 873 22 595 882 98 569 587 351 548 738 698 828 683 314 24 754 63 764 439 464 766 447 713 190 249 773 499 295 728 8 0 756 
302 501 810 678 90 705 632 110 72 609 354 269 437 269 925 578 914 68 608 505 157 444 84 575 85 791 350 168 921 690 771 375 89 874 736 218 733 343 982 512 769 397 201 12 113 109 118 365 463 0 

Depot information
1
1
1
1
1
1
1
1
1
1

Customer information
23
15
21
22
23
18
17
25
21
23
18
18
19
22
25
19
24
21
22
18
18
25
20
16
21
21
25
22
25
18
15
16
18
16
15
22
19
15
19
25
