Seed 125 - Instance: n40m10_2
n 40
m 10
Q 201
L 0
U 1000

0 150 67 92 353 41 293 92 180 556 212 479 237 638 281 307 400 125 919 154 788 919 443 323 135 115 294 803 696 839 397 512 47 160 608 471 172 116 410 809 832 326 614 416 422 269 334 797 943 875 
53 0 492 988 338 726 635 576 718 872 675 468 754 117 834 14 294 795 357 604 817 330 439 830 510 518 842 716 500 427 819 283 469 334 140 342 793 391 82 84 657 787 622 703 118 263 353 586 702 564 
854 156 0 637 45 70 878 695 222 474 770 158 575 504 110 655 396 954 971 708 670 331 926 707 553 556 364 455 273 928 807 590 977 780 235 603 455 572 366 470 616 575 166 873 606 366 524 909 358 613 
117 126 390 0 707 897 378 912 561 430 414 874 966 391 154 308 803 855 933 155 36 500 458 696 129 114 5 786 184 316 952 413 627 206 219 818 679 468 188 649 967 715 659 251 67 917 891 148 78 303 
365 777 197 20 0 117 363 712 378 932 401 23 166 619 244 227 547 695 532 75 767 233 588 260 573 77 432 415 154 162 760 196 790 856 454 491 708 47 536 642 6 584 312 461 9 851 568 305 309 295 
763 120 183 71 638 0 913 102 525 272 112 557 132 884 461 673 338 389 118 855 529 792 131 833 941 708 198 128 356 639 25 530 863 887 809 667 13 640 359 190 226 404 254 528 294 498 551 631 63 179 
358 413 655 349 214 804 0 694 74 69 98 886 796 619 965 339 974 904 49 488 138 763 994 195 893 369 334 605 846 612 629 88 114 309 687 24 817 519 403 996 866 586 819 728 501 211 963 961 914 957 
802 504 398 474 350 849 961 0 564 722 870 972 295 535 87 362 269 979 594 393 148 609 235 771 648 555 231 744 778 869 233 238 957 618 233 70 6 123 329 13 201 96 612 609 308 529 102 3 393 797 
151 364 252 203 839 908 494 504 0 337 860 21 83 143 976 937 566 848 10 994 407 914 119 683 209 332 611 867 174 113 757 871 501 412 214 67 491 954 650 540 684 316 11 845 442 416 997 114 252 865 
385 3 482 983 52 777 851 405 408 0 324 800 222 401 389 199 20 680 161 191 386 664 752 316 893 37 8 910 6 559 185 478 955 366 331 821 785 477 357 750 875 304 93 50 375 366 627 721 19 20 
688 831 112 655 873 10 547 596 307 194 0 49 863 421 612 983 706 189 857 567 270 312 465 19 564 755 113 219 804 975 573 356 547 853 926 20 327 43 797 222 828 495 543 795 612 808 739 79 214 390 
256 1 942 93 240 913 889 231 620 329 1000 0 127 108 603 59 906 130 412 969 571 423 982 528 375 255 560 956 695 713 962 225 83 825 370 825 674 857 150 497 433 546 571 564 27 383 953 94 676 804 
746 490 709 409 634 804 771 395 721 338 893 681 0 434 575 642 338 119 951 487 123 50 372 978 981 610 416 584 17 28 841 678 74 880 345 628 529 445 593 905 739 750 739 255 656 88 305 724 589 256 
200 592 564 397 760 683 356 763 779 860 377 125 16 0 692 970 792 270 583 803 873 587 370 560 658 840 829 842 230 690 595 650 889 91 985 634 409 599 860 14 652 679 745 461 539 457 1000 743 201 152 
86 637 682 941 80 166 690 389 694 966 620 98 83 337 0 406 700 270 58 711 513 833 7 316 403 508 317 923 958 596 886 987 454 239 908 54 269 507 583 587 84 675 76 132 783 118 892 892 434 248 
997 45 528 366 560 852 437 26 80 549 650 798 158 563 242 0 429 664 903 959 751 718 648 193 921 775 303 99 533 920 216 883 579 157 780 304 357 754 820 945 670 430 930 872 575 569 270 734 139 274 
668 532 487 716 162 351 529 484 102 315 245 977 432 520 428 301 0 412 494 513 141 433 560 256 810 506 674 173 540 818 625 213 371 850 50 914 483 675 166 397 362 179 876 979 914 331 233 762 8 961 
257 337 102 630 62 260 86 996 158 593 781 33 636 320 899 743 564 0 753 760 169 550 293 165 659 574 992 978 61 37 231 140 479 260 306 717 69 473 113 854 585 485 438 871 252 526 481 44 884 505 
410 571 493 116 778 488 511 134 71 50 99 542 217 675 181 934 435 526 0 179 839 670 775 665 305 175 566 474 829 834 825 636 53 312 480 544 169 321 160 557 73 745 128 13 272 772 286 246 550 840 
763 848 127 701 408 445 746 105 611 838 37 503 546 862 864 690 787 905 287 0 523 174 762 567 931 774 206 54 613 368 893 991 468 213 441 485 589 503 810 678 800 324 244 933 250 671 550 404 97 331 
788 245 377 506 192 18 695 250 279 167 661 531 994 553 899 262 202 306 615 567 0 424 357 694 21 935 95 637 532 942 481 919 690 248 626 479 846 734 377 621 195 53 20 934 327 739 787 904 255 114 
512 658 904 32 238 257 463 400 721 754 6 140 679 799 456 28 722 35 975 748 929 0 473 341 156 388 158 104 175 733 21 534 326 576 809 361 239 639 565 842 420 689 508 320 582 841 8 365 506 347 
783 441 460 502 418 165 470 551 310 999 791 761 165 948 229 104 421 336 840 166 415 181 0 932 123 813 365 894 673 801 75 209 200 306 294 830 265 477 133 696 322 75 620 898 906 349 535 582 684 128 
856 680 593 767 901 929 337 43 372 562 241 564 844 44 298 587 150 832 344 243 607 205 981 0 91 435 572 966 307 811 537 730 905 709 619 276 330 667 169 433 109 172 980 478 166 479 25 249 930 703 
205 697 71 697 474 95 92 790 701 899 638 604 119 613 431 588 577 984 206 841 460 129 715 726 0 595 237 317 43 64 393 597 834 575 826 102 127 828 793 587 663 243 783 971 197 603 283 304 37 650 
197 68 220 170 890 362 781 300 545 866 891 465 838 361 925 85 876 326 662 407 973 883 893 578 100 0 311 273 810 658 817 592 284 684 738 572 115 570 922 703 796 483 871 464 409 565 139 925 306 825 
529 163 203 957 293 263 144 592 877 725 409 50 238 410 451 550 129 379 471 862 905 560 8 1000 523 349 0 636 207 475 385 983 138 849 202 724 543 210 559 186 258 2 180 987 308 104 542 322 417 436 
37 338 335 639 493 461 139 613 411 613 536 311 602 824 875 332 688 982 630 519 430 446 336 963 545 468 135 0 537 173 763 712 91 732 226 633 627 556 820 894 495 820 800 367 157 682 938 743 719 518 
384 249 321 886 782 543 927 248 657 72 750 806 928 409 15 953 432 0 171 632 183 723 281 2 578 468 188 833 0 767 843 453 222 491 26 4 561 530 978 844 87 678 788 158 433 163 980 689 582 324 
540 234 987 54 432 439 843 268 626 595 15 885 527 771 240 334 442 386 603 700 570 720 108 176 671 502 464 541 306 0 724 787 695 508 229 647 488 855 437 303 767 54 952 83 307 920 55 937 619 14 
626 108 229 853 807 840 972 787 980 920 274 29 755 373 825 657 351 636 124 287 21 506 129 281 722 213 784 930 62 615 0 839 132 677 643 773 929 874 666 957 147 646 366 839 382 132 990 502 272 705 
267 646 693 581 361 345 208 116 996 746 863 548 24 841 824 102 173 896 239 399 713 314 20 875 495 796 487 264 262 762 469 0 863 299 84 626 101 775 552 29 735 686 978 179 104 75 402 1000 397 665 
476 506 917 823 910 266 872 609 197 707 381 842 929 940 96 681 895 49 484 986 197 171 637 429 809 283 892 708 155 518 813 929 0 193 118 764 607 229 427 82 90 443 92 799 475 317 945 544 218 697 
255 118 701 106 153 268 410 3 546 710 369 476 220 228 864 920 78 53 771 712 133 345 171 275 751 239 553 532 66 991 559 850 450 0 376 542 988 12 7 511 851 10 363 510 627 586 281 73 248 722 
952 900 959 728 529 102 391 748 378 719 554 856 638 139 735 759 203 936 413 61 364 958 787 240 676 791 459 664 850 16 357 203 642 142 0 652 421 528 404 731 700 410 712 736 746 532 888 274 522 336 
318 789 353 302 717 841 701 785 27 108 758 683 442 84 445 756 826 257 63 870 251 180 211 66 413 669 354 709 330 642 3 689 756 462 692 0 696 665 269 610 32 35 970 946 376 22 699 407 244 260 
527 840 824 656 151 232 767 167 18 786 352 458 617 20 484 216 210 497 502 263 544 544 839 954 721 577 78 554 696 212 172 460 535 325 425 736 0 607 187 594 13 52 756 809 595 855 330 410 321 879 
178 69 17 156 11 574 251 601 804 68 726 551 483 871 616 715 999 546 723 559 89 586 610 25 936 631 243 18 566 70 842 15 350 250 833 192 722 0 232 787 805 107 165 91 947 175 80 861 61 222 
379 83 64 960 841 156 606 725 928 170 764 447 401 25 206 367 343 450 862 373 337 16 390 886 646 521 359 758 699 814 556 788 614 452 62 617 751 495 0 109 741 559 434 778 604 118 347 819 508 978 
688 309 499 748 196 739 542 685 186 781 595 301 197 717 278 937 647 444 428 339 912 924 202 688 383 244 24 246 31 249 393 948 728 540 82 739 258 778 295 0 547 946 817 819 708 533 642 244 296 444 
48 766 508 189 648 411 922 732 945 121 21 639 650 913 399 257 955 949 612 865 406 839 451 511 520 267 360 399 244 558 562 459 7 77 808 698 358 961 76 905 0 867 619 718 25 892 469 944 116 542 
335 885 876 832 707 217 588 438 367 183 355 257 117 220 959 952 865 224 591 302 200 725 683 800 185 330 975 201 698 157 631 191 300 548 572 635 164 393 765 730 501 0 1000 155 250 956 665 360 647 493 
686 707 955 184 948 292 792 873 766 817 583 160 80 848 498 215 281 899 655 837 788 590 674 590 623 955 386 268 99 159 856 324 36 695 941 827 170 509 287 510 990 127 0 234 632 811 105 432 571 682 
827 682 373 66 249 642 491 626 806 44 275 82 253 794 947 325 101 501 206 954 448 120 970 994 690 651 935 0 191 466 506 60 555 905 677 993 623 133 859 110 992 745 832 0 924 475 616 182 399 144 
251 869 790 833 586 686 876 388 197 994 809 544 431 932 574 877 643 137 674 417 775 457 901 922 108 846 22 102 754 141 955 795 25 211 880 483 372 442 718 783 529 789 422 719 0 450 745 105 449 163 
838 725 11 679 481 945 233 658 272 112 828 606 677 325 6 872 340 391 232 786 762 312 944 383 770 451 446 526 574 71 418 377 515 835 478 193 554 491 654 176 686 692 369 436 724 0 132 870 614 669 
628 34 856 954 696 117 736 290 738 652 225 14 301 57 660 888 340 499 73 715 288 847 704 675 681 39 430 181 452 648 791 946 225 217 149 734 593 666 534 259 263 693 815 384 976 560 0 553 302 414 
763 855 780 527 525 472 624 277 815 515 558 550 626 932 77 332 795 192 478 12 194 409 448 878 863 217 18 327 795 654 707 82 266 799 200 404 780 612 659 236 230 397 118 335 642 365 539 0 212 742 
216 297 48 662 321 928 10 285 230 107 437 908 930 606 866 717 16 519 46 208 218 242 131 215 905 454 315 247 86 83 802 459 428 970 591 304 674 230 868 693 808 520 837 464 58 980 174 268 0 772 
827 99 379 898 111 999 593 755 886 985 971 722 766 596 322 976 134 233 683 759 529 913 779 290 667 528 308 571 251 69 858 903 544 900 502 690 162 712 107 265 49 506 342 887 980 880 838 8 544 0 

Depot information
1
1
1
1
1
1
1
1
1
1

Customer information
18
19
20
22
15
18
25
22
18
15
23
16
25
22
22
19
23
18
25
19
21
22
19
15
16
16
20
17
16
22
17
25
25
17
18
22
23
15
25
16
