Seed 125 - Instance: n50m10_2
n 50
m 10
Q 254
L 0
U 1000

0 608 413 62 468 812 635 777 929 233 110 523 855 330 478 700 1000 244 951 374 33 665 51 146 399 757 398 337 399 94 663 848 199 429 772 942 444 757 59 582 609 817 541 67 73 35 255 853 408 327 683 395 651 736 340 708 353 93 942 88 
176 0 136 92 278 112 302 947 378 386 353 918 284 655 465 140 382 661 357 747 451 384 796 446 739 551 945 323 622 815 448 508 455 75 284 504 659 31 550 100 683 615 711 531 275 855 970 694 517 869 618 875 934 798 637 185 945 60 462 369 
537 960 0 842 134 328 338 208 992 485 818 130 591 595 566 479 637 61 579 321 19 685 770 849 531 293 195 33 521 921 902 770 321 31 735 546 561 763 179 446 993 530 609 374 415 337 161 443 471 567 453 688 590 296 279 530 745 76 328 37 
539 222 246 0 976 402 904 605 462 582 436 613 880 966 509 43 823 891 522 646 768 448 854 24 92 290 276 450 585 573 933 770 117 577 746 889 590 299 280 722 897 176 261 968 997 467 351 708 765 333 662 941 829 207 156 224 199 448 2 55 
219 372 549 345 0 584 486 77 559 351 288 763 75 943 93 86 503 482 658 467 663 14 99 215 659 259 606 522 541 916 37 347 229 72 890 522 534 329 284 840 631 550 722 582 461 731 1000 523 131 699 4 731 151 588 450 894 275 886 880 236 
396 398 607 827 194 0 493 41 368 403 54 328 641 291 22 873 505 583 343 212 575 803 280 777 391 636 291 435 394 558 915 88 702 865 648 210 380 480 470 936 602 976 772 216 347 145 525 564 997 812 886 569 755 274 344 381 862 335 655 633 
304 208 485 765 845 689 0 803 468 844 391 899 13 819 708 800 695 164 987 659 807 949 926 563 370 675 766 964 492 49 781 14 582 892 106 789 909 325 663 180 958 443 814 856 843 874 600 926 929 549 146 171 352 639 627 628 726 993 56 945 
714 51 774 110 728 985 922 0 802 996 35 120 347 969 32 108 850 583 166 242 567 347 673 574 829 757 708 539 268 78 814 908 884 204 210 155 196 867 386 285 407 763 940 857 977 47 860 800 984 600 943 567 634 569 629 273 341 522 220 903 
899 769 347 786 696 472 282 940 0 41 982 730 107 542 626 889 381 166 501 57 132 705 65 849 774 746 90 223 613 153 265 215 967 169 364 559 20 484 465 848 744 738 338 660 706 546 338 112 825 328 32 348 960 405 962 52 567 741 986 351 
932 517 967 485 928 904 874 369 162 0 526 502 302 190 420 57 275 929 487 237 104 606 241 261 650 12 777 344 728 790 263 629 352 542 95 89 18 324 430 745 766 172 775 410 278 972 751 878 182 793 536 147 461 26 897 303 852 338 888 822 
416 582 565 719 823 852 621 307 538 144 0 612 732 479 403 380 560 436 242 774 825 402 357 775 734 743 307 987 48 330 136 238 78 318 582 196 753 744 499 702 547 447 733 629 459 4 510 782 333 133 672 759 762 336 233 3 928 548 67 578 
735 538 249 990 369 170 431 944 699 535 572 0 260 571 462 954 465 59 328 631 439 61 28 231 535 523 23 398 585 761 888 72 976 782 142 599 906 896 961 711 478 453 239 55 821 511 922 102 786 260 289 401 913 214 988 355 894 230 945 532 
519 718 175 330 622 711 281 865 31 875 905 461 0 64 606 556 409 126 434 423 376 157 932 236 633 919 803 200 138 196 9 960 95 729 330 269 763 844 297 44 807 337 860 416 791 360 665 513 569 724 754 239 304 551 547 968 381 400 622 70 
377 738 76 282 563 881 315 83 655 59 705 589 10 0 35 683 261 279 748 776 627 42 384 514 249 434 789 232 435 544 420 524 414 215 490 303 468 454 324 476 543 821 412 612 158 643 498 268 683 632 154 870 850 3 327 8 44 669 928 137 
736 87 13 564 526 868 762 354 926 980 750 932 500 8 0 424 45 945 644 420 709 286 975 27 576 372 762 201 798 111 6 976 922 800 926 692 950 800 167 46 548 126 949 82 420 993 873 125 291 713 799 204 864 906 4 862 411 59 61 397 
853 545 438 942 493 561 203 785 979 687 89 406 493 518 722 0 833 284 83 875 30 744 637 436 278 510 420 410 233 206 801 572 409 725 382 619 472 277 935 630 349 277 156 531 865 703 95 718 152 247 454 819 387 650 412 394 282 617 551 31 
454 695 107 890 362 818 862 303 621 771 823 921 674 827 921 247 0 872 36 176 682 430 530 892 456 297 92 143 242 481 730 918 846 273 4 735 585 80 864 973 317 181 308 17 393 952 771 358 203 611 849 498 503 527 174 780 722 552 92 254 
25 541 971 92 967 168 620 426 774 391 269 475 293 683 640 262 375 0 778 262 349 627 833 507 838 828 564 371 974 75 277 950 688 789 94 430 898 723 882 380 46 496 34 859 375 684 652 392 659 930 662 34 999 410 65 491 692 684 435 876 
152 191 47 761 435 97 977 487 605 286 503 478 105 483 221 557 694 811 0 595 979 69 101 655 275 274 427 990 668 387 414 225 457 740 209 857 388 875 692 251 480 205 673 826 277 429 280 488 953 698 540 893 77 330 540 352 908 709 405 688 
316 463 351 407 481 581 352 143 181 8 406 57 115 480 919 907 239 720 623 0 5 641 794 370 37 409 432 246 626 309 823 709 109 196 223 966 449 345 362 463 261 472 536 127 630 278 702 539 308 664 770 761 78 344 821 27 673 449 466 829 
898 351 110 703 120 450 664 576 237 730 180 509 496 504 579 477 691 487 899 530 0 41 950 425 481 886 86 568 87 351 984 884 103 128 38 937 313 194 170 918 377 3 671 744 950 250 901 844 453 203 583 432 692 72 125 125 251 124 997 621 
5 6 42 626 454 437 300 670 873 450 309 704 850 631 21 972 658 5 528 497 348 0 42 154 621 551 709 384 799 457 534 958 404 243 793 601 391 671 433 662 587 122 172 372 520 911 630 12 93 203 251 464 821 22 84 549 457 810 200 1000 
433 510 614 866 375 459 265 308 10 765 99 313 12 522 31 736 670 882 365 938 267 979 0 193 354 901 664 545 876 46 682 740 642 158 823 63 18 704 240 790 947 681 104 121 702 904 273 483 733 527 173 128 447 353 254 289 228 490 920 413 
86 651 90 833 111 447 691 523 865 91 192 736 694 570 235 314 678 954 912 216 170 245 10 0 592 991 83 102 723 630 304 515 371 667 394 657 265 337 144 479 498 891 462 991 103 241 301 26 585 603 386 191 345 783 671 533 426 128 855 515 
527 23 200 359 529 739 469 79 446 467 46 383 177 746 708 399 434 913 775 858 970 765 125 860 0 405 11 380 415 66 846 836 695 787 602 767 603 399 987 368 103 533 208 472 694 723 351 800 671 938 475 208 305 832 493 412 605 892 921 341 
571 395 222 500 237 517 606 661 492 553 163 895 662 481 199 454 793 344 239 860 444 552 439 884 17 0 952 920 949 575 634 487 40 935 43 986 197 293 379 931 777 178 598 801 744 413 101 444 882 621 268 439 281 42 507 646 748 362 811 218 
932 301 400 189 952 897 946 881 40 876 42 675 601 599 860 272 979 213 625 30 168 256 514 559 255 674 0 211 23 648 41 717 857 92 315 424 984 615 932 749 460 228 773 663 699 358 574 772 405 67 859 17 583 767 173 283 489 568 272 58 
290 728 986 470 188 396 820 754 332 52 294 941 604 3 823 623 62 427 804 187 267 218 641 925 637 236 406 0 746 468 414 250 432 364 940 535 900 595 223 219 524 236 254 918 705 635 649 824 613 894 333 420 443 173 894 522 965 727 114 121 
556 443 866 227 12 441 193 83 795 30 96 40 534 716 847 786 284 9 153 932 704 128 593 713 469 18 855 261 0 399 951 528 591 397 25 624 664 79 762 138 227 928 314 392 353 473 623 716 551 634 311 56 53 918 548 632 752 304 697 395 
676 327 287 972 140 129 897 312 187 763 835 506 414 177 45 288 240 576 816 42 984 497 838 35 728 596 251 460 492 0 415 659 892 250 716 4 391 900 168 871 495 935 940 631 706 471 249 649 19 218 499 246 910 786 532 1000 599 733 514 324 
245 867 450 650 276 450 20 24 290 400 441 401 264 790 791 743 808 231 238 258 999 231 162 347 538 119 351 911 744 734 0 914 366 659 253 443 567 201 470 494 106 917 191 188 22 940 306 805 156 636 823 49 671 701 435 752 432 84 638 755 
999 317 909 284 583 698 964 507 971 227 99 737 245 941 2 876 750 393 182 657 145 133 984 815 938 911 251 317 65 286 548 0 454 932 737 4 648 666 525 901 102 578 438 441 99 199 144 936 626 914 361 59 645 206 20 162 465 769 245 906 
237 854 70 779 853 462 875 14 885 162 798 18 655 787 475 517 640 624 188 31 403 558 258 57 82 451 271 949 22 359 911 221 0 358 375 549 187 902 856 400 532 338 701 165 371 957 50 533 218 624 696 102 561 582 182 986 9 738 527 832 
355 307 494 79 30 592 976 938 635 430 481 162 957 820 626 32 177 152 299 955 490 982 907 692 856 822 373 332 68 89 987 823 29 0 912 665 203 942 380 271 857 94 767 92 621 880 294 521 533 927 140 619 519 506 413 261 617 792 776 82 
123 901 789 399 434 185 181 412 783 366 283 484 266 804 735 617 739 809 514 410 743 370 598 95 482 480 714 506 583 303 669 974 331 704 0 895 644 558 443 899 719 897 196 869 644 904 470 679 757 553 143 532 825 387 937 327 744 271 204 848 
467 54 19 552 238 762 57 593 780 812 546 875 854 223 464 87 274 647 899 412 319 23 141 257 671 806 875 834 699 632 272 961 226 83 438 0 421 133 680 507 38 585 907 317 240 969 985 154 860 728 364 340 768 994 765 158 993 650 387 264 
930 769 660 104 95 393 611 11 61 875 382 371 79 602 882 422 601 43 372 598 921 641 417 85 934 990 51 852 686 456 284 219 728 844 989 849 0 173 817 662 652 473 134 248 886 132 204 588 711 861 258 564 592 398 306 24 383 224 912 742 
456 182 358 327 279 792 919 428 51 300 97 903 980 106 797 216 761 821 935 411 916 528 331 672 919 856 859 267 468 974 324 514 509 674 91 435 675 0 800 214 465 944 31 145 705 551 884 679 203 245 817 588 990 449 878 852 422 759 516 946 
728 350 306 388 13 105 567 243 300 225 493 81 366 278 447 564 828 997 162 107 831 967 650 589 216 782 71 247 310 881 754 566 867 151 505 565 143 476 0 322 406 872 151 370 602 888 258 463 779 181 697 827 165 218 968 255 934 399 571 563 
408 398 98 541 214 627 911 800 504 235 923 279 522 83 269 395 330 920 470 38 522 300 660 821 914 44 741 782 546 437 756 588 461 241 460 141 858 4 547 0 919 22 281 893 807 236 494 2 148 880 205 788 925 592 486 25 382 486 728 387 
560 604 139 223 59 197 411 425 20 713 722 486 403 288 776 542 791 588 661 723 532 861 764 690 605 725 990 314 421 560 986 15 533 0 234 29 70 165 493 272 0 586 79 23 832 927 180 665 610 994 531 743 823 335 197 900 193 876 208 468 
432 475 106 325 499 59 746 390 176 679 775 34 212 265 315 214 788 249 621 133 413 936 58 936 359 579 309 429 807 201 552 737 326 696 961 118 615 498 884 477 397 0 76 535 764 292 201 118 20 903 946 944 343 718 243 813 274 956 777 644 
522 230 956 754 745 950 115 754 842 999 950 912 830 855 209 192 522 34 776 978 139 498 333 83 944 428 537 807 642 873 481 716 469 141 864 731 254 251 940 169 859 230 0 913 486 983 105 528 327 647 485 268 557 235 630 203 741 817 979 486 
176 420 461 324 922 758 620 491 477 908 520 382 6 337 192 74 341 287 331 196 258 802 778 98 358 444 826 557 281 734 361 770 325 672 119 64 934 132 769 394 325 956 7 0 898 113 766 21 329 581 206 764 212 954 802 37 881 727 404 965 
571 176 470 857 173 809 363 230 272 947 119 755 3 820 799 760 610 467 757 222 269 773 255 472 689 561 449 351 626 320 746 623 217 45 511 566 921 549 19 732 473 591 900 184 0 514 677 560 650 842 356 187 412 221 27 907 971 572 213 275 
980 952 821 922 82 143 988 527 476 556 191 370 134 995 507 545 414 35 162 921 306 646 342 723 667 465 941 687 581 388 412 303 945 238 495 809 368 83 378 144 165 907 763 317 928 0 600 236 836 229 921 280 478 259 717 434 69 44 991 7 
960 164 74 164 801 992 194 163 218 540 141 865 240 829 272 731 323 644 344 606 776 288 869 593 502 469 549 851 658 658 85 83 558 501 296 410 230 25 638 867 894 278 905 78 360 746 0 133 78 46 758 606 256 967 157 896 187 464 167 315 
275 126 243 880 821 629 550 802 228 823 583 232 427 788 149 259 57 423 977 707 323 911 812 55 246 220 183 910 340 71 105 276 258 467 996 23 479 916 653 332 911 268 485 542 335 544 941 0 697 125 992 35 35 950 338 700 116 696 79 194 
471 717 971 939 96 423 61 246 95 261 942 940 622 970 18 591 38 640 983 281 804 287 431 60 673 349 575 307 389 456 266 516 451 493 284 412 189 338 876 436 297 818 143 813 585 307 431 811 0 970 656 981 115 661 561 354 66 997 447 467 
473 59 215 447 28 439 5 900 171 221 175 396 213 348 528 667 432 125 48 873 599 515 973 912 940 974 642 626 772 757 418 761 326 954 638 633 727 99 645 931 482 714 934 934 863 816 968 932 591 0 980 47 577 241 549 536 582 284 387 716 
508 891 338 367 242 614 841 358 395 122 727 734 910 464 610 548 669 520 870 527 283 853 431 812 317 29 930 753 852 29 936 200 919 343 87 190 360 592 883 805 671 758 698 790 496 951 0 678 954 788 0 627 938 615 356 535 535 13 167 753 
932 125 507 910 443 844 514 464 745 772 658 162 180 565 92 630 263 663 976 945 819 309 547 170 338 997 467 753 531 126 156 375 30 936 384 870 930 586 904 823 604 898 793 528 574 973 950 452 635 622 441 0 995 618 648 63 787 147 356 97 
707 769 736 119 441 492 843 283 58 493 993 379 376 503 512 790 657 1000 850 619 161 316 568 806 417 309 358 275 839 333 219 335 87 205 212 190 676 551 138 224 348 701 928 53 501 539 581 556 244 648 430 721 0 612 696 809 134 412 983 457 
630 830 199 609 315 211 728 542 847 830 181 952 408 225 241 641 11 391 103 186 237 394 690 489 525 599 902 753 440 986 370 897 782 172 512 872 458 296 316 817 219 406 847 451 353 967 492 519 841 765 153 553 159 0 0 219 843 417 892 311 
463 344 46 119 73 154 98 611 182 84 868 510 911 469 930 871 697 106 421 597 365 430 131 425 891 80 789 906 45 732 633 155 298 222 314 991 346 396 703 493 998 375 334 337 309 496 466 336 239 424 769 581 302 772 0 743 811 940 65 178 
206 645 629 337 152 939 443 832 726 912 378 851 530 794 376 728 793 497 395 886 229 374 82 148 165 999 867 392 189 390 377 311 242 177 92 825 753 759 703 771 494 83 682 513 512 619 258 884 430 782 854 563 605 96 20 0 284 932 968 846 
557 152 537 680 154 778 338 106 731 429 144 47 468 693 576 540 734 705 458 15 157 210 476 150 845 150 771 806 491 328 241 420 413 814 24 615 975 50 359 146 309 352 865 451 96 642 386 281 359 319 596 708 598 1 252 269 0 260 177 443 
251 211 805 411 326 309 62 390 69 759 512 279 728 793 692 733 31 332 600 370 258 566 882 662 523 32 114 130 825 184 964 807 147 992 259 579 200 134 536 516 306 940 700 396 574 759 348 206 140 535 142 188 565 155 793 183 178 0 679 835 
139 325 629 779 557 987 706 268 579 893 560 87 391 132 810 499 901 927 443 96 612 920 595 701 960 817 126 718 993 284 960 832 609 223 609 583 137 689 207 24 243 432 136 35 541 605 152 354 543 890 281 281 331 184 358 247 278 621 0 260 
784 558 114 48 580 323 804 476 126 599 967 216 979 137 802 448 72 618 108 425 340 90 124 668 354 408 702 617 907 789 775 596 343 749 723 614 50 415 738 369 973 683 27 367 323 909 850 375 556 707 244 101 48 591 389 182 271 34 447 0 

Depot information
1
1
1
1
1
1
1
1
1
1

Customer information
25
16
19
21
19
20
25
19
23
18
23
16
24
24
21
20
22
16
21
25
19
17
21
22
24
22
22
25
18
23
19
15
24
20
19
19
20
19
19
19
23
22
24
24
19
16
17
15
15
17
