Seed 123 - Instance: n50m5_0
n 50
m 5
Q 156
L 0
U 1000

0 896 942 578 339 872 14 933 722 166 688 52 620 544 303 912 167 544 550 300 895 704 559 431 975 141 657 271 145 491 552 1 16 111 600 996 721 782 903 194 690 540 5 107 471 826 134 591 436 187 577 1000 17 253 272 
844 0 516 508 764 285 351 854 596 238 986 682 44 286 776 762 919 794 857 820 612 579 798 437 982 258 929 451 485 551 706 884 455 943 414 533 130 516 337 227 297 329 350 934 349 113 860 245 68 80 593 356 587 650 940 
421 118 0 531 24 763 836 487 474 442 848 218 75 142 909 622 403 29 20 400 110 367 442 260 773 470 899 707 43 216 83 488 9 509 80 718 263 918 870 546 445 709 214 813 584 324 83 974 412 46 934 347 381 500 507 
271 390 396 0 116 830 372 708 737 515 64 287 488 27 297 100 781 722 947 951 930 417 860 11 871 612 990 924 205 997 524 915 460 885 581 433 115 959 134 196 235 935 669 538 660 121 490 821 820 317 106 376 44 404 434 
905 975 977 893 0 920 980 32 393 367 768 968 801 17 389 881 204 897 671 294 172 899 222 328 460 296 53 811 570 850 563 985 427 108 266 488 974 831 767 653 235 31 155 434 415 417 179 946 771 382 578 244 350 221 550 
747 32 758 898 508 0 176 977 977 834 501 924 132 911 841 750 611 449 699 847 731 269 52 134 674 905 38 804 439 244 609 320 966 215 356 309 26 865 348 700 646 871 479 148 906 368 245 706 548 94 596 681 509 661 176 
192 914 713 576 236 698 0 771 847 393 840 681 942 742 896 686 884 904 966 97 947 244 57 7 306 577 280 831 709 357 447 843 31 803 871 996 779 237 960 693 19 867 243 388 842 488 258 190 850 587 893 809 830 932 56 
511 787 365 125 392 935 921 0 370 503 892 820 827 576 921 548 343 723 916 693 487 717 318 403 315 619 347 782 964 790 875 221 521 956 541 66 657 964 473 510 74 528 438 107 312 618 360 950 827 640 913 632 391 27 274 
695 61 227 41 68 639 973 217 0 853 133 612 396 612 820 277 267 922 230 710 181 541 330 233 481 166 401 21 267 639 561 101 775 406 991 905 116 58 54 972 353 0 393 308 152 880 483 471 620 261 275 565 3 682 851 
428 996 557 851 167 573 891 551 590 0 769 924 605 35 599 650 932 693 392 258 225 28 729 652 936 378 160 488 467 738 332 241 592 925 950 518 890 99 235 195 324 711 104 234 908 474 111 55 153 137 213 826 51 22 119 
845 890 57 235 742 832 684 991 249 197 0 82 153 712 153 735 470 138 919 413 346 793 215 492 860 667 271 204 262 929 596 686 376 997 855 875 841 38 799 615 90 102 37 208 964 879 177 648 912 450 186 115 25 700 573 
252 302 194 985 510 497 644 416 130 841 763 0 664 123 223 510 806 773 367 802 934 663 939 933 565 125 621 536 272 657 248 583 228 349 104 542 592 604 658 146 993 657 387 578 357 970 321 167 37 8 502 357 433 615 807 
598 967 526 504 610 279 10 727 485 577 678 783 0 584 408 825 790 354 208 842 999 212 778 556 727 58 875 411 991 713 74 209 91 236 923 222 562 810 342 679 805 151 682 200 655 610 404 348 799 808 253 730 600 77 438 
979 848 833 744 945 849 968 404 532 498 980 11 595 0 959 998 256 189 866 479 357 873 969 806 233 859 59 254 196 299 725 891 594 521 781 14 797 104 707 320 40 256 43 861 345 21 812 186 783 250 592 527 805 593 264 
373 741 798 11 526 699 432 499 457 38 232 502 523 531 0 671 602 967 622 202 769 933 6 433 778 826 971 154 227 707 521 714 619 786 385 395 321 900 161 837 75 572 674 289 431 532 105 702 186 157 928 180 873 890 48 
515 63 465 968 661 854 266 566 972 932 403 648 454 175 802 0 717 467 409 655 452 160 303 781 831 3 530 87 942 175 486 265 970 420 990 485 124 372 303 951 946 531 36 961 734 250 927 259 886 884 296 222 491 729 220 
457 463 339 604 850 193 498 984 284 379 222 781 684 932 595 584 0 958 368 142 547 40 757 411 283 697 709 46 739 738 678 383 765 639 84 469 469 666 482 522 543 951 398 713 164 851 553 140 935 408 301 491 221 668 3 
588 943 245 82 497 448 263 666 546 514 186 158 612 151 305 586 357 0 423 854 652 721 180 280 358 830 930 281 120 336 872 8 160 850 820 656 298 55 710 615 961 106 991 483 241 231 340 138 457 849 374 509 727 639 207 
4 402 197 3 730 170 969 25 182 266 912 154 849 259 724 153 578 10 0 121 749 174 784 827 697 469 827 525 50 989 921 121 15 172 525 546 231 36 69 946 322 712 8 365 687 251 98 805 241 672 172 621 310 718 730 
364 105 69 846 778 682 621 276 124 567 903 404 616 719 93 614 863 797 100 0 232 879 135 133 586 191 646 387 367 162 840 501 540 242 27 1000 640 44 658 732 53 563 413 375 116 641 813 263 554 702 988 619 950 77 439 
414 978 669 102 509 90 966 187 409 702 268 719 395 7 297 528 814 588 396 565 0 404 661 856 338 637 554 325 804 707 56 791 359 975 630 341 996 979 793 913 627 817 562 95 415 808 993 720 822 176 17 640 213 572 634 
59 981 757 284 168 418 344 97 392 97 318 84 315 595 888 1000 860 740 395 413 235 0 16 832 555 729 763 604 980 297 767 348 950 969 376 719 675 9 651 946 464 175 290 534 674 111 335 630 906 826 803 184 980 478 486 
660 836 854 907 499 392 40 914 990 265 876 302 476 435 312 219 855 418 962 7 956 587 0 34 843 11 378 535 435 598 114 331 763 754 895 357 652 698 166 490 587 1 596 17 517 368 503 390 383 702 435 247 602 606 943 
550 817 922 353 606 244 373 502 835 278 642 225 780 133 269 159 63 954 427 721 98 13 47 0 72 661 995 658 367 858 319 526 725 418 833 415 243 86 877 102 167 219 2 593 548 819 5 475 881 318 721 939 416 543 100 
797 1000 662 623 469 126 227 73 474 882 203 708 632 893 792 134 822 932 709 915 371 870 217 718 0 158 874 51 846 863 234 540 886 238 215 184 305 209 962 995 631 795 526 121 14 930 800 94 27 429 492 385 351 304 502 
976 331 323 567 366 208 384 503 470 303 79 82 970 617 459 169 136 25 405 938 224 947 890 358 680 0 967 801 790 1 691 436 916 683 916 37 874 456 257 124 67 272 674 698 69 89 518 180 706 932 151 896 117 844 640 
509 830 424 762 451 874 266 571 20 630 179 668 930 673 30 120 213 359 116 526 59 539 996 700 688 725 0 302 512 569 901 205 542 609 632 180 371 669 778 355 483 742 964 995 953 327 335 899 906 705 782 418 553 139 638 
383 749 154 765 262 391 310 34 142 576 735 767 832 994 221 511 714 87 529 765 790 877 586 312 579 633 397 0 768 566 316 421 301 163 750 162 584 233 662 55 994 174 923 188 376 264 867 663 441 621 816 625 755 407 277 
697 588 433 623 436 910 205 845 952 191 643 407 863 98 665 84 989 672 445 311 367 263 362 458 890 715 79 955 0 835 872 341 998 220 842 33 753 253 968 605 670 824 931 840 444 729 785 423 464 62 377 38 686 44 257 
662 396 956 620 815 617 232 372 570 721 8 679 415 369 166 353 261 91 868 118 495 740 748 287 942 827 630 354 540 0 45 156 900 966 774 181 755 926 362 830 118 564 739 90 698 364 896 995 54 718 96 951 755 619 830 
94 995 446 774 951 262 559 77 391 49 915 4 923 319 548 708 2 291 243 581 1 573 818 435 548 22 738 935 156 470 0 494 181 2 757 182 702 284 156 500 118 493 590 762 565 175 290 350 874 985 540 660 482 716 690 
772 528 803 7 349 354 85 867 430 942 438 156 809 965 502 687 734 608 427 476 544 225 101 645 528 963 80 149 203 459 247 0 211 755 610 551 899 99 210 395 197 771 268 191 447 527 363 519 138 289 320 845 241 161 788 
376 722 160 547 733 287 257 847 149 750 148 734 655 810 191 372 848 683 140 17 867 138 761 95 570 18 49 974 904 836 38 46 0 243 611 953 301 679 997 204 658 481 493 958 946 922 192 107 950 84 14 458 256 740 283 
23 984 369 281 325 973 933 381 80 685 68 446 616 899 334 355 500 420 302 636 494 648 98 604 773 865 884 869 480 597 967 577 466 0 58 890 751 440 342 520 165 348 367 767 400 507 22 292 759 815 962 816 500 736 311 
414 522 845 863 688 53 106 518 268 62 313 222 85 439 142 967 789 366 712 928 583 622 47 135 64 384 195 404 257 766 481 906 411 29 0 833 79 53 985 311 683 567 297 556 243 832 467 339 394 918 543 455 536 345 731 
495 107 706 844 259 37 414 867 198 821 362 631 6 789 547 734 972 465 771 834 309 367 734 852 513 534 988 739 142 853 543 369 444 52 677 0 161 150 782 445 495 2 854 433 753 242 394 467 444 905 106 343 914 650 980 
879 808 37 912 534 552 777 536 680 982 718 579 723 684 420 664 917 18 509 247 561 822 752 739 88 368 201 269 710 334 340 905 831 331 129 334 0 837 462 707 216 491 342 44 342 330 705 432 579 971 203 786 111 289 278 
603 471 917 764 993 260 147 577 350 284 648 358 449 45 181 513 719 444 713 468 538 794 91 280 273 388 657 996 756 246 293 39 574 472 610 777 625 0 595 932 398 55 521 242 299 895 689 74 520 468 269 638 924 24 916 
319 218 915 210 942 468 899 357 148 14 336 865 627 248 367 748 31 522 644 10 914 917 76 34 561 51 765 301 444 191 187 840 867 590 856 786 286 756 0 828 181 422 101 630 989 583 221 208 817 349 190 731 656 311 911 
299 641 793 509 993 234 751 612 424 794 426 102 806 838 371 236 591 55 730 390 922 89 398 327 935 200 829 386 662 1000 816 880 573 76 607 439 816 379 657 0 589 524 890 777 671 568 183 510 328 253 790 607 827 849 729 
332 407 721 626 898 979 460 985 245 477 593 169 993 513 481 31 266 607 913 460 572 266 931 6 61 250 429 698 940 978 286 940 242 445 558 363 212 257 93 215 0 805 577 280 460 329 609 244 874 210 548 574 716 98 474 
20 712 863 286 959 271 902 691 638 672 93 99 355 499 540 789 707 591 444 352 75 489 737 644 422 410 623 1000 412 596 20 579 922 8 357 375 37 448 438 761 225 0 422 76 25 895 60 449 408 957 974 421 542 712 635 
555 701 66 921 38 142 569 985 967 521 577 977 675 880 975 521 390 147 539 354 191 706 17 858 170 241 132 515 945 990 251 983 778 943 159 772 131 79 134 538 53 125 0 181 291 192 934 259 8 107 653 199 769 946 292 
615 446 24 659 343 888 558 657 960 14 995 922 1 772 318 801 811 933 905 746 928 943 15 620 253 254 173 581 583 111 781 890 583 348 28 120 242 570 49 792 49 107 373 0 186 556 841 412 944 860 106 819 812 633 78 
757 650 29 524 530 661 739 469 760 620 466 248 818 970 88 963 625 470 153 927 482 15 249 503 535 923 616 130 135 487 706 606 752 105 471 76 349 790 814 118 728 303 716 985 0 431 292 326 4 921 466 497 548 5 134 
241 240 832 934 902 307 879 544 712 522 7 755 253 676 474 119 286 164 76 451 491 65 692 537 700 46 211 409 9 92 90 338 172 182 57 675 130 577 635 509 555 960 400 485 32 0 562 826 600 403 662 726 892 501 291 
129 720 377 44 794 22 165 896 920 196 831 673 426 568 580 452 70 27 784 69 530 349 21 178 239 416 949 761 490 729 526 817 494 514 144 179 913 985 255 721 128 929 536 698 739 531 0 520 547 220 543 406 19 685 103 
872 872 843 954 47 322 601 770 540 603 559 325 190 733 712 221 251 108 999 661 714 770 825 206 723 520 858 529 552 810 461 678 443 502 355 543 447 540 568 348 637 656 451 562 920 983 919 0 550 460 830 806 13 355 86 
577 608 713 170 414 9 320 931 906 49 391 161 759 972 330 618 2 281 734 605 373 648 425 68 754 439 898 675 480 197 465 651 884 820 874 892 72 845 680 601 646 86 905 880 817 380 298 356 0 34 671 571 754 466 645 
793 850 939 907 351 145 231 60 843 234 933 321 249 742 769 807 623 547 291 559 896 472 690 480 807 800 406 585 452 703 384 173 98 971 245 939 157 787 467 194 922 95 398 878 853 389 741 760 815 0 625 657 46 134 616 
226 419 880 88 897 651 953 89 130 937 449 167 439 92 802 956 702 785 584 726 665 137 804 580 915 255 575 222 905 507 77 261 346 469 0 80 441 485 878 188 926 894 605 950 587 219 126 334 646 43 0 976 410 728 813 
6 913 189 622 512 58 87 706 963 207 272 476 839 880 36 595 145 77 316 532 639 47 58 528 233 784 111 560 806 287 736 176 809 672 326 440 352 69 803 896 582 897 928 368 272 98 61 7 28 202 228 0 954 216 540 
758 834 965 132 385 377 483 89 860 987 391 566 481 755 826 195 855 785 721 361 455 148 987 575 786 408 744 985 552 837 185 313 74 420 949 413 450 986 829 764 107 745 295 153 920 438 261 409 400 109 724 571 0 778 824 
320 402 90 611 486 440 982 932 137 764 255 592 449 898 179 276 47 165 49 454 481 17 846 924 432 1 219 816 138 721 995 742 400 342 220 620 135 220 671 745 114 907 944 337 685 911 630 943 191 19 443 653 942 0 732 
233 641 312 560 24 789 99 614 721 749 840 765 466 180 794 12 639 299 269 713 628 114 984 578 258 939 490 25 15 387 930 674 275 774 617 879 495 116 557 482 434 389 633 859 437 713 970 719 165 841 583 7 921 44 0 

Depot information
1
1
1
1
1

Customer information
22
19
19
22
24
19
20
15
25
15
20
23
24
16
21
24
15
20
16
23
16
24
16
16
23
18
24
20
19
24
24
24
17
16
23
19
22
23
19
23
18
19
20
17
15
22
19
22
16
16
