Seed 124 - Instance: n50m5_1
n 50
m 5
Q 214
L 0
U 1000

0 930 995 107 9 880 397 999 139 853 277 984 466 71 395 566 584 245 460 62 157 752 294 760 607 898 648 637 392 474 275 755 668 184 231 881 994 218 669 672 928 815 365 273 958 724 43 651 340 692 93 318 4 748 538 
935 0 464 582 264 669 629 768 125 703 927 732 807 56 604 887 935 482 725 449 348 304 798 326 215 564 279 965 76 397 118 725 725 357 952 1 417 695 491 799 99 362 885 431 305 862 414 135 694 923 753 569 301 780 30 
696 121 0 946 51 473 774 727 655 760 735 870 225 824 294 9 904 177 608 245 701 323 999 409 756 879 40 272 295 705 547 450 135 709 399 347 390 569 491 349 693 185 604 15 612 226 510 115 360 457 64 232 473 662 578 
637 644 531 0 900 285 722 160 545 446 716 503 167 937 547 962 252 227 547 768 686 880 812 644 309 437 679 625 192 952 375 204 998 398 684 847 692 836 575 926 104 650 469 244 402 140 376 345 282 382 820 865 712 86 634 
821 840 867 437 0 58 430 21 609 813 84 483 683 457 857 687 569 108 670 448 803 515 222 329 233 23 372 228 253 530 768 821 136 937 361 570 738 460 981 867 317 420 107 382 806 686 872 229 548 165 1000 526 544 232 742 
730 276 578 34 906 0 778 153 805 992 488 181 366 12 59 384 307 244 395 600 401 903 108 733 901 223 738 922 201 770 163 908 295 918 499 471 512 725 161 256 385 186 614 677 216 957 764 137 807 465 989 127 986 48 456 
270 283 967 247 913 212 0 500 567 337 301 621 263 202 412 347 285 509 952 247 617 588 600 530 135 592 554 474 255 275 714 813 278 647 565 451 596 259 120 399 727 303 826 139 834 184 537 945 20 591 388 889 993 835 839 
258 223 372 711 911 1 464 0 760 719 278 446 486 285 459 828 158 94 602 3 496 821 839 179 536 674 417 943 688 86 926 699 979 476 988 216 943 797 168 88 756 860 496 94 855 620 216 979 204 129 489 370 70 564 310 
818 35 415 393 683 246 98 771 0 807 490 450 370 872 71 702 80 820 475 471 877 993 594 899 598 376 515 569 273 815 160 534 858 93 366 741 240 31 83 52 848 770 327 558 512 649 984 220 292 943 32 602 234 904 413 
80 612 929 75 401 226 56 295 750 0 817 586 730 985 83 271 846 711 987 980 722 81 170 171 707 443 604 465 936 67 778 985 798 95 322 457 855 354 305 319 851 871 623 339 750 843 535 383 867 714 84 584 888 722 509 
781 495 419 775 197 233 925 74 671 670 0 373 258 929 955 262 138 2 162 125 610 175 296 952 92 462 763 207 529 594 21 873 340 130 650 821 12 645 863 962 383 612 863 42 690 208 980 279 958 491 340 883 87 219 502 
473 507 283 685 216 992 906 127 509 41 996 0 100 593 84 487 250 807 891 833 687 254 762 262 798 662 51 940 259 624 98 450 540 498 101 181 60 536 349 963 534 229 547 524 178 124 362 511 147 105 21 379 995 472 323 
272 704 224 527 802 951 356 793 626 498 900 163 0 170 575 851 481 116 922 920 589 138 707 987 232 890 795 12 715 232 566 371 67 811 196 754 261 476 440 227 416 819 177 772 244 51 555 851 530 840 304 251 921 112 683 
85 230 384 341 555 784 740 918 18 147 677 419 81 0 439 709 791 466 471 759 60 403 907 40 647 456 843 174 878 120 252 121 738 421 31 667 801 40 983 178 319 209 551 984 762 725 247 294 549 350 33 872 102 350 603 
704 797 370 497 728 814 406 364 949 406 37 664 683 588 0 820 70 347 506 626 180 584 314 493 592 724 890 55 998 878 93 745 422 308 246 672 190 486 550 649 601 512 94 869 180 413 444 892 930 876 807 253 583 769 408 
605 225 882 64 335 417 79 444 741 567 300 526 940 288 179 0 99 154 531 732 595 638 11 19 221 980 158 769 851 538 346 59 399 493 488 969 575 872 43 884 245 677 147 40 706 659 165 222 720 81 426 419 831 304 660 
42 896 708 987 450 623 647 654 280 76 625 630 503 725 970 593 0 437 7 789 192 839 134 770 673 30 402 191 30 404 533 698 910 241 90 390 851 182 827 786 834 785 522 348 213 309 930 296 690 74 312 285 782 957 419 
909 457 965 925 729 913 637 716 620 716 753 990 34 992 598 767 715 0 357 443 21 184 809 225 764 881 374 877 869 200 2 112 826 683 401 314 280 74 631 810 929 629 269 203 832 68 174 798 187 492 724 43 391 963 76 
446 320 474 956 847 587 805 989 515 792 448 973 779 922 968 94 174 136 0 368 635 370 947 663 299 92 666 196 442 861 588 237 15 849 153 0 806 68 421 801 693 373 585 425 431 530 541 982 333 570 165 215 343 408 217 
934 0 504 534 982 163 894 223 368 520 380 531 577 576 311 621 646 847 60 0 874 452 273 262 410 693 302 892 894 280 743 170 817 629 418 831 883 168 387 380 255 412 436 480 304 1 592 983 220 282 338 776 242 247 663 
85 382 555 682 851 528 665 21 201 551 550 984 565 541 371 527 564 711 560 991 0 177 875 289 371 566 660 591 286 500 314 4 642 355 838 269 760 595 369 269 535 14 676 887 112 826 741 834 717 831 363 22 428 903 652 
974 766 150 13 0 296 474 441 334 460 671 165 888 371 732 493 677 383 831 766 585 0 297 751 181 473 920 380 231 910 622 663 558 94 750 852 937 135 854 696 535 634 253 769 872 796 416 484 58 947 612 128 24 538 316 
801 637 80 306 98 47 93 900 802 679 908 410 451 302 984 54 93 135 551 230 183 589 0 482 252 944 401 48 812 457 909 942 94 378 549 1 911 724 153 698 229 561 974 138 966 506 89 933 867 588 516 610 703 905 784 
463 645 892 166 404 83 822 143 528 94 110 419 181 63 736 538 581 181 326 707 235 472 736 0 352 70 735 690 671 49 132 801 443 827 617 137 820 719 675 103 796 565 474 85 77 137 864 613 279 706 567 995 873 309 393 
759 1000 661 364 819 923 426 675 16 133 405 283 146 640 399 123 621 487 855 21 896 116 789 52 0 838 944 896 722 195 380 284 547 641 801 740 800 824 887 608 888 834 147 465 38 101 410 518 596 159 866 751 728 390 85 
394 442 648 251 930 79 916 477 530 779 189 74 519 315 587 644 195 470 323 377 83 945 439 482 526 0 156 465 446 975 148 596 55 967 889 636 726 519 183 73 534 555 133 128 936 288 903 940 520 604 873 579 431 12 328 
430 996 428 939 629 71 935 245 538 954 646 989 22 544 475 268 866 301 999 186 263 710 11 865 797 86 0 864 476 815 924 235 428 496 546 728 544 156 593 291 65 291 436 748 285 500 849 279 734 672 787 720 7 29 481 
633 483 995 187 972 797 837 560 233 980 517 31 139 178 979 131 359 415 683 949 244 409 748 238 988 664 565 0 333 551 457 755 610 518 913 484 964 875 264 93 328 252 467 680 664 517 306 321 767 623 789 726 72 363 627 
862 573 549 665 397 695 426 947 206 629 886 690 411 981 517 755 546 430 346 164 126 497 360 720 265 14 826 947 0 601 300 983 462 323 23 897 255 184 866 897 299 800 474 670 499 919 760 188 334 94 896 413 656 237 486 
258 292 505 705 592 388 941 424 453 792 3 950 916 56 915 298 951 3 39 935 778 222 659 991 341 996 533 564 88 0 419 419 707 202 433 516 277 378 970 497 140 383 116 632 668 110 689 754 507 124 340 653 969 280 236 
371 337 747 462 905 40 462 99 366 103 324 168 718 330 150 629 112 836 316 137 384 54 209 844 106 964 437 524 167 753 0 882 928 568 311 451 819 446 510 308 384 685 4 410 94 247 760 729 973 477 673 876 921 69 684 
664 878 242 810 331 656 663 419 573 448 939 886 892 181 675 71 108 872 592 332 790 118 893 610 779 246 630 868 719 946 599 0 70 166 631 467 859 669 208 796 785 577 676 234 993 657 938 488 820 496 885 676 534 467 766 
361 306 493 68 816 94 940 442 353 951 312 14 852 603 63 161 939 843 388 779 384 531 629 428 166 799 36 929 727 613 725 889 0 872 379 349 887 99 798 682 349 295 43 252 533 396 91 536 210 548 14 116 348 302 962 
691 729 21 263 605 756 938 468 139 612 282 227 870 185 72 651 974 330 225 528 745 400 782 72 247 73 390 767 315 556 940 495 615 0 321 286 523 211 117 975 584 985 13 509 230 779 803 473 879 603 954 894 925 577 945 
359 953 790 661 64 300 936 560 497 156 174 265 39 263 11 478 539 364 129 139 987 731 409 232 268 772 18 303 223 583 898 723 136 488 0 247 672 657 652 299 422 572 923 687 139 509 796 576 846 598 803 601 239 944 421 
568 988 909 60 992 823 372 582 939 15 577 651 846 549 766 154 242 142 606 884 933 0 192 961 237 552 401 277 244 493 979 397 687 383 309 0 538 696 550 524 257 51 38 904 592 581 763 320 230 182 922 46 812 521 393 
60 362 568 262 259 524 12 677 918 784 540 980 590 286 459 419 404 997 865 977 726 701 62 416 239 656 108 291 301 279 170 473 42 362 712 976 0 992 531 14 791 860 553 79 99 395 981 202 954 274 558 753 734 987 625 
757 988 482 460 681 67 607 313 512 612 661 799 254 979 745 80 294 432 441 579 48 237 566 825 858 537 382 521 100 835 326 949 332 980 19 240 788 0 288 967 91 226 772 189 42 715 978 407 176 303 694 79 355 83 299 
963 736 123 948 630 982 265 860 272 430 149 894 167 364 99 380 581 32 350 522 635 893 782 982 943 682 950 790 749 878 888 690 357 391 34 235 520 780 0 356 53 761 561 304 176 179 579 29 239 401 35 870 580 167 731 
322 616 68 245 91 63 533 624 221 399 443 649 432 867 684 813 912 707 544 125 659 776 528 81 250 204 933 956 545 211 431 120 451 164 984 32 620 769 304 0 387 587 870 368 632 900 47 761 801 412 661 322 867 921 519 
518 449 959 309 90 630 805 258 563 500 573 398 655 734 409 93 52 896 564 845 754 6 187 540 85 533 913 633 908 564 171 285 111 452 750 676 438 768 912 436 0 349 769 463 105 223 103 524 12 562 732 267 799 141 834 
264 8 433 671 310 138 190 610 959 419 756 894 289 14 335 598 14 169 768 452 134 179 932 77 938 733 166 984 24 603 2 105 565 636 549 661 208 892 367 905 623 0 295 272 782 696 929 273 736 527 577 505 347 821 52 
298 24 726 424 546 40 745 437 235 931 31 932 634 361 148 206 906 54 136 755 935 687 363 238 132 70 231 648 48 775 45 763 157 293 299 15 228 104 255 242 767 214 0 762 222 780 524 255 585 172 926 576 25 184 102 
597 721 158 704 986 466 213 192 311 934 874 999 173 624 802 758 907 530 28 180 48 339 150 280 675 928 431 54 153 892 968 122 738 982 629 606 339 601 393 577 967 521 304 0 452 801 248 212 85 446 699 630 493 149 902 
416 201 413 279 725 789 299 41 461 227 730 18 936 352 140 86 672 635 947 272 762 858 472 633 43 185 915 414 245 998 853 586 574 11 158 385 575 454 977 317 426 414 799 22 0 558 478 561 852 778 757 866 26 206 800 
932 283 595 161 916 189 114 258 896 585 885 395 307 245 411 52 171 524 399 992 667 30 855 256 685 207 855 69 948 165 869 530 615 679 189 173 472 960 1 137 280 896 173 487 899 0 67 246 994 58 200 349 271 974 230 
900 486 641 822 882 685 732 805 222 256 972 147 145 577 331 75 135 639 475 563 526 116 604 951 264 723 415 723 904 884 740 183 329 107 330 759 730 37 723 492 522 362 862 995 650 833 0 30 162 371 794 348 2 188 4 
362 874 118 954 952 347 648 828 442 758 94 264 496 23 78 312 212 553 658 108 297 719 342 711 94 208 396 949 596 613 562 636 22 186 998 652 263 601 202 872 806 30 194 215 590 97 658 0 149 392 44 867 593 718 54 
753 422 978 74 979 57 801 923 605 167 204 650 761 169 401 35 2 386 707 30 970 564 740 101 558 51 125 79 747 667 668 30 530 806 461 132 501 536 893 871 599 107 258 359 951 67 519 634 0 171 238 253 472 185 429 
52 248 936 61 548 264 387 895 905 511 552 907 601 696 127 299 770 816 813 136 759 777 643 492 667 23 314 841 402 943 286 289 466 486 262 351 485 67 49 20 852 31 270 988 769 905 595 894 951 0 262 801 752 763 486 
93 681 491 113 424 609 319 22 680 899 746 897 16 548 989 127 473 341 132 60 691 618 567 552 400 87 359 360 935 873 936 624 76 116 333 427 681 621 690 535 27 802 800 472 819 735 330 517 712 545 0 958 913 255 166 
371 240 466 234 965 52 584 577 896 30 718 515 109 587 187 554 11 689 252 349 557 998 93 911 405 56 396 849 350 518 738 316 841 781 941 637 503 228 413 445 965 492 380 57 2 404 203 906 135 833 197 0 554 348 168 
886 761 857 162 993 61 522 690 92 794 559 866 550 915 310 8 538 277 862 891 362 583 217 46 34 219 963 273 205 45 411 631 166 789 957 288 311 183 520 259 365 264 242 261 201 5 460 523 302 960 334 578 0 606 48 
340 256 981 253 128 443 848 167 231 12 116 41 968 493 665 30 53 426 215 323 34 844 821 430 122 621 909 842 409 903 415 736 634 480 642 812 237 562 102 425 576 217 576 727 442 385 52 586 758 89 876 118 544 0 347 
709 613 544 711 539 220 77 605 146 566 510 300 663 484 576 951 834 330 414 15 359 448 471 567 23 383 518 685 673 555 39 922 53 302 60 406 649 769 151 625 269 302 234 566 637 777 458 98 866 685 993 260 821 280 0 

Depot information
1
1
1
1
1

Customer information
17
24
19
16
21
25
19
17
25
23
15
17
24
16
21
25
16
19
20
15
16
17
21
25
23
22
19
24
18
20
19
17
20
18
22
19
24
18
22
18
20
24
22
24
23
19
20
24
22
25
