Seed 124 - Instance: n50m10_1
n 50
m 10
Q 196
L 0
U 1000

0 573 360 533 798 804 251 710 511 546 521 592 8 804 386 45 584 543 40 612 771 618 315 818 767 0 407 972 152 111 941 94 548 356 140 57 171 321 293 104 371 542 181 901 587 137 346 792 504 823 166 76 665 241 74 617 405 19 441 705 
899 0 222 562 815 171 252 185 608 558 228 902 596 786 835 404 657 662 469 514 144 33 283 855 893 138 102 54 206 277 981 220 276 922 713 701 626 497 51 145 935 60 821 906 433 695 757 979 386 778 343 872 519 771 928 248 705 879 144 482 
885 809 0 160 749 941 839 60 404 639 228 175 35 447 582 70 496 497 327 833 555 724 643 649 212 664 68 382 900 117 653 293 932 829 706 644 134 621 231 35 862 645 516 212 344 972 908 308 688 111 103 235 782 365 627 315 65 167 78 176 
67 717 646 0 158 647 441 653 829 142 611 925 177 979 555 192 533 354 7 543 354 872 977 584 362 420 561 650 879 831 914 884 592 113 681 175 100 632 599 522 980 311 372 424 858 16 362 492 318 17 147 58 389 740 349 859 988 449 850 425 
603 371 549 572 0 857 166 660 877 671 83 926 366 113 999 4 739 853 444 253 582 626 147 268 268 990 914 238 765 132 615 65 35 61 698 539 290 509 148 442 30 373 894 424 473 473 766 422 913 63 308 937 455 835 781 260 219 287 653 918 
697 280 844 301 641 0 905 712 666 260 894 843 781 478 465 134 188 447 814 901 987 284 849 518 21 243 845 960 6 279 837 719 447 193 972 696 652 759 526 475 662 654 311 699 686 744 920 578 846 141 542 27 232 445 329 106 219 790 737 367 
334 962 641 70 389 872 0 781 307 136 684 462 431 67 717 103 415 410 816 655 311 869 763 660 587 928 329 958 908 531 714 470 192 676 720 161 249 616 124 901 141 71 127 545 833 770 79 149 708 494 76 10 629 342 576 150 269 473 610 795 
428 217 77 532 46 653 865 0 815 453 34 264 318 592 543 532 110 904 631 206 444 374 484 223 214 149 582 986 314 721 976 934 625 954 786 342 298 622 625 590 956 499 274 741 767 934 312 794 808 0 511 484 947 193 793 149 368 492 140 409 
129 835 96 426 928 973 533 268 0 359 224 694 877 320 63 236 765 795 276 824 479 539 321 689 727 84 966 274 128 533 351 197 372 448 868 505 579 966 693 783 301 761 871 331 260 803 133 941 452 389 67 93 890 281 435 892 49 635 143 983 
508 190 253 909 55 145 37 670 774 0 591 896 941 651 966 656 34 846 65 765 815 501 24 460 122 344 913 100 16 526 881 547 892 309 300 598 14 58 766 319 579 208 641 614 332 801 144 814 835 500 26 322 627 300 567 501 220 292 847 669 
649 520 45 790 602 647 531 607 832 650 0 350 20 100 202 147 124 968 381 797 380 368 834 743 981 151 484 657 817 794 706 835 90 351 731 329 442 596 502 62 78 515 42 814 918 431 351 837 512 979 631 415 652 240 715 981 366 691 551 904 
998 840 227 798 699 824 365 804 778 313 191 0 674 403 436 263 703 346 250 41 514 131 598 725 704 603 422 674 66 270 726 96 401 509 611 901 238 798 411 100 811 959 668 466 379 359 419 371 754 209 768 80 878 969 881 973 341 633 333 597 
747 204 689 680 926 303 794 384 321 340 628 856 0 785 903 25 470 892 20 825 594 237 250 415 105 689 659 301 888 545 4 24 821 870 51 317 255 721 881 342 370 229 93 316 349 15 368 756 230 393 698 666 819 349 432 994 516 909 254 265 
215 578 19 132 95 500 432 659 242 408 396 529 196 0 138 763 360 509 577 203 596 239 862 652 972 564 202 844 623 18 480 103 835 466 609 965 278 711 606 597 470 110 533 253 68 482 81 171 8 69 341 992 80 368 431 129 558 556 550 755 
48 966 937 420 47 159 524 964 950 350 68 22 137 149 0 630 617 871 145 937 258 786 233 94 276 226 652 121 825 703 768 11 87 602 797 496 610 224 728 461 115 759 566 483 991 844 202 130 594 309 950 385 70 532 996 382 772 413 416 598 
475 187 48 608 800 416 912 118 123 372 945 804 487 598 340 0 315 941 820 584 196 620 2 387 821 133 264 654 567 195 5 10 120 309 61 104 753 435 703 164 977 227 82 328 298 871 673 879 859 66 96 885 798 281 949 766 338 210 501 587 
859 947 243 759 257 152 27 722 963 789 804 1000 480 860 397 969 0 152 446 339 848 770 800 248 106 763 428 820 373 39 812 641 894 156 589 899 622 748 337 437 499 251 645 775 452 355 645 111 317 415 686 662 901 904 335 108 330 681 425 138 
25 865 342 638 392 136 269 572 402 730 693 415 548 404 197 86 284 0 881 270 756 594 141 20 268 932 129 683 771 594 4 2 443 836 618 302 937 866 664 373 264 445 74 217 802 546 523 567 156 274 156 508 880 507 396 213 305 292 604 633 
29 463 399 559 586 75 871 299 243 507 784 811 525 131 64 264 524 587 0 924 573 182 522 313 838 575 593 197 819 105 149 55 924 667 211 106 266 710 267 478 266 772 640 897 171 163 799 695 695 483 258 512 869 401 776 736 332 352 497 490 
202 672 654 389 733 466 457 488 836 626 190 726 98 566 133 513 510 888 745 0 877 297 852 7 686 329 861 469 782 817 5 66 674 845 874 684 530 719 618 305 485 220 924 272 315 670 576 165 175 402 643 558 327 273 362 64 438 251 783 748 
43 199 991 894 176 405 604 747 96 929 953 109 898 849 526 491 879 73 868 422 0 67 82 754 646 648 370 978 865 123 982 436 694 195 16 423 937 334 376 308 45 379 16 99 691 224 914 636 811 643 206 311 242 935 539 583 767 238 916 258 
905 708 200 714 627 466 487 873 32 1 668 9 33 162 828 570 727 538 149 980 120 0 142 168 484 92 19 105 390 718 503 654 211 430 518 883 983 886 711 84 954 324 171 744 173 438 137 483 775 345 113 64 434 176 28 92 692 517 238 1000 
433 769 264 68 176 859 723 56 809 189 586 565 404 532 233 181 523 775 842 692 695 644 0 515 285 55 788 213 730 302 20 337 57 603 328 449 93 89 984 750 325 337 80 950 91 479 705 753 359 161 797 42 864 936 143 964 543 926 47 881 
111 591 615 723 119 898 992 396 390 32 747 818 255 711 238 765 553 107 721 552 514 272 553 0 432 852 800 129 124 778 241 589 422 200 112 196 835 471 946 93 739 76 789 269 420 928 133 338 664 437 383 15 166 585 2 859 909 805 388 194 
434 153 756 211 877 797 587 419 242 296 30 218 67 384 147 436 188 890 745 972 83 852 578 688 0 918 197 444 832 518 374 82 363 614 89 386 775 432 982 67 649 643 364 222 961 884 928 90 265 411 950 117 902 49 228 104 420 135 300 696 
243 241 37 44 705 355 680 252 461 386 598 909 522 147 890 99 630 21 860 218 842 514 104 806 474 0 460 632 697 136 976 161 38 963 943 667 241 944 213 946 660 136 637 15 524 311 848 6 639 338 719 557 429 372 949 888 846 509 51 985 
933 40 25 890 206 905 179 452 399 412 941 493 737 95 929 374 688 584 650 487 337 201 324 584 490 804 0 179 505 272 72 524 629 495 419 875 899 838 160 40 408 344 701 669 428 859 887 23 460 377 947 846 767 484 692 372 787 168 104 156 
80 180 613 207 382 160 161 418 810 599 687 273 582 184 445 80 92 681 10 428 815 812 397 222 423 575 999 0 469 124 113 562 478 586 37 513 926 541 814 55 728 225 652 996 595 89 576 266 229 412 943 11 884 232 194 933 954 444 727 376 
991 889 597 109 851 86 385 818 603 616 448 511 461 246 468 687 791 877 938 493 351 134 701 362 29 216 873 961 0 822 399 384 84 898 296 541 447 907 376 764 964 764 458 146 460 682 659 465 266 83 592 541 567 566 689 219 732 389 738 827 
678 927 700 165 733 86 351 181 612 794 153 298 850 346 753 983 262 591 232 710 462 414 29 353 133 391 51 296 211 0 218 867 19 461 625 845 144 138 652 479 627 601 342 851 719 517 426 872 333 376 871 478 513 200 112 198 121 42 701 774 
951 279 976 751 847 189 557 24 632 308 879 723 597 44 138 761 528 448 233 171 939 304 948 566 284 833 613 615 271 824 0 991 475 408 501 760 98 728 261 988 209 81 232 215 103 791 43 408 385 866 46 595 252 64 788 9 603 813 858 575 
878 529 917 207 158 857 330 562 540 281 300 360 999 111 961 647 656 532 138 703 321 264 472 64 939 494 40 914 957 924 451 0 250 544 914 105 682 849 107 83 377 119 22 849 496 532 156 196 622 288 231 163 968 878 784 711 784 510 99 202 
639 163 997 899 650 245 141 228 926 447 57 823 439 766 636 756 422 203 918 355 567 507 636 424 625 341 546 931 610 821 809 581 0 922 347 306 858 269 480 856 763 259 938 117 186 486 211 194 851 770 909 824 746 879 284 114 597 556 973 301 
4 582 522 844 890 354 173 115 233 562 879 123 201 332 647 678 448 987 420 645 813 832 619 785 834 230 428 503 500 878 957 241 387 0 757 597 896 367 11 61 822 337 702 817 851 505 992 166 566 304 443 273 365 990 848 565 928 985 316 346 
962 572 776 959 628 252 618 846 207 379 555 373 755 359 259 71 153 660 788 885 398 783 565 186 725 972 305 42 421 610 634 280 159 453 0 948 900 738 154 567 63 61 772 427 213 845 87 34 239 344 405 843 311 20 434 203 328 458 175 306 
351 321 387 1 728 55 545 872 804 106 600 493 223 38 976 784 588 947 48 923 519 845 692 22 648 278 3 495 240 958 84 364 869 262 14 0 369 288 541 583 182 765 885 342 965 232 885 325 77 715 567 735 750 447 138 129 680 73 66 612 
115 33 923 418 966 639 295 8 957 305 498 159 463 361 3 334 224 450 568 208 272 844 354 104 342 28 720 988 435 983 125 349 12 804 917 58 0 988 776 423 970 280 483 904 612 816 182 608 482 199 37 635 530 612 17 373 999 43 171 484 
923 158 76 844 344 825 332 543 705 431 91 710 667 881 286 398 540 277 743 228 271 635 836 392 780 504 675 574 386 931 964 270 212 103 708 83 809 0 510 296 144 196 369 351 771 35 89 870 896 668 494 488 931 759 683 418 907 436 973 962 
115 343 324 862 370 478 375 958 129 782 564 938 970 406 251 808 26 127 338 779 259 363 565 783 107 365 327 924 650 376 247 667 691 698 237 156 689 522 0 363 924 697 467 854 695 291 858 721 798 836 317 864 337 119 835 150 148 605 792 182 
56 258 855 444 189 506 206 86 415 655 992 692 933 88 693 330 57 543 213 800 712 317 385 687 870 403 162 126 11 85 837 709 383 69 608 659 901 909 950 0 796 589 160 496 673 575 72 329 891 407 635 6 737 359 332 392 782 0 630 356 
217 819 222 810 127 932 165 18 220 571 135 894 591 608 259 719 132 36 277 969 337 734 204 117 903 117 726 544 303 176 935 893 485 836 441 684 790 324 269 142 0 77 817 724 547 816 670 518 630 171 624 55 514 108 533 737 995 176 97 386 
395 348 921 90 652 202 455 21 697 478 109 345 168 501 87 201 905 13 907 949 350 58 418 882 790 643 376 543 447 880 11 562 361 533 241 132 453 855 223 539 324 0 299 344 320 796 70 620 680 520 580 315 618 783 470 812 408 450 357 250 
867 692 332 373 272 10 345 988 578 221 862 249 263 947 907 132 381 561 56 969 387 875 269 472 253 935 541 39 60 100 456 409 3 179 449 576 41 885 105 575 674 651 0 95 432 516 334 133 894 320 188 357 255 725 14 53 490 875 995 983 
275 930 458 48 923 855 595 444 418 5 365 848 67 31 901 708 249 327 886 537 812 217 830 582 854 71 138 18 861 690 558 670 366 91 434 423 825 316 708 761 802 788 633 0 153 461 95 906 590 982 274 550 151 374 439 69 705 913 139 60 
6 128 989 866 474 691 550 742 269 748 48 337 3 715 826 334 13 551 442 190 465 160 27 67 422 91 247 971 981 334 159 382 789 354 297 297 968 528 666 251 339 904 679 908 0 377 109 878 932 122 571 928 13 223 873 711 853 416 380 214 
703 332 235 570 128 785 494 380 206 34 613 507 831 41 495 685 189 128 906 971 65 744 226 355 152 448 528 359 300 805 586 373 9 366 385 893 852 228 244 8 528 763 57 689 57 0 733 975 225 204 393 321 110 326 167 472 773 314 412 551 
772 993 303 607 252 657 168 684 455 568 656 32 455 691 243 365 465 281 614 959 444 942 629 458 691 122 447 943 463 135 853 568 354 317 230 909 249 523 110 513 529 951 628 466 908 751 0 638 208 113 934 159 217 696 450 745 228 598 556 378 
459 208 294 845 438 457 277 517 940 278 351 230 287 756 40 645 860 272 819 95 775 528 216 602 556 490 878 768 442 965 475 307 658 335 367 896 552 23 623 725 226 229 884 309 528 376 642 0 628 965 507 222 352 457 197 170 209 261 849 724 
222 906 751 649 444 214 836 930 4 893 934 64 761 772 327 95 781 120 34 174 522 720 232 947 772 499 965 300 562 231 246 663 561 851 642 408 323 102 782 187 436 368 625 217 98 553 425 550 0 804 786 427 290 685 53 664 447 307 420 196 
291 639 221 212 892 17 814 798 831 791 495 935 903 716 138 910 959 703 405 307 529 81 507 309 323 498 670 394 620 242 988 783 335 528 821 963 191 903 341 148 543 519 904 788 560 85 635 444 603 0 215 603 549 582 893 369 472 35 609 188 
64 363 184 716 648 471 5 445 793 415 528 670 421 84 910 705 260 268 969 291 108 86 507 998 758 481 444 712 319 247 342 285 760 305 369 680 954 534 871 736 612 648 720 406 255 932 639 259 133 848 0 313 394 281 459 889 4 644 942 600 
18 79 285 302 216 276 331 47 562 138 878 466 142 319 554 798 801 16 10 215 911 975 977 205 374 404 826 726 34 572 407 84 644 438 942 567 1 579 585 69 620 469 699 522 706 520 476 12 289 949 421 0 442 305 240 280 291 608 61 542 
844 395 402 967 574 504 733 9 43 913 122 760 283 699 603 811 900 792 1000 446 166 652 221 33 186 753 809 962 749 777 20 937 157 72 718 90 313 976 383 851 667 591 485 128 948 615 861 890 545 623 646 462 0 753 564 19 14 951 232 952 
623 318 591 592 34 777 541 605 920 50 749 457 335 145 615 696 974 684 673 677 836 315 421 122 278 227 31 578 959 890 296 942 521 783 318 260 470 98 742 362 49 38 845 689 8 869 27 828 878 544 507 376 255 0 189 371 596 407 323 854 
198 832 600 219 20 783 185 83 552 50 892 445 557 928 82 422 736 651 563 579 497 583 125 320 537 72 161 248 302 91 375 557 813 180 171 236 855 493 407 621 29 264 762 199 590 46 691 463 507 718 358 760 488 929 0 218 409 352 624 442 
466 374 670 596 466 513 29 988 689 798 488 166 117 506 510 478 90 835 974 867 616 893 758 23 650 594 442 910 398 56 522 261 240 777 535 215 931 330 342 344 697 984 197 36 37 49 245 803 103 401 612 927 662 903 587 0 224 320 375 979 
671 354 722 628 359 692 195 700 515 351 834 272 859 462 606 986 848 142 697 380 937 986 58 651 741 406 331 880 710 209 466 592 366 856 208 438 413 929 283 607 41 206 286 472 456 562 470 136 597 450 85 293 642 865 473 471 0 306 27 889 
989 300 35 1000 232 855 637 656 421 968 848 658 432 242 707 48 795 583 591 773 889 741 697 453 858 131 500 825 105 858 190 341 17 851 50 759 345 858 748 645 623 151 955 162 796 189 576 286 158 557 230 374 868 291 373 273 146 0 48 339 
308 57 63 275 778 985 179 980 950 83 496 279 979 589 142 998 542 978 934 774 986 995 645 223 527 287 77 591 279 11 825 71 821 377 156 899 927 348 751 453 439 513 974 462 548 517 763 704 201 451 72 873 518 544 923 197 995 394 0 897 
480 45 927 710 332 486 7 941 670 213 982 133 813 26 620 180 184 60 358 525 56 189 961 428 608 596 892 786 788 356 846 856 578 530 386 25 470 547 543 687 387 235 34 187 630 339 48 936 283 241 801 676 254 255 233 266 607 900 669 0 

Depot information
1
1
1
1
1
1
1
1
1
1

Customer information
19
17
20
21
17
19
16
15
20
20
24
15
18
21
18
21
24
24
18
24
17
23
22
24
24
19
16
21
22
15
24
21
18
18
21
24
15
20
24
16
20
24
24
16
24
25
19
17
20
19
