Seed 123 - Instance: n55m10_0
n 55
m 10
Q 164
L 0
U 1000

0 267 980 488 684 181 38 985 969 198 381 183 470 623 893 87 968 902 646 960 631 944 383 902 766 64 969 873 257 256 350 8 472 918 90 408 534 705 851 513 22 12 786 59 426 122 897 760 832 544 464 709 10 446 115 63 846 633 976 528 476 1000 520 572 279 
707 0 499 348 121 371 679 330 330 683 479 202 635 9 941 154 233 433 820 345 330 336 250 561 606 909 294 14 453 724 19 245 685 477 958 601 235 466 524 693 524 181 1000 778 236 798 18 820 87 709 205 460 743 704 945 836 175 546 653 940 326 290 176 72 143 
991 286 0 706 765 100 445 176 681 771 292 817 819 437 855 498 277 294 360 468 798 639 8 788 96 827 32 580 659 140 290 41 32 159 826 874 307 929 62 422 229 398 420 16 558 863 366 705 334 359 159 508 65 219 683 90 270 833 669 21 684 585 349 321 905 
710 688 214 0 611 641 130 929 146 120 14 627 885 498 174 850 299 316 817 876 133 58 348 19 300 895 739 983 77 678 83 841 53 173 488 366 252 936 649 876 752 352 405 376 318 804 400 592 466 496 807 128 318 18 141 911 103 721 631 9 175 702 923 717 554 
678 804 698 371 0 181 830 155 831 541 315 891 540 616 97 718 248 676 835 951 480 40 483 153 882 74 212 402 664 165 413 880 571 729 587 298 985 600 776 538 989 35 210 81 783 717 866 111 269 816 624 932 328 751 345 673 78 713 127 804 670 961 201 162 501 
741 278 10 965 671 0 837 890 110 107 880 353 76 819 49 730 410 873 38 92 433 596 917 215 977 389 571 850 77 61 543 725 550 712 431 869 51 996 78 721 910 863 184 778 367 858 970 901 302 192 111 349 203 863 600 784 754 922 954 515 715 268 562 936 990 
127 289 251 623 878 543 0 372 519 635 122 295 747 744 291 856 606 167 521 202 537 865 93 896 55 562 670 953 487 159 439 68 164 844 424 881 681 172 30 115 217 756 91 536 765 319 190 908 951 447 68 710 437 306 923 753 76 61 210 42 672 316 278 578 181 
296 607 896 639 95 416 884 0 452 35 504 114 91 431 369 674 527 630 584 767 208 62 945 77 627 832 603 354 49 614 470 246 191 761 306 475 175 182 631 214 979 997 291 274 477 669 782 517 60 522 88 783 854 964 138 76 456 820 199 136 218 405 518 985 998 
642 790 455 110 223 194 338 706 0 435 345 586 335 350 225 736 417 790 381 42 278 224 217 170 778 299 30 960 838 418 571 682 86 263 339 817 917 723 912 12 644 628 759 967 116 231 44 883 445 639 517 420 720 272 674 173 98 335 153 733 419 208 611 688 187 
839 940 862 831 1000 788 510 897 709 0 803 176 514 876 181 234 545 491 318 407 671 892 892 448 887 177 888 641 33 545 493 973 579 682 161 45 498 293 886 138 806 807 188 83 806 610 470 730 407 837 711 867 384 399 14 178 890 769 453 499 152 153 758 594 643 
252 43 971 134 78 879 678 880 956 118 0 63 344 205 577 772 613 698 912 174 817 389 602 727 128 57 317 39 942 864 687 690 518 435 646 903 142 514 320 635 926 545 898 651 129 925 572 299 26 541 219 675 321 3 769 30 208 305 738 349 793 595 981 132 738 
381 895 277 424 576 349 536 536 78 273 650 0 894 133 516 183 527 510 368 19 445 426 281 101 961 330 644 652 949 972 700 378 207 469 241 885 312 950 719 987 89 745 288 764 759 508 636 209 972 900 925 879 817 600 423 752 598 270 41 736 883 8 256 706 163 
397 848 446 32 149 733 442 443 321 504 476 102 0 123 818 520 241 946 253 134 599 450 872 554 169 959 913 405 776 534 686 247 174 768 531 566 123 833 676 40 907 607 863 471 372 504 897 68 638 180 23 780 493 360 172 395 96 47 503 740 931 701 442 452 880 
187 120 768 160 447 549 896 250 549 632 473 578 647 0 344 269 531 804 982 390 42 56 476 704 450 207 928 308 141 115 227 432 300 159 326 801 299 890 35 134 42 905 799 43 564 542 947 870 466 891 86 91 16 751 966 713 133 989 785 516 196 795 988 793 7 
314 761 718 55 626 819 762 843 45 715 98 774 265 598 0 903 691 200 760 955 495 264 672 772 319 992 696 65 950 271 679 701 248 40 616 378 16 218 945 615 656 679 364 639 530 616 94 975 384 59 613 588 178 382 753 864 205 233 908 731 151 18 277 27 630 
422 378 356 748 104 592 757 233 972 972 668 964 715 792 197 0 530 901 973 881 787 60 120 699 586 816 127 693 582 595 821 213 767 27 671 626 419 442 431 19 517 374 125 804 27 992 151 911 535 718 487 470 574 139 938 353 27 99 886 731 782 846 899 869 211 
997 894 165 823 420 424 726 197 354 412 414 545 989 530 46 866 0 317 717 606 915 117 645 899 264 846 974 748 412 905 304 682 757 172 816 254 475 328 540 78 150 154 419 172 180 43 510 932 710 24 463 993 339 765 577 811 548 820 407 622 911 63 263 857 472 
4 423 934 117 384 67 252 149 865 254 776 97 365 731 33 261 433 0 367 211 419 541 314 966 98 162 67 900 215 947 549 813 982 187 794 437 864 283 383 78 310 565 785 364 728 960 970 370 621 793 279 634 757 227 125 12 755 937 281 883 513 147 988 54 560 
7 107 983 479 567 401 102 24 529 566 915 148 731 483 746 474 707 233 0 819 496 103 750 849 263 937 930 295 733 902 675 879 540 442 635 557 403 13 186 99 672 257 954 158 823 682 339 427 717 817 571 637 530 320 500 874 770 284 59 379 773 913 116 585 385 
451 276 172 304 956 56 674 387 498 279 816 285 98 676 225 249 683 243 170 0 464 682 914 25 845 369 442 450 195 11 337 969 182 989 130 12 6 104 315 246 329 431 693 342 280 207 475 197 558 788 778 444 974 34 547 651 276 987 53 5 354 103 361 968 455 
185 506 148 559 255 434 384 383 876 623 392 652 779 480 203 849 372 1000 389 108 0 404 101 928 294 321 389 688 395 760 202 197 24 357 365 710 18 507 760 705 27 772 684 443 724 485 855 762 453 73 724 820 540 559 410 172 546 694 741 168 264 348 16 248 559 
541 684 78 234 285 437 425 573 902 115 561 769 942 864 542 907 119 737 824 228 631 0 665 941 557 799 791 778 100 681 643 577 43 104 672 959 976 240 672 683 805 425 536 322 945 943 67 942 749 945 912 679 948 940 974 753 627 905 313 389 52 790 560 570 654 
897 289 748 907 265 652 269 915 22 805 566 452 827 954 822 804 233 643 819 323 413 82 0 643 664 217 58 217 393 515 600 401 143 784 103 338 402 414 490 996 646 64 224 27 355 817 215 836 923 275 698 490 922 21 653 807 153 200 702 602 682 374 203 189 483 
209 713 318 282 799 71 349 831 314 42 296 990 583 286 195 394 493 36 462 610 807 459 646 0 355 360 524 638 131 525 738 79 663 247 114 120 625 886 267 62 58 318 234 365 188 724 494 323 283 321 445 546 185 631 790 160 225 272 21 43 325 276 448 850 843 
402 566 737 505 729 454 841 138 962 405 41 760 546 378 955 412 444 145 40 887 616 373 986 428 0 764 909 669 586 989 829 746 347 799 52 911 944 752 953 639 211 407 654 347 565 697 748 173 623 236 719 343 303 3 242 734 357 378 373 49 879 101 911 716 448 
863 394 791 424 962 649 325 934 629 608 249 882 604 22 743 364 634 901 973 945 12 940 885 294 238 0 717 250 575 664 175 902 69 734 793 150 148 981 796 155 536 15 2 97 36 280 345 447 825 499 299 709 920 710 49 758 851 771 447 993 839 995 925 208 464 
31 273 36 531 961 384 533 970 654 832 416 510 548 496 1000 720 77 443 403 905 389 48 588 83 380 252 0 120 917 833 426 172 235 448 905 752 186 24 819 791 404 808 755 418 732 257 754 690 575 552 495 677 736 213 77 557 773 285 539 452 479 49 103 980 183 
853 834 20 18 452 609 755 276 395 871 329 971 894 726 740 131 71 685 248 449 988 677 158 904 581 81 68 0 280 744 947 968 631 643 129 949 879 695 476 532 890 568 769 396 41 217 784 880 926 294 26 878 809 432 996 310 563 109 879 232 804 487 425 840 716 
466 853 714 876 784 112 457 412 220 172 691 369 271 36 950 491 801 199 1000 209 898 107 77 926 837 186 626 56 0 864 767 244 496 367 248 147 89 415 758 126 517 993 980 71 374 858 628 633 430 842 90 719 1000 849 262 742 269 480 708 847 559 820 856 949 408 
695 293 665 198 242 512 269 166 8 885 533 137 901 587 362 891 61 240 541 412 828 936 610 72 181 966 388 833 140 0 192 253 691 979 20 608 1 595 866 38 724 879 505 341 389 996 769 755 36 134 794 182 521 524 982 153 475 54 708 82 789 839 191 820 959 
275 710 187 22 230 893 543 437 127 311 482 231 532 297 779 900 606 458 473 695 342 281 763 825 473 140 316 201 121 149 0 375 791 3 450 408 884 89 395 18 203 230 599 85 212 74 485 851 13 199 724 213 920 224 713 139 337 233 445 765 829 354 942 965 508 
73 352 535 428 898 309 610 842 833 534 962 796 636 255 932 274 555 689 689 560 800 416 890 637 386 550 97 975 228 631 414 0 781 249 821 786 139 524 776 828 936 343 632 312 585 180 725 846 862 353 740 385 581 333 225 574 739 351 328 922 301 866 185 979 563 
55 353 738 862 605 621 580 559 597 464 4 46 265 692 307 603 794 32 233 357 937 756 690 638 198 611 666 977 220 101 72 924 0 687 242 258 671 945 744 627 733 489 798 134 721 102 717 13 279 604 370 488 747 912 694 337 860 129 952 975 113 468 294 745 949 
404 321 638 396 594 259 853 553 968 348 777 542 15 79 38 59 323 596 788 166 57 205 805 537 653 168 35 679 695 540 955 306 18 0 937 445 170 344 145 954 312 720 146 910 15 36 752 443 777 95 800 78 419 725 403 779 9 349 295 635 671 646 877 151 556 
137 153 284 845 920 464 86 65 349 903 546 151 240 98 932 644 26 412 110 954 943 280 478 340 920 145 197 860 423 87 86 594 741 680 0 542 421 45 629 227 757 66 531 287 275 685 314 861 805 829 249 533 323 44 515 965 990 316 394 831 585 237 653 184 254 
591 173 121 684 408 685 889 219 749 933 541 517 74 1000 441 156 852 857 291 699 727 859 235 918 693 264 455 810 789 780 976 63 80 694 304 0 897 369 192 966 285 350 554 233 33 127 116 526 478 134 840 785 953 46 961 997 340 266 637 523 16 808 258 110 779 
190 382 435 696 37 767 54 614 487 825 860 938 497 411 961 795 484 423 479 843 258 57 846 523 253 239 289 898 797 182 478 353 346 773 613 235 0 826 837 62 931 243 973 731 335 525 604 562 249 904 774 897 440 212 794 391 876 38 282 156 54 761 962 193 966 
422 526 887 940 372 951 565 59 416 52 66 952 865 995 626 160 289 888 661 279 59 958 442 931 801 911 345 620 515 575 206 514 977 681 387 489 220 0 694 705 659 468 40 748 631 189 84 726 731 428 523 421 232 579 23 563 164 229 704 84 152 331 707 138 302 
919 244 845 165 558 922 976 440 16 783 542 728 552 107 932 71 654 476 165 662 506 518 436 342 410 593 519 884 408 716 18 122 515 12 381 250 529 121 0 159 625 357 876 844 221 959 509 974 52 905 12 458 26 64 522 501 323 169 700 3 466 741 48 321 770 
318 437 246 411 431 428 117 115 348 656 570 958 670 439 855 309 745 160 488 858 25 675 757 50 150 57 407 131 461 165 286 730 988 37 753 169 438 779 37 0 208 638 428 954 573 559 916 131 820 757 278 216 933 62 88 32 184 668 745 389 707 853 705 819 303 
913 578 295 837 404 424 864 943 591 353 525 999 867 151 310 669 838 464 15 980 602 457 927 553 837 349 920 36 147 752 220 504 319 797 106 353 648 494 546 462 0 749 478 405 672 369 466 508 781 4 875 477 170 226 432 868 776 843 170 180 862 491 106 161 579 
625 654 913 190 817 226 765 512 688 590 994 751 884 584 490 485 81 916 320 105 389 15 643 567 84 480 346 652 65 243 215 264 669 916 812 861 358 641 556 415 558 0 931 794 737 767 83 829 198 584 462 534 850 934 898 365 371 268 750 407 65 373 72 948 869 
112 756 801 125 100 782 684 745 812 613 447 701 194 773 161 399 258 305 101 53 114 625 282 68 714 896 942 394 97 903 128 41 438 216 869 199 422 791 891 420 676 298 0 512 50 391 680 733 899 378 90 478 93 429 462 1 746 227 820 354 294 468 480 326 142 
954 829 396 967 183 499 45 496 953 864 825 291 2 118 943 115 106 205 48 518 267 465 219 805 561 162 895 648 456 69 921 687 327 142 307 383 771 508 675 579 21 691 259 0 366 794 366 258 866 739 451 222 373 762 77 800 178 169 984 764 85 464 775 132 322 
720 67 572 298 976 815 261 52 832 601 123 97 671 562 144 789 411 633 489 835 438 439 896 472 480 946 321 945 989 490 197 367 406 572 446 449 305 496 988 518 964 156 880 638 0 125 242 208 490 186 328 102 598 753 654 398 373 638 384 37 368 900 503 695 314 
955 408 552 754 483 873 482 794 97 710 482 187 263 925 694 636 671 222 808 543 898 829 545 129 711 231 44 198 410 926 50 948 290 319 859 502 781 309 733 49 468 109 745 891 379 0 855 784 433 554 209 481 523 61 388 917 367 900 940 351 22 689 401 927 902 
79 565 849 210 742 37 821 226 737 653 754 497 918 161 302 77 306 786 326 702 218 64 304 618 97 857 677 629 778 889 144 374 272 731 415 587 424 145 515 135 578 704 896 402 411 91 0 487 38 599 206 54 869 357 775 348 930 728 45 636 391 526 997 755 8 
106 780 362 144 86 305 96 308 467 558 167 109 583 37 358 982 537 479 664 284 962 427 384 930 493 598 412 222 39 380 709 111 304 619 816 611 375 468 938 179 982 805 472 308 799 243 705 0 679 530 195 926 396 490 642 204 623 579 40 515 755 156 723 767 424 
23 916 130 438 754 332 772 130 860 95 174 775 34 984 619 884 944 212 200 886 509 983 728 350 126 8 759 484 715 596 961 967 84 164 399 136 14 977 196 448 35 895 185 548 825 850 95 140 0 824 46 734 905 562 0 684 986 393 399 423 780 39 692 512 379 
218 931 679 896 82 288 1 856 367 771 623 533 187 568 114 393 463 674 104 591 592 932 738 283 848 845 199 880 765 913 614 377 24 912 42 892 649 803 737 62 344 192 43 564 938 941 658 911 147 0 300 171 947 477 289 613 984 959 925 455 704 705 621 877 464 
629 442 831 2 619 488 18 90 449 449 855 471 878 463 762 431 969 891 591 236 173 162 951 742 888 387 461 703 777 969 816 115 673 217 355 325 489 24 339 228 914 72 120 267 520 704 674 681 922 111 0 363 291 369 471 357 108 710 308 602 954 688 492 253 624 
799 661 520 679 150 908 428 285 539 142 394 418 716 337 390 826 71 209 323 37 259 779 851 928 362 284 931 893 792 130 43 439 95 887 397 835 147 263 381 460 69 488 669 189 336 908 199 621 78 148 54 0 222 688 806 161 154 260 716 974 506 768 979 480 123 
825 874 874 258 7 36 431 158 672 803 194 110 930 891 997 39 158 368 656 410 824 454 345 214 944 46 63 576 494 529 673 613 52 411 49 866 927 731 180 806 144 496 594 178 757 423 99 915 195 977 582 400 0 300 30 44 19 161 782 697 435 273 615 809 371 
866 55 140 379 750 263 945 226 431 362 334 123 798 466 640 944 80 392 382 306 501 930 294 16 639 898 897 729 914 630 8 175 788 954 1 62 951 112 806 746 598 879 158 177 821 576 95 463 900 618 688 304 183 0 642 692 223 440 841 244 361 407 298 441 868 
313 421 286 23 111 443 816 548 981 532 198 799 826 562 944 924 286 887 371 919 276 647 894 498 714 359 176 108 334 452 515 34 163 23 76 273 227 965 447 542 308 702 392 136 619 961 335 968 162 169 377 617 523 582 0 508 379 123 79 251 907 847 933 72 87 
114 79 162 723 998 602 242 314 447 655 32 536 538 145 688 869 125 163 488 807 278 113 268 286 241 694 159 422 292 616 518 504 943 943 626 718 519 968 555 98 865 203 84 359 38 842 905 249 652 162 974 715 342 718 554 0 626 318 188 18 510 592 885 691 623 
501 656 959 158 659 1 883 434 714 993 72 194 476 32 549 423 588 26 528 610 535 350 588 75 70 325 41 305 31 191 626 877 646 508 344 695 13 674 790 544 375 275 236 297 294 536 850 844 952 475 198 31 292 962 337 596 0 225 409 914 638 808 596 83 826 
382 889 711 189 904 740 11 813 142 263 104 148 977 859 68 134 228 6 932 424 954 621 376 526 304 813 652 705 492 611 48 82 22 203 44 878 732 487 143 694 933 311 661 647 652 405 425 409 992 339 616 50 870 754 49 128 392 0 924 71 219 292 116 382 742 
5 127 244 500 547 242 600 668 343 301 784 30 159 861 200 386 329 188 78 838 318 756 943 416 322 191 287 559 39 958 981 405 641 5 851 247 62 882 906 48 167 139 552 978 543 896 665 207 798 857 261 309 937 400 366 428 191 851 0 525 717 11 832 765 305 
603 840 15 648 885 478 555 617 433 122 387 821 934 98 934 84 513 842 873 473 439 884 487 304 862 541 912 119 373 773 701 51 311 403 291 13 375 389 643 647 903 901 958 268 16 908 146 650 444 371 530 96 700 228 201 517 357 763 785 0 482 790 770 307 408 
633 725 382 127 723 630 805 954 307 442 566 212 738 735 894 268 739 968 820 718 737 278 593 563 641 836 986 84 214 90 787 162 933 747 943 78 825 765 643 483 979 77 132 501 495 29 410 839 199 157 398 205 995 465 904 958 542 365 761 927 0 828 480 532 980 
590 623 5 822 697 686 402 191 603 0 82 150 990 128 475 511 532 646 280 798 880 317 48 199 273 115 64 65 672 340 806 567 197 192 881 270 754 307 570 265 589 720 927 496 289 166 742 580 757 867 747 807 228 435 203 237 361 827 431 372 825 0 40 372 375 
802 867 120 481 684 478 870 254 49 952 487 20 366 925 26 317 348 77 490 662 828 634 938 847 972 784 391 753 635 136 225 951 354 141 436 330 346 706 645 834 908 175 653 453 392 341 756 23 613 204 746 724 535 243 57 164 85 775 260 675 249 119 0 152 207 
906 238 883 992 330 731 275 620 452 568 165 574 189 949 745 144 568 494 161 172 414 878 511 581 973 905 833 755 286 121 429 350 834 109 899 691 72 772 452 557 765 345 263 710 224 618 617 644 229 406 945 34 108 554 641 984 207 191 849 62 953 195 350 0 66 
530 370 560 617 94 687 900 483 868 954 493 934 545 95 552 351 689 191 762 690 1 182 369 364 942 386 51 132 157 690 663 487 148 602 422 831 491 659 900 528 352 740 718 198 783 202 492 262 630 233 191 137 44 158 244 261 313 800 433 342 106 90 433 870 0 

Depot information
1
1
1
1
1
1
1
1
1
1

Customer information
25
20
24
24
16
18
25
16
22
22
17
24
22
25
19
22
18
21
21
19
21
17
21
15
21
15
23
16
25
22
22
15
17
20
22
20
17
16
17
18
15
24
25
24
15
20
17
24
25
19
21
16
15
18
25
