Seed 124 - Instance: n55m5_1
n 55
m 5
Q 152
L 0
U 1000

0 795 331 350 789 71 983 670 577 22 1 244 621 244 694 914 984 775 218 117 719 939 697 966 423 808 424 770 569 37 341 589 956 1 22 999 812 128 832 615 872 688 347 436 120 165 774 165 957 304 0 294 670 96 191 202 158 426 782 272 
556 0 613 369 314 451 984 845 311 299 20 331 694 431 188 754 439 784 540 44 222 55 797 855 547 420 763 458 743 384 699 598 152 334 90 160 188 245 894 189 569 279 404 315 974 747 888 169 40 305 561 197 303 724 218 221 725 177 698 910 
171 984 0 857 941 703 397 866 287 385 453 208 903 112 339 98 586 394 599 918 148 477 286 703 381 78 558 851 32 426 889 96 336 96 322 768 172 667 47 715 344 374 778 717 354 771 970 909 478 668 460 468 769 738 6 884 157 660 800 483 
33 877 557 0 207 582 436 596 463 293 54 904 180 871 812 657 437 433 259 270 197 110 750 576 169 837 541 487 908 945 618 526 470 866 12 656 88 404 137 622 737 487 117 35 539 689 756 998 964 978 349 720 450 545 854 698 396 648 288 565 
924 237 351 568 0 206 352 672 315 544 900 732 860 655 725 613 838 199 327 205 343 140 912 70 552 417 175 330 970 762 562 580 393 515 538 311 378 70 445 860 803 575 514 935 187 610 206 553 545 252 707 113 801 423 138 739 520 689 576 192 
234 858 265 924 10 0 608 537 493 75 513 645 230 493 177 860 87 998 891 985 660 716 909 278 721 814 299 883 745 438 227 527 315 41 819 60 715 586 957 819 125 302 713 341 881 331 650 615 7 369 183 142 600 867 966 410 549 909 221 379 
64 446 746 916 845 23 0 812 138 73 423 218 386 933 622 576 525 792 300 698 781 887 69 417 414 925 133 530 330 873 673 65 503 114 922 117 963 18 926 836 557 392 755 758 730 415 863 576 53 56 183 950 782 512 190 644 408 475 149 975 
91 639 559 533 785 138 933 0 767 415 661 621 713 643 371 893 845 53 971 199 881 369 122 176 36 437 247 592 658 413 402 727 347 359 310 406 268 590 486 247 288 184 536 512 615 356 243 426 213 144 331 921 278 749 647 331 365 825 60 203 
5 678 812 503 877 482 952 89 0 985 952 511 999 445 478 396 27 215 696 243 552 205 898 744 7 135 853 714 188 798 696 160 825 26 136 424 211 150 5 77 674 895 629 293 926 566 932 380 636 951 976 728 63 416 8 874 565 969 789 56 
132 564 705 133 882 540 803 216 235 0 161 636 471 262 574 275 936 151 210 480 617 883 338 5 448 860 594 256 915 201 746 321 445 914 346 45 288 181 211 651 543 427 482 546 472 291 795 458 649 695 353 509 901 851 444 31 73 91 527 172 
59 631 202 731 986 621 508 176 878 358 0 450 917 969 57 811 2 330 614 919 363 663 985 624 516 43 333 502 599 74 817 28 943 797 362 138 330 207 41 169 762 834 618 347 72 550 527 155 712 10 389 101 898 519 991 940 32 894 246 135 
132 686 97 602 726 2 450 143 526 441 666 0 821 758 510 760 175 765 853 334 275 950 748 882 671 775 53 811 215 836 406 470 169 27 39 725 152 876 946 685 518 555 61 967 84 335 408 814 631 595 303 937 989 812 765 805 180 270 833 165 
40 746 185 401 101 608 253 433 470 145 382 610 0 762 645 666 363 926 985 393 418 180 915 650 438 878 330 909 317 955 922 438 866 648 292 19 221 57 173 286 160 988 704 847 64 486 529 291 65 973 187 700 629 791 676 765 980 244 591 160 
720 673 31 551 773 863 598 229 487 867 22 997 953 0 165 878 586 248 147 404 530 504 364 787 602 929 158 279 947 743 8 595 365 909 433 896 630 507 849 786 74 335 745 392 852 250 302 475 202 482 406 398 975 447 713 487 101 115 616 665 
343 574 652 177 579 727 970 996 376 878 799 568 598 826 0 917 120 331 954 65 844 363 563 204 749 332 898 48 18 863 125 301 556 33 663 326 308 696 667 684 718 913 544 453 359 366 408 165 529 693 862 992 560 325 834 432 985 952 314 815 
568 711 411 388 742 814 318 75 892 565 513 297 229 411 400 0 96 438 389 109 626 632 213 430 761 350 193 586 724 601 157 805 173 809 924 321 943 976 526 538 971 968 466 778 907 778 599 980 925 297 653 710 178 247 761 504 837 909 142 495 
775 576 805 278 727 458 518 933 779 831 548 668 677 121 706 239 0 198 593 996 41 295 449 568 462 416 995 48 806 506 269 390 750 778 987 714 51 839 947 847 425 26 494 48 630 92 287 543 804 275 20 563 360 674 633 988 230 642 272 127 
16 750 873 364 164 876 205 178 965 909 996 924 42 518 607 391 629 0 0 976 69 168 682 397 166 394 366 749 60 206 705 901 476 351 304 708 613 5 747 796 207 107 61 909 787 700 488 26 239 699 519 55 240 319 893 757 296 206 608 958 
254 594 582 285 630 0 119 3 26 83 963 880 807 117 705 544 475 255 0 870 501 718 165 397 459 156 879 0 778 606 600 815 880 200 496 318 766 675 618 508 213 137 198 800 311 248 337 319 753 352 704 871 41 483 862 8 765 177 231 963 
529 665 567 282 440 697 90 197 10 583 805 185 96 833 402 987 263 789 241 0 714 26 886 514 472 181 184 781 837 825 109 451 715 574 313 336 729 835 87 859 791 530 211 987 528 770 243 91 184 483 286 925 459 309 106 334 636 810 895 449 
841 873 951 841 733 162 44 59 330 666 768 286 78 427 437 559 109 18 704 111 0 813 981 761 914 48 58 293 794 878 628 678 497 269 963 886 224 945 755 177 390 979 896 111 389 374 830 892 288 570 396 155 193 949 734 498 957 754 556 675 
223 385 826 288 343 149 499 351 78 39 196 877 488 816 260 220 330 416 1000 521 875 0 808 353 661 934 965 327 302 232 471 269 866 463 673 387 42 244 195 246 543 640 109 490 226 271 391 318 101 312 62 258 378 728 398 295 447 706 807 1000 
638 905 563 838 401 693 587 425 445 674 990 332 600 865 582 356 522 697 991 274 79 412 0 805 677 11 629 497 14 886 94 711 426 626 152 186 7 957 297 826 665 52 643 386 679 114 807 419 215 892 134 556 663 848 212 780 381 29 877 212 
841 36 663 943 880 256 783 768 519 680 598 273 365 546 874 171 590 684 913 73 853 304 589 0 579 535 49 212 585 31 91 323 809 200 610 640 899 590 253 522 920 876 423 913 663 280 224 529 453 140 524 346 82 22 641 106 475 38 320 8 
364 304 603 963 166 851 57 710 361 969 414 0 524 115 892 572 953 521 987 583 654 376 413 858 0 332 954 707 642 13 229 581 593 811 673 790 438 848 907 254 372 291 570 892 831 983 762 683 944 994 699 522 71 70 651 836 803 894 649 493 
598 539 558 625 739 809 382 214 444 747 459 187 964 94 338 376 985 538 453 909 322 35 706 207 67 0 958 861 835 289 787 906 664 105 247 32 250 358 998 210 460 712 421 327 936 483 571 567 962 755 142 38 808 517 487 375 897 499 119 346 
318 251 641 502 463 742 759 15 24 56 885 570 481 840 459 316 175 27 184 75 437 870 659 142 318 81 0 904 857 800 898 65 200 182 705 242 825 16 665 651 723 542 583 870 697 409 239 626 915 193 798 319 317 849 269 430 570 324 206 95 
816 798 738 998 874 97 906 907 330 701 141 174 685 863 549 176 911 768 521 721 838 293 446 209 314 810 413 0 281 917 284 672 763 495 19 641 722 447 573 256 619 620 200 666 861 461 142 50 969 90 983 60 84 490 913 265 446 823 566 572 
711 169 165 748 487 368 516 27 477 365 614 336 69 508 203 444 809 994 282 878 898 528 968 626 221 850 886 186 0 78 216 154 111 434 127 957 608 998 703 474 481 709 745 926 453 672 715 47 348 376 841 601 107 396 532 472 140 359 847 885 
155 809 476 736 882 319 629 910 305 719 853 677 981 443 856 118 216 984 899 815 107 876 288 981 311 457 961 411 34 0 789 429 859 891 207 843 563 815 311 325 328 745 84 304 705 787 296 38 886 938 571 589 265 518 601 838 626 618 635 817 
623 207 253 557 267 708 149 15 568 644 360 938 382 360 333 814 597 325 67 638 620 781 649 761 211 350 527 47 803 79 0 301 823 11 210 880 775 95 292 49 210 191 524 267 456 333 894 198 809 477 511 337 50 892 191 58 968 582 308 983 
879 295 750 825 548 605 784 980 711 439 625 494 470 653 600 211 506 711 353 906 869 737 277 291 321 566 429 79 453 461 654 0 366 449 608 784 369 9 319 158 260 952 625 490 741 340 985 900 677 559 941 542 455 3 496 132 617 273 251 836 
914 696 411 979 983 479 307 463 328 469 450 897 964 162 825 570 231 659 9 63 502 146 503 843 635 699 368 990 722 732 801 501 0 874 92 749 630 105 932 311 772 497 325 257 653 662 554 42 972 666 899 146 303 630 259 280 713 611 223 842 
36 391 824 896 198 861 823 97 5 287 346 425 297 597 462 746 224 853 673 821 356 999 853 776 846 94 894 904 676 325 121 264 17 0 869 237 703 148 75 804 954 23 25 864 467 309 846 419 934 290 432 290 618 888 619 871 906 259 77 717 
557 809 973 815 392 306 833 257 685 126 653 359 820 350 435 449 487 249 523 657 731 529 150 672 271 679 248 821 851 621 834 410 520 39 0 866 629 216 195 723 565 178 301 114 141 559 878 70 687 345 394 852 815 441 417 365 821 480 622 682 
263 422 180 323 802 20 324 658 283 414 643 498 436 559 8 352 48 394 926 614 404 516 481 370 366 548 848 234 28 169 867 98 508 552 817 0 698 160 336 681 568 234 879 989 958 644 571 790 87 934 155 532 874 329 102 593 483 239 928 998 
901 516 85 941 772 938 155 284 535 190 641 506 835 144 406 382 408 875 715 513 501 332 164 393 165 672 181 641 28 619 383 430 191 860 721 273 0 165 481 906 375 910 915 414 93 488 68 76 106 209 264 632 637 709 107 845 460 282 523 618 
879 693 587 5 3 99 241 308 927 843 616 546 475 82 520 360 947 942 566 39 221 565 477 511 489 356 326 598 858 220 847 365 429 701 274 87 806 0 422 579 977 96 317 739 637 917 211 826 703 619 840 956 614 437 807 912 835 803 747 581 
333 777 534 281 646 320 331 791 501 981 587 508 557 105 170 685 729 649 880 941 801 656 611 491 549 483 902 114 218 19 216 504 139 764 936 152 397 791 0 607 418 504 332 801 719 51 765 514 197 10 746 206 797 721 967 659 412 902 265 660 
70 795 99 650 713 280 839 599 434 251 499 471 264 138 996 789 739 973 444 145 363 169 588 511 821 27 936 605 574 88 925 857 938 463 923 888 672 307 472 0 104 20 59 254 502 810 214 768 878 890 401 403 645 947 597 823 644 746 769 377 
976 201 893 850 587 100 938 425 213 634 115 518 927 504 60 484 888 985 1000 148 586 984 289 349 5 416 329 271 872 935 419 167 854 755 797 913 765 904 52 885 0 747 749 396 528 2 765 519 90 133 673 348 97 228 62 52 285 902 182 858 
960 737 122 414 32 220 26 81 994 233 431 172 372 686 854 244 261 4 123 501 161 802 397 665 500 834 385 309 517 447 493 56 163 923 255 330 232 955 585 407 982 0 311 311 686 90 477 618 993 515 159 856 414 284 503 519 549 706 757 819 
439 649 948 782 804 709 144 637 234 261 79 241 885 519 791 744 513 989 136 817 137 656 749 923 753 901 428 308 149 266 884 391 74 769 258 753 69 354 206 955 965 248 0 166 377 402 776 383 215 7 413 421 374 800 548 139 63 901 602 768 
532 619 933 11 951 542 972 828 287 999 618 470 745 149 311 241 606 223 687 146 278 890 430 266 325 392 401 858 440 706 708 72 609 530 311 39 369 668 111 58 965 3 390 0 791 540 340 979 151 132 680 395 395 71 790 255 147 771 594 673 
81 264 820 717 91 119 539 859 812 127 165 466 2 19 18 661 874 463 610 910 649 362 816 178 414 409 726 525 675 459 130 157 230 818 233 613 436 650 98 348 289 251 34 561 0 592 426 316 418 179 43 540 225 865 943 464 223 290 743 435 
430 29 540 398 539 93 619 431 555 835 585 334 382 483 792 168 641 996 247 159 956 832 183 655 352 681 669 672 90 625 677 103 429 80 728 681 800 959 228 356 188 396 383 455 243 0 757 210 764 722 621 581 499 353 429 956 148 138 456 949 
667 413 757 268 845 420 338 625 656 854 525 882 970 793 665 22 388 690 330 300 644 78 676 4 990 193 570 516 666 539 623 618 433 97 363 81 486 474 441 1 487 411 382 558 258 923 0 990 340 217 621 862 485 868 273 943 521 671 976 665 
760 522 727 969 463 711 879 508 57 943 301 787 814 632 506 311 560 280 187 682 177 521 364 703 307 251 51 760 359 819 597 408 565 647 889 87 940 173 909 165 178 493 710 915 968 741 343 0 257 920 430 330 619 595 395 118 47 451 981 814 
253 488 442 511 529 262 53 561 450 999 154 166 857 142 801 643 807 250 922 953 233 176 437 365 849 213 598 750 301 667 831 597 238 313 179 540 495 60 587 230 649 274 933 365 809 883 190 939 0 374 69 874 488 207 92 376 103 148 500 188 
441 938 584 492 921 179 612 794 88 871 432 112 986 390 468 389 242 618 668 913 834 697 757 621 745 588 919 329 502 410 997 548 378 785 992 255 690 587 69 133 410 702 87 51 570 632 767 669 270 0 142 505 221 174 94 736 783 133 509 490 
161 602 502 63 0 209 143 116 290 251 626 366 654 597 370 787 219 561 336 181 767 700 632 826 3 991 28 441 493 196 806 293 149 903 698 771 384 360 393 326 410 895 870 82 76 629 278 54 470 243 0 527 16 179 732 617 652 479 121 128 
483 594 423 534 297 532 105 280 253 661 320 808 437 35 200 732 666 698 940 75 496 623 619 63 533 205 658 695 243 967 871 790 512 502 444 574 227 928 980 573 363 25 533 252 379 650 935 210 661 525 943 0 244 883 567 218 768 235 693 587 
549 238 257 724 656 207 950 347 783 415 285 303 267 798 939 567 383 992 895 704 187 137 257 223 196 722 200 302 647 738 301 175 967 118 401 702 710 537 413 891 542 859 791 29 568 701 651 930 136 990 90 242 0 573 793 247 966 122 398 387 
956 179 719 773 922 141 519 810 174 792 484 234 989 64 769 65 329 422 796 130 390 533 52 506 649 491 227 427 440 294 603 58 920 241 574 787 185 712 388 188 811 453 540 166 481 921 450 120 215 949 11 577 798 0 669 492 213 96 563 782 
632 508 143 857 113 207 589 423 646 460 339 862 29 78 307 308 485 12 451 404 246 989 638 768 16 243 117 322 886 188 548 861 625 740 17 680 209 310 915 243 230 289 122 117 839 707 283 142 902 805 922 871 500 291 0 231 117 254 240 778 
72 301 803 795 971 776 991 968 508 270 192 139 407 781 615 416 125 977 151 588 653 397 648 891 670 514 730 409 490 36 146 990 793 713 222 118 980 938 88 307 238 634 232 933 293 26 272 484 508 800 305 804 404 308 19 0 802 825 187 915 
390 659 288 863 383 331 33 221 12 917 942 15 891 372 238 231 504 528 532 455 200 510 287 277 397 952 414 510 853 451 139 321 778 282 600 617 62 550 234 234 811 319 14 350 422 691 411 635 107 855 391 159 507 264 61 734 0 653 123 169 
858 384 946 331 235 503 855 636 596 855 263 878 931 477 57 64 503 984 575 359 636 137 980 415 269 440 219 17 168 351 324 651 805 174 157 230 33 529 435 619 793 693 303 460 629 116 931 211 67 404 979 66 64 835 128 367 882 0 324 799 
418 820 757 955 256 630 846 83 261 962 255 448 318 502 91 137 938 524 294 18 5 944 951 691 342 193 232 892 722 709 600 132 482 857 417 969 357 781 76 925 632 718 204 570 153 860 228 416 326 851 171 972 519 478 874 949 174 411 0 83 
158 644 766 372 684 89 798 529 24 598 233 335 380 137 651 899 358 558 479 52 214 477 196 548 720 930 479 724 182 233 767 321 374 300 525 685 772 278 718 194 637 549 464 736 633 212 742 161 884 587 993 880 677 803 173 281 109 648 548 0 

Depot information
1
1
1
1
1

Customer information
23
17
19
17
17
24
19
21
18
24
15
18
16
24
21
18
25
17
25
15
19
22
17
21
20
23
25
25
16
25
15
15
18
25
19
23
22
23
25
21
24
19
20
18
25
18
21
20
21
20
16
22
15
18
19
