Seed 123 - Instance: n55m5_0
n 55
m 5
Q 245
L 0
U 1000

0 760 278 821 117 63 600 603 159 335 413 314 775 718 602 260 568 73 307 355 456 891 961 637 790 51 433 405 321 55 619 836 304 929 391 113 539 692 64 137 634 413 988 270 634 267 865 104 51 800 484 976 684 603 926 111 210 352 281 889 
278 0 700 840 850 510 934 82 541 471 896 315 5 562 558 17 714 785 652 812 917 704 283 263 701 8 922 188 327 847 231 310 975 180 519 357 155 711 395 233 821 725 514 690 131 588 675 455 910 214 286 194 889 697 508 283 484 997 381 22 
519 834 0 175 554 314 897 718 700 539 864 252 346 965 355 689 444 830 346 429 684 516 160 503 61 449 431 199 410 623 641 620 947 894 293 866 746 524 99 304 213 488 685 555 283 405 717 774 695 212 110 15 960 807 355 669 478 751 550 622 
562 370 957 0 389 826 974 644 830 854 229 214 478 884 857 806 147 896 745 166 784 533 874 135 440 967 826 687 201 203 599 641 945 402 948 943 599 737 456 423 821 621 227 491 400 238 767 782 517 662 835 839 10 77 46 333 184 649 134 935 
307 237 350 794 0 479 32 254 633 864 694 896 150 826 631 532 74 570 113 992 262 752 960 123 161 147 483 45 192 979 139 298 199 504 346 328 133 251 309 461 202 398 685 777 199 353 973 452 325 618 10 318 104 670 469 105 463 90 349 874 
534 740 503 397 457 0 19 207 790 932 352 159 370 680 621 120 771 863 362 674 71 197 477 19 350 421 853 407 357 158 148 157 61 370 142 547 987 866 11 357 185 981 253 824 219 930 44 628 857 699 840 601 77 37 951 135 906 362 303 112 
94 199 903 221 389 206 0 790 979 366 715 782 804 180 630 881 245 37 129 693 285 807 907 514 631 178 698 524 746 354 606 521 113 899 536 491 303 309 387 555 741 20 68 447 721 311 342 801 833 0 112 789 58 215 139 166 951 956 703 824 
805 806 864 955 103 808 876 0 780 873 660 765 684 265 882 317 105 374 434 164 758 395 934 825 422 830 121 39 704 56 565 753 87 108 886 593 370 345 726 553 837 921 871 395 406 243 696 420 37 545 900 838 591 373 811 207 392 795 981 710 
236 744 562 143 107 983 202 417 0 303 194 474 768 223 916 744 411 844 471 9 899 39 153 584 961 473 728 765 704 176 782 142 231 305 640 370 770 632 234 11 230 918 161 965 480 823 726 209 263 10 10 473 994 292 482 713 47 864 948 688 
709 236 992 557 9 782 966 517 846 0 226 29 109 723 118 874 696 68 789 7 327 778 121 203 921 190 730 12 202 938 363 240 986 681 550 555 285 916 546 226 356 463 347 751 526 119 188 394 301 402 844 683 66 124 114 229 442 45 485 19 
292 569 683 802 765 416 419 477 171 863 0 188 205 590 857 578 566 861 753 941 919 629 461 592 763 452 511 172 367 538 386 625 956 830 511 270 18 59 44 530 294 902 928 532 531 977 368 209 891 855 348 758 788 422 472 918 470 36 730 461 
396 988 74 409 54 657 383 2 605 219 285 0 234 591 483 68 413 50 775 744 350 19 317 376 840 856 452 86 696 345 245 494 595 754 508 26 486 778 397 73 851 59 490 377 643 184 906 82 599 543 782 616 954 567 658 421 628 673 222 230 
268 233 699 751 404 200 766 954 759 611 105 4 0 481 941 134 425 690 571 796 635 260 233 829 911 648 186 9 66 303 917 503 591 789 13 67 715 934 757 584 724 880 938 747 624 141 231 533 727 642 131 126 143 588 561 791 114 753 223 355 
557 513 974 402 304 482 715 805 74 215 715 937 137 0 267 958 685 478 977 832 499 701 842 926 325 58 571 891 134 216 68 175 786 159 552 558 440 764 130 907 1 625 866 33 762 89 885 378 528 920 593 520 205 812 817 608 615 2 239 282 
656 452 575 34 101 18 732 605 400 249 117 659 235 967 0 122 692 257 455 581 392 864 822 271 448 186 788 969 45 455 888 338 723 836 534 130 970 120 226 98 285 545 162 853 931 217 739 169 831 290 12 171 766 952 824 952 345 305 670 15 
191 353 21 54 48 669 27 409 37 250 369 695 224 490 18 0 580 93 125 818 792 508 579 381 302 973 37 831 57 589 362 244 885 393 603 807 224 133 294 72 597 918 392 575 341 947 176 140 631 116 295 776 589 878 297 877 892 503 91 50 
179 828 941 147 623 793 685 351 120 849 529 746 482 153 183 961 0 478 2 158 207 635 719 925 112 881 330 725 937 63 351 113 798 661 571 878 89 505 420 310 607 96 832 805 689 496 161 295 917 78 858 727 758 50 794 316 839 771 605 11 
16 74 244 910 590 844 855 323 593 247 419 864 298 238 164 215 537 0 103 983 475 135 991 911 597 498 933 60 857 725 432 954 231 398 827 581 652 148 529 789 425 56 101 267 213 563 359 201 738 43 13 529 122 416 224 479 910 815 777 715 
130 866 934 84 781 978 13 816 665 304 243 213 226 767 547 252 305 31 0 198 96 831 586 55 21 456 44 209 929 323 335 645 346 127 497 568 644 511 192 735 1000 704 164 870 205 983 856 527 495 138 421 490 833 554 97 392 189 821 323 765 
414 874 869 264 692 583 195 542 665 200 590 854 78 919 617 594 533 958 363 0 585 683 944 152 120 100 613 4 993 331 292 809 279 221 965 54 810 208 343 701 14 278 599 132 214 161 117 718 50 221 160 722 709 238 648 371 401 612 210 368 
987 720 831 31 789 117 985 229 189 865 540 888 479 772 383 573 297 605 672 3 0 838 113 89 78 811 341 704 571 650 626 230 86 336 940 372 848 85 962 568 57 354 241 467 129 348 843 684 646 9 19 34 745 811 148 955 473 867 475 312 
122 86 984 375 515 179 686 553 238 591 554 182 672 347 66 819 399 950 621 3 647 0 909 367 524 475 275 48 893 493 439 966 674 650 398 669 633 459 473 670 910 841 109 863 880 799 899 789 783 454 925 859 992 882 341 838 682 413 845 1000 
639 163 213 40 202 92 44 173 243 98 476 585 992 875 784 802 375 590 466 27 508 77 0 126 608 167 752 165 870 141 433 308 841 70 658 572 82 342 40 786 44 709 619 214 67 691 238 689 842 526 758 469 79 430 101 454 696 465 4 681 
866 977 187 833 888 707 84 641 43 620 152 355 926 688 877 622 465 838 723 409 196 331 131 0 420 396 767 239 987 179 28 398 859 734 328 179 468 724 55 136 160 61 750 191 980 967 56 841 532 975 520 170 905 825 973 432 958 715 853 688 
270 434 158 815 514 909 175 49 157 798 398 835 415 755 331 608 707 497 956 696 768 463 866 685 0 845 138 771 59 465 758 828 260 639 159 410 610 881 902 954 918 400 726 642 96 143 338 975 538 467 173 430 668 288 386 528 617 137 27 848 
270 384 373 169 205 646 456 805 413 580 895 201 823 761 29 21 822 216 73 267 720 998 371 129 523 0 467 573 582 850 128 580 663 133 146 714 295 9 832 224 344 670 460 542 716 381 316 129 719 472 593 156 957 847 929 618 995 645 359 112 
319 991 266 202 718 750 993 587 383 593 783 388 618 336 528 418 885 398 209 532 606 815 469 167 553 211 0 871 338 424 928 873 972 585 809 693 740 239 894 943 671 659 511 876 427 910 552 877 970 504 886 148 502 565 787 519 867 925 37 192 
606 249 365 735 67 862 247 571 808 247 534 508 663 43 171 635 941 21 728 963 385 887 202 507 100 148 5 0 4 573 983 984 808 717 117 619 748 393 163 93 823 608 599 744 751 917 69 494 586 609 591 652 525 549 213 675 435 539 178 826 
144 615 897 631 325 13 708 762 285 951 966 807 997 38 824 345 315 861 65 440 544 535 75 276 782 48 903 885 0 502 665 11 605 935 397 874 391 825 317 99 217 545 889 680 559 881 750 797 64 826 121 85 621 43 674 59 120 444 887 315 
157 408 889 930 474 276 83 780 731 750 171 469 417 612 563 813 238 999 314 482 586 793 480 299 716 253 760 246 754 0 591 636 987 101 116 683 316 53 794 934 461 412 488 524 718 833 474 261 199 95 944 821 869 933 180 36 148 928 822 266 
327 621 780 659 838 448 685 15 910 553 798 259 714 615 681 832 317 542 62 551 561 855 434 980 958 63 789 751 330 169 0 378 931 761 457 196 306 621 83 543 313 356 565 294 537 184 630 802 37 706 735 883 632 256 544 317 137 310 528 803 
759 507 758 748 123 764 149 34 280 493 827 117 223 825 558 984 412 849 309 952 44 868 766 541 323 148 218 676 344 98 557 0 162 61 785 885 403 192 902 341 535 493 210 897 137 673 998 160 673 934 811 646 778 675 259 681 936 14 105 132 
314 4 337 99 780 262 574 678 369 753 710 701 748 142 986 809 12 239 739 387 667 96 880 209 177 590 644 972 309 193 699 861 0 437 64 506 300 473 556 767 2 418 563 209 468 191 715 704 603 812 111 869 488 926 361 410 300 428 669 310 
686 666 852 660 57 623 20 275 604 420 744 386 542 109 483 390 494 687 794 510 679 848 565 870 824 502 950 73 107 114 90 683 375 0 713 169 395 574 707 593 919 266 961 589 697 935 543 64 967 669 735 944 463 372 53 174 217 451 619 981 
395 480 960 374 587 373 269 690 109 139 925 247 308 906 961 905 903 100 798 131 385 942 117 763 514 171 839 357 688 928 799 718 348 789 0 919 885 397 907 390 909 344 877 673 710 500 495 426 168 136 656 162 301 73 915 242 405 667 593 141 
147 689 548 774 291 314 813 938 307 709 697 115 806 374 520 47 362 694 76 123 603 336 30 136 342 20 977 896 570 495 679 501 150 732 394 0 646 315 197 757 713 414 856 13 683 908 471 961 305 921 358 927 857 782 476 564 171 662 607 345 
86 781 348 253 642 183 839 281 431 621 757 294 218 904 528 293 30 280 911 123 854 535 101 412 574 710 851 778 778 146 224 559 476 821 649 483 0 980 440 668 692 717 263 69 820 170 45 96 879 547 42 703 575 923 819 193 75 101 783 360 
344 669 305 522 69 131 654 423 581 974 610 354 162 857 9 543 726 398 374 857 577 671 982 231 350 4 142 905 775 177 487 121 132 129 891 736 939 0 133 660 656 349 655 946 703 401 416 16 395 41 517 856 555 747 612 478 318 480 203 597 
721 770 553 755 2 693 140 505 329 537 658 364 159 233 975 929 928 780 55 612 229 52 527 686 440 66 157 791 559 516 709 605 964 310 667 744 943 836 0 648 936 329 647 285 812 455 364 771 217 665 365 243 968 621 834 554 627 107 485 280 
719 655 856 553 688 159 134 886 345 671 568 884 675 143 419 724 466 597 187 908 553 186 313 377 776 385 357 950 39 738 4 978 860 291 70 404 716 211 875 0 982 587 939 858 368 149 793 94 619 416 832 623 457 713 442 189 43 260 671 346 
632 416 976 436 655 835 692 18 413 492 529 926 114 824 544 661 228 434 616 393 391 856 730 777 303 809 65 501 755 552 368 43 807 590 2 567 485 62 829 754 0 238 486 96 243 893 254 372 110 311 767 661 790 2 398 890 86 202 71 775 
922 610 937 179 185 363 736 713 515 32 766 483 328 923 626 230 378 769 408 316 98 926 758 610 930 897 451 423 157 125 954 881 198 760 535 344 71 311 925 469 909 0 534 120 243 594 346 120 652 133 793 226 689 348 730 518 683 200 336 426 
784 111 324 401 330 770 374 871 971 484 992 579 319 610 488 684 371 515 417 807 385 32 684 311 62 407 432 541 567 493 859 84 608 807 845 598 857 988 371 360 779 669 0 349 323 935 4 990 782 682 116 510 72 289 933 989 813 959 618 264 
631 128 931 736 951 638 947 780 228 96 464 935 806 844 20 875 515 263 241 486 832 305 481 749 821 20 713 319 20 661 904 972 651 950 626 398 260 852 50 424 441 836 16 0 46 887 670 864 411 533 749 180 334 492 427 287 972 957 329 769 
517 216 339 725 392 1 726 370 810 930 95 48 2 914 45 235 277 547 295 878 845 750 588 774 147 940 523 145 29 473 544 917 801 126 19 343 482 628 745 869 155 564 815 284 0 455 858 634 700 459 258 280 826 867 788 267 104 134 909 374 
153 411 955 46 585 735 126 284 285 314 6 471 77 529 780 308 416 88 992 208 715 930 67 287 838 664 256 345 810 42 851 173 493 207 618 765 284 104 95 220 552 252 678 828 373 0 891 949 153 698 93 622 131 420 879 994 852 409 879 493 
480 242 985 711 296 85 312 144 893 882 40 49 184 656 636 656 530 327 600 653 312 732 436 869 177 848 468 608 472 15 390 102 229 915 297 580 505 972 914 648 122 84 105 945 807 928 0 493 469 284 798 416 446 598 566 793 563 804 364 729 
944 604 778 934 81 538 606 224 769 399 70 785 674 601 397 697 363 128 28 70 629 138 770 249 618 521 746 618 461 711 967 440 965 515 259 959 12 281 879 558 494 454 108 682 160 573 44 0 189 760 946 517 937 102 254 590 139 16 750 343 
4 677 222 221 876 53 828 243 358 631 146 291 995 944 109 147 549 731 975 845 952 610 238 251 948 363 987 743 474 442 811 743 348 671 538 536 630 825 492 982 788 825 414 771 322 128 184 678 0 208 200 320 663 232 586 686 484 459 473 917 
259 517 590 257 784 758 420 692 748 440 752 651 675 758 78 631 768 195 24 346 764 264 291 17 129 112 947 97 350 895 566 570 387 359 174 585 153 390 766 351 471 507 56 907 267 901 433 180 282 0 377 60 193 515 438 569 673 885 731 963 
717 74 348 411 407 66 308 203 688 544 426 302 166 217 670 943 810 309 435 946 592 934 708 11 445 441 543 399 960 414 212 377 992 865 980 260 977 302 382 258 352 785 892 698 836 610 917 636 649 303 0 212 472 846 835 971 121 109 896 976 
570 547 201 927 70 965 923 864 69 27 540 111 398 790 661 901 203 52 975 346 587 288 48 98 569 614 17 668 746 413 122 500 125 4 1 272 299 921 662 820 379 597 439 246 511 197 461 771 316 852 923 0 693 570 159 435 272 696 398 31 
686 865 923 572 790 219 840 73 768 836 415 683 174 994 28 588 625 784 44 532 192 473 911 451 965 166 651 989 558 181 102 777 36 986 907 603 347 962 658 517 862 749 348 104 14 777 930 263 437 965 306 984 0 715 661 458 846 661 648 883 
949 668 111 756 641 707 332 874 246 13 51 740 916 984 142 120 291 715 365 621 989 454 785 139 402 119 357 253 958 198 529 103 659 852 379 176 197 515 813 735 641 85 539 404 136 824 986 428 252 729 365 400 894 0 858 644 967 86 995 323 
367 996 697 958 60 836 676 897 15 426 363 797 676 537 459 859 524 556 593 385 378 141 631 663 663 235 491 665 141 549 291 262 140 698 875 927 718 408 619 370 262 178 550 980 119 257 508 270 169 98 510 48 687 448 0 707 716 667 799 41 
333 30 844 53 284 350 577 123 472 156 302 455 996 493 748 167 423 314 730 569 40 916 323 765 154 109 304 927 700 703 291 940 791 312 665 509 157 509 728 880 441 534 748 456 819 458 259 403 181 419 63 168 461 114 586 0 743 214 595 47 
505 861 473 811 588 245 891 815 797 840 631 241 282 140 267 677 618 966 772 820 979 286 871 778 293 207 975 584 71 332 365 493 731 324 784 439 500 429 158 695 543 173 435 372 782 612 495 491 345 986 882 745 551 128 282 935 0 699 973 615 
595 474 176 920 142 48 428 903 948 62 598 256 635 927 72 380 266 234 566 762 265 312 794 205 605 539 604 712 448 24 551 185 675 33 949 410 178 252 647 748 108 905 558 225 851 547 159 291 84 425 66 251 368 971 710 456 850 0 695 303 
588 553 191 451 476 628 320 795 631 152 191 640 907 960 424 636 580 576 785 695 379 19 1 213 910 664 184 765 8 437 465 373 694 9 966 284 145 440 620 353 829 799 40 997 160 773 840 766 985 413 963 563 706 838 438 899 891 184 0 720 
855 131 578 32 436 252 1 995 568 213 247 251 213 26 469 631 470 1000 729 152 931 576 32 308 975 117 668 892 63 801 838 581 609 81 188 96 190 410 523 512 51 101 470 556 940 643 941 722 610 121 549 454 884 468 17 365 444 513 770 0 

Depot information
1
1
1
1
1

Customer information
21
18
15
20
15
18
19
23
19
22
24
20
23
21
23
19
24
22
22
23
20
25
25
18
19
20
21
25
18
25
24
20
25
18
23
17
16
16
23
23
17
25
21
22
22
15
24
20
23
25
25
24
17
23
22
