Seed 123 - Instance: n60m10_0
n 60
m 10
Q 191
L 0
U 1000

0 996 653 974 241 566 209 327 843 537 830 706 779 970 491 784 768 961 162 69 754 317 187 313 398 885 520 139 609 384 483 676 47 552 672 643 169 525 175 400 911 758 749 385 752 5 357 788 64 770 279 661 342 145 422 600 233 320 11 735 330 690 7 795 328 210 575 858 512 639 
472 0 753 743 160 290 473 608 438 600 471 784 96 375 645 935 412 717 330 471 304 655 931 139 306 139 898 407 401 726 15 965 3 766 795 512 820 736 299 786 527 168 534 431 199 99 455 788 581 294 438 692 613 944 325 313 667 536 351 649 761 93 113 930 538 536 422 287 196 494 
872 120 0 424 818 962 613 857 441 622 189 460 474 950 515 910 357 681 32 656 850 324 642 269 379 140 961 684 219 187 706 13 867 601 140 625 345 150 841 402 723 806 84 97 475 203 839 470 636 256 133 696 706 42 468 175 559 937 783 342 967 757 148 608 478 409 921 825 260 804 
601 566 983 0 135 805 506 732 121 278 727 33 483 274 638 601 309 830 475 274 98 327 922 25 208 9 929 361 56 843 621 430 636 133 864 766 14 443 46 404 732 550 156 359 96 375 180 615 394 607 119 411 75 865 642 438 357 674 735 438 999 238 181 689 880 451 662 657 858 530 
885 901 39 278 0 933 893 484 634 901 213 619 383 376 63 970 807 511 126 476 981 907 338 387 478 116 349 261 422 901 890 944 992 592 294 473 846 140 664 210 575 503 143 674 151 84 73 402 929 584 323 586 700 920 576 784 115 56 84 738 488 894 896 160 525 878 241 735 481 580 
657 990 540 810 253 0 874 857 604 762 373 388 194 779 508 765 967 221 124 759 690 90 486 879 977 87 42 763 75 385 780 908 86 103 849 536 585 801 860 332 328 776 42 912 220 496 839 452 649 919 891 51 252 759 45 654 962 555 967 69 878 281 747 586 452 528 952 812 675 737 
752 946 732 482 439 555 0 516 150 198 27 224 969 18 573 267 157 721 730 573 736 123 3 12 303 49 720 763 56 948 384 267 855 795 834 192 836 927 381 689 598 159 281 514 187 463 395 229 337 269 652 0 349 577 390 730 426 95 339 303 304 863 32 69 468 709 786 845 144 294 
704 265 762 846 810 570 531 0 959 127 966 988 505 443 621 335 240 62 16 840 974 133 914 28 821 300 363 115 252 137 501 177 908 407 387 462 908 332 421 588 334 853 543 542 740 302 48 459 470 473 586 895 8 372 211 861 949 290 179 851 787 61 17 423 839 71 802 531 501 893 
447 860 338 557 414 231 461 628 0 780 567 408 363 39 241 334 404 570 413 74 593 911 404 991 745 139 130 236 454 483 79 226 218 181 907 765 782 947 847 588 632 456 776 433 899 342 877 772 618 266 466 559 66 175 297 447 639 543 387 758 687 875 545 718 951 285 793 910 337 789 
836 75 934 212 290 286 264 375 418 0 775 429 539 530 139 113 416 825 364 697 432 544 797 73 199 953 521 725 682 978 987 484 805 126 65 928 734 968 257 823 690 968 43 685 174 1 906 432 138 171 212 816 999 608 984 334 480 861 706 732 262 561 222 57 276 444 737 563 939 976 
254 766 69 330 144 776 888 319 452 825 0 348 238 492 887 973 753 833 187 178 6 871 42 928 650 993 883 656 225 15 804 515 536 544 358 196 957 976 110 342 718 711 319 485 884 354 778 45 482 682 80 888 666 608 431 893 111 887 583 896 945 203 34 128 778 760 743 138 203 411 
862 394 765 453 112 601 627 952 273 376 734 0 909 437 179 919 649 55 886 921 483 823 5 793 581 744 486 876 705 763 561 953 414 644 301 371 0 59 527 688 240 632 807 435 43 280 779 634 685 412 560 832 964 424 344 718 803 768 833 933 247 253 187 92 719 750 922 634 118 17 
542 607 334 309 88 669 562 598 507 984 15 211 0 263 75 148 510 840 882 252 569 446 989 700 543 72 100 112 371 365 602 212 615 931 183 216 314 443 971 210 415 896 509 573 552 675 702 181 28 518 615 582 947 880 38 416 261 702 835 597 609 704 465 761 773 137 706 527 215 426 
40 760 153 452 41 969 393 728 935 830 208 167 438 0 696 484 499 336 699 541 697 450 802 48 950 798 660 200 939 181 394 371 350 191 505 994 871 4 491 362 150 817 792 922 839 383 498 627 856 28 796 730 611 17 532 269 163 9 676 225 753 664 181 569 412 902 210 482 98 114 
909 710 716 178 839 423 834 691 30 117 763 774 700 914 0 707 429 496 492 310 271 855 653 431 122 562 102 837 819 426 539 605 365 602 94 939 493 584 29 795 589 638 252 331 56 224 115 210 759 351 250 73 16 552 372 708 519 577 862 544 254 633 609 145 854 884 284 977 768 629 
208 836 885 118 724 187 66 729 434 119 714 568 118 298 205 0 841 207 157 627 601 910 618 695 590 49 883 690 250 566 558 480 607 308 321 909 980 693 985 782 40 898 623 181 266 733 387 645 947 879 156 124 839 186 603 876 44 350 882 744 912 85 373 365 5 352 25 409 730 915 
900 669 525 521 180 190 661 222 193 473 325 418 775 341 630 374 0 82 499 995 772 195 782 805 58 296 78 485 481 524 859 88 895 465 778 211 647 708 296 116 865 540 314 477 332 357 653 920 697 777 724 440 557 523 708 331 902 350 163 518 878 461 906 41 157 371 327 120 637 630 
297 795 425 671 806 493 799 613 303 888 997 651 912 570 890 72 244 0 474 632 217 714 845 140 296 18 19 119 540 928 190 248 231 347 359 897 672 137 770 260 563 240 259 210 426 970 646 894 155 750 894 343 799 631 202 401 114 523 259 704 568 534 300 644 11 993 154 885 329 526 
100 591 526 1 862 172 425 235 709 794 515 998 324 862 792 616 221 668 0 170 768 46 482 244 728 909 971 598 743 283 936 730 942 437 608 217 213 615 385 199 896 470 152 866 915 311 279 776 580 738 974 586 323 479 474 469 1000 343 188 893 931 878 331 462 974 769 176 448 588 598 
506 279 104 43 368 696 75 286 746 707 152 675 537 88 124 966 547 212 975 0 592 246 284 652 869 365 677 777 343 473 918 553 440 981 59 382 360 48 616 592 334 113 164 374 760 362 535 591 555 674 626 345 299 163 993 413 908 813 698 767 704 959 145 858 894 557 322 485 619 857 
207 631 850 453 322 146 467 225 412 401 53 761 486 218 610 185 899 685 390 706 0 72 12 813 454 837 848 761 469 804 192 161 629 139 822 618 956 705 326 823 842 429 52 940 851 429 160 622 594 868 142 699 856 492 251 719 702 833 260 771 773 135 825 168 555 860 77 663 262 688 
873 48 763 168 454 905 651 798 874 7 618 1000 801 230 447 515 981 178 867 480 442 0 582 732 40 747 585 648 510 288 109 489 435 331 749 549 948 539 467 407 171 493 178 754 915 438 715 471 244 279 549 333 81 131 716 629 178 393 203 259 929 186 838 522 589 509 187 283 771 759 
342 356 48 320 697 315 92 905 743 749 152 914 143 994 261 146 764 908 154 541 12 96 0 44 885 924 328 84 500 209 928 95 280 513 869 214 347 574 628 96 137 246 922 381 830 441 69 646 257 593 172 273 291 760 498 172 550 818 793 140 150 336 931 118 981 659 212 798 485 484 
397 547 401 700 779 503 877 468 518 259 245 508 393 643 501 434 767 316 737 285 799 719 93 0 563 546 539 684 80 575 748 591 31 296 833 96 958 714 953 626 366 658 375 863 400 247 536 371 250 221 477 46 807 362 184 73 645 470 235 399 398 307 56 437 77 209 994 766 187 709 
852 162 408 125 578 647 616 948 674 771 985 474 623 25 345 885 310 522 23 6 506 578 107 781 0 910 39 566 232 381 531 718 937 26 513 852 135 67 251 444 904 6 114 289 390 515 763 555 729 401 679 28 752 42 730 121 469 578 879 995 147 383 350 61 508 746 606 813 672 584 
747 282 82 98 18 664 97 571 996 838 14 603 891 526 9 767 378 330 592 609 686 600 521 842 266 0 558 538 416 91 405 998 884 799 289 729 42 549 782 141 697 556 419 428 249 314 135 391 934 716 341 922 496 28 781 401 547 948 692 826 733 978 217 943 747 766 800 54 198 921 
397 205 692 905 116 911 373 762 223 990 467 441 646 929 120 88 753 144 553 29 513 69 661 759 156 843 0 588 701 60 851 467 723 754 100 435 758 512 109 856 226 126 51 98 145 932 358 701 430 153 79 278 963 814 444 213 920 297 157 325 771 822 989 881 738 768 41 439 867 448 
126 300 738 375 9 148 513 117 526 229 616 912 367 38 208 118 877 72 382 230 405 177 133 553 884 918 569 0 294 984 743 703 669 5 790 278 365 150 769 791 713 77 65 804 717 363 316 506 294 159 941 184 344 665 481 100 933 977 63 99 311 518 822 681 775 880 74 447 896 461 
48 221 701 317 296 793 401 460 509 176 282 465 572 863 863 750 386 749 141 834 891 528 523 935 483 514 951 960 0 616 529 848 707 326 429 367 893 719 116 549 28 810 944 607 743 801 965 871 911 107 354 340 223 504 855 284 275 159 76 139 552 976 255 324 910 528 585 654 74 828 
510 137 944 742 223 980 28 9 581 372 629 403 985 196 169 672 379 327 363 262 25 86 360 625 905 572 975 828 172 0 725 260 811 901 511 245 66 864 160 274 703 500 927 737 498 963 730 779 124 925 690 19 819 522 24 450 39 130 355 161 452 471 969 59 822 831 878 959 420 295 
30 242 245 393 931 300 330 609 290 361 894 585 270 143 458 769 589 224 190 972 519 311 49 653 744 661 441 228 535 902 0 505 945 271 60 933 959 87 859 247 91 704 400 512 939 507 664 456 619 193 6 567 200 808 122 730 861 891 388 812 307 597 327 262 675 996 126 460 217 947 
112 543 223 144 795 412 829 598 216 940 224 517 500 254 783 852 553 775 739 42 284 389 865 972 551 363 974 999 681 199 432 0 642 87 755 938 596 643 449 578 847 74 978 497 946 742 563 11 732 895 624 452 205 928 490 740 703 552 231 784 375 361 104 740 350 93 105 834 60 548 
329 869 204 539 203 655 429 597 600 738 843 610 149 251 898 160 952 941 229 127 796 970 341 889 462 401 790 100 988 321 979 395 0 752 368 740 32 472 36 49 588 314 191 125 695 514 206 310 779 647 662 358 138 940 267 782 75 905 552 913 673 995 960 960 253 421 619 94 549 770 
638 697 3 295 667 943 286 918 445 356 499 291 862 78 969 192 414 975 978 487 912 235 22 813 811 102 947 34 600 485 889 701 207 0 33 167 869 306 627 759 729 37 755 632 407 945 623 576 964 291 929 462 36 3 845 878 764 59 56 950 518 601 413 119 980 519 85 763 948 31 
810 15 416 274 58 272 258 421 616 122 242 72 249 427 203 530 7 713 326 257 466 319 423 623 224 578 964 974 387 222 360 619 239 689 0 588 383 607 776 378 266 860 785 934 122 0 91 163 150 44 903 521 668 365 15 383 808 349 716 734 228 38 668 588 362 126 57 496 300 878 
667 378 59 538 106 937 311 268 524 114 244 516 86 386 969 621 479 100 630 502 308 338 652 185 594 852 788 257 237 398 772 206 56 750 480 0 944 928 642 515 726 391 610 624 437 515 294 278 159 947 90 902 422 362 845 557 427 402 16 941 145 497 981 160 735 951 101 33 117 983 
554 823 688 203 566 813 310 895 877 23 403 453 300 916 858 571 658 995 673 790 150 40 661 587 909 777 171 400 453 899 148 197 781 368 25 28 0 23 736 766 700 183 872 578 569 529 122 291 940 975 317 143 407 797 482 467 690 344 910 312 69 115 196 328 654 814 49 339 760 994 
332 412 974 829 45 2 726 761 807 891 223 329 406 82 131 612 299 539 248 952 586 120 691 549 650 412 700 794 106 428 314 823 315 496 738 204 708 0 364 907 109 495 339 551 854 909 583 50 722 382 74 90 471 381 37 641 4 140 101 431 34 229 609 393 24 792 560 59 826 591 
277 567 915 960 252 240 274 790 445 998 361 674 676 729 562 951 522 340 923 290 445 998 377 243 618 520 942 242 179 569 872 940 277 102 625 181 405 548 0 289 279 879 893 603 826 944 948 447 684 832 431 947 275 47 874 25 686 743 104 105 385 782 112 524 385 451 665 732 235 625 
915 828 452 495 598 4 874 832 215 522 832 708 617 652 247 460 715 612 740 88 552 593 697 298 968 664 756 552 761 734 229 46 803 674 379 109 286 137 596 0 418 182 900 47 355 201 367 858 78 411 513 890 734 879 835 586 559 455 772 553 385 265 325 498 627 308 16 145 634 236 
763 390 468 471 291 59 460 488 618 140 365 91 92 286 149 264 311 267 505 292 681 488 106 253 426 136 891 835 511 352 229 497 558 156 372 111 438 866 756 160 0 852 358 588 902 183 98 397 618 571 341 397 578 811 7 73 361 363 414 936 253 391 825 501 696 995 236 190 553 40 
298 671 324 850 170 447 309 86 873 180 332 48 366 716 700 78 408 759 134 289 543 805 832 369 839 943 202 57 665 406 983 516 479 189 171 703 448 205 791 48 440 0 107 809 702 850 969 112 186 207 969 339 272 901 230 42 255 197 990 759 577 25 39 265 307 622 410 518 747 823 
920 597 435 843 616 666 339 713 938 913 540 89 360 435 932 597 11 297 539 921 303 632 208 663 685 437 656 706 274 211 402 381 595 442 799 903 191 476 445 577 746 429 0 927 645 333 881 924 928 335 633 653 415 21 618 444 242 453 666 665 790 413 447 284 964 719 699 226 268 758 
219 127 659 419 937 973 594 89 817 586 792 42 710 98 922 429 3 505 239 244 330 962 516 420 539 455 389 93 825 437 709 385 953 458 240 325 220 809 520 236 302 767 454 0 693 224 479 621 484 470 304 737 829 122 396 973 644 949 107 620 957 522 437 853 128 453 747 785 11 259 
379 222 399 564 815 982 691 721 484 863 305 91 648 974 905 11 81 649 343 354 486 446 575 392 89 291 577 749 361 11 263 522 333 424 465 33 338 315 638 140 478 332 291 120 0 530 295 655 718 927 384 86 493 716 438 526 510 62 767 196 51 594 795 697 431 201 252 697 942 218 
929 170 794 42 473 350 693 675 97 232 873 805 101 330 78 753 663 238 916 635 519 921 356 980 815 272 805 737 30 355 767 164 546 395 528 101 588 253 777 758 298 77 632 139 983 0 473 755 70 185 805 707 391 641 490 305 301 565 749 276 629 658 319 875 377 980 158 120 526 41 
338 209 366 525 888 777 498 358 966 423 539 205 408 575 801 259 259 556 647 294 991 390 495 862 549 541 22 912 886 812 532 416 408 445 780 684 526 878 220 335 965 409 820 823 855 334 0 318 842 538 894 664 26 862 253 364 876 761 635 430 845 935 639 30 110 3 369 133 137 476 
353 334 680 245 651 989 444 638 967 596 289 30 619 938 911 986 263 145 595 333 696 749 319 630 926 402 681 668 555 650 678 65 167 221 437 405 673 538 309 744 93 601 658 818 142 162 5 0 380 554 863 485 66 508 901 55 84 516 130 818 979 808 354 420 432 804 108 210 346 950 
857 22 586 946 125 381 687 878 559 852 9 267 821 195 318 95 12 85 856 563 86 983 170 552 25 708 997 960 7 975 785 10 543 677 605 326 832 425 136 437 52 512 551 273 302 329 654 555 0 754 945 765 5 463 194 773 471 890 781 265 584 337 665 161 693 699 232 801 243 767 
478 915 520 407 52 150 677 316 344 99 357 201 692 405 871 789 684 951 963 281 765 896 308 233 722 351 870 541 981 398 438 424 541 29 862 852 842 432 343 408 417 540 561 77 136 6 141 246 534 0 292 216 763 285 750 308 165 656 7 898 375 786 17 537 671 538 289 689 850 218 
925 985 123 285 850 205 922 628 857 38 928 5 995 503 151 175 842 167 278 70 27 835 709 309 37 934 64 147 75 828 895 542 822 478 298 818 380 860 922 834 324 550 404 282 978 646 705 107 281 665 0 613 147 382 137 135 478 970 153 92 495 91 841 131 347 191 764 256 977 466 
827 224 357 537 405 987 268 715 382 397 299 289 716 827 829 455 660 901 385 210 722 580 467 911 425 427 432 308 399 792 537 194 799 251 230 256 240 797 281 814 522 768 453 431 387 82 1 719 938 262 477 0 968 10 950 329 304 39 13 141 961 649 742 650 602 144 171 91 318 713 
13 151 584 728 665 665 824 604 413 634 153 202 4 862 698 663 957 962 647 509 206 738 378 722 927 136 156 54 460 688 978 674 933 133 551 189 492 338 941 431 633 487 686 771 428 768 197 173 250 265 379 818 0 635 35 178 462 90 395 856 950 267 44 196 384 815 132 567 87 309 
37 202 692 209 275 401 77 130 613 815 875 606 71 464 406 504 77 341 196 180 956 983 896 770 24 935 175 54 129 191 274 156 263 72 835 541 596 65 157 142 234 19 702 755 931 342 67 552 866 322 569 475 622 0 175 546 346 550 966 864 552 592 578 807 939 285 391 443 125 234 
690 179 80 565 625 307 853 862 193 781 720 167 935 255 647 955 453 387 961 781 259 772 416 448 147 208 624 216 535 801 433 77 459 60 316 495 395 573 300 822 664 244 631 343 241 924 726 469 252 475 427 7 3 30 0 368 455 371 116 887 100 321 249 360 735 721 294 161 327 984 
724 604 157 419 371 767 0 217 259 229 285 502 132 837 505 751 721 637 948 432 503 295 302 900 603 895 71 554 394 781 772 80 493 249 59 701 248 612 161 847 702 870 931 7 600 829 222 19 918 170 412 807 525 29 864 0 11 45 461 779 938 588 235 904 115 651 317 668 850 750 
519 170 72 905 700 733 806 809 404 670 157 830 860 392 729 978 238 481 185 621 70 5 921 298 622 172 808 956 698 318 546 538 430 495 436 315 900 761 787 290 609 676 137 966 660 326 128 222 655 393 547 348 766 703 674 474 0 725 277 30 982 389 412 385 144 139 991 127 191 428 
889 191 919 747 790 100 211 374 325 273 121 853 659 420 868 684 461 591 11 357 388 280 275 726 341 657 749 943 249 985 902 963 844 124 467 988 995 480 427 562 108 412 98 195 599 36 189 706 509 983 230 43 493 653 27 492 809 0 866 733 284 288 0 233 335 645 936 139 720 476 
864 39 598 565 671 497 633 476 4 409 562 905 430 360 292 651 97 29 222 802 968 176 218 394 778 24 287 925 713 926 386 653 910 841 986 305 787 52 827 492 909 699 448 788 593 368 543 873 332 437 757 894 122 190 40 167 264 527 0 838 343 270 312 192 259 200 135 99 473 650 
515 714 672 314 249 129 611 393 295 771 622 433 314 753 661 340 936 952 394 148 66 438 644 623 630 202 742 135 690 125 438 393 245 825 863 83 182 579 372 373 266 453 769 463 728 609 892 368 747 373 926 950 935 143 481 165 855 922 438 0 609 608 329 896 331 640 578 959 826 360 
444 144 365 488 299 151 82 0 721 105 515 414 486 945 834 929 669 959 434 432 7 639 571 140 670 680 478 363 924 923 11 122 432 9 104 472 68 203 315 427 898 488 226 586 441 637 920 347 906 614 671 431 497 317 28 369 134 161 977 30 0 38 374 215 320 818 442 880 431 554 
369 806 535 299 506 731 689 281 192 93 358 596 206 486 954 733 632 480 490 205 886 749 818 94 508 356 978 93 181 454 375 762 951 734 370 331 787 810 397 129 537 196 492 153 398 867 863 383 82 601 325 880 511 376 483 879 479 770 873 388 35 0 137 9 177 572 950 709 916 54 
586 218 545 370 330 219 160 593 226 4 218 25 701 537 100 244 645 443 252 673 723 496 144 248 486 260 868 117 385 294 817 359 484 820 162 259 499 172 738 598 954 17 320 674 970 380 955 899 514 678 494 849 821 82 232 336 915 531 62 34 467 286 0 46 75 444 348 985 659 871 
993 205 740 641 527 183 871 339 827 921 634 380 887 78 112 681 602 712 242 882 609 252 290 564 618 232 129 199 77 611 483 427 339 794 13 84 733 443 24 695 520 506 256 40 578 721 12 681 521 489 982 779 919 240 4 851 810 54 175 999 141 814 196 0 974 601 759 124 804 691 
295 289 915 103 141 371 692 698 714 62 806 707 257 749 919 721 145 345 769 312 789 253 679 417 504 432 675 534 505 818 40 920 721 188 731 290 815 627 877 54 359 9 736 857 971 83 428 800 461 647 65 657 615 188 550 3 413 96 999 70 739 987 547 290 0 414 585 54 967 159 
755 710 577 105 18 955 228 444 55 876 537 178 649 364 64 934 980 463 961 919 156 755 633 56 319 199 350 243 225 889 239 760 685 431 581 715 982 223 398 73 62 523 928 548 832 292 96 390 608 329 989 916 100 678 789 475 804 340 86 55 643 895 500 162 604 0 131 567 81 838 
83 262 144 532 514 370 542 992 834 855 505 496 241 261 374 710 410 100 938 379 284 110 988 903 639 304 58 474 629 578 380 407 535 356 330 62 964 646 132 740 173 293 701 167 496 123 383 956 800 961 722 328 127 512 574 189 118 907 92 521 353 917 297 887 755 409 0 655 839 820 
613 387 2 293 503 810 305 165 144 171 867 978 794 380 101 888 605 89 789 749 931 987 250 19 68 923 394 749 172 942 958 747 975 514 799 179 509 685 219 312 937 626 59 346 999 815 199 635 567 393 255 334 247 412 313 310 839 425 241 276 876 919 270 609 936 91 105 0 808 93 
509 915 668 832 919 589 523 369 106 471 560 695 722 54 979 469 705 688 353 321 249 76 233 988 264 224 166 200 282 782 206 841 268 571 61 235 397 925 242 713 635 375 881 972 208 267 634 388 19 117 858 530 901 61 281 864 976 82 883 471 868 15 672 219 653 487 153 412 0 733 
807 828 635 935 391 147 92 193 606 549 351 379 604 671 427 703 372 645 720 870 868 141 769 144 625 751 524 932 236 23 205 145 716 597 423 117 850 337 91 261 360 168 120 230 563 68 301 526 398 847 862 881 641 90 260 551 526 234 250 590 441 482 779 719 854 364 322 668 960 0 

Depot information
1
1
1
1
1
1
1
1
1
1

Customer information
17
20
25
16
24
17
19
21
18
21
17
23
24
19
22
19
24
17
23
16
22
20
18
24
18
18
16
21
19
21
19
24
20
15
16
19
24
21
17
21
21
23
23
23
23
22
19
20
21
21
22
25
21
16
18
16
19
16
18
19
