Seed 124 - Instance: n70m10_1
n 70
m 10
Q 150
L 0
U 1000

0 487 52 473 27 343 935 78 8 901 317 680 241 189 779 830 784 781 104 51 261 110 532 465 294 282 615 39 560 622 472 765 852 894 467 999 713 603 592 651 927 523 34 202 891 669 187 905 434 727 425 884 994 36 303 764 958 770 583 533 315 986 512 704 367 269 488 649 121 301 75 287 436 744 649 740 553 183 152 409 
236 0 938 77 88 555 405 918 285 739 564 663 942 665 43 182 236 387 748 217 593 978 968 876 841 649 307 921 472 977 260 472 378 146 892 828 687 58 653 881 296 876 429 912 486 787 567 842 755 249 257 264 76 243 824 860 476 752 536 361 943 850 600 61 518 411 633 226 732 221 580 795 478 381 979 434 25 729 98 99 
775 952 0 652 556 39 519 330 318 173 7 696 570 700 957 365 985 952 103 348 320 908 725 671 815 890 927 377 8 551 720 618 408 438 446 396 839 895 229 159 214 290 592 312 273 689 794 185 174 732 89 590 778 720 860 890 167 8 433 306 487 375 213 697 86 234 598 523 163 79 359 334 246 680 891 291 272 570 522 873 
490 725 242 0 324 2 204 375 783 135 210 150 856 909 352 540 767 214 963 794 390 580 777 239 833 347 44 137 905 106 496 830 324 62 186 100 454 439 70 232 750 564 971 60 907 486 749 795 7 510 891 704 423 685 947 507 931 54 673 664 768 358 526 423 503 645 263 870 230 908 826 131 833 934 390 514 524 48 610 901 
18 286 66 847 0 217 138 573 137 489 668 232 550 219 484 373 913 476 615 695 966 398 127 957 110 47 879 925 161 305 369 794 292 319 949 815 16 306 690 351 308 436 876 539 291 197 457 527 249 790 915 409 23 239 317 183 51 505 449 852 379 320 185 263 615 225 865 226 84 274 138 841 874 534 60 480 857 959 328 454 
348 579 703 529 271 0 325 845 550 203 65 381 746 697 711 702 470 908 857 617 955 205 87 279 889 359 191 932 366 503 189 101 473 767 902 770 884 324 946 45 139 487 39 672 769 558 119 106 596 784 428 258 653 952 882 539 749 562 325 223 375 54 680 669 707 9 2 872 893 986 429 255 34 878 37 419 211 257 16 641 
128 358 750 964 383 649 0 693 579 967 992 654 584 761 87 87 236 562 81 725 142 640 254 483 955 105 965 742 156 787 81 823 183 244 906 800 82 854 860 196 419 142 446 458 201 216 957 334 37 85 957 51 703 909 591 672 459 695 286 636 963 263 433 795 356 628 586 639 16 357 552 980 995 123 463 381 241 768 495 302 
864 610 108 642 851 329 258 0 445 749 845 883 370 867 661 282 704 357 944 904 448 785 541 31 345 574 333 994 959 489 495 589 454 918 573 361 130 331 61 867 906 620 705 560 330 545 124 576 706 335 774 331 669 343 867 619 244 284 216 588 70 615 469 62 573 232 99 830 551 556 734 838 832 763 273 21 968 694 898 196 
896 224 993 194 887 779 61 846 0 137 656 548 469 462 663 65 933 809 432 531 787 194 897 999 623 946 0 645 214 877 866 704 488 171 85 715 2 615 71 688 919 955 451 750 441 934 433 9 319 273 159 896 612 649 284 158 248 403 984 985 243 642 603 875 644 85 532 180 209 889 998 317 566 708 66 555 647 153 835 25 
705 324 811 164 341 411 179 958 964 0 806 577 123 121 972 719 320 194 288 549 650 588 743 396 205 171 848 969 211 891 623 837 803 620 310 175 837 669 777 328 289 603 931 781 280 932 545 820 303 876 845 327 863 438 277 734 248 656 494 564 984 716 621 172 486 693 667 61 557 79 669 662 604 518 736 692 877 893 305 977 
411 463 574 678 1 152 454 111 807 295 0 766 582 188 336 390 429 44 133 345 128 38 688 440 457 947 592 951 630 953 409 736 813 852 170 47 278 564 313 301 80 576 877 128 156 125 103 308 761 618 992 485 391 573 872 711 405 718 385 663 300 465 655 185 320 338 450 644 783 218 693 758 434 360 781 596 691 399 29 509 
886 601 242 210 206 858 806 290 747 381 917 0 337 584 712 396 405 948 722 949 469 517 395 217 490 997 312 774 253 605 764 731 622 832 646 784 926 498 927 126 430 497 439 825 762 501 982 193 852 422 183 22 584 845 81 165 648 235 853 819 535 175 183 788 468 305 601 707 682 89 560 332 228 368 597 557 44 608 77 963 
173 214 704 979 681 194 587 293 415 404 11 728 0 110 538 756 786 748 890 854 11 738 257 505 211 513 405 975 244 604 790 173 129 333 574 628 120 229 224 420 738 700 852 506 662 651 277 862 382 552 71 438 642 938 895 260 33 77 92 547 261 590 548 588 570 14 979 407 442 302 722 370 644 329 754 587 195 327 463 136 
76 30 402 402 938 493 427 303 488 8 720 223 296 0 145 775 759 524 85 492 482 965 331 492 528 451 168 799 559 118 177 731 647 591 824 233 718 124 14 803 325 587 984 895 437 438 624 84 719 366 495 683 346 326 193 526 485 394 683 286 503 449 594 632 549 81 47 631 303 959 140 710 630 288 118 980 557 255 761 379 
420 208 251 200 266 751 637 494 106 588 48 503 619 66 0 70 23 900 286 39 326 372 450 414 13 108 200 985 655 439 227 203 506 198 304 798 983 265 446 97 460 238 748 622 475 469 613 749 307 706 993 354 950 534 813 768 611 335 193 236 358 760 898 834 775 850 121 432 463 145 713 373 755 572 13 891 712 25 718 14 
509 656 691 332 162 450 953 736 890 271 764 339 790 235 32 0 961 506 970 520 291 758 920 373 676 296 999 647 797 508 123 237 236 150 201 406 180 792 978 515 424 322 185 276 708 593 449 64 478 699 102 487 558 234 777 66 550 534 314 212 526 142 447 992 746 86 795 185 805 554 881 858 981 839 499 671 997 338 883 789 
847 909 245 704 754 440 741 68 492 435 708 901 169 497 541 43 0 227 303 459 810 579 407 485 930 714 894 817 464 255 468 798 15 623 1000 252 92 221 386 977 5 287 395 132 314 337 105 8 459 923 136 858 176 599 952 20 517 256 158 984 39 628 810 117 398 894 62 693 152 349 59 876 260 683 468 35 914 228 236 248 
392 827 153 290 52 363 487 569 304 16 576 723 421 253 19 639 684 0 749 555 801 733 844 387 902 769 413 157 413 674 625 410 372 773 421 769 912 76 301 689 466 722 716 219 818 714 301 534 559 246 1000 699 672 47 578 921 337 586 92 725 830 947 851 590 146 276 797 195 658 749 405 486 781 359 162 240 780 767 286 192 
56 604 24 366 245 301 885 623 374 203 287 662 753 205 354 496 58 202 0 327 81 766 444 299 725 750 826 106 682 471 408 840 937 345 562 734 70 293 743 795 520 787 440 671 61 424 639 475 186 676 414 460 434 765 706 87 909 84 340 841 834 63 699 843 611 996 574 862 714 965 203 452 776 494 304 50 125 448 279 685 
206 240 0 698 277 371 501 116 342 345 798 295 43 949 513 828 71 602 604 0 760 509 241 857 564 16 759 466 471 454 245 185 991 775 591 297 33 791 310 272 442 174 732 172 434 870 409 767 123 982 921 412 730 296 471 163 248 642 532 779 647 192 360 5 153 343 885 720 771 853 235 378 721 795 57 28 601 412 813 350 
711 389 319 301 91 834 49 66 543 423 29 791 655 92 853 168 838 722 327 944 0 539 236 175 61 694 936 24 908 440 32 938 668 168 460 162 242 679 187 810 408 748 755 405 242 336 222 498 845 774 291 806 766 936 541 53 289 580 92 183 570 906 698 128 746 706 448 0 860 182 997 203 535 128 751 314 543 175 948 47 
965 937 506 79 444 32 235 259 458 442 439 186 151 977 896 130 350 860 543 306 204 0 149 784 33 393 865 224 60 860 492 420 688 836 700 759 232 133 913 498 615 82 46 372 599 864 940 384 662 813 527 641 553 254 30 232 436 378 768 439 201 552 637 420 741 623 483 327 194 860 576 974 283 777 894 578 685 85 222 131 
83 369 711 477 385 301 775 847 549 426 65 838 225 140 683 893 64 387 987 280 619 766 0 471 156 844 252 122 518 673 196 425 958 910 677 840 479 695 173 363 32 245 677 340 531 121 97 631 158 466 1 269 534 779 658 880 838 16 151 246 787 909 818 603 832 539 983 542 720 512 12 265 763 94 974 836 791 532 622 706 
675 990 189 490 987 328 207 410 501 239 903 656 878 70 287 658 144 79 38 524 611 473 12 0 796 356 853 281 367 456 818 837 633 167 67 867 85 599 986 360 655 738 335 827 35 963 630 947 850 262 476 571 370 824 42 389 168 35 643 15 463 380 266 383 534 544 150 2 933 275 298 972 394 356 739 828 242 593 661 353 
569 539 153 869 528 858 468 922 146 243 57 726 737 606 198 162 171 245 593 434 177 456 260 652 0 76 908 802 838 638 634 784 533 47 482 770 105 552 908 885 520 530 251 536 805 545 863 190 159 953 862 487 198 640 920 910 59 903 486 576 437 140 353 856 228 875 367 728 425 996 196 710 329 906 189 126 267 573 347 369 
122 146 32 665 717 768 249 401 228 734 67 816 727 748 887 970 347 566 53 16 761 7 591 251 191 0 940 848 726 518 84 572 321 140 268 85 727 872 315 257 337 937 245 608 921 256 214 68 189 358 913 977 435 341 156 977 239 565 133 685 928 266 568 832 505 598 353 586 756 897 94 173 68 635 705 499 654 718 892 841 
121 971 613 976 424 894 948 446 105 0 418 541 899 794 939 884 419 964 61 934 165 895 933 256 911 724 0 612 956 994 937 975 621 692 657 825 342 816 363 281 984 880 612 711 301 449 635 744 291 278 385 394 792 335 324 81 422 720 134 512 187 43 804 195 885 503 941 77 481 190 937 974 159 333 731 917 484 531 653 777 
184 260 518 689 554 646 69 616 183 327 160 848 409 968 291 721 345 977 740 575 529 897 499 966 754 312 90 0 163 36 996 498 831 767 783 295 218 728 636 149 635 279 415 880 860 716 622 921 275 303 922 628 16 511 588 313 358 746 640 842 287 402 79 60 34 301 988 623 19 121 840 204 364 822 287 594 858 430 220 856 
562 67 75 576 238 537 303 144 366 44 293 618 859 117 556 252 92 687 401 266 75 516 767 823 684 90 81 1000 0 618 744 588 735 582 265 14 953 637 996 465 494 321 764 446 896 435 27 292 887 189 413 445 993 413 932 937 815 150 642 589 138 609 368 849 306 839 938 615 394 146 374 536 475 12 7 615 941 349 887 13 
380 448 149 29 385 32 247 453 814 203 267 226 526 818 58 707 978 743 177 571 206 221 860 155 979 257 563 718 564 0 492 799 894 316 509 802 738 920 257 65 305 759 577 891 387 996 344 215 110 484 409 316 250 822 491 811 391 49 458 88 621 98 153 949 207 120 905 115 62 560 877 812 627 441 387 114 257 434 226 959 
486 449 961 700 547 372 906 305 969 920 227 289 128 578 256 630 522 565 799 836 169 538 936 796 236 813 813 697 908 149 0 705 322 572 453 873 808 851 665 649 914 573 217 336 396 344 736 977 243 856 894 780 74 915 91 741 614 747 434 696 157 276 877 226 628 830 477 133 826 792 963 398 437 741 825 27 34 640 385 263 
28 678 425 75 228 290 650 654 346 211 852 844 595 885 89 374 178 847 969 843 56 688 893 108 72 616 556 445 857 914 285 0 117 454 911 834 302 189 326 741 446 701 489 660 453 34 708 292 985 882 833 514 175 739 475 631 753 577 426 619 410 758 273 545 286 530 683 244 125 349 748 565 587 147 951 608 22 719 487 543 
523 593 880 95 198 647 296 788 618 492 985 926 192 898 577 594 882 90 456 252 850 910 259 202 12 598 419 952 439 173 955 519 0 973 769 454 683 717 791 565 313 756 150 146 432 764 564 558 794 607 546 373 516 921 57 100 953 535 848 580 354 379 199 15 681 867 705 68 849 829 785 139 219 369 310 225 415 677 411 166 
779 5 777 321 377 248 740 404 661 191 648 549 859 763 30 711 924 140 556 518 581 618 608 20 238 662 864 392 165 50 373 807 326 0 742 606 377 499 71 485 827 826 654 922 40 523 639 168 463 55 156 298 945 875 511 50 669 118 212 194 105 674 760 897 699 122 579 157 25 163 110 376 867 86 797 68 860 486 409 838 
390 191 842 304 191 9 135 926 254 942 533 101 230 114 44 210 412 78 968 91 544 970 156 932 996 249 930 754 199 285 567 19 949 534 0 350 736 164 981 662 389 332 156 90 559 88 808 645 432 932 154 586 528 91 392 783 655 393 666 280 635 172 958 445 200 483 11 594 190 455 320 958 51 263 710 881 313 689 656 313 
979 765 941 792 969 866 850 679 747 929 132 847 861 898 853 413 613 21 618 625 264 87 848 608 238 488 491 242 638 980 196 179 555 481 55 0 219 70 427 589 996 740 724 125 503 986 556 592 111 157 996 39 883 915 830 463 291 4 464 794 3 1 465 995 686 204 955 867 974 55 581 549 34 950 976 368 275 577 515 85 
119 441 573 164 313 4 469 704 780 91 50 686 146 530 68 679 126 176 171 388 625 329 52 180 504 250 622 927 691 229 350 197 246 371 523 649 0 73 756 140 447 777 353 697 309 226 683 426 603 818 10 75 420 318 215 245 45 942 551 221 51 227 67 483 817 222 60 546 481 647 618 921 504 530 115 674 947 204 201 546 
520 634 225 926 303 295 28 607 217 467 962 887 996 266 184 22 232 168 578 173 499 268 821 418 727 252 697 867 928 12 73 445 147 995 960 239 894 0 440 385 993 73 945 520 74 674 87 499 79 319 285 818 539 250 701 953 832 737 42 389 414 776 77 821 349 243 73 433 346 650 143 139 414 756 959 996 278 940 233 174 
37 774 20 95 568 114 241 717 399 607 873 478 827 976 395 280 786 928 718 880 460 423 79 365 188 963 118 613 953 71 219 122 803 976 86 404 333 217 0 124 93 938 385 5 579 45 234 733 293 196 512 651 329 71 180 838 292 548 402 841 903 728 781 423 495 55 613 550 201 197 405 836 102 763 820 942 911 200 721 964 
500 527 584 469 392 872 885 257 553 523 531 400 892 684 770 617 924 771 724 105 698 666 992 849 31 467 483 779 575 101 105 508 428 46 188 463 630 583 212 0 469 26 38 57 242 306 898 104 664 255 987 135 565 894 979 470 836 206 321 867 217 813 701 657 248 786 496 231 121 81 559 726 659 80 379 419 84 134 949 611 
598 201 460 57 553 723 184 39 449 116 153 922 378 986 233 467 629 837 753 106 429 41 826 460 889 473 147 342 896 97 603 72 937 559 690 798 49 408 248 238 0 660 300 959 885 218 290 54 0 447 256 222 699 534 738 116 5 778 286 868 571 751 954 205 100 512 178 629 464 109 828 368 124 720 971 824 973 524 105 145 
496 96 668 773 965 699 372 660 551 864 795 614 732 894 962 489 529 78 527 39 750 311 504 154 260 670 249 332 744 31 743 553 519 355 539 742 523 281 638 834 925 0 78 331 13 567 711 214 850 55 241 922 848 888 85 521 492 886 147 335 654 313 155 538 765 369 809 83 773 84 449 901 784 13 629 849 960 167 609 764 
710 879 42 688 844 425 147 853 411 539 491 253 258 97 27 995 424 166 779 476 417 835 725 264 438 494 581 439 82 136 487 447 634 26 31 312 36 80 874 65 393 237 0 109 164 750 549 448 893 371 897 834 777 341 43 290 812 908 545 255 728 923 165 449 383 251 892 722 779 265 825 302 417 987 48 197 739 399 985 8 
734 784 289 260 359 890 361 892 979 9 500 31 928 352 683 248 676 314 249 140 147 412 604 26 486 433 601 224 4 796 300 365 666 895 969 155 908 344 111 521 317 190 715 0 836 444 301 930 596 808 915 148 718 100 997 502 692 17 456 728 591 725 210 409 17 701 157 331 657 33 121 991 572 737 536 95 763 563 184 603 
77 196 724 714 620 211 624 403 565 798 950 304 973 911 205 90 843 85 150 36 764 808 618 473 501 806 378 641 322 841 967 36 62 438 689 694 887 648 289 817 662 646 120 499 0 125 499 733 763 145 293 229 320 736 862 267 519 829 991 325 398 365 493 791 332 329 500 148 245 183 42 528 731 522 538 99 374 736 770 710 
456 217 295 559 177 494 37 671 704 453 222 144 589 775 154 174 988 97 325 840 94 938 386 443 610 504 657 984 398 285 570 484 732 291 715 281 80 625 804 861 592 126 628 914 556 0 106 410 922 69 628 636 365 264 361 430 560 463 996 804 989 174 266 12 597 891 470 824 69 312 329 6 483 200 697 787 574 965 370 338 
333 901 986 438 322 204 364 561 31 107 662 89 577 119 76 221 837 499 335 945 668 81 946 682 261 869 760 999 535 262 914 919 79 104 582 701 40 343 847 230 793 150 712 174 629 718 0 801 602 954 599 768 507 788 6 649 686 343 654 497 60 961 248 968 404 496 378 61 346 635 462 755 649 729 778 186 745 678 210 574 
684 402 799 322 278 833 687 984 492 820 36 997 67 617 683 738 766 370 495 373 918 421 18 781 357 701 323 694 949 347 769 186 805 667 493 231 212 318 831 287 72 360 763 952 726 322 424 0 703 405 686 226 515 314 586 173 878 479 249 120 969 375 638 558 330 807 639 303 404 270 478 424 645 596 547 333 620 999 891 338 
332 409 268 931 77 110 82 307 755 248 434 421 40 880 160 816 778 453 380 648 247 898 766 674 28 613 162 399 68 303 798 840 499 841 633 414 460 218 469 885 905 766 490 386 670 456 983 328 0 223 969 908 12 975 692 670 300 950 837 633 729 923 47 127 755 458 116 793 455 531 934 547 609 633 425 588 42 840 311 823 
135 818 375 810 869 249 499 663 317 523 977 832 424 615 275 932 645 714 722 195 172 360 301 463 891 686 697 959 1000 865 228 1 517 226 84 546 817 984 842 536 144 60 826 827 509 314 663 675 401 0 894 734 206 193 158 83 305 813 828 338 394 504 454 516 910 708 457 915 585 313 428 583 395 231 865 515 778 117 741 456 
145 5 730 259 78 722 710 51 273 100 96 282 362 852 499 344 525 833 463 433 566 720 156 380 229 366 451 786 845 912 991 909 834 816 710 93 81 146 395 522 21 563 36 306 630 565 888 771 791 322 0 737 831 888 333 626 481 823 137 279 261 755 802 606 162 952 803 422 952 547 849 972 571 143 201 586 925 923 252 744 
912 46 356 636 910 204 276 811 466 882 526 121 801 330 249 872 902 147 999 794 437 497 173 48 346 718 481 397 19 877 407 772 971 671 55 918 260 889 935 55 468 648 871 629 113 877 620 438 235 883 170 0 645 558 478 237 333 316 631 780 116 824 93 76 959 470 333 528 320 814 637 516 348 415 9 926 18 338 257 145 
609 253 531 594 798 475 720 464 177 3 427 659 687 456 284 133 696 559 480 577 864 709 287 236 424 132 902 607 873 1000 665 427 340 288 509 84 591 565 281 984 867 821 261 123 96 319 122 131 784 513 977 669 0 445 581 338 599 350 135 406 970 469 72 269 346 507 71 23 459 833 898 97 505 960 821 485 889 349 381 70 
472 977 300 693 457 345 709 127 915 18 176 177 734 736 606 99 105 757 204 215 108 973 529 783 822 142 352 83 648 204 20 291 172 957 644 193 993 276 190 565 545 585 795 203 290 689 679 715 514 877 660 806 794 0 752 648 784 772 411 189 474 105 659 403 81 477 989 912 160 867 786 475 706 711 166 454 379 564 535 324 
898 663 692 289 289 924 345 863 539 457 705 382 781 893 65 784 949 928 178 440 925 655 461 520 548 117 859 958 67 21 842 533 778 487 752 841 582 372 861 979 367 783 516 734 52 923 826 654 289 674 919 113 692 70 0 857 698 581 746 524 133 883 128 528 868 388 702 953 673 907 763 642 142 333 323 939 452 765 566 798 
860 885 955 113 396 766 547 171 189 352 354 789 670 816 35 966 206 577 470 846 751 129 840 52 486 351 491 252 605 417 938 583 619 880 204 650 138 20 103 178 519 886 723 358 784 384 282 1000 908 317 535 566 895 402 131 0 892 308 363 620 543 720 692 421 850 636 30 772 22 747 15 524 297 769 986 706 306 190 732 82 
396 650 207 299 933 339 371 613 963 596 324 852 428 829 883 14 439 566 287 523 382 481 462 6 13 710 528 782 764 712 760 165 858 423 137 934 534 165 758 589 694 18 382 198 374 7 113 593 593 683 370 815 134 673 400 939 0 547 221 135 111 703 921 844 103 2 635 705 202 156 185 580 883 94 937 315 167 677 7 587 
374 165 975 521 303 679 224 388 497 145 805 395 696 360 726 949 130 286 258 982 91 402 500 318 777 782 332 744 857 396 222 380 629 317 57 206 350 26 242 522 480 411 423 143 214 776 183 479 828 493 338 67 949 818 434 110 842 0 821 809 162 327 504 221 593 948 822 370 993 893 505 136 779 310 134 455 740 357 882 871 
793 806 512 12 310 405 47 346 772 867 529 436 234 507 133 385 545 68 84 670 989 113 550 964 285 957 68 160 681 997 560 260 126 168 380 316 154 947 562 143 450 1000 559 651 539 409 451 675 58 74 256 121 685 947 58 332 438 57 0 576 38 688 867 660 858 670 700 803 674 210 947 339 185 738 662 56 426 170 457 128 
502 943 298 779 796 718 659 419 363 530 313 974 978 348 43 441 989 956 285 928 452 14 320 894 743 777 344 584 5 865 930 529 868 584 240 639 246 303 991 646 622 325 129 283 716 829 7 922 93 455 816 375 801 113 534 436 934 37 294 0 376 198 772 249 606 522 135 704 943 235 981 967 595 806 275 987 491 713 143 604 
783 244 595 960 730 120 48 524 253 937 116 60 441 7 223 928 321 938 803 680 370 411 757 773 934 140 538 425 899 606 570 966 750 756 600 817 120 962 45 689 523 869 925 576 749 648 55 999 177 47 249 74 535 666 222 440 425 837 711 141 0 400 194 503 289 87 545 785 381 365 348 119 867 525 182 713 648 470 858 797 
723 169 99 504 136 892 417 239 177 65 61 64 447 171 950 503 164 41 377 911 625 65 994 845 899 143 313 824 667 785 292 506 864 982 827 598 777 33 706 179 405 648 485 617 605 706 713 68 772 715 210 415 728 634 197 354 496 158 259 742 122 0 143 771 504 651 227 655 40 237 190 598 273 550 838 923 825 909 870 855 
70 238 106 416 616 518 757 153 332 370 151 59 536 636 446 110 976 180 209 628 332 130 164 29 324 560 770 324 748 169 533 761 662 497 498 923 791 860 196 983 722 228 712 459 152 19 747 295 540 730 206 570 324 729 984 348 510 174 623 23 147 122 0 333 963 111 87 462 540 552 345 903 681 234 815 134 951 550 35 455 
772 897 453 703 325 163 743 277 100 513 397 822 97 723 158 215 434 548 921 190 598 257 744 405 144 193 307 1 616 171 766 84 512 172 827 792 340 367 459 702 502 805 371 556 317 591 413 709 414 319 680 783 438 283 964 937 927 811 400 169 436 755 418 0 211 115 574 705 584 141 800 383 515 666 559 462 975 695 854 391 
606 668 851 219 399 131 689 740 563 197 518 675 767 617 764 438 987 482 770 206 540 84 875 166 479 128 51 697 472 28 237 731 378 948 805 141 662 568 785 241 847 535 317 40 132 663 788 450 534 915 95 26 189 459 395 475 216 627 141 321 996 421 342 831 0 467 886 816 268 846 168 892 745 924 169 674 102 878 495 597 
59 493 644 988 633 632 545 425 93 169 139 209 261 104 68 914 69 624 753 578 963 706 282 221 903 976 580 515 993 478 280 439 910 543 98 162 463 657 512 403 554 717 851 107 571 939 574 334 158 464 73 286 77 123 62 181 284 672 509 793 709 37 940 144 172 0 292 298 23 276 11 338 647 479 117 783 104 687 504 776 
973 786 188 690 251 872 424 779 290 2 279 60 966 609 156 702 475 335 843 125 575 620 335 629 708 979 795 340 559 287 133 514 906 1 852 138 714 344 407 204 173 692 210 764 426 123 47 187 394 402 921 850 330 709 62 306 342 817 241 948 182 118 55 105 467 252 0 723 303 555 860 854 404 564 706 834 14 215 84 568 
333 349 660 191 585 53 202 477 532 743 802 527 982 523 18 608 265 601 514 595 7 345 430 199 615 27 635 689 423 34 717 151 585 932 984 628 607 572 281 748 330 668 997 697 19 710 762 297 635 633 185 496 331 991 918 980 697 987 887 160 714 47 840 415 870 118 961 0 261 306 867 324 826 753 223 937 758 318 786 469 
432 194 534 544 785 894 599 544 706 888 7 11 888 275 44 193 711 616 208 166 284 576 459 313 360 856 495 473 422 198 186 787 521 325 709 821 592 104 110 670 867 904 627 817 747 183 113 357 643 355 134 477 911 519 150 474 631 509 619 294 60 49 480 237 181 311 114 780 0 804 649 631 823 665 460 636 784 36 890 497 
485 619 989 167 440 485 340 920 455 842 652 720 810 18 781 797 50 492 756 461 425 642 745 578 395 274 854 551 571 654 760 855 174 697 333 767 464 892 678 445 702 813 792 967 469 800 853 254 676 161 611 971 972 819 272 960 832 493 393 902 647 711 521 717 172 325 28 480 240 0 589 220 629 502 140 312 817 285 672 269 
965 68 265 521 820 968 980 463 803 142 769 407 286 126 293 111 368 282 466 591 890 777 882 34 431 313 14 971 717 531 218 548 613 346 200 400 448 871 932 159 584 741 357 58 587 916 351 929 108 771 400 450 888 998 982 514 37 265 712 482 506 458 81 950 419 333 9 768 55 576 0 639 495 349 378 928 124 461 410 222 
789 510 782 521 476 802 178 510 424 167 176 845 955 967 238 208 459 885 448 799 786 878 574 36 612 460 235 575 658 136 740 312 22 572 517 920 866 520 548 530 306 516 133 568 314 378 516 330 411 224 870 35 162 571 121 63 207 922 463 265 423 853 8 53 48 435 878 884 942 545 882 0 616 255 64 774 791 660 194 392 
262 16 280 651 974 680 969 270 789 281 125 431 58 467 216 21 744 244 997 371 172 404 720 566 266 846 71 22 524 701 156 423 191 413 455 393 319 188 254 506 849 645 155 461 944 106 424 84 630 925 318 818 636 984 897 302 841 393 169 307 823 617 306 39 368 660 385 673 153 358 261 408 0 636 782 311 409 414 834 814 
569 948 105 727 95 794 79 715 538 879 627 987 560 150 834 184 266 826 37 533 466 944 572 160 529 331 283 123 434 201 158 4 699 317 246 498 895 559 701 624 40 403 474 587 498 133 904 586 765 12 531 837 241 971 3 299 91 677 173 300 259 763 963 856 842 66 90 341 367 15 83 919 272 0 482 741 576 80 212 852 
65 157 310 110 396 900 934 474 264 353 948 337 134 11 705 434 937 767 811 194 965 199 705 219 415 756 167 121 63 588 314 168 33 717 15 850 441 367 210 645 965 454 250 158 521 764 965 82 524 595 528 66 32 497 805 477 484 660 394 866 167 510 286 772 41 263 326 303 904 213 222 927 997 13 0 450 981 445 10 852 
291 479 881 308 41 187 790 356 843 23 193 517 432 540 707 684 173 391 224 916 539 211 199 505 201 308 244 564 236 476 480 539 356 877 882 800 658 147 700 551 398 188 433 568 209 27 157 811 700 382 677 641 731 538 394 881 550 669 106 641 665 973 781 374 195 893 348 580 279 869 363 873 873 40 306 0 324 675 175 588 
325 249 132 914 417 821 72 124 894 266 41 204 937 843 75 54 181 215 393 444 141 869 59 389 696 622 875 330 4 502 118 680 469 300 379 659 766 298 861 3 581 30 536 82 314 417 934 238 678 2 744 313 64 378 275 647 350 499 46 864 80 139 439 730 227 917 150 39 365 175 407 750 722 646 728 709 0 714 867 943 
10 300 368 257 44 451 764 134 292 247 803 177 197 797 533 164 425 497 115 417 893 808 246 917 660 920 542 647 632 407 615 429 809 794 990 791 689 603 121 457 82 841 318 822 518 483 627 203 308 519 526 140 566 665 225 404 414 850 495 103 171 836 650 944 228 242 314 544 373 795 56 808 357 697 432 590 963 0 87 314 
820 120 135 693 937 68 80 222 62 870 732 478 872 173 342 119 498 120 551 841 565 528 138 882 485 632 972 940 781 340 603 543 478 658 3 333 460 972 696 344 165 815 947 368 623 116 820 848 399 657 786 541 942 248 225 457 14 462 142 865 236 200 238 822 37 708 210 438 898 916 595 408 993 750 421 228 374 209 0 721 
240 345 218 974 309 225 258 983 244 471 443 737 324 724 386 791 353 395 12 920 414 438 855 614 850 760 793 300 904 773 370 299 58 844 355 410 3 977 300 13 843 505 416 773 261 835 216 511 951 417 521 294 49 794 830 360 538 945 712 711 106 605 19 592 441 192 903 600 185 696 10 296 594 421 796 585 158 186 202 0 

Depot information
1
1
1
1
1
1
1
1
1
1

Customer information
25
20
17
19
16
24
15
25
16
16
17
16
17
19
21
25
21
19
18
20
20
20
22
19
17
18
21
17
21
18
23
16
19
25
19
25
21
22
20
18
21
22
23
15
17
22
16
24
22
15
20
19
17
21
16
23
15
18
17
20
22
19
15
15
16
17
22
20
18
16
