Seed 124 - Instance: n75m10_1
n 75
m 10
Q 177
L 0
U 1000

0 216 726 958 585 728 105 420 883 239 766 201 550 536 377 525 584 841 621 161 384 484 335 877 927 102 166 306 912 749 605 433 427 527 48 234 348 423 917 538 815 268 998 527 216 552 648 934 667 953 239 835 325 736 610 300 346 457 618 740 169 677 1000 926 416 774 564 158 512 569 869 710 848 221 460 10 526 612 813 726 788 601 633 388 158 
480 0 383 54 604 960 23 859 351 626 302 889 109 672 986 7 706 505 118 943 637 945 657 994 526 991 622 92 490 382 722 682 103 530 230 900 393 497 202 872 774 944 201 33 755 27 71 484 409 262 951 722 358 962 563 998 151 588 24 982 747 195 308 886 614 401 260 641 800 62 759 126 103 614 659 56 560 762 109 306 172 85 476 939 484 
310 17 0 283 539 127 964 398 610 391 884 205 744 549 607 2 495 13 975 786 169 729 765 158 9 863 710 616 401 861 50 118 594 800 737 471 830 512 259 687 391 839 945 980 531 336 552 111 411 138 782 877 411 657 604 703 375 825 951 813 435 320 623 12 148 868 228 250 46 690 520 769 910 691 962 90 500 811 399 31 597 291 636 439 740 
246 907 640 0 847 832 187 154 732 293 956 246 981 98 230 604 528 891 654 348 303 441 261 978 283 594 983 857 457 766 165 831 765 743 310 629 516 69 161 618 329 842 405 612 655 640 487 832 118 903 128 413 21 315 174 838 795 675 883 190 280 952 586 16 805 561 228 578 497 561 934 965 102 402 154 929 139 31 180 804 952 714 650 703 43 
419 985 24 202 0 329 203 444 666 497 455 934 755 66 659 964 323 199 20 856 645 635 577 327 146 301 495 875 640 622 36 995 600 23 293 876 610 718 234 848 533 485 335 598 436 543 104 150 427 476 625 632 162 877 12 946 790 973 124 49 653 87 169 719 319 119 879 313 735 79 570 597 226 601 560 470 232 372 914 638 988 977 338 447 233 
536 51 449 312 657 0 980 956 575 850 737 697 103 71 713 553 52 746 52 65 201 821 953 501 497 378 835 870 604 777 769 780 304 918 404 650 883 157 352 56 313 802 840 488 110 801 21 845 59 705 902 228 970 488 342 636 341 205 961 846 243 776 417 786 520 737 714 391 918 661 476 246 732 20 347 628 636 582 202 563 173 794 858 684 759 
916 12 929 987 759 679 0 121 999 55 806 595 743 622 468 786 582 320 280 833 473 244 19 913 476 932 537 123 480 997 640 102 26 707 186 618 38 401 296 461 527 734 79 145 617 460 860 256 743 121 965 982 549 824 37 908 441 586 799 833 526 138 434 822 588 938 617 285 77 150 578 843 590 645 765 708 617 441 781 212 912 926 21 161 628 
201 998 415 954 871 76 731 0 788 780 530 447 307 795 914 692 363 299 148 342 678 106 510 929 777 652 274 48 206 51 837 926 360 730 922 79 364 207 343 693 902 944 97 493 736 666 301 633 155 148 846 832 900 318 157 374 408 582 737 910 778 535 291 454 927 794 446 292 938 981 56 728 220 177 231 20 44 288 770 582 493 890 556 210 217 
518 412 832 633 901 975 80 125 0 991 822 467 540 1 156 596 785 802 740 563 688 708 163 989 212 668 113 283 241 642 254 676 715 299 926 110 410 755 492 359 211 174 188 506 330 934 890 790 240 811 745 648 34 742 394 194 344 300 623 709 959 256 580 181 743 424 209 8 659 561 784 425 961 458 1000 960 493 163 637 282 666 160 634 161 858 
82 600 962 140 970 50 580 669 869 0 103 493 766 473 450 446 120 652 358 693 305 231 478 565 800 552 636 665 20 276 314 447 56 416 57 271 938 918 136 597 436 448 113 800 753 806 486 666 492 335 387 688 639 298 97 532 740 280 278 682 723 603 540 421 169 562 733 175 824 922 409 944 400 142 246 458 306 28 705 920 542 368 195 738 953 
199 836 248 803 905 943 701 423 305 306 0 775 156 201 945 747 371 802 456 121 167 573 390 143 795 880 335 809 145 516 359 40 752 981 110 995 269 267 416 94 397 326 537 36 641 356 817 605 423 184 196 641 793 833 715 46 981 366 884 805 829 448 54 853 334 609 718 658 562 332 338 233 618 60 77 726 239 284 199 214 752 542 947 677 416 
316 738 545 941 844 752 311 766 120 365 477 0 412 152 541 714 724 451 657 121 799 841 23 286 514 402 479 372 43 611 296 533 367 149 790 165 668 100 60 610 520 742 412 5 488 482 465 677 670 632 303 808 833 466 591 993 256 980 883 426 25 724 368 582 809 536 153 855 999 459 425 662 502 714 5 20 219 502 262 40 35 881 530 274 979 
203 117 342 111 85 800 405 665 277 853 191 234 0 192 374 295 845 875 823 603 863 756 832 560 23 115 783 518 151 856 74 295 154 16 125 883 43 88 561 151 820 784 724 620 246 421 121 479 271 623 610 983 165 378 383 891 540 418 864 760 715 261 293 486 421 585 402 767 925 353 287 802 511 761 765 810 362 775 148 485 163 192 85 660 314 
546 307 963 895 650 821 860 544 779 658 253 910 227 0 682 735 310 890 76 963 874 669 900 533 792 877 295 436 459 966 729 457 194 952 725 98 198 145 308 229 953 549 544 157 501 876 5 776 194 278 153 369 555 701 493 833 568 832 140 335 750 518 923 163 69 309 257 763 690 589 209 939 924 967 781 56 580 498 868 151 262 959 10 90 875 
106 631 769 79 603 340 34 174 224 785 669 177 391 220 0 825 914 696 651 958 81 955 469 827 434 684 862 524 238 202 605 405 500 64 375 389 135 447 632 798 62 212 845 675 997 380 485 196 471 724 675 573 392 724 440 484 519 363 990 232 668 889 314 907 107 511 618 964 608 41 807 340 982 181 191 491 974 215 236 959 390 340 761 378 59 
960 631 733 713 303 860 709 700 317 637 373 728 235 323 139 0 153 284 350 188 973 240 693 781 402 189 888 412 826 614 851 162 786 61 312 74 641 719 1000 206 173 710 215 927 41 429 980 213 95 25 491 409 942 846 876 191 527 788 266 602 235 192 627 216 853 231 80 321 493 32 314 466 858 74 301 572 79 666 504 209 121 798 772 441 815 
346 853 573 866 694 643 477 845 279 834 922 15 846 746 651 451 0 255 164 276 668 205 136 870 23 312 132 339 532 90 625 689 285 638 582 571 957 269 648 633 370 614 830 963 995 771 868 670 259 541 5 603 285 538 632 974 666 261 424 254 349 898 879 337 91 705 97 71 471 279 656 129 400 845 763 35 155 889 292 174 651 220 883 49 572 
339 682 430 395 562 855 255 514 672 157 429 832 680 802 596 598 745 0 312 416 441 729 330 493 816 191 176 414 290 256 247 811 438 772 668 210 734 987 340 0 824 582 425 68 662 291 468 32 71 799 126 844 1000 962 122 516 258 207 864 267 586 540 169 681 346 559 755 562 420 935 881 359 481 240 600 876 967 629 556 455 136 160 261 120 261 
565 317 771 608 876 336 621 677 488 384 391 987 25 132 341 990 351 346 0 345 855 976 472 506 361 785 766 587 864 758 605 816 362 557 964 577 935 672 884 479 870 499 499 4 904 730 407 793 273 264 114 132 489 811 772 732 545 244 91 84 933 140 392 235 610 334 908 802 716 132 622 805 890 653 600 191 160 85 582 996 213 780 596 271 807 
996 57 118 890 319 342 820 404 49 23 986 774 530 518 252 332 102 121 499 0 453 793 878 869 761 568 912 479 663 50 131 614 928 486 980 303 944 737 119 153 363 76 343 836 396 74 770 675 179 661 502 952 342 739 134 573 825 413 466 744 401 256 663 463 251 520 228 487 927 675 733 206 401 104 80 999 66 633 586 739 848 818 624 415 265 
982 379 195 720 856 707 190 713 138 682 419 54 935 584 503 802 471 708 151 287 0 537 316 364 187 533 308 272 833 311 616 985 148 57 615 755 789 938 711 707 287 98 487 100 816 17 971 498 759 822 158 928 855 12 965 768 824 430 151 280 408 584 130 977 761 311 847 901 498 919 427 625 775 518 904 401 105 126 131 941 863 871 576 677 515 
124 598 561 735 106 503 649 25 556 411 157 169 565 34 148 268 456 483 503 361 254 0 258 451 140 529 875 739 997 612 906 700 481 154 579 568 317 756 421 72 603 737 125 208 450 585 652 848 910 491 713 967 766 530 248 520 976 214 921 144 562 510 976 847 914 677 878 456 880 521 391 135 716 765 128 772 941 655 696 288 361 797 156 890 11 
365 379 518 465 591 514 858 941 841 182 438 670 231 317 809 907 141 115 317 443 618 750 0 798 24 336 411 13 971 673 653 776 187 425 961 992 576 970 217 598 164 333 905 424 811 390 430 291 634 480 312 176 630 301 881 426 963 77 253 593 568 529 130 339 847 58 722 855 310 819 365 373 670 865 297 926 333 230 422 15 976 995 618 183 335 
68 832 808 938 219 587 464 570 712 758 709 801 51 584 33 747 905 519 676 101 791 564 691 0 488 535 472 789 985 260 298 491 919 247 139 226 208 424 582 462 375 158 577 836 527 713 551 771 799 521 663 777 944 164 569 565 575 8 654 499 57 710 775 379 875 900 921 973 992 212 669 174 901 26 379 411 532 892 117 1 527 490 610 120 325 
668 166 461 481 954 318 449 783 193 249 695 731 805 424 117 964 591 845 53 931 301 470 91 134 0 705 758 761 332 726 951 820 851 775 70 606 876 106 742 566 863 55 642 776 8 134 225 767 457 445 338 543 395 422 423 760 568 108 716 431 218 42 765 128 161 819 297 5 408 487 646 654 148 526 516 200 953 228 920 610 994 548 159 496 790 
338 542 213 586 197 799 447 69 861 219 679 587 621 806 913 70 57 244 844 393 677 333 221 518 688 0 941 186 59 404 195 339 814 982 655 451 107 495 602 556 503 464 868 517 648 241 300 121 338 315 424 541 929 109 165 839 36 704 741 912 598 457 101 888 631 469 337 2 967 68 864 643 567 744 340 861 968 171 140 183 151 333 336 781 304 
231 619 774 56 742 99 914 125 752 730 671 659 322 805 885 644 205 717 993 438 45 568 261 547 446 619 0 882 974 721 93 276 416 773 744 858 478 831 982 330 974 982 809 252 55 843 141 777 165 221 523 726 339 433 759 876 140 779 940 206 83 647 617 175 320 201 255 49 672 761 970 315 518 230 833 358 326 403 822 992 150 625 218 394 678 
355 822 574 328 949 293 638 959 239 382 346 112 91 486 246 728 802 335 446 962 506 910 308 396 594 603 6 0 22 252 522 165 820 208 820 217 694 661 275 757 170 406 617 549 760 604 341 922 800 488 189 511 402 415 320 37 48 215 35 822 859 39 830 861 739 544 768 967 592 515 43 911 368 563 998 273 653 195 870 470 730 350 759 117 121 
507 597 927 802 935 394 922 111 41 60 478 99 952 410 530 789 228 55 824 87 553 724 369 536 849 872 141 657 0 950 678 110 193 345 7 722 69 672 0 728 699 298 35 935 95 818 790 66 651 112 449 534 680 386 342 184 674 769 236 953 643 643 613 496 672 927 781 973 768 138 363 621 451 626 153 178 368 750 420 759 53 407 12 486 620 
914 555 1 115 233 442 456 333 875 700 915 370 360 32 456 691 211 225 580 699 854 376 129 483 730 158 25 913 951 0 67 889 80 158 492 955 670 768 137 918 832 468 508 676 183 314 474 570 790 792 489 514 621 842 814 796 88 590 9 790 975 967 359 443 674 402 306 30 305 556 962 517 249 649 95 591 636 995 268 343 585 881 43 16 543 
460 827 309 176 745 424 779 382 64 678 418 866 735 186 401 986 777 546 498 42 978 891 758 844 240 9 569 974 600 870 0 566 778 338 185 442 218 415 514 138 941 821 998 49 68 641 774 784 502 778 96 160 682 849 999 368 815 318 732 770 236 112 707 602 715 522 814 156 54 436 155 159 84 657 403 300 45 34 198 177 808 343 214 895 834 
779 327 696 639 5 42 946 638 57 537 145 279 373 270 930 56 98 515 827 912 430 862 858 631 75 172 702 724 335 948 73 0 144 729 740 839 181 583 980 502 391 58 714 802 778 512 684 874 440 445 866 525 895 112 563 538 561 442 690 992 597 257 89 255 885 439 497 703 355 942 971 539 187 202 163 244 820 634 704 234 532 560 150 895 988 
461 784 15 799 862 596 66 795 726 362 616 629 373 269 960 296 361 33 902 630 654 46 801 733 809 554 556 859 132 873 373 253 0 646 749 342 584 913 979 551 22 552 858 994 939 152 801 554 457 576 295 691 710 867 82 126 799 888 401 377 118 749 273 541 133 966 860 686 662 790 698 852 450 691 840 332 837 602 920 282 313 303 904 183 423 
504 569 859 592 597 967 508 497 637 30 207 184 724 258 671 300 348 83 41 409 779 103 92 941 825 54 979 350 332 978 793 117 418 0 761 321 565 905 344 189 84 457 391 937 77 526 262 193 418 707 14 704 437 166 637 533 450 55 940 481 402 411 593 539 24 683 383 260 228 843 998 910 841 209 359 134 932 196 976 828 86 844 435 5 371 
240 38 594 23 518 413 153 69 141 448 155 373 800 37 332 362 755 695 281 943 533 75 798 674 391 248 819 737 550 678 205 274 706 1000 0 984 681 863 708 792 303 393 817 357 98 479 565 293 588 855 549 376 531 353 224 856 969 288 897 73 299 287 727 244 528 945 755 487 65 910 76 416 81 143 199 721 136 204 477 161 104 812 822 417 639 
407 822 579 478 112 183 905 149 163 74 67 319 720 663 144 316 742 588 350 264 418 564 385 70 954 724 528 276 116 301 822 628 480 522 485 0 693 15 13 460 859 717 165 327 643 4 355 698 170 624 858 280 150 1000 322 454 712 38 930 314 963 964 369 727 602 303 618 49 408 901 391 729 688 265 794 214 136 232 459 447 941 531 814 745 391 
650 506 481 200 594 38 698 595 473 309 403 12 427 246 22 670 635 456 813 496 115 974 413 146 398 462 628 215 934 735 709 856 794 543 197 397 0 440 553 99 906 206 467 804 381 727 903 896 14 150 501 270 523 667 911 720 711 633 700 7 527 362 792 339 494 30 778 849 155 954 677 152 472 84 711 708 671 592 354 403 967 983 796 238 140 
807 71 256 350 148 631 92 512 442 882 818 150 398 642 543 68 315 826 134 475 250 671 836 160 261 231 822 858 783 822 37 499 235 111 952 578 640 0 314 952 330 72 497 918 88 266 592 79 534 884 845 700 634 52 923 9 454 417 468 890 537 802 183 269 149 255 224 835 614 650 168 597 319 990 459 133 974 280 378 384 970 219 67 249 645 
624 928 224 484 839 649 921 315 53 770 14 693 131 218 443 355 778 490 894 104 877 610 320 985 629 219 131 669 897 633 793 252 288 818 28 13 696 735 0 313 645 477 598 403 287 65 192 809 638 316 733 128 50 513 349 231 521 931 126 889 407 120 779 162 39 306 129 423 60 770 608 233 332 621 908 442 991 283 516 793 789 466 73 412 273 
786 737 848 772 545 432 434 623 52 93 817 270 41 643 297 549 156 876 514 954 952 504 341 995 138 92 362 717 93 15 536 699 221 202 931 342 408 723 491 0 892 45 339 236 602 341 824 881 186 199 69 249 511 679 466 240 402 106 941 163 560 131 381 218 684 803 348 227 465 966 748 31 52 495 418 424 249 140 778 524 777 682 866 373 178 
810 698 466 689 985 357 964 563 579 61 12 448 871 52 970 323 759 984 141 7 916 832 120 392 968 49 718 66 344 146 276 34 532 376 664 476 47 154 790 25 0 111 762 451 546 327 235 721 426 493 516 368 815 170 287 49 94 353 90 947 218 520 273 964 988 515 186 800 379 662 87 381 440 320 314 935 242 866 397 102 148 311 612 631 162 
83 704 511 614 128 478 676 124 408 4 865 66 200 932 782 424 834 262 337 285 828 676 765 359 23 245 619 6 184 985 851 618 867 697 906 43 801 393 268 773 529 0 164 816 128 731 721 453 368 19 404 682 140 159 213 507 1 495 994 425 811 295 149 559 572 632 351 272 156 895 915 229 675 71 690 513 238 235 777 107 445 134 959 702 388 
686 506 524 698 116 674 92 189 139 715 513 247 630 854 791 383 369 781 677 708 22 458 775 669 45 56 340 980 495 610 818 601 397 287 17 732 497 382 959 277 385 469 0 168 282 706 938 589 508 633 339 385 749 654 422 895 920 956 5 844 286 646 865 983 375 575 476 612 1 63 229 517 334 523 245 91 122 49 247 424 698 497 842 898 880 
891 748 519 353 80 193 230 870 389 283 831 958 446 70 187 334 34 738 409 892 847 631 332 42 943 741 364 425 775 186 295 933 946 889 350 243 963 378 322 695 246 336 223 0 356 111 456 360 412 994 416 869 205 816 525 963 555 234 151 127 223 46 494 481 643 401 519 562 531 548 422 844 898 91 149 836 587 873 638 755 842 387 251 601 997 
118 300 900 29 947 523 929 401 915 592 979 128 370 251 472 14 915 106 122 163 327 627 810 826 579 476 428 448 963 440 105 477 489 142 917 965 908 24 673 384 178 333 348 19 0 302 946 820 750 506 580 76 17 585 779 560 990 744 150 343 586 842 909 116 278 221 44 820 490 880 737 884 990 317 972 966 326 682 12 125 728 153 975 626 686 
888 247 293 924 98 574 481 762 46 635 678 548 982 896 379 181 242 384 14 374 660 708 740 561 898 391 962 897 302 556 841 355 510 457 555 530 420 14 104 735 946 467 205 585 836 0 241 183 811 9 49 969 615 158 164 552 606 750 617 683 521 419 467 545 802 422 474 672 872 672 258 79 561 646 91 171 74 954 52 87 388 111 323 804 796 
511 759 674 863 325 954 841 782 289 298 23 620 284 126 750 813 784 381 885 545 190 251 442 104 136 737 606 923 63 155 104 472 574 827 634 387 937 509 257 828 244 138 679 961 947 482 0 263 174 112 217 292 707 90 236 874 365 86 366 957 377 668 178 642 758 694 213 456 629 210 64 294 58 6 512 805 254 48 601 98 87 128 454 271 488 
134 751 994 438 329 780 613 190 206 958 727 612 678 705 916 382 636 146 277 924 649 562 926 666 34 10 773 211 597 433 393 81 330 493 790 730 406 509 244 512 59 697 950 449 349 810 238 0 45 587 278 501 512 102 165 315 42 878 340 848 802 4 561 106 758 776 726 626 139 101 397 898 155 659 130 52 213 719 544 439 603 782 717 607 74 
116 324 231 125 467 40 394 959 496 725 73 374 131 741 997 222 769 816 668 439 392 362 329 90 465 282 308 179 323 192 512 17 277 410 190 379 83 168 845 829 578 440 928 160 343 227 660 822 0 186 774 966 516 978 422 329 733 862 26 392 80 444 918 606 92 993 186 212 589 378 166 503 688 977 247 848 395 644 531 352 508 562 52 421 502 
785 712 426 40 119 997 182 936 683 350 983 945 637 545 475 12 263 368 332 719 97 218 773 589 2 230 382 311 260 483 172 847 543 768 532 276 270 464 523 717 346 381 978 231 790 988 966 142 568 0 411 966 81 551 56 298 972 79 241 993 591 973 984 713 266 663 450 38 493 363 334 650 207 250 462 813 619 220 11 572 263 338 214 198 81 
110 949 71 911 876 175 867 393 317 540 553 450 520 38 783 816 265 390 398 91 947 703 594 616 50 446 330 631 664 671 726 386 488 535 367 463 155 749 543 427 846 369 234 268 708 330 834 853 724 634 0 837 827 709 800 563 968 688 35 668 40 407 178 995 545 167 198 277 985 773 346 394 455 616 303 870 441 55 772 996 463 15 632 195 367 
405 780 607 184 471 656 352 831 838 994 446 487 757 67 201 621 528 539 511 101 609 375 467 500 149 524 383 221 203 710 185 872 275 310 661 482 608 413 240 184 935 180 193 24 694 105 926 395 556 593 685 0 600 275 155 723 153 578 64 12 148 100 295 555 491 385 345 273 388 126 703 507 645 40 113 991 803 444 114 982 732 764 765 718 926 
964 117 900 943 916 474 911 116 856 795 816 722 271 71 315 535 850 655 376 665 424 531 504 552 772 113 909 997 168 615 701 475 759 557 925 427 518 355 253 242 600 884 198 282 876 254 893 976 665 322 665 479 0 765 299 395 838 833 257 565 672 722 146 605 857 546 47 74 387 270 391 915 994 189 117 363 686 153 652 483 227 733 642 140 689 
45 566 930 775 579 657 653 556 377 503 763 68 284 796 14 536 57 809 501 955 959 914 356 628 676 855 684 51 692 754 661 341 933 141 761 651 457 703 26 239 717 526 28 489 122 435 518 615 213 90 193 579 377 0 963 862 734 750 177 392 749 662 339 606 704 736 579 839 789 143 395 833 296 198 875 811 107 621 729 403 25 607 51 783 589 
140 680 408 291 815 657 235 636 696 244 733 400 743 143 37 373 975 140 178 496 546 127 554 74 286 897 811 45 612 164 401 496 945 886 23 741 509 887 469 13 771 699 136 136 189 47 547 889 439 154 287 835 521 705 0 479 817 904 633 709 871 110 256 658 150 451 528 350 911 435 347 363 573 532 383 613 0 237 963 797 164 243 816 888 351 
506 86 346 697 138 992 582 670 699 651 164 426 437 872 382 844 910 119 681 301 985 162 370 667 894 98 10 744 813 645 706 905 595 694 20 32 305 321 910 560 456 760 135 686 775 230 912 947 610 662 309 19 3 988 97 0 765 575 213 691 893 871 596 975 956 941 511 504 953 967 650 131 809 559 994 503 789 252 701 253 50 60 934 952 294 
382 33 785 443 118 363 79 129 646 694 708 51 740 374 628 856 185 285 547 203 684 250 92 64 510 210 722 627 327 196 501 311 343 180 989 216 893 832 910 845 517 535 904 533 985 141 757 906 983 846 129 367 375 716 827 109 0 587 601 524 632 497 729 344 817 932 368 819 240 567 941 873 991 555 343 312 237 560 186 232 570 741 333 345 511 
200 905 4 97 342 888 403 627 925 395 93 205 429 440 332 720 166 952 704 460 294 175 790 563 805 708 1 731 707 111 600 679 318 464 911 244 868 388 732 720 956 449 335 739 944 498 366 395 806 548 29 425 303 238 19 475 815 0 307 51 817 70 456 277 890 14 299 515 216 422 472 916 388 816 77 450 734 413 584 419 551 284 95 302 894 
650 0 89 339 697 768 863 348 584 514 245 137 236 661 74 589 636 333 156 207 31 175 304 162 401 157 791 53 688 40 542 255 740 7 807 648 410 1000 187 303 522 391 858 276 285 833 44 356 373 893 18 701 219 744 92 667 609 297 0 119 860 120 588 953 283 827 312 232 978 434 509 569 761 831 480 65 621 27 765 674 115 340 719 869 357 
925 367 793 380 164 677 453 396 962 150 726 21 73 268 246 784 716 272 148 344 77 289 638 840 468 187 76 606 656 194 422 491 743 781 418 438 39 152 926 418 671 52 921 780 993 395 418 136 898 284 392 256 160 664 591 187 333 307 530 0 914 395 442 137 68 816 261 323 897 693 781 93 104 255 25 184 821 824 400 974 366 898 725 664 293 
533 698 128 670 214 993 433 340 347 624 734 974 337 880 46 323 755 179 947 176 713 992 175 760 605 165 52 408 608 533 767 304 901 958 177 5 590 555 178 220 334 7 117 863 598 453 541 214 902 367 436 84 265 982 896 560 407 227 670 626 0 373 363 448 188 158 47 23 900 441 327 603 495 946 192 944 931 593 508 939 894 551 529 827 807 
963 623 550 217 377 910 825 263 854 212 162 68 32 785 997 861 209 619 647 640 954 29 685 38 409 825 613 380 844 794 988 55 960 71 918 75 10 824 884 72 356 163 311 348 892 804 937 98 510 757 663 680 969 803 928 261 391 443 335 413 366 0 228 87 70 349 44 763 134 815 372 826 878 885 732 894 224 592 746 938 628 33 850 278 391 
73 520 62 347 925 199 952 632 963 305 521 208 86 479 742 947 772 93 957 556 552 650 691 997 540 84 223 504 331 599 92 550 309 65 31 622 530 822 167 251 625 623 522 350 276 591 847 109 281 483 369 369 864 750 241 793 533 917 982 64 965 703 0 71 410 234 736 720 218 972 790 823 690 847 588 754 963 787 412 543 737 759 350 563 733 
792 448 373 926 953 713 637 93 193 829 958 508 63 385 744 877 689 835 622 162 804 399 38 250 522 643 38 458 908 634 92 967 814 370 780 271 883 877 36 519 913 863 252 608 866 32 78 373 884 552 316 463 424 206 475 820 352 275 828 516 887 487 621 0 770 126 412 223 822 357 475 82 562 952 818 547 73 214 226 202 473 738 561 928 890 
465 919 973 336 420 28 860 0 927 385 397 188 589 501 677 343 241 1000 98 606 1 835 984 60 885 475 652 485 507 697 330 827 416 398 690 96 761 681 180 752 317 646 215 352 453 109 33 805 938 152 757 967 395 603 285 127 440 847 470 813 403 29 483 77 0 748 916 563 519 268 476 638 652 699 326 727 757 321 709 950 794 24 1000 803 995 
893 247 960 704 134 307 865 843 746 642 222 412 477 975 521 125 349 50 534 74 400 456 312 819 47 831 430 188 914 320 144 54 746 566 802 855 283 630 0 22 436 723 267 435 706 699 457 817 151 16 544 176 970 767 340 396 675 464 342 174 396 810 832 705 515 0 200 332 215 735 805 447 220 478 108 510 178 206 739 774 957 162 850 231 435 
915 412 323 926 191 963 445 853 206 777 909 886 758 340 97 75 448 975 86 807 207 660 716 234 931 485 359 825 356 694 812 604 960 886 783 397 856 279 203 570 864 91 892 548 510 563 255 194 652 311 406 20 595 620 573 305 870 107 589 780 722 287 530 256 192 674 0 976 742 431 768 249 315 487 831 948 721 240 578 316 418 639 502 844 69 
36 365 83 453 133 163 598 625 134 603 186 537 805 604 174 463 259 583 365 50 968 161 203 955 532 563 766 341 798 671 36 384 975 276 965 391 451 246 176 257 811 43 912 504 707 189 94 409 257 736 690 209 369 685 620 825 959 386 515 697 861 342 278 506 730 471 967 0 430 28 368 862 841 452 503 946 489 901 567 399 505 727 762 939 970 
350 783 455 958 760 576 843 354 499 49 244 409 564 437 860 870 594 910 441 343 343 158 844 434 173 483 107 224 24 878 651 710 499 363 142 691 579 939 737 44 414 880 503 264 435 949 595 972 590 776 138 723 363 125 105 827 758 296 555 300 619 531 47 24 653 264 862 341 0 186 832 280 805 60 654 111 582 878 628 80 726 521 359 439 805 
575 707 490 30 468 907 256 884 967 753 217 842 571 860 730 297 508 606 835 228 321 104 840 83 430 525 176 221 704 713 345 620 894 713 480 412 172 392 607 3 516 941 510 981 504 274 28 614 45 250 650 728 108 700 223 488 774 685 241 336 621 35 635 843 325 684 670 926 773 0 332 414 612 226 764 377 831 970 927 675 33 921 457 487 489 
251 241 88 907 96 551 380 588 992 124 159 997 475 573 911 97 108 672 163 542 230 462 210 239 614 724 24 229 310 644 549 722 730 431 322 517 711 881 504 315 548 856 909 455 343 534 984 787 334 49 261 250 949 882 219 912 24 509 349 913 534 934 607 272 906 698 132 525 198 61 0 28 835 217 65 658 312 543 732 673 737 220 151 25 3 
531 612 236 598 772 542 84 91 814 300 485 108 269 222 180 299 228 103 785 634 393 752 327 285 272 919 466 48 885 962 101 919 744 569 480 937 672 811 185 143 770 653 500 690 722 570 98 940 703 589 833 641 81 989 622 235 836 751 964 82 526 937 991 221 638 220 736 457 881 605 405 0 627 991 260 542 898 618 282 231 10 213 877 901 181 
25 275 954 411 512 437 983 18 919 212 124 808 582 195 926 71 889 959 427 527 6 83 317 909 329 224 650 336 443 46 223 914 265 76 84 198 931 833 148 645 236 757 444 45 444 16 910 124 340 918 767 769 56 489 644 308 7 256 234 763 184 121 178 255 6 441 527 744 600 389 633 821 0 676 415 744 668 868 864 191 998 75 459 254 64 
152 337 634 299 926 74 494 187 930 68 265 560 277 537 166 531 413 581 739 882 406 754 952 483 310 79 223 846 136 880 838 307 328 283 861 62 206 778 0 388 997 789 918 62 317 379 38 995 990 967 364 604 965 610 675 139 995 990 579 213 373 501 89 623 333 389 653 237 403 909 933 306 644 0 730 141 529 801 294 811 179 317 156 365 244 
166 468 843 398 47 298 839 426 649 507 912 914 366 856 641 671 437 856 660 596 685 332 591 392 490 155 274 12 810 513 93 82 812 103 551 599 972 951 712 626 287 397 1000 799 327 843 608 578 619 250 541 722 437 98 910 988 502 419 33 478 602 790 529 433 871 476 62 23 395 792 106 32 459 958 0 556 674 307 161 679 926 518 7 986 853 
472 560 236 464 290 604 468 222 962 201 585 840 127 458 223 890 47 460 272 443 978 463 263 382 376 498 985 134 684 28 50 394 719 482 998 602 405 156 900 370 86 654 804 489 606 34 561 867 883 953 998 209 102 156 262 187 902 738 519 744 636 845 96 888 928 601 524 490 205 252 503 343 20 690 852 0 835 840 965 677 542 229 67 739 513 
913 398 333 564 577 348 474 273 102 342 905 626 487 295 174 441 461 443 225 211 188 81 85 755 610 356 389 744 889 82 120 613 485 274 627 807 49 18 625 348 742 550 43 240 113 171 392 50 623 99 473 399 796 246 785 229 471 393 412 18 400 150 83 254 951 436 142 694 167 924 778 349 620 504 490 565 0 315 950 933 91 909 477 568 672 
684 600 193 752 472 555 591 691 38 943 563 618 825 329 615 805 196 87 125 632 901 432 747 590 572 160 50 524 545 875 854 513 846 475 451 469 837 216 184 364 80 394 3 342 437 249 185 94 467 766 634 507 698 779 749 702 935 607 654 380 624 552 829 23 476 907 144 496 205 27 526 960 578 863 390 372 246 0 59 490 566 477 236 183 178 
449 310 837 505 712 618 877 567 775 482 387 930 493 813 298 344 16 185 202 807 82 14 49 201 725 139 512 136 447 701 410 864 633 479 733 349 427 528 1 782 763 553 370 727 200 70 556 19 358 710 25 160 992 712 628 489 345 170 176 605 837 946 78 612 312 741 330 98 224 805 193 774 716 547 995 418 459 538 0 898 721 515 302 853 649 
23 535 570 653 259 738 761 195 921 794 512 612 251 894 699 538 976 272 273 754 102 876 890 132 66 964 133 200 462 995 758 296 140 126 648 620 902 478 764 633 95 509 461 186 751 523 118 406 944 407 807 14 483 214 1 231 647 281 960 521 376 943 151 696 916 496 160 19 54 553 704 857 208 912 982 393 947 393 753 0 232 176 751 74 705 
877 27 869 727 980 137 751 250 133 19 117 400 272 136 687 280 381 249 932 146 61 919 240 907 845 476 780 225 573 929 63 251 749 739 828 897 829 953 392 887 110 723 205 698 820 841 895 156 70 839 663 415 357 689 377 448 415 731 305 549 548 232 201 640 958 532 435 444 102 89 377 630 74 767 15 500 598 125 101 999 0 826 297 659 515 
392 18 846 191 923 952 367 452 147 7 501 173 955 8 284 386 125 937 509 522 66 574 49 716 128 347 734 55 114 493 236 228 794 500 72 777 615 103 404 584 470 850 279 107 335 296 44 159 453 204 499 860 188 537 619 818 393 320 94 24 855 554 225 95 548 646 231 63 961 966 409 970 432 17 780 99 782 341 372 646 574 0 799 898 687 
267 258 911 715 663 426 847 846 399 627 395 820 720 431 468 332 928 943 636 991 57 498 629 107 531 714 511 292 626 468 320 661 788 880 924 18 992 141 437 475 657 124 368 153 960 265 482 933 825 89 911 753 657 300 455 483 43 666 460 425 27 407 698 634 945 754 260 911 400 664 189 795 239 458 262 279 648 225 481 510 160 815 0 476 7 
955 138 672 717 383 541 116 976 949 301 509 977 990 23 555 130 605 992 717 141 507 138 299 864 161 294 138 113 264 724 280 393 303 842 161 712 244 54 432 522 687 360 315 502 250 699 439 751 663 143 538 335 154 256 868 901 232 204 951 148 283 637 511 553 265 275 173 85 495 793 187 223 580 176 664 926 11 561 28 205 172 544 712 0 152 
884 438 921 804 103 485 862 909 925 650 311 561 7 954 336 583 5 997 125 829 491 723 148 157 632 679 120 244 386 540 193 291 384 16 444 412 579 493 700 984 209 75 514 234 157 685 801 572 344 93 614 281 36 135 511 731 869 260 473 895 683 789 417 736 283 360 487 95 671 123 495 702 944 635 334 158 75 514 354 408 264 910 117 287 0 

Depot information
1
1
1
1
1
1
1
1
1
1

Customer information
17
20
17
23
23
23
15
22
21
19
24
15
19
17
21
25
15
25
25
18
17
18
22
17
22
19
19
15
25
23
19
17
22
21
20
23
16
17
25
20
18
24
15
22
23
23
16
25
23
25
20
21
19
25
21
19
22
19
15
16
17
18
19
21
18
23
15
16
18
25
19
18
18
19
25
