Seed 123 - Instance: n75m20_0
n 75
m 20
Q 214
L 0
U 1000

0 110 769 704 275 494 283 485 580 632 910 98 329 205 259 310 167 32 451 47 962 34 661 724 773 654 454 945 945 679 878 697 415 970 143 880 608 296 21 359 908 173 87 241 618 897 645 296 252 841 942 791 320 724 953 259 221 695 648 463 704 125 780 796 210 286 938 42 548 468 754 363 165 749 893 344 120 152 475 160 698 43 377 28 807 772 102 185 44 430 145 426 488 796 304 
646 0 412 33 551 479 89 667 130 630 302 296 975 684 677 657 869 398 620 37 207 375 594 367 586 291 994 825 177 278 79 446 3 369 747 629 625 450 905 428 173 831 201 859 121 858 548 206 142 304 654 985 912 387 247 249 857 876 52 416 205 500 771 938 919 407 598 248 336 946 712 282 57 964 277 83 917 107 622 348 979 180 954 175 859 166 439 903 734 223 69 935 33 484 216 
682 137 0 15 611 560 242 928 874 969 11 666 182 380 815 487 569 707 805 987 28 54 973 810 885 555 643 966 878 697 327 500 828 914 914 736 809 896 434 292 681 675 804 193 652 295 566 300 282 336 966 427 150 465 25 966 688 552 140 509 578 993 453 660 980 795 82 587 562 60 355 866 733 936 390 989 854 213 652 939 810 366 330 792 100 415 466 187 439 76 420 998 422 385 131 
958 103 146 0 620 912 2 22 632 56 603 906 433 376 832 600 652 898 999 306 48 952 162 419 683 146 931 745 391 880 644 834 329 517 850 266 101 878 868 263 379 450 292 21 91 115 305 533 118 531 806 334 712 885 892 284 327 380 174 954 93 89 570 15 195 517 855 265 42 555 380 667 714 451 448 772 400 685 155 842 896 380 802 664 269 25 258 87 648 519 824 905 507 705 681 
57 796 861 319 0 292 109 490 497 949 534 285 103 396 644 226 247 909 258 610 543 404 171 463 518 254 172 718 641 124 669 66 128 476 974 942 653 956 84 66 19 731 530 497 282 711 304 690 601 644 765 705 128 330 556 361 759 829 756 572 190 726 153 389 295 388 289 239 211 380 229 697 577 315 964 482 752 354 856 112 195 119 496 740 867 606 760 988 909 674 128 163 664 741 98 
413 159 797 932 2 0 725 272 427 35 499 343 238 24 218 766 103 205 759 889 853 281 838 300 681 287 317 415 786 482 825 958 463 124 324 598 953 146 770 621 866 73 649 964 144 58 744 333 269 148 600 174 954 796 154 6 246 815 239 715 878 176 975 90 86 107 68 633 799 761 445 898 893 662 616 583 947 235 848 222 673 291 365 194 676 33 495 692 607 869 925 319 472 195 944 
858 450 240 912 790 85 0 216 721 546 674 430 785 540 553 979 676 175 332 131 17 672 783 352 588 225 831 947 190 829 10 897 5 435 599 587 786 867 881 88 646 522 784 997 707 57 455 577 81 350 401 147 552 907 663 786 894 12 428 294 411 976 735 838 102 947 685 498 124 405 911 665 408 141 24 236 665 685 562 682 969 363 288 710 942 754 435 601 3 590 18 350 589 373 974 
749 926 103 549 750 698 284 0 327 497 260 91 900 614 188 128 921 458 787 884 596 984 235 186 487 507 760 621 133 599 227 108 589 679 766 251 425 192 3 378 774 309 402 902 866 954 558 619 204 833 914 5 840 884 157 224 434 156 688 60 4 999 789 608 569 985 787 58 101 704 813 570 60 771 992 728 199 923 58 408 816 24 898 777 701 796 569 547 940 111 425 860 502 81 173 
247 135 619 401 821 249 276 619 0 628 793 366 261 257 282 373 257 999 684 235 729 727 252 369 78 51 415 611 798 898 335 677 786 202 73 969 704 554 412 893 189 477 626 706 162 411 722 116 863 513 712 637 93 807 880 266 514 714 273 832 350 460 504 26 118 575 305 672 939 58 664 542 514 658 992 939 583 682 579 211 38 305 539 855 488 586 805 175 503 113 61 308 277 325 543 
944 251 4 97 275 560 363 329 472 0 940 209 729 484 148 607 390 327 555 550 560 593 500 15 34 482 729 535 962 647 378 92 659 407 594 681 191 261 669 834 462 501 159 580 695 168 145 308 635 757 944 451 69 506 913 330 51 689 292 10 887 988 35 408 573 982 754 875 714 91 364 486 454 352 180 189 637 366 707 963 220 859 575 915 563 803 587 610 80 264 60 628 953 544 969 
846 591 932 992 190 509 550 651 733 795 0 572 426 898 839 701 551 964 615 947 485 227 314 584 704 998 517 632 285 104 911 925 692 967 861 31 696 277 180 437 195 342 993 857 788 211 876 760 940 482 553 839 155 397 481 824 704 523 175 85 494 93 105 630 65 254 466 730 163 373 310 799 869 493 546 315 272 618 378 330 993 228 697 320 565 382 745 38 760 198 589 726 832 174 175 
499 144 92 263 411 164 857 374 957 789 169 0 951 629 503 437 369 509 506 711 435 158 661 632 522 626 394 870 391 350 41 827 575 432 609 328 89 850 386 268 509 914 954 61 63 465 59 604 934 807 305 819 641 514 41 387 37 42 546 847 923 777 948 527 364 145 949 908 621 265 685 289 108 183 365 683 963 185 440 759 784 0 75 682 609 330 437 192 195 21 117 622 954 882 526 
462 380 656 24 686 866 19 818 571 763 607 664 0 356 378 979 837 394 904 179 86 139 619 505 157 614 807 682 947 730 245 453 688 126 924 370 20 608 505 372 453 335 3 548 172 101 152 817 344 879 572 44 993 426 609 46 208 425 880 806 639 134 295 214 926 492 400 198 868 371 239 674 363 560 334 162 180 627 592 96 182 658 554 802 49 268 455 409 61 986 454 167 517 761 236 
845 551 198 969 177 494 407 763 881 901 512 754 640 0 885 952 428 488 613 620 27 803 726 795 954 947 989 273 120 242 978 904 267 724 448 280 215 57 649 511 30 341 114 465 842 258 909 727 282 666 807 111 926 200 173 281 567 259 121 447 911 258 823 853 573 5 411 978 808 960 767 106 515 458 719 197 1000 527 644 697 857 978 992 4 497 224 238 831 518 817 178 885 404 47 678 
102 746 751 675 545 582 852 173 954 985 633 249 718 499 0 500 951 336 999 402 110 373 419 483 222 171 203 901 574 395 959 440 698 561 396 683 839 901 22 345 46 209 675 772 484 745 306 863 998 506 900 320 409 877 326 363 418 518 714 586 789 233 130 493 712 620 898 849 119 483 134 64 286 867 401 61 987 228 744 377 475 175 487 855 133 101 600 447 692 679 35 197 145 140 439 
608 636 874 887 888 698 984 720 431 839 271 836 54 685 952 0 473 89 467 42 215 719 311 437 726 756 256 549 161 432 91 479 802 116 312 876 655 666 343 901 540 432 111 502 755 155 761 205 53 328 137 600 466 862 734 185 985 559 185 397 753 655 203 4 352 396 229 319 208 789 352 621 524 901 617 504 94 355 641 384 699 71 335 850 62 953 550 159 873 942 959 91 215 162 17 
931 414 701 686 712 725 802 864 455 449 986 980 632 511 694 671 0 155 80 406 649 398 977 227 169 1 964 941 35 989 701 225 61 690 93 983 748 727 634 422 749 306 192 234 950 973 512 563 96 73 992 176 957 757 902 935 812 486 424 334 770 478 972 846 26 804 586 45 479 731 291 25 266 335 75 131 517 710 162 395 808 902 283 29 86 314 266 76 371 747 935 997 17 96 277 
759 414 688 418 29 951 710 326 570 383 335 823 218 503 368 589 155 0 378 800 28 90 641 587 931 274 274 816 990 439 148 191 239 362 443 970 792 56 542 412 560 541 227 227 360 484 275 433 370 525 980 85 924 723 424 115 643 915 156 310 37 887 286 82 651 955 646 243 722 44 445 553 558 967 346 124 947 958 953 741 44 59 878 884 769 485 122 232 208 55 293 661 210 10 62 
283 104 328 932 46 891 961 63 347 771 316 565 83 307 17 114 160 293 0 890 562 48 773 714 550 450 241 150 737 44 808 300 148 199 332 738 269 528 353 245 513 727 962 328 302 340 253 69 719 486 128 975 873 280 692 923 817 204 881 750 964 448 280 461 916 402 133 77 482 241 103 772 873 743 996 402 123 509 141 449 679 822 491 659 849 125 63 38 57 623 86 553 564 951 768 
940 435 410 897 77 147 392 141 693 137 37 176 988 887 128 369 813 154 986 0 738 175 806 871 82 312 980 344 621 346 671 500 64 713 987 619 506 749 236 269 265 676 299 803 755 448 778 385 666 131 239 427 463 298 60 161 543 988 522 19 562 99 586 399 729 409 935 419 240 534 431 217 753 619 230 973 247 670 412 553 97 530 706 616 184 708 962 253 383 599 555 820 124 278 363 
122 879 380 719 847 80 947 348 820 439 635 665 411 768 7 65 182 192 794 857 0 671 203 957 822 828 982 348 529 577 949 827 482 900 753 55 430 33 458 964 295 258 120 542 428 480 873 952 846 121 896 333 596 346 854 308 832 715 835 108 227 508 278 621 999 355 862 701 622 148 540 936 597 863 933 593 849 583 647 745 578 557 270 575 602 865 420 662 719 52 181 585 981 352 79 
4 41 8 305 776 392 660 792 113 99 252 885 758 531 864 890 674 338 560 246 852 0 965 570 517 641 483 743 285 226 844 699 742 597 84 225 155 316 417 543 338 283 177 279 436 69 401 560 513 750 4 684 816 241 988 489 229 539 431 38 789 791 201 269 345 717 928 30 586 9 575 873 959 261 661 375 212 832 857 677 732 21 496 4 118 673 230 803 502 880 273 321 183 476 787 
134 999 167 124 98 476 699 126 310 758 211 230 620 740 481 637 692 228 903 68 800 98 0 439 931 89 499 894 533 504 674 374 692 191 457 90 670 387 80 113 275 272 446 961 542 470 66 151 473 961 89 335 154 356 537 365 583 589 928 240 298 589 112 157 224 951 134 425 741 974 84 336 922 809 526 560 576 498 872 359 59 644 650 672 886 882 239 821 229 62 514 826 426 679 40 
43 931 843 247 956 756 511 887 769 591 715 28 609 216 63 219 962 226 21 89 414 918 426 0 967 82 256 524 815 142 41 843 641 362 322 424 851 527 737 447 446 102 292 386 270 588 711 922 265 109 653 45 122 49 731 210 470 829 622 500 120 568 558 156 389 764 602 308 146 113 82 78 528 54 388 492 346 266 928 654 890 868 296 632 355 949 220 490 862 638 900 423 924 959 980 
972 153 550 53 773 622 618 907 720 720 144 199 697 194 686 681 547 274 302 286 977 652 864 930 0 319 692 718 825 129 351 315 871 118 263 380 252 823 573 569 451 454 857 50 125 904 759 956 968 213 508 388 359 653 133 652 135 752 978 427 546 898 313 37 709 21 336 215 766 666 487 433 369 122 750 834 526 169 844 485 692 602 515 820 26 742 792 490 728 629 92 241 259 470 341 
994 686 629 74 556 399 794 91 697 344 170 1000 329 554 491 581 378 692 452 369 303 77 625 389 183 0 163 338 826 350 970 593 383 267 849 969 70 445 877 660 89 59 995 690 470 622 985 622 347 235 47 707 82 663 794 988 848 35 826 739 166 957 721 18 185 613 504 479 719 652 850 381 504 976 2 40 959 278 901 364 685 311 664 362 563 330 883 377 787 978 349 879 872 124 394 
633 738 143 778 479 555 966 717 83 458 936 275 207 176 964 887 244 409 699 767 461 912 172 381 527 396 0 241 396 887 111 580 473 380 888 447 121 637 398 991 190 360 228 59 41 693 845 826 606 338 581 875 742 978 523 859 448 738 195 672 926 604 963 306 924 201 848 888 44 217 191 34 319 374 853 862 641 738 956 221 932 184 584 829 667 275 644 990 806 628 23 38 976 657 457 
712 793 491 798 564 563 583 723 355 643 324 338 865 116 861 903 826 771 391 177 316 326 22 924 610 172 972 0 90 19 532 0 328 787 740 485 410 711 76 357 999 548 671 246 790 451 24 578 712 873 357 230 921 959 160 337 60 520 99 556 362 260 645 252 667 116 621 302 865 569 127 10 921 330 124 592 581 939 513 292 986 407 619 859 319 364 352 135 460 366 137 507 935 701 734 
487 184 944 342 763 562 96 726 62 24 692 52 149 356 166 674 380 963 165 86 375 488 394 192 836 963 92 906 0 56 782 677 498 402 942 636 742 679 493 897 628 477 909 293 314 676 858 544 305 175 820 531 949 242 17 528 986 875 869 470 124 907 516 103 956 470 572 769 471 426 892 551 547 738 211 908 609 564 805 587 256 419 106 720 284 851 112 186 709 53 465 240 661 197 985 
54 880 450 970 723 549 35 680 553 656 177 672 882 125 24 596 921 266 758 386 242 336 237 864 437 462 3 546 794 0 469 999 780 232 550 355 864 55 722 483 988 772 195 828 970 73 412 946 83 892 535 819 169 491 884 714 15 451 452 200 31 384 970 845 555 198 23 215 543 403 520 37 861 713 464 882 688 171 413 781 469 149 531 805 792 796 439 48 199 19 58 945 657 478 448 
875 4 809 266 926 684 397 761 687 540 145 965 728 842 684 861 746 682 309 807 266 943 832 293 694 925 866 945 185 24 0 259 717 527 12 123 530 747 807 874 185 557 735 853 435 993 598 53 264 361 607 890 636 850 227 735 523 348 890 910 786 989 765 442 249 166 44 139 135 213 709 72 666 113 172 294 400 98 631 935 563 113 94 907 333 641 393 18 776 881 39 938 218 473 598 
765 610 180 926 563 102 539 625 621 266 629 24 105 217 666 470 656 976 66 166 135 437 260 49 848 761 217 33 643 508 114 0 460 93 242 49 205 633 660 171 852 41 711 115 104 422 103 892 180 789 647 384 938 922 47 660 97 788 485 473 282 106 780 245 876 349 913 246 891 872 617 191 873 523 22 872 154 225 550 859 687 808 32 878 524 38 367 602 751 731 132 899 930 896 583 
652 596 633 674 549 299 459 370 372 971 741 349 29 793 777 363 374 159 230 807 999 512 534 881 312 151 806 932 503 387 821 709 0 995 505 439 715 456 962 909 513 632 2 677 673 161 955 824 522 697 960 270 306 882 982 269 1000 454 504 736 342 512 51 44 5 13 504 772 789 522 322 641 947 591 900 313 696 993 583 509 464 629 493 384 751 22 892 633 689 0 955 572 474 968 68 
964 495 631 682 49 637 543 402 126 89 195 754 69 714 436 634 549 956 473 745 323 109 949 854 177 23 534 301 549 258 280 117 536 0 747 199 606 285 916 426 976 776 354 802 808 265 414 267 456 939 271 13 404 408 781 770 415 20 711 470 543 645 416 174 73 15 831 722 198 248 228 318 351 166 860 747 506 84 606 579 875 498 665 582 494 676 871 628 711 884 859 28 934 613 751 
704 195 660 938 121 366 890 365 980 116 413 824 729 896 608 193 396 39 631 22 130 607 604 93 930 67 116 625 636 537 57 152 925 201 0 765 990 61 127 358 289 778 668 958 921 82 304 869 888 991 256 534 116 193 423 590 125 674 13 142 804 42 754 888 845 393 457 768 986 864 168 610 364 937 598 986 403 655 310 147 671 309 225 660 926 925 113 316 105 752 489 217 4 581 983 
471 446 135 865 472 737 391 87 464 786 819 800 732 65 476 199 164 863 11 650 993 863 870 760 154 974 999 739 156 896 936 307 669 970 768 0 97 403 593 388 902 526 42 514 15 478 637 380 1000 432 244 410 487 982 501 469 224 691 815 971 909 372 441 9 892 328 812 844 731 297 503 368 561 643 527 127 553 445 461 295 911 346 884 791 2 283 701 760 828 736 409 164 543 568 533 
822 923 304 29 82 469 327 104 227 159 165 723 497 256 64 210 595 16 999 630 66 330 162 536 834 562 695 801 34 546 261 75 675 823 56 400 0 305 579 99 509 303 418 88 562 583 120 45 703 729 612 392 658 370 93 424 712 934 805 939 742 447 667 30 63 231 11 153 193 24 42 207 287 878 347 135 310 627 120 225 685 228 746 420 798 417 219 530 235 313 914 34 198 261 143 
356 762 149 831 425 122 649 413 967 696 567 416 787 542 596 11 535 521 830 411 290 182 505 518 232 196 657 27 637 805 341 921 586 157 269 161 109 0 205 620 770 544 129 196 358 279 685 796 252 222 606 497 901 907 948 12 138 266 901 843 376 220 206 6 824 475 921 773 717 983 975 795 114 360 100 818 396 604 651 796 935 487 143 35 951 668 894 883 866 381 332 244 150 852 326 
892 345 804 482 528 296 916 150 433 430 11 535 235 923 789 687 404 854 211 14 775 772 346 980 283 455 24 222 505 903 758 612 545 967 701 312 654 153 0 451 217 42 135 712 260 124 936 377 292 480 416 258 802 599 482 614 835 724 599 730 465 2 30 168 730 491 724 124 798 23 308 931 303 183 780 769 177 210 865 931 901 215 192 558 25 307 977 974 466 404 789 403 53 376 534 
718 984 339 176 36 247 94 829 740 55 580 175 790 529 227 793 962 548 875 693 52 723 185 396 481 213 550 25 600 623 860 361 289 430 681 105 623 956 429 0 827 832 880 781 737 460 18 478 155 943 416 641 881 176 305 668 992 335 866 510 949 489 469 600 342 466 756 479 782 717 355 864 728 579 797 585 899 959 46 713 723 629 223 785 641 514 80 845 607 229 614 457 361 748 422 
647 992 804 320 849 418 22 939 536 211 139 637 579 932 31 532 248 30 783 916 66 51 48 99 61 704 127 953 27 179 889 71 841 75 981 235 572 84 198 580 0 56 266 716 773 652 503 920 592 292 354 30 443 364 16 637 919 360 525 854 631 697 23 891 807 831 981 990 630 145 21 689 403 181 332 950 662 300 832 614 60 349 188 496 129 225 493 839 814 36 462 42 40 483 573 
732 349 167 764 437 444 771 674 466 123 327 182 632 674 437 300 136 447 900 289 12 360 481 684 283 888 917 752 137 788 441 563 108 561 217 436 186 469 367 677 104 0 992 427 830 580 304 193 817 376 880 943 642 525 562 987 862 209 773 595 454 922 919 740 37 250 821 191 652 536 294 562 119 442 153 723 739 256 445 31 758 126 240 639 532 60 155 546 656 938 534 598 561 309 548 
784 766 866 795 158 759 891 709 671 650 820 946 402 854 949 439 429 287 674 118 334 303 953 465 373 446 187 309 829 248 915 239 812 25 188 675 572 979 581 609 457 957 0 578 682 916 359 955 889 926 788 727 550 291 495 562 812 125 32 131 443 695 873 334 625 627 43 567 436 506 680 417 544 600 863 333 396 606 540 86 330 968 420 812 854 32 111 394 127 794 644 7 836 556 138 
288 937 114 884 871 386 99 686 409 214 927 184 129 157 260 907 37 428 768 330 421 631 656 947 627 146 598 85 196 762 785 563 228 971 423 474 377 15 519 508 211 335 345 0 579 912 84 361 46 537 149 174 715 531 775 305 442 487 997 680 955 272 970 58 222 719 667 200 367 152 730 213 161 88 409 550 652 354 626 158 643 119 367 900 722 209 469 842 499 982 584 428 146 87 657 
633 891 776 272 350 104 80 557 347 671 117 535 896 166 388 169 606 565 44 469 787 592 452 556 216 959 864 926 591 634 534 383 397 652 524 379 728 58 561 852 594 752 388 129 0 567 827 192 474 692 786 351 576 818 520 826 334 252 766 31 654 878 835 345 293 785 541 712 810 955 923 605 573 772 554 680 831 95 862 317 712 378 855 27 887 417 259 688 174 665 251 247 46 631 652 
145 534 478 929 102 53 114 776 742 772 457 935 843 296 674 309 269 839 286 691 786 781 116 380 119 683 620 169 930 256 211 546 450 137 254 212 605 665 843 51 26 581 54 504 912 0 421 233 68 453 499 655 643 774 135 243 709 508 544 416 473 192 379 728 897 447 812 725 298 344 907 115 831 200 380 347 258 184 207 215 573 439 196 963 278 630 748 158 129 398 434 839 539 833 273 
342 743 109 809 473 117 506 557 103 887 924 607 467 277 473 231 557 97 906 840 443 501 934 642 90 818 778 673 365 121 126 62 452 619 543 688 692 459 953 310 233 495 466 137 650 657 0 428 756 172 776 86 287 529 649 290 650 989 810 392 492 522 470 526 475 684 695 207 430 614 712 338 838 330 931 154 92 850 491 947 336 599 621 103 932 324 649 979 789 118 241 593 822 911 260 
132 24 384 326 632 287 573 996 236 412 470 275 124 104 635 467 273 937 936 377 249 39 3 356 37 464 379 878 414 903 668 955 750 610 887 997 936 26 353 228 16 55 145 162 514 437 92 0 648 449 728 908 614 533 506 2 249 748 722 497 255 659 320 21 176 508 107 291 731 228 433 278 236 749 887 532 199 937 462 675 623 27 111 585 473 371 646 726 954 873 391 323 472 274 870 
533 842 685 387 532 26 452 432 143 448 539 81 406 813 390 888 645 966 157 130 186 530 560 277 724 304 311 730 660 276 186 884 179 435 493 836 568 887 179 383 746 274 79 123 270 20 499 566 0 910 574 501 795 453 471 783 122 582 984 970 361 8 897 713 770 450 287 782 326 609 654 207 70 60 955 130 94 858 514 690 758 871 274 730 833 279 836 534 596 985 410 297 327 657 235 
531 606 907 208 897 991 282 168 418 839 830 883 944 691 652 816 952 151 828 131 57 188 277 863 65 473 423 368 522 945 692 270 254 994 447 14 34 333 202 594 168 877 100 863 672 415 550 115 835 0 639 989 905 472 362 592 874 788 904 559 876 839 174 243 577 670 273 932 449 821 226 817 364 543 768 385 832 550 322 764 100 691 885 976 690 597 920 44 173 208 706 971 766 631 451 
583 87 838 675 516 774 180 298 245 551 598 975 115 154 930 309 721 147 781 307 849 353 155 20 674 680 292 727 602 482 590 603 824 415 939 812 555 692 863 402 9 695 532 475 66 533 670 42 140 771 0 412 697 611 97 993 134 616 486 593 144 633 226 631 114 84 987 672 153 782 330 16 294 91 920 565 547 523 232 457 603 528 579 694 655 0 955 967 741 343 666 620 636 668 720 
854 788 101 895 230 250 785 767 92 864 637 887 610 723 264 283 905 385 911 102 281 755 821 89 691 467 265 15 805 720 295 347 232 84 686 930 994 249 456 626 575 713 700 169 763 349 513 864 101 508 952 0 128 534 260 427 503 126 214 447 917 236 332 874 29 990 818 712 174 316 144 56 990 460 653 644 479 387 873 759 493 341 570 547 764 424 632 567 169 137 559 950 808 63 799 
657 828 604 772 78 720 909 690 974 559 280 68 922 519 269 166 522 880 427 102 172 148 245 438 355 79 10 814 881 652 809 147 224 627 801 50 314 438 824 589 527 254 94 313 685 12 1000 508 76 802 189 82 0 562 393 96 669 451 497 317 13 3 542 473 264 290 11 841 758 594 875 472 617 751 69 552 20 676 274 16 352 720 68 963 144 478 239 800 418 99 784 924 713 522 719 
370 54 866 154 570 747 682 353 599 678 18 510 407 593 641 970 182 470 16 162 273 198 55 397 732 286 131 447 136 973 814 696 152 190 58 533 944 394 482 662 816 584 925 644 752 647 830 582 616 499 930 115 540 0 817 974 228 554 399 262 940 370 427 352 858 783 787 614 853 531 169 768 797 612 317 137 80 154 960 643 332 635 969 606 410 770 985 114 275 26 942 15 726 835 514 
556 433 98 806 532 818 69 811 882 345 323 219 495 185 794 311 22 429 515 824 412 223 459 790 143 976 747 531 255 262 727 617 253 986 686 441 67 972 381 338 694 299 386 130 893 449 627 768 132 109 453 254 119 968 0 773 123 267 632 412 615 215 217 971 152 476 52 238 913 446 835 180 132 556 759 979 485 138 486 953 880 785 671 596 718 434 37 345 946 516 118 443 601 411 344 
438 609 889 903 677 45 807 725 806 296 151 212 167 690 477 569 171 159 633 134 72 644 773 85 568 833 652 483 914 819 435 373 590 376 511 922 978 501 756 698 730 543 296 339 956 649 491 73 867 575 17 707 354 33 311 0 104 437 244 616 931 843 841 338 771 825 797 172 773 222 171 332 319 380 406 69 373 181 877 317 34 23 685 880 215 10 674 886 168 380 124 187 593 866 608 
36 667 836 239 674 914 319 337 986 1 95 187 652 870 256 285 884 463 10 667 241 305 139 897 206 862 255 845 24 109 687 687 501 606 314 960 96 916 878 750 285 260 935 608 676 745 190 205 586 820 844 451 237 716 549 359 0 768 241 540 309 972 277 440 322 129 580 913 444 914 395 43 687 309 31 736 717 301 811 924 231 28 226 238 883 273 103 52 459 958 540 308 715 473 968 
185 490 474 527 126 529 590 974 784 805 788 684 363 936 713 206 870 914 228 274 10 691 53 204 588 29 755 497 413 890 983 290 181 743 91 441 98 979 901 221 245 153 613 758 641 724 49 464 107 639 771 563 430 125 285 417 478 0 165 209 635 677 718 380 333 319 290 309 720 497 201 380 971 405 671 431 200 464 687 251 765 545 411 134 163 296 298 27 912 771 634 743 59 380 333 
887 617 444 702 201 351 898 139 658 5 318 673 480 800 559 705 357 570 542 857 867 875 686 425 512 108 611 891 434 171 982 527 218 917 202 65 772 33 39 226 159 697 14 747 859 316 135 178 686 165 292 710 193 330 169 170 157 974 0 983 29 291 420 120 232 976 839 530 513 774 147 656 903 93 180 375 105 813 771 186 561 924 247 794 829 845 288 619 877 340 93 100 599 274 73 
760 743 70 998 500 14 600 198 624 841 156 757 744 791 823 883 488 463 897 170 762 60 364 156 279 439 714 800 61 486 397 880 880 227 71 987 617 709 521 239 146 889 25 425 137 47 378 219 345 822 726 109 852 787 163 684 78 556 958 0 168 888 899 461 135 787 584 586 807 881 788 30 644 946 80 490 97 258 388 702 897 290 585 979 782 652 708 525 448 352 274 871 343 248 80 
379 254 342 60 169 872 618 846 841 183 189 356 654 2 563 619 928 691 542 483 100 767 944 608 934 395 716 528 258 36 175 770 780 526 39 990 580 985 17 599 856 294 352 20 999 956 729 631 726 369 563 375 69 465 939 460 458 18 884 658 0 419 917 67 809 410 826 792 674 67 130 331 431 991 223 952 577 930 964 970 380 728 507 515 277 15 251 706 330 824 657 167 481 187 686 
639 493 488 569 242 432 77 519 918 402 853 300 351 424 268 73 396 577 713 711 211 49 166 923 356 534 295 66 208 162 352 523 982 8 490 115 539 89 175 434 263 332 870 934 535 728 783 169 320 764 34 266 276 374 421 615 861 459 567 29 588 0 182 215 542 766 732 560 161 116 296 914 375 450 680 723 756 103 96 79 956 47 798 370 775 673 561 211 245 159 118 340 577 78 338 
961 550 899 398 80 530 549 917 780 738 40 190 954 716 925 393 507 3 839 29 723 926 378 504 947 343 540 215 558 826 17 108 98 243 505 455 140 820 705 693 650 165 350 473 435 840 823 453 325 191 841 548 912 504 57 966 977 338 721 841 631 334 0 221 410 174 919 856 940 265 829 1000 471 397 961 105 30 177 301 406 659 59 106 830 799 451 544 97 774 700 376 740 876 851 23 
157 297 458 460 705 810 604 580 837 350 417 666 450 28 781 324 174 811 943 467 175 925 336 498 462 736 664 474 756 194 302 56 362 543 76 524 355 337 891 68 856 246 612 189 853 284 32 251 25 348 620 599 211 137 467 717 755 837 88 324 279 948 906 0 787 767 310 798 28 998 346 508 217 621 448 310 898 362 798 976 782 345 899 928 797 81 439 182 768 631 340 883 872 688 190 
302 112 378 519 36 664 1 568 90 204 153 362 920 445 318 597 70 952 594 887 178 120 676 198 104 605 36 503 846 137 889 615 774 906 357 891 437 287 868 273 202 340 126 713 583 151 154 123 757 869 384 562 566 249 217 645 748 826 693 206 583 90 208 314 0 653 127 815 427 286 504 568 289 10 30 114 707 895 499 990 932 321 874 27 178 716 43 221 577 516 987 674 267 208 295 
27 952 13 317 808 150 185 278 161 312 168 95 269 373 168 363 458 795 670 839 881 238 220 647 533 765 698 26 263 442 158 702 126 148 450 357 276 805 400 495 489 493 784 263 44 652 88 40 864 482 651 346 129 146 675 590 412 639 598 167 156 480 831 301 221 0 402 197 610 226 304 382 118 731 18 864 400 877 511 432 855 664 244 322 108 150 834 341 637 324 812 38 906 447 885 
543 555 987 26 148 471 91 51 807 775 671 499 981 409 113 956 834 513 172 789 772 801 638 813 343 168 924 955 269 93 152 576 210 405 640 827 556 23 726 539 530 17 15 104 51 58 402 809 357 835 454 653 332 185 488 631 134 114 291 346 724 499 128 120 532 208 0 477 933 997 937 594 648 223 113 177 535 97 368 232 528 235 256 534 524 47 899 263 465 581 42 644 611 141 841 
370 854 40 486 394 816 835 801 246 646 519 864 447 107 176 257 941 544 939 167 829 785 152 215 169 591 247 281 928 267 152 575 313 34 197 378 293 775 337 839 971 701 475 507 142 185 579 415 265 56 465 762 714 536 51 39 407 100 538 186 767 829 57 358 400 912 607 0 53 191 21 716 145 675 478 414 315 675 695 475 752 842 754 113 909 723 152 819 211 364 561 781 593 545 305 
160 892 970 719 953 528 605 541 474 975 931 374 178 279 406 216 87 733 432 380 894 412 399 368 585 703 419 633 728 480 802 145 262 757 786 563 239 185 921 510 873 297 1000 677 359 440 563 141 784 323 670 958 713 255 626 993 795 464 328 778 891 338 156 216 206 127 591 538 0 35 509 783 957 660 529 937 0 177 894 754 637 677 3 284 146 290 570 350 292 97 239 353 977 349 546 
749 405 909 560 586 433 373 566 984 615 16 135 554 542 456 562 337 330 57 150 438 345 972 8 6 483 714 572 363 720 76 654 902 293 77 317 66 592 618 103 718 100 512 429 348 932 997 913 146 861 919 345 719 594 62 284 509 813 615 313 541 993 315 172 106 485 17 853 929 0 985 703 5 271 178 949 248 602 975 981 836 865 285 451 931 560 255 237 587 456 799 631 102 291 809 
81 956 867 636 813 908 296 328 99 299 914 511 282 739 642 991 592 878 14 113 107 337 62 218 302 278 328 841 730 503 720 806 760 226 13 904 840 581 458 569 594 954 226 997 893 142 731 443 926 369 328 944 975 398 151 304 841 938 605 5 777 135 526 39 178 5 336 89 357 605 0 803 15 928 909 227 679 806 359 574 306 949 937 697 869 349 236 98 88 767 497 180 57 828 371 
583 623 72 41 633 663 730 865 449 369 79 81 979 543 237 802 883 849 253 754 606 432 352 32 783 34 331 979 809 451 871 564 451 545 351 563 189 913 100 696 990 261 137 503 924 582 657 105 435 944 608 535 791 687 407 493 782 943 368 963 344 146 449 299 642 863 379 34 157 981 731 0 133 330 876 348 755 348 373 73 613 373 792 230 540 490 878 81 916 329 150 486 466 550 669 
252 884 845 645 370 49 958 310 241 110 258 516 946 152 621 454 517 494 655 616 455 97 655 594 157 129 820 657 717 533 382 531 134 395 758 546 178 283 424 452 308 248 317 468 859 72 639 587 652 301 197 759 23 77 589 191 251 981 69 880 749 577 466 302 934 915 284 211 70 511 820 715 0 599 352 951 847 289 944 920 11 611 186 277 500 142 332 510 140 512 851 809 856 328 990 
298 393 5 621 455 829 272 749 330 617 593 408 318 49 186 600 986 704 874 634 38 234 190 833 616 890 18 989 607 753 535 485 768 572 219 967 886 77 713 111 524 109 557 998 694 783 315 194 701 70 704 921 488 886 496 17 779 572 299 726 268 3 384 833 612 434 280 328 693 114 721 8 29 0 600 953 301 154 465 291 385 954 67 74 111 155 9 181 184 618 26 513 279 980 358 
890 283 877 461 700 49 674 141 686 690 207 353 824 148 998 330 28 490 498 762 159 14 799 66 796 710 760 533 953 410 217 721 753 953 485 770 861 196 612 138 130 406 822 781 135 754 525 936 76 133 604 911 848 489 669 390 704 167 152 475 182 179 781 200 876 636 30 68 111 580 121 144 224 545 0 892 531 206 297 824 183 821 72 682 411 795 561 252 296 403 850 760 345 989 858 
913 962 782 591 372 73 191 290 836 921 425 15 122 331 556 526 242 662 32 716 108 725 282 856 217 116 346 153 58 189 614 496 646 699 691 422 475 94 651 899 529 211 348 863 421 996 153 904 570 178 705 147 769 238 573 746 817 984 118 126 82 59 295 450 692 18 508 741 120 102 380 24 867 821 176 0 501 512 16 188 922 935 531 542 468 221 503 30 853 749 634 248 807 847 686 
466 372 671 560 368 347 880 371 944 701 361 161 649 663 572 211 618 114 479 223 248 329 11 317 194 950 417 569 768 386 179 720 922 297 623 610 838 414 120 569 650 627 488 328 839 535 434 204 575 367 10 697 827 364 507 817 189 274 452 764 415 779 997 232 836 72 334 896 582 777 472 437 59 884 568 118 0 626 789 367 701 951 724 222 873 409 224 391 282 314 722 467 887 623 186 
130 935 763 909 435 641 813 836 710 410 349 779 976 623 854 654 694 42 179 374 612 13 42 289 456 980 420 25 979 113 247 794 937 713 119 756 408 68 991 38 8 188 798 36 654 119 517 442 115 774 862 409 987 735 383 589 46 928 717 4 981 418 660 287 869 90 776 962 19 0 890 983 501 852 341 998 796 0 366 535 521 104 868 927 762 536 577 848 233 981 986 912 100 795 813 
996 824 127 549 311 190 16 356 365 77 705 794 635 154 147 300 19 642 43 883 815 731 694 868 9 882 726 283 896 590 655 248 713 396 319 476 596 349 277 347 447 137 632 202 230 493 794 334 79 811 157 258 252 661 67 395 508 821 595 251 203 538 484 819 510 105 429 785 431 688 958 171 141 215 970 696 646 783 0 303 25 961 348 117 167 507 869 968 890 794 826 577 452 249 292 
530 506 719 328 778 467 914 739 752 486 930 906 807 279 760 865 370 403 946 119 347 1000 886 422 677 664 536 353 839 764 545 977 615 568 614 242 827 65 459 847 396 764 363 844 41 532 886 988 983 722 524 158 911 697 549 873 337 662 5 350 383 60 309 709 681 696 322 286 882 796 606 366 703 880 912 28 631 674 472 0 574 323 448 99 434 893 487 902 91 393 9 606 553 976 839 
371 447 3 412 132 150 127 288 528 804 115 335 505 41 559 436 158 965 684 230 530 911 236 762 170 375 216 613 42 751 87 516 234 800 534 532 5 149 839 84 233 310 159 569 135 313 291 424 511 338 867 415 733 185 826 987 147 153 75 275 806 613 862 359 360 156 844 61 851 436 938 679 324 85 765 729 249 24 256 493 0 773 435 2 575 95 262 123 658 529 112 979 352 574 262 
404 230 105 477 41 831 872 104 499 507 205 912 897 114 635 879 922 357 994 367 421 362 341 425 30 299 325 682 948 138 150 9 128 895 732 391 700 948 208 531 559 835 865 272 509 22 679 160 883 64 394 729 353 544 371 70 864 296 462 572 224 573 815 811 497 956 168 695 547 968 381 756 431 877 789 326 608 881 631 210 346 0 14 489 791 924 381 267 805 585 359 576 536 646 449 
735 873 300 965 900 51 579 278 614 900 863 891 7 925 870 338 188 727 266 108 451 420 621 594 282 44 81 613 237 871 651 225 522 265 838 775 532 85 461 296 916 735 617 79 539 299 889 300 373 371 816 836 211 966 793 739 810 847 911 21 177 426 586 870 963 150 26 413 608 378 896 454 370 611 145 463 543 49 60 384 892 373 0 152 728 238 44 759 524 670 116 972 584 14 6 
745 742 294 956 621 52 308 761 93 51 872 913 708 345 570 179 970 354 958 265 27 152 636 922 452 168 162 414 21 39 226 279 356 295 61 742 360 655 276 590 951 435 110 995 123 432 937 628 146 751 33 10 730 674 617 227 813 419 52 649 708 20 82 275 818 426 384 575 329 983 194 222 920 251 43 714 944 657 50 44 424 457 889 0 153 310 805 78 223 140 552 191 497 254 693 
744 668 881 451 291 73 759 224 246 529 155 285 162 287 831 561 935 800 737 889 697 945 499 352 640 454 536 827 725 427 175 652 607 866 27 98 340 801 353 402 534 276 644 687 192 951 578 945 860 391 726 435 236 856 408 958 246 946 416 342 397 990 645 516 830 901 185 372 586 623 278 539 384 401 525 923 311 145 195 464 578 611 697 10 0 320 73 348 986 936 378 709 552 199 601 
135 398 727 902 173 841 579 488 992 456 60 625 515 600 542 708 849 99 212 240 49 564 479 200 699 62 609 701 742 295 673 87 179 393 241 171 686 115 631 858 467 803 774 534 497 521 906 290 287 740 813 365 616 319 353 64 991 889 334 599 934 20 948 724 245 257 579 744 422 584 399 580 732 534 922 727 217 300 327 184 169 524 819 777 514 0 567 983 263 373 772 446 975 250 111 
251 982 32 964 181 14 175 355 320 3 314 46 669 33 611 213 670 13 56 765 31 860 805 891 156 700 448 378 194 80 612 258 151 849 578 198 154 203 663 350 610 939 874 374 102 101 14 314 37 739 768 868 242 995 12 142 117 957 960 655 944 62 512 777 783 943 69 565 189 771 805 409 516 290 616 88 340 793 16 454 525 850 715 569 297 183 0 728 971 212 433 399 361 962 271 
834 460 165 677 458 171 644 129 256 386 374 721 317 648 453 540 861 971 431 573 838 847 328 623 729 956 779 990 609 608 839 265 1 328 62 193 310 357 243 526 238 419 488 716 844 372 259 350 296 459 952 713 699 237 851 942 542 498 390 18 635 455 897 627 778 418 1000 593 415 561 89 65 4 254 345 376 221 337 85 952 929 969 648 344 946 518 610 0 365 458 760 106 270 492 861 
253 829 603 479 951 979 4 422 822 301 660 732 104 267 620 482 262 293 313 717 635 825 131 505 403 755 420 657 463 717 732 142 275 13 953 924 889 742 446 293 550 153 495 185 529 954 374 700 317 379 691 384 549 342 922 824 171 467 804 420 184 473 82 82 761 940 240 997 787 537 378 82 575 497 764 781 610 895 295 766 928 748 695 247 443 923 935 312 0 468 153 426 333 462 863 
509 802 389 22 245 686 184 766 580 560 33 850 271 275 929 385 927 258 694 766 484 823 213 276 986 832 475 68 968 922 7 950 994 542 751 599 475 618 941 169 572 187 177 831 269 280 920 826 319 578 465 271 877 250 353 461 151 771 852 807 802 59 29 50 126 939 150 461 788 574 931 589 73 190 48 602 390 79 757 308 603 467 90 87 424 234 460 802 459 0 956 838 156 99 309 
770 947 892 587 735 97 277 703 150 685 453 330 738 404 116 196 791 687 260 403 871 607 19 936 219 248 515 87 479 726 291 798 17 68 993 586 313 368 931 659 977 629 288 284 367 822 228 88 771 245 229 57 234 603 349 841 648 385 21 21 571 219 101 473 921 258 284 57 551 100 302 373 465 466 724 731 30 208 774 500 991 591 269 567 277 863 130 750 382 900 0 545 498 585 570 
668 680 99 720 381 515 662 784 780 995 164 489 91 153 597 987 481 132 419 62 385 279 998 512 816 331 964 415 314 191 295 653 111 55 500 985 143 438 744 113 123 999 711 598 235 57 522 569 780 596 664 583 450 798 427 268 524 498 651 204 455 959 417 709 946 824 4 874 169 404 305 685 488 956 601 909 309 491 638 845 80 619 904 215 630 276 351 827 707 505 470 0 178 300 847 
887 99 718 684 989 269 897 369 81 965 152 794 584 942 570 522 185 504 308 945 737 809 168 108 626 15 179 278 38 2 781 834 484 884 787 96 100 694 567 341 840 899 287 767 975 708 37 739 368 212 133 107 819 987 894 378 611 869 979 899 740 218 934 11 159 872 107 579 36 543 243 109 231 828 73 629 561 409 554 203 219 749 798 889 246 110 592 141 122 515 350 623 0 924 783 
828 9 301 812 640 138 997 401 639 823 748 53 212 356 159 707 83 290 95 528 5 805 31 699 369 738 715 693 158 737 883 153 363 774 784 48 350 907 165 137 242 300 463 65 290 269 600 320 147 269 809 855 278 314 421 538 945 119 801 72 266 611 810 681 704 661 521 462 977 214 697 801 833 243 429 540 55 485 617 468 529 380 361 434 892 763 882 790 716 971 187 583 210 0 594 
579 172 522 747 748 608 76 472 220 216 470 634 88 730 300 484 365 546 676 292 441 956 911 122 919 844 200 829 179 24 325 391 650 731 177 929 33 499 983 247 646 254 807 718 785 464 889 22 509 181 531 890 227 274 100 551 912 92 317 215 891 117 816 321 472 242 309 412 35 278 450 94 175 284 813 355 513 706 279 956 590 667 738 635 928 510 206 374 553 148 316 725 674 135 0 

Depot information
1
1
1
1
1
1
1
1
1
1
1
1
1
1
1
1
1
1
1
1

Customer information
17
17
24
16
25
21
24
16
16
16
22
24
16
23
19
17
16
23
19
25
19
18
20
21
21
18
20
15
25
25
24
24
22
19
22
25
21
20
15
19
16
19
19
20
23
24
19
15
18
20
16
20
24
24
21
24
18
18
17
24
23
25
22
16
19
17
24
15
25
23
22
17
16
22
25
