Seed 125 - Instance: n80m10_2
n 80
m 10
Q 261
L 0
U 1000

0 980 452 973 813 120 660 829 174 265 804 654 705 409 67 875 800 601 46 33 769 905 876 617 190 680 710 939 511 859 461 855 655 234 262 354 256 681 7 902 942 289 320 19 28 332 17 22 804 684 570 105 644 929 183 928 682 218 154 331 300 281 16 613 406 328 401 439 731 963 678 821 128 327 7 6 499 930 705 348 689 778 780 533 174 397 118 240 6 824 
672 0 954 191 781 225 575 366 94 709 170 991 933 986 887 785 795 106 645 166 995 775 221 861 583 555 918 329 724 466 154 59 245 879 646 260 468 147 157 851 753 435 40 557 109 183 531 217 876 228 13 579 776 306 74 208 410 11 843 253 700 115 6 247 48 510 369 425 540 349 224 260 33 734 939 78 977 417 159 310 378 274 799 773 104 623 753 366 295 918 
9 364 0 244 155 577 14 283 380 845 307 541 109 834 424 618 118 852 677 977 463 824 35 16 69 970 666 545 87 661 579 613 574 304 916 272 603 896 588 887 942 267 152 756 571 160 367 572 52 60 391 746 467 151 771 655 183 84 201 124 550 813 350 785 239 394 307 520 868 689 752 555 458 607 705 354 814 531 982 662 748 479 615 23 256 733 601 75 776 995 
420 467 437 0 493 750 246 221 283 935 614 228 902 842 881 79 14 955 113 807 162 24 470 306 923 207 350 983 870 347 629 378 664 368 890 942 265 317 561 926 709 271 73 572 307 182 908 433 10 227 534 429 459 541 351 204 744 346 393 11 878 400 519 391 963 710 897 145 651 443 902 359 754 696 216 515 114 841 31 81 597 45 830 644 756 176 9 617 330 228 
677 972 570 819 0 427 693 929 740 891 740 332 168 503 548 323 340 935 514 924 850 554 267 678 694 866 929 593 836 221 502 639 837 847 624 120 261 267 737 16 644 907 647 12 888 689 133 133 337 253 481 746 808 969 875 990 2 38 497 156 465 443 77 337 164 867 714 533 979 153 234 928 960 537 382 46 919 319 354 155 970 66 40 488 397 476 155 244 183 588 
663 511 69 571 242 0 571 742 963 849 591 829 845 150 952 624 776 407 515 318 859 161 491 364 345 413 326 176 730 979 394 684 430 459 57 511 541 12 640 279 42 407 675 365 606 942 164 35 483 296 776 65 344 574 971 867 467 473 599 29 731 338 667 510 236 48 455 581 892 661 377 485 528 941 526 581 246 487 836 60 560 863 77 880 296 458 920 98 686 30 
518 493 377 853 307 881 0 98 182 928 41 942 565 407 855 961 952 34 96 157 868 882 659 870 469 197 889 110 931 280 402 701 492 987 160 838 302 813 215 987 166 91 318 551 18 430 533 434 899 763 960 727 928 381 941 314 817 535 101 355 464 977 220 318 214 477 534 145 203 989 596 162 389 286 598 946 180 675 489 266 686 219 174 861 672 288 322 312 275 391 
741 451 235 261 779 559 970 0 21 965 251 920 846 275 356 734 758 995 843 768 298 866 725 372 611 140 936 887 75 89 585 667 932 318 157 33 32 606 64 765 364 292 168 168 525 574 90 971 162 21 912 293 515 549 386 5 313 907 283 758 570 166 20 125 581 933 868 991 714 722 214 876 604 512 282 746 909 594 430 757 142 246 442 381 277 107 128 663 180 368 
721 973 336 799 166 133 899 122 0 96 617 703 885 748 482 666 277 233 379 589 857 1000 908 57 566 651 454 741 702 358 8 999 809 729 240 786 755 659 712 376 170 733 785 800 121 952 436 194 890 296 889 272 764 953 841 544 38 611 394 57 994 62 427 323 329 447 203 632 335 332 530 627 293 987 509 48 22 48 0 408 282 848 984 3 245 381 535 373 960 726 
729 332 391 0 224 404 855 130 426 0 114 952 537 196 90 416 68 327 658 565 284 532 986 590 173 924 9 609 60 554 818 444 168 644 690 609 109 539 220 772 707 708 998 233 582 930 183 202 881 613 231 767 298 541 564 530 924 964 224 771 584 685 503 248 749 411 588 643 122 262 628 932 746 712 534 582 62 879 180 888 796 128 8 531 107 61 847 288 233 570 
30 661 842 288 96 332 80 169 768 308 0 792 621 323 174 124 61 22 45 693 555 182 166 25 666 264 846 5 393 566 997 218 891 503 131 357 290 311 265 719 159 861 583 65 606 711 51 213 362 329 743 618 352 696 486 232 187 359 196 736 410 875 689 199 380 497 362 78 144 842 886 810 174 301 89 396 665 800 314 761 336 171 999 192 119 918 372 445 807 647 
345 959 718 760 750 148 176 987 822 969 581 0 451 221 465 736 297 224 499 778 274 188 938 297 937 37 360 597 456 270 850 38 952 24 819 198 463 633 531 427 188 916 952 989 597 528 111 671 640 545 916 950 922 591 9 86 978 768 180 556 328 869 104 482 789 614 50 271 395 812 365 780 214 696 179 971 517 327 737 767 705 131 765 777 186 684 470 125 43 865 
645 881 895 184 264 387 397 835 368 184 426 920 0 0 408 22 911 209 447 166 712 584 388 53 812 214 517 695 831 908 54 254 224 212 550 384 597 622 89 315 895 322 210 872 279 80 514 888 759 321 664 609 759 58 549 805 801 883 872 940 842 532 949 732 921 445 451 791 560 943 234 184 962 889 668 414 27 656 606 1000 164 887 298 18 529 722 891 971 429 184 
191 737 725 186 58 153 508 11 811 478 637 296 223 0 579 606 235 629 495 0 75 704 650 227 168 120 163 439 378 106 743 493 591 80 427 273 254 65 697 386 382 561 450 945 382 85 749 792 351 168 480 850 680 456 228 33 30 777 987 264 47 332 758 919 204 833 60 686 50 13 168 150 300 664 639 424 387 865 906 331 104 475 398 248 771 543 527 833 526 284 
31 811 66 938 882 578 93 111 438 853 168 61 776 675 0 823 909 720 94 449 89 582 437 911 137 198 200 253 929 980 192 121 780 468 701 254 710 449 467 292 899 658 580 652 206 895 954 925 613 117 558 777 1000 160 996 549 841 75 679 112 816 496 452 227 623 418 412 567 169 671 985 501 828 755 288 807 164 292 542 167 495 269 249 575 150 794 57 414 468 882 
155 689 160 728 354 539 919 56 805 595 926 220 56 110 381 0 804 496 868 778 685 480 971 448 723 694 873 766 301 302 695 360 896 724 128 548 122 388 104 963 851 989 520 52 203 295 396 746 82 992 109 292 169 201 189 668 63 732 513 178 734 909 256 157 283 466 112 437 847 439 866 332 532 83 791 198 153 869 671 149 945 763 621 154 737 692 142 333 174 358 
620 571 869 7 902 103 48 551 82 71 788 709 876 732 346 633 0 519 337 363 334 739 371 837 389 524 491 895 52 510 419 786 474 669 267 579 868 590 239 343 433 828 143 669 411 471 930 770 95 880 122 945 765 665 528 59 192 246 337 378 849 739 682 524 740 552 935 752 653 989 113 272 137 857 971 348 226 288 281 765 371 218 160 540 744 304 498 852 73 0 
578 709 744 885 385 861 852 471 698 785 399 36 129 776 183 790 996 0 347 376 720 404 418 687 913 40 608 447 840 464 540 15 783 239 609 606 152 683 328 956 245 245 369 699 400 147 819 637 914 555 279 942 662 428 176 266 267 415 710 258 268 40 297 264 61 674 290 769 302 799 980 390 385 182 616 737 539 444 360 804 807 309 237 819 416 199 146 494 435 971 
917 355 71 133 765 16 161 973 312 790 797 236 243 909 609 783 589 521 0 664 413 854 771 720 819 631 31 172 721 211 284 335 710 856 358 683 139 561 779 627 322 613 22 175 497 602 413 307 555 329 860 263 736 442 376 499 733 687 804 295 365 543 940 391 700 534 443 260 854 27 419 642 270 238 695 214 507 506 627 390 527 501 554 347 919 403 783 958 327 525 
537 333 265 20 363 820 882 940 775 578 981 644 999 479 90 294 873 10 551 0 985 40 484 586 879 609 151 528 341 597 529 235 669 573 382 907 107 636 52 928 904 455 215 159 532 157 842 372 641 729 655 576 440 10 940 6 499 332 289 409 893 743 950 694 725 777 88 761 949 803 899 765 907 363 547 479 927 965 601 600 684 963 746 241 48 425 230 36 710 953 
133 114 552 369 530 339 715 61 793 301 758 262 560 755 637 96 801 668 701 726 0 832 903 856 976 616 999 378 96 411 438 436 803 119 553 551 173 752 592 822 537 392 272 597 564 352 280 726 705 878 998 629 464 461 62 32 26 950 76 15 667 891 282 552 483 456 951 822 229 52 415 838 576 847 427 148 733 429 737 903 611 632 58 811 766 399 786 576 132 591 
134 968 252 107 455 373 665 887 552 414 889 995 705 70 600 688 417 43 60 872 144 0 183 672 742 484 654 701 349 801 942 587 288 924 223 765 227 683 399 87 156 706 102 165 402 307 842 203 874 812 588 328 89 716 292 157 454 586 793 187 20 517 645 750 55 594 68 724 764 709 671 150 582 550 98 854 332 861 110 646 895 90 678 284 916 443 628 940 797 192 
761 496 133 206 609 143 665 963 53 765 93 262 704 506 336 752 131 501 492 100 458 523 0 429 144 461 233 964 281 348 179 335 697 800 141 155 852 709 611 488 597 849 308 51 186 313 92 428 922 663 252 527 590 81 114 227 530 478 703 819 837 514 149 167 112 293 356 200 47 299 709 485 781 754 870 457 469 343 288 69 801 850 922 3 672 585 55 691 384 407 
490 285 73 618 416 965 160 219 492 187 821 493 626 444 420 241 943 13 251 921 629 456 473 0 808 685 877 474 401 488 535 903 530 87 330 326 718 730 491 472 795 89 460 714 112 415 514 314 15 563 982 375 363 368 984 637 286 711 857 626 582 790 915 753 737 868 512 436 579 944 936 151 812 875 589 763 573 751 216 458 776 74 21 661 465 978 290 694 525 910 
918 892 345 25 690 144 511 525 282 990 338 366 502 465 436 980 896 274 941 445 156 769 583 897 0 937 208 18 445 299 560 567 911 236 22 630 212 514 622 234 116 269 854 397 767 572 109 898 514 470 10 444 733 92 39 73 756 85 64 455 569 837 819 600 886 935 503 328 315 622 810 515 640 386 992 236 173 922 480 722 554 877 335 764 679 584 838 689 75 766 
294 883 376 388 404 461 643 689 630 745 545 379 860 185 604 483 118 437 438 693 494 981 316 959 800 0 805 294 129 320 582 12 222 394 225 635 440 558 109 911 922 311 961 958 305 325 218 22 796 117 603 63 908 236 532 785 997 81 129 665 107 570 874 382 406 912 949 792 703 886 83 793 577 582 672 606 593 724 349 105 601 517 929 67 784 146 107 245 574 412 
684 198 785 88 680 496 576 653 164 56 54 313 547 377 478 128 767 639 390 722 718 40 170 829 807 850 0 840 113 416 882 33 590 972 83 500 903 183 926 47 477 800 117 566 159 877 693 549 93 246 170 447 973 48 549 29 294 749 319 957 427 708 523 450 991 698 150 867 194 651 380 135 994 184 345 663 549 338 984 708 440 427 723 103 725 449 283 26 838 795 
191 10 387 664 663 711 465 19 377 175 493 812 806 576 428 172 680 624 837 561 658 368 985 979 781 5 347 0 932 274 352 626 156 646 930 1000 397 332 945 86 224 412 658 297 74 714 778 577 411 923 510 942 855 910 698 67 987 187 394 912 610 232 658 455 270 575 840 557 948 383 200 203 85 614 911 553 92 620 134 875 703 685 50 556 965 278 325 589 668 425 
29 44 13 131 668 848 807 457 694 484 277 473 355 114 190 652 913 740 375 689 118 162 216 291 471 330 471 101 0 150 559 134 516 862 565 397 518 517 63 468 252 421 977 448 167 439 501 502 161 39 885 842 118 647 986 583 850 886 770 179 645 30 865 425 931 50 302 907 312 185 731 16 142 104 175 46 495 900 1 755 617 576 542 996 897 664 441 334 331 48 
8 774 592 248 380 665 970 555 691 667 455 623 916 798 147 805 661 695 388 16 237 377 741 883 441 296 917 5 413 0 542 324 462 250 200 930 358 504 537 658 700 470 145 279 366 153 784 922 962 427 596 478 963 52 108 602 540 795 91 313 560 922 309 1 766 727 36 130 367 601 903 476 407 396 648 9 688 414 484 201 733 821 460 344 822 563 267 399 72 109 
566 813 212 39 2 452 196 66 990 67 488 752 937 860 294 289 328 719 953 373 757 104 443 399 13 284 62 328 629 12 0 567 589 117 539 282 935 627 224 701 123 903 946 265 811 99 603 470 283 346 307 968 242 283 159 649 400 555 26 43 522 758 433 390 817 508 106 805 198 103 373 52 419 53 454 726 683 786 461 118 848 581 758 864 883 282 331 899 957 893 
184 999 236 909 841 336 899 70 393 966 798 366 608 266 207 707 0 382 454 291 413 145 737 938 983 824 393 285 861 704 124 0 747 486 926 118 588 281 922 244 205 951 587 784 265 276 809 381 50 634 435 629 716 607 411 308 917 718 402 415 725 673 191 185 428 893 12 766 741 435 332 110 237 408 97 941 716 789 984 25 772 405 501 787 313 471 161 475 387 194 
337 467 133 577 189 344 158 169 236 396 731 375 737 875 154 604 548 210 900 570 961 60 136 45 680 610 732 282 305 534 77 960 0 876 611 50 852 298 509 403 859 876 341 812 940 328 399 742 323 890 609 572 493 447 259 826 436 115 421 27 720 906 31 732 527 362 640 830 710 521 310 45 261 200 739 406 603 612 745 576 395 188 675 618 993 136 21 581 516 87 
792 299 34 410 510 13 116 613 714 501 821 853 979 712 238 581 904 438 629 324 129 64 341 596 806 266 447 662 772 390 129 46 340 0 740 702 598 41 989 684 817 114 621 764 986 857 399 548 650 401 453 156 185 350 272 762 832 890 734 687 480 282 171 926 8 107 750 327 231 672 900 928 715 980 105 990 266 335 169 481 486 823 743 733 40 788 276 898 51 110 
420 403 799 372 778 689 692 460 594 691 794 586 267 872 435 205 185 48 527 296 787 377 818 613 489 13 221 8 800 5 189 139 520 413 0 592 515 879 814 484 978 847 704 767 979 929 777 332 889 888 499 406 490 109 321 397 705 398 449 12 400 657 275 799 668 521 553 738 16 170 488 641 52 845 16 9 144 635 41 480 135 765 172 515 677 854 519 341 758 860 
503 121 158 837 346 185 390 838 199 850 94 876 853 348 695 701 466 392 757 602 173 508 868 248 204 334 36 148 538 739 273 916 832 103 180 0 645 698 246 975 954 132 778 628 407 917 895 839 170 839 478 789 48 204 521 253 147 722 230 929 128 725 892 147 619 436 360 725 687 498 239 742 886 109 990 936 948 589 226 824 390 204 604 955 948 935 296 689 31 958 
904 164 700 556 114 829 918 519 847 140 268 603 736 750 881 809 184 65 872 306 360 330 396 675 855 780 977 615 9 96 714 307 17 100 286 622 0 59 199 70 577 63 64 74 451 739 145 590 496 191 634 949 440 218 144 94 236 477 413 976 826 591 178 34 562 660 805 437 483 60 400 417 879 341 839 262 176 620 354 283 40 822 771 883 969 319 838 315 222 308 
557 918 263 393 616 223 110 180 258 552 932 263 746 114 366 789 591 220 76 402 675 333 390 92 145 733 880 526 523 678 583 473 511 504 983 970 422 0 661 633 968 5 677 782 532 244 837 710 442 554 91 977 618 201 560 947 143 469 131 616 11 112 521 888 445 802 133 919 465 383 736 91 432 591 969 322 778 772 417 502 243 958 653 397 813 223 43 86 131 288 
588 263 37 506 380 974 288 490 873 741 193 786 393 97 228 784 617 616 238 953 884 414 551 236 667 130 523 876 305 929 71 811 599 636 429 453 392 865 0 645 556 325 641 371 873 585 460 484 797 497 722 548 530 939 916 878 979 372 531 296 103 586 321 520 77 540 608 587 983 68 19 259 751 61 250 260 823 564 780 107 395 320 159 162 892 400 815 865 404 44 
356 816 816 330 273 90 246 372 599 345 880 426 329 833 778 519 750 24 987 86 631 280 889 323 427 824 507 955 281 389 464 373 143 508 203 964 920 32 381 0 286 547 642 948 388 870 68 315 775 172 26 640 930 121 304 318 745 257 75 423 245 321 831 151 195 136 830 601 370 942 77 534 386 64 939 654 749 63 252 538 4 949 221 309 162 673 639 310 303 833 
219 622 911 20 823 444 570 239 287 831 381 964 245 322 374 149 862 632 926 570 266 663 365 652 399 48 650 752 568 278 978 434 585 943 899 580 840 623 673 909 0 208 958 144 476 299 311 83 20 516 121 742 204 63 471 821 294 71 337 216 108 6 513 588 435 165 675 25 971 760 87 462 157 313 909 470 628 720 611 266 591 93 85 885 753 233 784 298 289 886 
398 477 614 856 757 769 75 582 326 320 45 311 722 669 448 697 224 344 334 559 330 617 281 190 383 243 105 243 392 274 540 831 179 972 21 481 885 384 739 141 108 0 615 473 454 525 855 340 793 574 972 54 369 763 928 858 958 432 134 986 898 868 181 875 802 817 838 735 91 964 87 568 27 699 247 629 868 901 545 186 395 966 114 683 894 973 649 256 843 548 
468 390 742 943 242 150 412 830 73 213 45 976 488 453 950 929 186 725 469 374 185 789 90 315 976 879 731 807 507 102 125 614 256 317 210 281 22 641 233 606 273 576 0 440 84 585 733 402 91 773 418 881 263 60 382 503 491 552 136 550 63 745 242 743 496 651 583 851 474 818 500 719 400 9 576 859 848 100 844 761 924 425 196 241 534 40 285 218 910 184 
335 671 378 238 521 197 370 134 70 471 982 957 56 619 715 796 107 779 973 534 74 869 809 254 411 384 317 316 922 680 328 469 260 744 200 245 467 747 680 102 179 981 889 0 840 461 231 80 462 907 639 606 598 657 809 473 479 227 158 546 943 993 807 271 584 389 21 285 380 244 941 900 482 684 830 696 217 745 844 493 954 668 308 356 945 65 466 257 106 670 
862 622 677 327 62 190 381 405 928 755 224 482 517 685 660 817 481 143 628 497 167 40 69 414 482 840 516 341 878 372 135 367 797 452 699 999 101 131 878 167 693 762 890 453 0 250 316 741 802 35 846 926 197 939 873 653 11 751 653 46 633 707 974 653 634 276 309 684 401 376 693 510 264 297 235 176 392 788 324 259 896 441 897 646 505 755 186 912 627 654 
397 975 779 925 47 505 193 650 420 474 244 553 252 996 667 721 340 320 226 955 456 66 480 200 898 379 788 887 166 498 712 636 626 977 1000 417 108 752 801 296 15 702 630 43 1 0 663 910 341 799 313 772 754 872 489 287 706 598 70 800 643 262 578 734 11 463 646 226 545 554 439 992 747 860 372 45 519 494 523 161 915 972 922 625 281 254 37 85 479 295 
44 427 439 886 138 343 570 392 626 606 213 815 430 108 639 133 690 922 141 181 977 200 745 115 485 571 0 987 619 333 249 637 795 299 806 979 966 865 518 369 472 573 167 40 504 494 0 237 431 653 681 884 979 481 967 13 535 8 833 707 693 412 334 900 67 518 905 882 522 105 56 30 592 335 576 14 221 527 569 583 133 943 446 596 591 881 583 21 153 743 
190 257 125 221 597 48 987 715 483 193 100 225 459 904 192 379 436 433 838 983 892 697 966 551 785 390 690 760 109 985 199 436 608 127 848 488 988 316 82 902 32 820 749 650 600 965 705 0 658 763 282 849 72 50 660 138 156 213 742 345 835 173 491 593 139 815 189 269 967 463 823 425 454 872 187 867 811 96 452 396 381 645 192 170 24 453 995 544 441 838 
512 152 127 204 494 709 975 566 585 198 567 636 196 286 623 305 703 14 394 699 617 671 491 601 430 393 833 477 360 432 678 485 854 840 349 272 215 109 621 26 489 47 79 174 99 630 429 122 0 394 722 192 111 92 368 250 578 563 887 955 322 673 10 899 995 221 249 199 360 831 829 85 783 610 59 899 918 21 52 892 567 159 507 364 882 658 706 250 184 852 
301 473 339 980 259 377 71 853 682 138 364 272 81 634 798 555 754 331 69 506 263 956 474 915 13 76 926 210 312 727 988 279 803 953 548 643 808 24 344 543 612 877 430 31 264 386 701 886 76 0 88 943 286 370 227 356 300 247 56 308 471 9 772 468 77 236 609 892 608 930 823 505 780 848 880 392 68 405 86 612 374 700 901 511 259 144 885 93 306 231 
324 273 713 797 643 276 355 837 539 10 96 248 87 378 927 389 700 740 134 827 677 183 772 268 742 559 529 360 254 586 680 858 216 255 247 87 978 630 900 252 455 176 869 314 285 228 10 223 266 270 0 420 35 711 788 413 792 288 974 301 129 576 645 48 384 901 152 960 768 467 681 858 535 741 785 731 938 113 626 16 833 195 618 402 837 432 269 720 14 734 
912 579 681 704 875 766 203 393 929 389 763 827 89 906 838 51 635 490 335 706 312 100 627 492 799 502 947 946 635 269 31 576 686 73 893 273 511 280 6 842 411 704 268 957 33 644 619 84 453 765 631 0 580 86 925 133 294 721 566 604 594 13 785 384 178 265 378 599 443 402 564 131 244 85 28 1000 901 419 463 746 555 484 470 449 80 387 731 298 785 315 
92 45 952 4 341 376 393 98 737 562 988 510 61 288 626 803 333 465 319 330 683 955 671 722 736 413 729 350 599 53 162 405 571 784 572 660 932 533 89 320 23 527 425 59 554 699 361 840 471 663 600 732 0 431 663 754 765 869 214 945 753 76 906 923 766 549 822 500 648 359 904 83 612 184 772 90 564 844 378 680 547 139 499 557 310 502 525 994 80 609 
643 909 388 471 615 337 657 944 473 209 172 488 545 718 221 555 235 671 2 773 158 652 820 546 371 331 388 560 178 816 183 530 791 350 649 14 0 775 636 990 389 452 948 7 14 686 910 933 890 928 757 605 606 0 592 581 121 909 529 207 538 552 445 658 177 870 707 383 352 672 361 473 424 859 475 943 925 615 848 458 734 825 84 191 539 29 838 458 946 527 
501 461 203 299 393 873 169 724 335 35 389 190 359 194 750 757 526 494 64 980 114 33 463 164 11 897 792 136 967 771 145 663 190 301 885 528 738 663 419 402 202 770 281 22 764 976 108 241 470 145 177 174 627 691 0 607 462 921 385 95 111 998 927 46 857 406 562 807 359 599 599 467 906 225 679 654 753 222 493 665 607 629 8 751 603 837 157 89 673 373 
702 322 585 826 85 762 558 626 148 682 799 770 631 795 899 552 844 900 197 818 274 903 303 671 187 867 974 347 605 317 773 863 716 907 925 466 209 516 807 498 836 670 87 432 863 872 419 715 718 557 429 221 490 184 103 0 470 149 82 357 634 884 93 357 430 262 872 705 822 711 230 793 223 511 168 868 718 933 248 461 79 198 12 77 214 154 670 446 387 967 
502 729 831 748 542 137 346 662 239 285 491 206 380 395 277 656 372 652 168 342 71 866 599 76 397 319 738 175 505 394 517 918 823 402 657 900 300 964 551 950 217 796 824 357 237 864 162 855 908 263 20 371 481 840 332 185 0 941 772 754 354 156 740 219 217 396 721 733 955 707 929 563 233 746 461 263 714 792 408 491 881 267 413 877 555 544 447 549 528 413 
803 54 280 421 216 107 495 806 264 225 572 326 345 610 948 675 254 179 947 160 142 48 384 379 314 508 823 459 958 700 662 55 964 170 150 658 552 856 854 489 448 342 272 41 95 26 657 557 906 197 455 661 406 181 739 901 706 0 277 989 48 263 960 657 483 609 165 213 178 375 614 117 14 456 811 392 140 997 425 236 68 756 564 710 198 96 367 213 146 512 
319 474 252 344 119 116 947 542 827 746 781 527 808 328 166 113 163 264 873 591 516 213 686 366 825 863 680 666 756 221 140 473 620 630 669 661 858 457 537 283 910 506 917 951 682 882 689 131 719 721 295 831 610 155 812 372 497 232 0 741 453 363 971 114 607 327 21 816 537 991 731 891 743 5 367 427 949 125 73 513 404 254 204 334 195 333 626 292 957 946 
116 583 144 453 236 814 295 451 539 596 903 165 231 817 223 546 588 684 849 496 976 366 79 949 840 946 647 86 96 793 279 677 908 258 640 601 67 101 213 438 994 140 626 437 417 590 863 291 482 743 492 477 569 431 978 89 872 992 35 0 405 483 356 238 325 166 972 10 710 717 551 388 571 622 248 31 685 825 702 492 590 402 540 846 808 311 117 246 314 818 
841 968 654 147 671 178 470 200 392 706 66 638 426 817 105 698 173 547 930 941 775 127 482 405 319 705 498 533 940 292 708 77 650 775 289 403 600 964 914 665 230 113 769 789 727 15 16 403 244 863 675 785 697 331 331 926 355 113 542 359 0 556 617 106 417 732 876 483 113 257 917 220 891 554 395 724 306 538 57 379 908 501 960 130 559 984 718 715 608 635 
739 825 918 528 239 320 138 109 782 319 500 471 949 733 869 163 291 541 557 255 593 741 534 999 323 968 556 474 191 845 485 946 14 445 35 632 223 253 650 183 886 78 759 449 749 443 510 386 152 176 307 300 887 959 416 485 720 266 908 417 897 0 437 535 257 815 954 127 435 383 802 416 576 77 990 589 410 894 705 221 684 32 378 797 794 36 536 144 972 69 
941 788 940 890 259 752 938 426 538 203 659 411 440 316 435 367 274 915 197 600 464 67 284 681 474 210 510 559 156 402 911 861 293 911 18 234 837 89 256 837 546 70 742 890 270 516 635 305 949 225 468 16 851 550 997 741 161 747 260 201 470 597 0 942 824 846 595 323 180 302 737 764 985 359 125 54 179 252 222 832 770 582 489 265 332 934 430 191 13 281 
138 442 377 610 261 840 384 765 34 584 525 422 76 324 33 974 321 457 785 743 504 900 216 814 270 292 706 37 223 344 988 917 751 107 257 649 8 786 775 627 282 93 835 203 692 836 118 160 262 133 817 524 508 872 613 286 486 165 727 717 709 86 977 0 591 169 93 113 708 331 919 207 678 63 938 965 766 458 588 448 421 649 572 535 956 318 480 138 965 953 
433 117 612 579 795 659 489 645 901 476 450 482 251 105 41 961 56 339 85 312 360 188 704 223 192 779 610 807 34 612 697 219 294 400 293 323 891 472 751 971 547 332 592 518 180 550 439 524 670 953 516 80 991 947 977 589 862 564 684 949 201 410 175 426 0 142 390 301 303 572 382 904 770 984 531 819 790 260 852 146 500 823 794 195 458 162 448 779 453 840 
902 201 640 269 546 18 147 515 896 341 363 917 646 986 628 781 220 530 292 542 966 483 819 102 133 635 293 930 503 609 81 216 609 41 82 999 157 231 393 490 484 331 667 928 878 57 554 961 79 918 273 267 855 454 103 407 357 369 379 916 877 806 549 262 901 0 307 889 51 400 578 178 469 407 266 871 478 118 579 927 794 53 312 133 137 79 799 387 326 909 
297 749 219 352 389 776 372 240 490 477 401 254 683 485 207 370 310 314 935 72 144 290 240 210 416 327 864 727 931 709 579 879 359 324 956 133 386 969 461 361 249 127 550 654 381 583 808 688 81 729 83 503 338 250 481 637 878 520 953 721 119 284 382 928 475 302 0 721 570 487 380 315 440 531 516 826 397 823 917 584 352 864 401 66 956 725 808 268 134 240 
635 130 449 385 546 781 162 63 785 56 613 410 989 131 583 875 242 923 727 142 773 921 99 570 319 129 375 110 964 135 617 298 286 112 379 629 159 927 8 196 269 723 965 795 361 132 354 986 592 468 457 640 87 168 197 598 840 103 396 44 814 118 745 720 389 439 571 0 935 346 715 910 797 512 142 760 29 421 767 707 349 638 699 160 753 343 650 370 875 687 
944 540 927 58 289 422 711 471 299 364 763 343 954 153 274 239 900 594 87 75 332 415 498 855 838 415 169 804 687 391 630 970 653 586 999 596 16 369 719 433 144 955 536 150 54 109 141 860 347 910 696 692 691 687 878 908 394 212 842 531 599 784 829 298 901 897 571 435 0 350 435 817 324 995 100 850 888 960 387 446 997 218 4 638 567 332 700 166 295 993 
614 991 197 167 902 613 99 146 933 118 400 810 405 158 332 335 480 709 347 406 456 836 458 64 426 82 397 836 263 858 598 407 246 344 950 31 304 489 666 617 836 779 401 288 473 509 876 918 920 252 143 738 218 814 847 610 47 70 908 85 945 696 587 917 700 590 629 162 270 0 132 673 318 384 838 920 406 699 828 813 730 20 132 677 87 187 162 303 886 221 
260 460 75 772 840 159 373 918 12 878 735 930 681 203 462 260 58 242 838 901 972 878 330 89 780 430 194 301 175 562 42 419 641 397 605 420 458 189 537 118 529 917 248 666 507 284 58 52 712 448 365 723 812 243 510 813 23 605 46 124 78 330 240 75 883 785 418 686 246 95 0 88 882 180 238 923 9 110 908 190 798 953 825 375 479 341 747 560 567 100 
949 946 457 650 476 333 85 505 606 387 770 628 173 185 137 796 768 702 510 525 490 763 124 842 669 480 637 943 206 612 459 480 938 533 620 871 836 152 544 806 76 378 51 268 993 237 693 947 489 536 454 254 140 636 67 816 7 115 317 581 845 163 271 792 60 852 724 441 195 953 566 0 592 588 319 866 616 147 951 256 110 724 507 143 245 350 470 338 453 971 
575 52 571 787 937 774 223 547 250 259 575 655 945 718 920 277 40 347 430 182 909 973 793 371 959 75 203 296 914 979 251 542 176 831 338 387 452 737 800 7 386 819 276 319 493 772 348 361 50 911 481 774 397 685 606 71 356 538 673 941 810 469 283 17 573 982 45 748 23 126 535 187 0 90 100 493 478 927 256 915 750 810 52 308 718 502 180 266 405 534 
341 932 182 742 282 386 702 160 91 884 432 397 568 3 688 182 460 251 670 745 892 703 137 756 572 388 810 653 220 967 891 853 395 91 54 474 858 450 765 647 53 461 413 697 57 204 688 892 355 454 431 921 423 521 455 120 479 317 196 325 304 369 77 52 294 482 347 239 447 622 580 702 653 0 451 858 269 867 159 263 59 699 819 629 610 507 855 477 745 972 
649 331 983 5 862 996 598 519 731 27 787 346 124 244 302 216 717 763 437 275 662 617 914 191 82 785 953 712 56 976 608 669 902 41 926 56 996 670 383 238 717 306 753 635 856 92 9 731 895 150 323 581 356 623 890 517 367 394 912 311 889 395 479 552 196 442 778 99 955 131 353 508 717 491 0 157 327 22 529 257 765 88 926 607 186 855 150 219 133 990 
960 271 227 138 51 113 950 23 675 177 426 297 388 197 37 891 337 895 788 510 714 164 106 252 641 905 693 994 156 568 605 687 837 883 121 329 470 461 671 620 107 401 991 871 122 717 422 641 775 194 71 465 614 365 42 750 942 713 895 219 866 717 83 438 386 300 333 597 758 300 867 898 260 307 955 0 966 351 938 4 286 17 163 292 376 428 231 123 7 205 
530 792 568 964 777 65 764 370 354 422 903 735 150 594 610 716 313 912 985 914 143 612 786 219 344 603 329 125 134 787 767 745 554 114 668 653 20 274 944 185 479 382 178 482 574 42 690 230 20 176 689 419 308 301 348 704 291 84 571 901 731 834 221 285 960 876 606 986 788 931 802 216 620 619 405 607 0 263 924 355 579 406 189 924 102 440 206 199 52 53 
963 619 889 197 853 378 367 196 8 394 852 815 0 576 274 901 620 782 976 822 676 101 389 621 9 846 661 103 361 219 430 84 263 331 789 613 505 782 807 458 921 47 487 92 920 501 352 785 353 443 711 209 769 271 472 720 538 320 270 453 762 153 769 390 394 985 751 244 254 688 639 436 324 945 213 46 2 0 122 433 73 62 720 961 966 896 535 697 962 587 
677 58 88 637 60 24 464 665 960 589 186 687 0 828 140 321 305 151 165 411 698 89 312 432 589 534 275 163 65 863 923 820 666 767 696 897 805 945 750 401 301 108 792 907 599 399 984 428 616 199 129 204 893 751 32 144 773 704 904 126 71 301 919 65 519 802 337 997 840 828 551 289 142 509 748 812 127 825 0 735 217 541 462 659 100 742 256 178 397 75 
660 671 236 472 34 50 143 516 819 638 979 510 717 200 926 399 549 449 357 863 125 161 74 189 319 463 132 634 84 191 667 652 995 572 726 10 614 472 616 575 467 791 12 852 601 711 162 766 929 409 984 403 847 212 73 950 611 873 400 855 134 989 720 443 588 366 633 789 745 710 839 956 292 55 457 837 686 66 666 0 159 384 473 530 80 96 945 986 84 134 
584 348 995 133 627 324 529 859 373 168 434 206 709 142 410 111 893 552 596 359 196 363 744 555 732 550 346 39 879 317 36 817 524 143 49 850 309 572 294 543 559 339 962 40 615 906 325 624 831 170 56 598 268 859 491 957 842 799 567 49 795 326 142 109 558 513 179 599 138 815 24 786 133 187 679 507 455 743 721 945 0 82 39 538 550 572 261 393 101 641 
726 54 821 701 42 726 818 35 352 371 154 586 172 669 536 62 59 212 180 125 831 370 357 206 512 493 313 705 734 15 200 157 207 643 530 341 208 33 732 417 949 996 435 905 519 854 431 964 418 113 233 883 554 666 297 155 817 432 291 185 978 263 865 359 98 383 875 861 320 670 488 212 665 964 411 881 411 310 819 390 548 0 869 15 665 458 317 158 428 913 
32 972 428 155 216 294 446 447 801 988 30 94 517 558 4 201 771 142 121 830 56 669 955 715 337 700 996 735 881 473 102 596 648 36 40 825 637 253 597 519 845 11 763 617 792 60 430 587 595 485 911 581 108 43 44 544 959 985 380 641 164 567 36 565 373 525 359 489 165 509 26 533 349 302 762 557 148 424 163 201 200 605 0 56 861 294 498 863 204 808 
791 852 358 779 377 616 937 585 268 71 182 836 92 155 581 740 208 262 869 600 677 334 657 293 715 493 340 713 872 381 149 688 239 430 417 424 575 82 924 457 479 978 753 552 421 583 207 343 600 316 483 997 663 86 222 406 691 464 995 250 483 819 714 746 914 842 158 139 593 467 931 445 42 819 235 621 76 3 625 485 146 324 831 0 746 844 118 32 918 481 
610 459 987 109 474 471 682 741 479 79 881 360 714 275 764 435 78 693 479 619 112 3 377 601 281 784 403 401 706 659 803 214 547 884 691 137 428 313 872 699 844 557 18 142 651 694 966 99 429 884 328 918 911 997 785 390 611 694 511 909 320 176 829 284 323 843 593 201 491 544 521 726 545 565 164 790 215 993 406 384 846 227 842 857 0 582 265 202 736 607 
506 132 443 96 643 805 48 413 623 947 819 304 868 55 662 282 629 627 187 716 180 29 222 936 450 47 597 212 898 747 859 782 269 787 574 554 943 721 150 201 654 2 447 433 412 950 703 727 78 317 959 875 246 669 930 411 516 392 515 424 412 433 83 286 315 985 312 9 628 762 307 106 406 674 104 755 197 894 465 85 655 899 534 848 108 0 157 517 576 416 
454 352 108 645 73 998 804 281 195 224 117 12 20 272 856 576 94 83 980 894 896 512 642 222 325 804 309 452 763 239 209 375 108 594 160 611 19 87 536 218 941 194 988 856 348 531 310 391 787 931 601 613 870 679 300 192 21 188 427 569 386 521 815 498 399 272 944 723 737 317 212 128 549 956 890 289 86 428 785 274 844 332 773 63 909 615 0 197 78 919 
776 219 462 602 967 476 808 129 558 675 719 114 506 501 218 107 263 90 960 955 792 480 635 112 196 349 193 252 905 610 711 715 709 637 941 945 96 584 133 933 583 97 729 298 280 337 965 279 502 394 780 537 522 267 948 16 113 911 250 753 754 133 166 29 67 466 916 799 932 241 209 640 412 351 490 883 954 80 581 213 871 668 801 293 631 598 522 0 65 342 
657 932 129 326 470 866 735 65 150 405 668 1000 555 782 272 970 820 480 110 178 290 315 256 524 751 356 3 169 966 571 262 6 410 191 235 300 770 145 6 904 929 78 781 265 100 906 702 636 324 685 521 722 501 460 473 162 946 60 995 217 134 838 676 589 336 685 550 995 373 33 472 646 762 244 799 734 900 587 624 965 949 848 556 255 81 205 421 6 0 817 
408 923 496 412 457 867 437 423 457 134 689 395 506 296 536 318 906 512 680 358 695 240 891 238 263 612 477 580 736 690 793 61 413 289 240 849 932 216 408 922 172 721 785 522 265 724 26 46 802 44 791 999 374 689 178 255 793 637 627 419 805 557 510 533 270 685 526 606 898 1 804 818 324 773 485 532 467 12 154 632 697 881 190 629 784 169 978 692 787 0 

Depot information
1
1
1
1
1
1
1
1
1
1

Customer information
25
23
20
20
17
16
20
20
16
25
23
24
15
22
15
20
23
15
24
22
15
15
23
18
17
21
21
24
18
17
17
16
18
23
15
16
19
25
23
19
18
25
17
17
20
23
25
15
15
19
18
16
22
16
17
20
16
16
18
24
19
19
15
24
15
17
23
20
16
18
15
22
17
24
15
18
15
23
20
16
