Seed 125 - Instance: n85m10_2
n 85
m 10
Q 288
L 0
U 1000

0 708 125 458 371 506 831 171 48 603 252 175 12 756 666 571 599 661 563 143 892 278 680 28 823 500 261 205 863 987 594 522 230 869 844 590 893 501 332 789 830 34 283 344 354 215 478 50 36 910 385 57 977 627 491 465 70 906 189 539 154 972 504 835 455 832 476 950 121 231 471 244 541 805 819 276 471 358 365 664 240 442 336 832 779 473 584 9 872 219 32 870 877 363 345 
227 0 88 18 477 585 719 469 228 989 774 433 843 166 716 724 925 936 204 74 450 913 373 601 816 757 577 312 169 32 247 845 507 436 356 524 242 448 723 548 274 776 824 301 430 67 880 764 268 537 544 973 93 997 646 521 581 169 666 131 835 470 800 55 909 507 870 143 287 205 731 732 574 925 786 993 721 382 355 868 603 199 873 338 481 307 384 122 948 689 583 921 347 80 757 
652 467 0 555 988 83 991 574 848 678 299 652 37 504 532 752 703 872 173 615 881 863 740 564 587 720 988 998 566 718 235 768 349 715 88 629 143 873 839 793 466 733 844 484 29 231 138 765 726 942 580 857 18 151 198 280 432 548 130 509 197 991 185 694 905 833 506 208 34 102 356 857 107 484 865 935 444 268 899 102 118 33 28 655 953 233 43 190 985 458 646 788 238 740 759 
96 926 850 0 607 901 837 117 783 594 29 261 332 809 338 501 506 971 63 289 425 415 469 646 192 720 935 915 522 107 949 334 971 416 131 76 372 971 192 694 999 135 311 306 498 574 990 331 88 393 749 134 180 659 521 924 216 822 787 499 840 634 346 222 167 738 508 577 354 905 483 902 948 835 565 876 673 358 674 532 730 276 130 723 861 918 745 287 524 16 900 147 299 919 4 
719 417 12 515 0 183 167 516 178 422 989 430 125 190 577 587 194 281 534 612 950 415 113 202 937 483 168 897 869 267 670 597 337 860 733 989 327 554 794 840 246 331 135 896 38 211 834 616 788 622 111 410 769 485 349 860 698 444 21 569 536 773 421 785 40 177 1 149 896 539 239 728 722 466 472 602 485 555 29 866 657 323 834 300 928 575 375 110 444 229 928 301 546 12 895 
344 889 201 680 902 0 667 887 456 520 105 624 851 458 808 125 537 306 195 179 181 850 686 780 502 764 448 444 822 428 76 520 174 496 707 825 167 352 592 195 646 723 721 751 47 830 782 692 207 94 206 232 730 584 577 753 179 81 765 555 537 348 293 46 708 356 87 289 683 296 334 861 462 31 17 696 650 429 8 39 571 522 345 977 969 253 99 51 657 776 71 251 981 268 45 
469 59 148 466 71 561 0 154 389 688 960 393 877 852 208 805 156 917 190 480 282 198 32 970 207 385 482 889 188 320 921 2 449 768 198 800 265 234 782 907 629 793 194 761 658 808 406 387 678 848 344 799 319 339 276 115 853 492 642 737 267 827 815 681 659 535 373 617 503 21 997 486 235 619 801 529 47 23 269 124 804 845 447 454 986 662 746 999 229 184 216 225 633 192 89 
115 612 365 130 681 849 285 0 853 391 64 365 455 685 320 475 255 597 741 353 547 384 713 1 420 141 94 373 997 17 469 266 747 293 166 280 436 718 79 866 326 11 626 183 13 501 394 33 239 833 871 730 320 514 875 571 349 678 789 689 844 731 400 101 786 227 798 518 157 539 427 246 454 648 227 513 92 33 136 226 695 538 469 297 956 620 149 876 63 910 579 45 20 369 233 
963 638 681 46 489 216 854 154 0 420 613 990 995 545 210 790 148 590 280 520 399 93 612 530 942 12 619 639 56 215 505 688 796 526 131 619 186 159 81 268 757 190 443 598 529 375 537 366 416 765 633 810 548 947 182 47 361 83 395 607 3 376 17 826 546 721 237 126 325 110 453 309 244 47 54 388 696 902 720 700 874 68 192 484 47 169 974 340 733 421 151 673 164 776 466 
166 240 522 619 541 268 314 164 973 0 450 81 637 128 244 400 641 287 261 32 55 998 759 129 736 67 442 516 615 672 46 39 548 894 368 784 81 333 776 58 930 730 763 950 249 275 237 185 6 832 539 193 448 809 406 618 844 530 725 807 281 754 480 595 396 977 960 324 242 8 892 438 171 596 726 176 993 98 382 25 792 4 388 28 736 989 560 718 666 588 758 684 815 482 134 
841 642 219 729 29 603 567 748 965 676 0 543 753 128 482 443 436 812 530 996 826 800 697 154 825 390 187 951 791 504 544 343 458 311 18 751 960 307 607 466 472 605 27 557 655 643 321 147 894 805 883 800 557 273 884 97 345 662 712 857 767 502 664 717 39 163 34 183 988 463 608 706 566 890 19 461 857 506 558 9 506 814 609 305 178 658 31 106 331 640 379 79 677 632 442 
192 431 27 911 400 727 975 833 913 133 53 0 340 65 666 817 11 307 491 432 293 437 480 182 646 39 706 319 927 358 98 874 186 478 993 924 279 944 167 224 705 445 393 225 789 882 104 568 646 347 879 301 309 148 426 183 841 164 45 712 193 354 768 417 165 485 479 873 228 80 250 88 392 630 998 961 86 568 403 112 921 314 962 149 456 426 151 953 254 362 709 795 270 666 590 
263 243 853 673 9 340 509 834 615 734 762 852 0 369 840 518 136 259 639 594 984 96 964 884 666 491 507 428 506 140 499 966 602 7 657 757 238 743 233 774 320 962 316 881 747 762 176 441 162 809 580 848 293 881 749 172 896 588 382 756 980 650 138 802 234 214 827 384 705 998 240 42 347 105 441 302 510 262 15 966 977 68 534 619 522 680 901 662 88 22 25 231 509 405 526 
280 642 350 365 556 267 316 510 674 879 272 155 35 0 511 435 555 528 289 731 626 177 229 41 949 926 801 502 42 578 365 504 793 516 386 529 984 656 62 786 201 569 18 906 39 46 433 474 334 831 860 997 817 411 446 235 633 115 631 268 99 771 60 903 379 586 476 552 164 240 275 732 457 393 182 873 1000 114 76 38 670 25 716 254 400 577 233 915 8 820 895 489 909 4 335 
690 143 336 6 742 633 525 355 771 766 473 344 714 402 0 566 764 138 709 578 975 672 196 902 563 108 455 249 226 113 624 503 870 441 537 712 36 130 35 884 74 564 174 735 461 379 374 777 237 56 109 864 980 27 523 48 247 570 177 167 501 737 866 864 176 363 706 249 640 7 903 314 483 659 0 175 745 53 486 665 146 216 869 921 546 281 136 270 841 913 621 723 899 698 101 
567 591 545 320 293 804 302 677 993 80 745 432 291 404 816 0 88 673 278 356 162 104 743 357 264 289 17 193 393 716 261 872 58 193 487 184 960 503 4 147 139 916 461 862 659 855 202 191 444 97 563 567 387 767 727 142 421 245 596 577 169 162 344 711 155 212 130 376 746 820 851 367 625 831 408 103 935 796 753 230 390 468 797 96 92 341 253 741 726 258 428 844 675 400 337 
148 439 623 378 348 417 628 537 271 852 531 838 932 649 881 925 0 198 573 936 529 498 244 358 707 670 888 446 45 705 101 333 751 664 15 885 38 155 895 624 206 907 333 777 774 701 585 887 413 14 448 903 440 882 912 78 130 530 476 51 425 319 857 23 91 742 654 560 813 689 637 476 846 795 169 279 134 724 31 465 979 947 949 757 831 81 604 325 225 932 813 656 458 574 534 
938 439 215 77 561 699 427 221 725 883 251 457 627 454 732 898 581 0 120 723 474 648 873 484 570 927 191 434 728 747 114 885 408 709 462 137 289 957 431 179 390 212 604 797 394 159 456 131 551 554 895 865 694 699 149 548 451 871 234 580 448 102 90 880 88 951 423 33 197 481 386 924 494 840 333 298 961 846 191 171 589 614 688 222 123 663 882 339 400 533 636 604 589 256 755 
568 90 291 31 377 91 477 979 68 926 408 323 72 14 906 893 796 527 0 416 935 510 969 196 19 322 800 847 332 990 302 28 766 917 551 410 535 299 112 547 534 335 546 615 896 49 392 838 768 528 228 30 470 477 7 850 404 143 999 291 377 785 705 60 495 228 613 270 900 298 184 739 626 550 559 815 503 282 146 423 311 462 173 510 421 432 38 613 544 248 66 933 633 153 439 
700 200 52 642 717 600 293 823 320 426 709 461 360 224 985 492 388 596 812 0 404 74 534 731 326 189 739 774 475 987 318 576 164 352 323 116 206 413 919 452 755 332 716 898 997 14 56 323 309 88 704 190 594 314 595 750 622 988 563 886 650 894 404 785 626 288 175 351 342 21 312 615 182 5 455 828 413 990 727 691 639 418 4 840 61 723 888 276 831 745 620 97 825 924 693 
887 121 913 173 725 359 343 253 811 693 870 655 890 320 283 982 259 574 965 348 0 61 947 181 807 158 693 934 930 950 230 243 850 289 784 103 79 515 721 701 345 879 105 416 653 46 374 24 630 968 653 58 980 572 518 992 141 453 44 599 915 749 445 617 495 431 582 658 194 159 690 444 327 803 521 743 991 191 311 693 253 519 136 371 637 917 907 570 644 612 655 39 615 922 982 
598 907 58 620 564 606 182 557 837 949 394 783 96 26 597 464 329 853 299 573 71 0 725 379 927 570 109 324 7 763 475 370 728 753 644 150 622 356 770 402 884 261 91 242 395 54 374 906 362 552 781 481 320 559 98 133 228 633 268 915 629 470 953 803 438 436 458 355 844 590 491 322 161 158 706 355 645 570 574 179 60 663 383 630 487 845 741 630 199 904 399 41 49 565 230 
941 12 148 289 925 256 666 812 645 411 748 524 537 668 729 201 3 498 757 581 160 888 0 497 4 460 250 746 945 819 233 410 523 577 888 220 911 660 633 695 535 694 551 696 320 621 54 448 210 797 511 153 328 188 615 604 331 931 239 629 403 509 373 273 138 495 163 716 499 724 940 255 459 538 828 701 13 676 881 491 413 96 544 0 168 430 911 884 983 895 756 181 404 230 274 
912 578 938 130 787 582 86 159 638 629 623 683 680 203 581 278 959 998 630 142 757 191 685 0 118 630 475 476 393 348 39 549 392 47 167 125 322 497 907 120 97 481 549 304 556 488 593 975 180 898 290 79 506 923 395 411 543 318 12 47 775 726 431 889 987 579 180 139 859 838 543 835 637 704 61 129 528 979 744 645 314 55 787 757 846 141 685 524 59 389 472 569 527 452 635 
17 199 292 74 653 967 656 67 133 599 417 820 511 505 203 213 136 42 392 716 308 682 263 503 0 942 193 840 917 897 899 705 403 563 935 243 808 849 338 61 430 798 857 383 611 598 276 341 273 444 734 979 260 447 587 86 799 957 895 450 19 16 715 474 333 499 174 308 789 761 546 630 316 260 893 321 620 357 599 296 637 341 657 607 733 994 795 438 713 739 649 50 764 391 573 
680 949 402 124 519 800 597 438 735 244 714 341 97 828 12 268 321 904 31 391 86 959 549 450 530 0 686 394 557 871 888 589 583 632 996 223 371 384 851 537 714 897 144 70 680 126 5 109 819 609 785 434 965 757 418 525 922 998 672 830 788 399 803 482 709 964 741 526 965 290 555 982 125 266 18 253 524 409 715 59 609 414 451 533 10 814 789 709 730 608 485 779 91 940 921 
504 963 348 699 874 581 190 188 645 939 144 959 898 98 905 820 280 475 751 55 234 344 312 688 155 993 0 215 160 860 268 387 891 933 204 855 519 331 896 362 641 540 856 152 158 722 702 975 854 166 19 95 814 650 325 418 617 920 50 833 147 157 499 281 281 150 76 692 781 828 901 877 632 226 23 740 79 23 237 493 84 584 271 689 356 58 148 6 22 958 515 554 366 598 555 
15 278 826 879 22 367 6 904 696 571 636 730 486 220 356 451 448 196 25 643 90 734 33 960 612 529 28 0 158 265 684 922 948 769 866 661 977 806 919 375 627 731 51 240 658 274 353 234 346 241 671 612 648 811 858 413 613 29 344 10 75 733 977 991 142 46 159 984 356 826 777 6 679 165 585 271 48 941 547 539 126 918 856 35 955 261 267 657 459 123 972 419 991 277 964 
636 136 791 581 217 162 122 167 401 295 434 893 753 956 11 83 224 363 735 394 212 93 710 848 644 680 77 888 0 664 460 782 823 867 458 417 610 752 710 570 46 575 853 516 477 287 854 367 801 325 387 312 907 445 602 833 514 572 853 582 894 169 69 826 138 255 589 14 527 896 648 664 758 676 878 986 885 198 238 708 429 144 611 456 176 35 136 770 26 263 255 460 763 901 989 
774 893 505 821 664 565 898 185 130 409 795 966 704 691 136 848 786 587 333 450 991 621 422 921 640 880 235 552 514 0 674 731 603 481 924 809 763 553 21 625 840 588 766 477 732 684 181 91 29 637 460 133 560 902 57 370 155 123 549 923 387 869 313 445 969 300 404 462 585 701 25 566 744 704 245 700 691 632 805 230 402 648 73 837 988 349 99 758 541 859 756 46 763 87 628 
607 195 667 535 175 402 808 892 701 846 764 944 535 478 673 264 631 460 56 265 69 208 708 225 250 392 949 962 220 438 0 492 960 253 688 113 855 330 905 257 720 127 110 135 285 64 330 2 763 255 848 847 480 743 75 663 27 592 238 352 985 192 102 730 140 70 835 912 824 355 657 369 17 373 96 457 205 965 209 684 547 986 273 898 973 744 904 921 434 35 195 41 14 2 918 
983 505 278 922 616 844 941 292 347 149 888 595 67 173 35 847 732 912 874 536 856 625 633 429 694 442 648 754 420 96 457 0 76 988 243 764 356 913 629 287 493 137 799 70 758 176 711 574 985 659 444 671 976 844 731 76 142 482 10 793 747 935 126 130 175 248 887 660 633 313 415 577 937 803 84 736 775 205 262 688 72 774 643 560 217 207 949 739 303 439 155 514 194 381 220 
375 654 436 70 659 651 557 642 323 2 404 746 854 722 561 865 622 251 713 642 274 798 522 212 946 647 194 728 134 428 957 324 0 945 568 60 159 637 691 154 289 483 782 921 717 503 415 437 682 145 390 169 408 191 164 250 939 267 950 596 472 944 680 628 386 648 288 395 202 130 489 629 311 66 905 880 392 905 800 124 886 572 893 846 177 291 802 639 190 107 840 782 964 496 801 
372 16 614 900 536 830 542 173 7 764 981 962 907 828 101 410 71 284 114 5 342 210 923 613 112 223 935 111 550 492 89 94 446 0 561 454 483 965 837 352 336 399 458 130 801 370 931 54 595 3 59 855 487 654 247 577 338 158 940 349 559 720 235 341 534 754 702 874 320 264 951 107 168 730 872 913 480 463 649 921 142 995 10 631 646 123 738 313 906 594 161 914 193 925 892 
393 195 620 12 691 159 87 767 818 92 89 911 445 62 589 926 189 12 471 581 587 682 144 907 329 745 460 458 136 970 797 224 441 687 0 922 134 767 724 293 621 559 186 951 764 279 264 425 663 878 41 646 421 806 478 865 171 418 452 622 951 447 747 478 547 935 517 54 897 541 837 144 809 913 578 677 753 171 935 88 629 846 938 276 23 85 454 704 96 163 651 850 183 119 559 
765 884 379 912 940 332 198 785 911 792 163 813 149 279 548 678 878 981 561 893 367 405 180 549 866 113 530 721 258 603 825 659 715 344 526 0 728 342 955 157 634 643 937 46 952 416 175 885 149 639 559 520 638 880 949 2 510 509 863 150 440 922 839 120 578 8 584 253 602 113 861 165 918 451 232 970 55 561 989 523 57 87 908 824 199 716 175 316 479 262 930 598 737 457 764 
283 776 833 215 330 219 163 727 528 423 658 589 267 204 623 352 89 355 445 598 987 492 378 56 984 463 321 59 995 422 334 481 642 396 927 479 0 139 342 857 26 661 55 590 539 781 218 984 192 713 937 529 45 222 58 284 966 772 271 916 555 7 974 136 73 997 360 748 643 977 737 470 589 870 29 134 795 924 958 499 113 333 535 43 183 317 912 127 267 238 238 997 287 880 746 
554 929 526 62 70 698 796 144 385 574 783 797 334 908 458 206 854 531 219 913 844 810 383 651 420 313 482 512 557 455 602 294 870 9 650 215 328 0 728 478 359 167 912 136 918 304 803 293 984 217 325 25 67 502 501 118 836 963 928 604 823 93 858 379 887 28 203 124 392 897 40 753 459 681 243 530 597 794 195 917 624 563 256 123 873 257 48 867 604 384 928 898 145 375 259 
854 934 124 563 557 585 868 710 415 429 276 173 69 484 9 305 924 428 680 728 536 615 650 990 777 223 277 688 625 794 315 528 721 923 142 454 652 534 0 79 620 960 416 352 472 886 517 850 86 927 973 349 80 282 739 729 104 98 38 297 85 789 201 469 770 678 914 308 812 504 712 149 578 517 583 71 413 772 554 962 809 767 149 324 350 749 100 418 589 544 139 1 391 599 831 
227 785 211 781 704 161 389 648 933 597 933 738 208 353 578 1000 862 320 805 527 432 319 365 60 26 661 343 716 495 87 944 470 375 706 254 940 221 796 117 0 375 385 336 81 374 975 679 142 239 559 98 96 313 65 707 623 683 856 41 834 274 33 981 146 342 661 152 428 79 900 622 240 524 114 87 349 939 715 131 732 604 483 739 399 542 731 612 406 5 169 548 359 557 980 642 
609 955 109 142 94 228 805 919 564 106 973 523 925 919 511 811 56 774 261 959 924 62 400 231 856 69 707 846 307 900 848 592 151 977 663 387 716 337 678 310 0 648 955 957 723 708 986 619 581 244 503 469 282 120 407 890 700 153 324 367 531 119 698 448 29 555 310 735 731 220 209 738 251 451 769 195 290 550 142 657 249 815 213 433 897 226 755 536 646 592 231 701 244 107 361 
360 241 176 264 765 193 324 589 502 655 626 13 189 0 466 532 858 107 703 3 677 659 674 233 684 152 68 877 532 348 735 521 453 452 228 286 994 139 726 138 21 0 825 830 28 156 71 902 977 472 55 862 547 86 813 271 997 671 96 518 650 572 868 638 196 876 291 255 823 132 589 437 850 561 427 382 560 723 942 236 692 12 849 717 638 289 355 102 859 219 197 141 311 629 738 
191 747 548 431 702 652 411 636 190 668 343 964 832 739 294 332 173 648 678 289 124 0 12 958 629 283 589 478 853 621 202 804 615 894 640 315 71 109 673 631 963 410 0 105 278 101 828 868 377 140 404 357 695 119 521 339 336 906 256 1000 442 651 347 857 149 820 984 148 582 232 699 347 974 408 900 229 238 86 75 584 831 237 703 941 506 367 581 525 561 292 200 489 432 791 33 
495 926 555 855 551 854 18 380 834 175 684 815 925 381 822 134 921 59 258 820 913 762 2 411 880 178 39 164 843 184 493 882 490 531 652 853 148 697 60 710 10 440 559 0 77 620 577 26 457 337 89 965 744 317 991 111 258 714 415 601 142 119 368 170 723 21 358 673 411 511 836 907 759 678 238 352 824 484 953 433 527 517 135 235 428 297 667 579 816 153 641 357 606 903 685 
393 259 612 656 899 373 526 908 553 897 372 830 690 483 279 986 880 839 813 920 462 936 519 467 226 929 733 600 248 867 894 688 96 206 555 194 154 303 912 578 736 677 495 343 0 725 783 296 795 271 78 801 331 321 147 835 644 68 403 670 809 222 230 399 785 808 180 955 697 816 937 202 70 735 701 530 738 362 886 135 776 188 218 595 906 306 141 302 656 594 4 415 686 44 580 
180 859 81 706 726 1000 940 227 895 846 837 66 284 670 788 733 498 561 253 500 722 813 543 313 858 973 89 427 773 426 693 120 997 626 824 44 404 775 75 600 546 369 783 593 459 0 188 845 98 189 137 536 46 815 75 423 626 305 836 714 151 198 412 596 707 870 66 345 928 256 612 136 131 606 213 602 236 449 990 848 899 952 325 867 104 976 373 456 827 398 534 145 436 852 550 
503 415 561 474 728 124 493 15 276 930 677 832 856 262 589 190 470 441 333 366 913 495 568 454 293 1 399 408 114 21 519 172 910 149 426 952 330 209 877 600 898 273 966 156 764 313 0 686 817 936 951 127 977 828 930 268 587 127 196 250 906 585 149 567 868 276 58 848 256 50 8 545 9 244 528 323 688 411 861 437 237 6 900 948 523 637 323 255 453 139 877 104 808 668 802 
736 81 930 118 435 222 514 844 967 264 397 737 56 749 363 299 630 927 910 968 118 591 124 251 976 674 29 315 906 314 25 163 937 180 995 651 813 887 77 70 54 632 940 586 92 858 517 0 167 332 77 817 628 65 544 138 499 729 372 71 541 538 699 825 390 742 486 476 308 895 177 354 319 777 213 429 656 733 836 37 722 470 718 957 118 317 993 625 780 628 405 371 82 580 896 
565 918 111 160 336 620 357 339 715 672 592 990 527 312 606 957 855 229 855 786 613 666 834 229 542 638 936 853 366 95 417 29 50 24 982 114 356 724 385 635 387 640 162 183 219 28 149 545 0 565 715 140 518 611 890 753 182 392 547 607 533 77 644 965 214 917 250 238 190 12 444 711 116 571 760 61 884 238 989 287 37 299 329 770 84 543 474 707 95 151 242 539 63 263 983 
521 18 26 354 176 90 706 702 571 415 326 245 287 889 414 392 977 83 310 639 828 575 340 20 57 356 522 126 89 997 588 349 230 754 470 412 309 603 567 706 661 375 693 926 167 680 992 922 11 0 721 848 949 901 508 899 42 766 47 928 968 284 608 214 826 204 765 584 710 110 561 605 888 335 339 373 807 713 401 916 983 672 361 459 549 188 645 579 947 419 197 973 358 33 672 
600 83 718 729 944 696 635 982 336 770 181 624 772 418 588 598 912 82 499 950 280 702 112 611 21 201 166 533 54 521 460 882 287 627 897 326 626 626 498 432 657 959 647 274 347 594 670 193 262 996 0 991 494 556 839 681 75 42 166 476 377 224 204 453 770 496 478 735 149 638 369 840 856 939 92 802 380 973 933 713 206 214 186 15 377 344 357 651 985 446 717 230 967 732 837 
28 645 232 382 467 255 568 274 667 889 23 934 420 540 133 125 62 568 449 250 624 118 626 443 162 151 899 122 933 602 40 952 607 575 353 551 283 188 564 685 830 1 911 834 308 100 121 773 913 239 90 0 397 430 920 567 185 534 1 141 714 388 586 566 940 364 674 775 54 754 514 803 983 348 707 616 741 293 728 824 162 334 442 5 414 345 905 94 496 964 980 674 613 663 360 
196 338 720 815 284 926 853 956 853 887 546 901 343 182 552 886 665 652 244 909 53 840 203 511 975 478 700 370 979 508 382 414 75 837 41 746 767 192 206 213 983 461 924 572 138 472 660 259 301 417 942 612 0 595 469 131 459 641 615 747 381 5 298 821 536 439 728 993 66 395 701 74 520 702 418 163 19 729 403 398 187 340 455 730 902 829 784 678 506 634 595 956 541 435 308 
300 830 881 823 740 843 463 821 40 942 63 3 870 704 860 849 942 691 960 904 393 171 967 534 820 567 472 472 155 536 45 361 680 373 515 342 990 597 560 908 283 434 202 163 598 783 710 451 63 712 795 737 183 0 337 209 128 242 60 261 353 307 319 787 591 853 175 228 679 907 466 69 114 756 164 895 973 358 671 105 268 977 902 308 381 410 288 385 363 552 394 327 279 462 79 
470 687 410 549 660 143 291 739 452 770 914 431 197 674 811 890 764 556 159 702 941 6 860 408 700 658 360 400 680 96 98 23 910 420 64 874 218 12 144 882 639 182 622 720 641 549 208 994 778 861 840 211 354 446 0 427 150 24 981 525 666 22 750 174 441 756 449 837 665 799 346 287 170 445 753 123 546 288 797 974 802 453 886 62 387 181 756 688 553 130 228 991 555 295 247 
601 381 633 771 68 454 418 65 983 955 326 460 517 468 588 521 626 856 906 648 337 70 283 336 654 800 516 453 606 509 837 731 824 859 940 461 313 795 645 869 677 381 716 254 589 1 585 987 767 569 402 153 816 915 607 0 639 318 969 211 485 206 392 588 702 655 251 423 920 511 645 27 128 728 540 731 503 595 877 65 441 754 122 453 531 126 654 885 14 394 785 412 465 11 622 
428 290 197 944 586 245 225 569 359 868 486 939 862 330 442 534 918 565 876 10 191 647 579 98 25 549 786 642 364 741 461 683 351 991 875 373 459 789 692 275 969 382 310 730 71 605 426 130 565 629 18 987 294 38 722 539 0 770 598 629 872 911 818 532 112 956 762 54 640 704 378 392 923 286 259 683 429 427 885 338 425 600 52 955 103 765 284 908 267 152 591 679 627 885 89 
33 803 871 296 697 644 445 770 823 670 395 200 124 81 955 140 684 749 281 989 287 457 945 254 622 778 766 124 368 398 122 748 144 963 654 755 971 218 996 92 30 947 18 894 572 115 718 247 103 119 82 209 800 317 448 173 276 0 242 107 520 480 903 311 714 29 886 10 351 321 100 399 833 491 751 908 35 310 714 332 500 688 798 415 216 664 564 767 307 543 425 918 30 970 807 
701 43 750 910 13 851 728 24 997 610 685 930 747 749 321 442 437 771 840 746 284 979 386 241 461 349 158 811 46 583 416 59 836 217 930 633 439 539 136 889 190 589 789 513 919 160 547 764 850 189 286 53 297 320 202 206 342 655 0 20 326 53 282 159 369 321 505 803 723 748 478 462 955 313 313 53 133 721 948 924 468 647 955 965 126 424 876 435 882 678 122 419 519 131 859 
110 45 636 231 850 987 344 977 314 662 1000 206 928 615 971 316 744 977 642 565 215 589 467 341 626 634 997 375 386 436 869 158 143 223 398 652 161 167 205 758 156 20 562 64 108 862 625 540 238 910 418 622 99 217 495 945 172 832 986 0 176 350 984 412 262 75 221 750 675 211 172 562 933 202 621 720 657 323 501 888 828 702 125 137 795 20 149 389 258 174 614 904 933 967 548 
599 839 252 955 125 492 471 784 531 691 890 513 800 367 547 87 600 77 336 22 811 727 680 755 553 766 972 504 632 597 651 666 748 255 367 863 293 2 822 391 692 395 320 510 756 175 741 954 170 862 954 173 236 930 964 112 673 205 348 989 0 189 695 218 112 57 800 853 616 806 463 259 364 140 276 468 248 596 63 390 154 500 415 400 823 279 861 302 583 40 665 579 205 290 525 
169 320 90 891 380 925 568 445 192 931 327 924 490 463 747 268 408 594 909 784 802 540 483 1000 510 990 96 384 128 617 522 673 196 27 794 722 647 995 84 303 478 987 597 432 70 239 198 446 875 992 74 518 780 756 203 602 939 344 705 972 657 0 735 290 194 471 960 932 881 288 281 950 18 76 619 270 518 778 92 304 206 859 546 526 182 43 925 458 680 109 522 517 23 376 27 
59 628 682 124 66 381 183 910 768 712 46 812 429 891 822 913 749 275 389 119 60 490 134 477 892 611 556 160 142 104 767 701 98 368 313 85 756 191 762 546 659 624 761 462 128 715 908 194 826 642 843 547 609 632 137 16 287 160 98 620 949 336 0 949 548 445 563 531 792 821 816 547 372 288 712 657 288 800 738 216 44 981 4 894 426 865 489 669 432 39 608 888 885 905 563 
546 173 575 746 844 155 507 644 952 981 544 760 314 2 889 4 284 507 570 330 703 428 305 599 451 842 519 257 543 507 237 182 45 234 70 331 520 663 689 629 118 940 110 663 433 711 985 495 120 719 59 214 514 420 760 73 516 147 269 280 258 301 674 0 186 925 823 28 98 684 665 440 299 530 843 984 75 67 790 273 144 207 825 167 368 162 138 437 102 11 408 277 779 432 524 
312 343 144 19 758 932 615 452 503 812 651 221 382 169 796 473 592 13 83 459 664 720 193 661 619 691 719 646 331 7 118 443 361 228 895 859 779 975 166 765 142 256 560 632 532 59 642 551 762 973 262 36 679 762 254 944 296 464 742 442 559 816 665 9 0 237 602 772 156 283 49 891 196 801 362 28 186 342 168 267 77 598 493 743 203 907 283 923 108 891 697 195 10 659 791 
373 154 198 610 927 233 707 296 413 567 423 729 104 910 21 647 219 368 552 219 498 753 852 816 132 300 593 549 256 68 72 187 151 586 609 788 835 402 316 199 314 908 421 102 302 458 948 127 341 230 455 21 854 645 257 16 5 391 962 818 797 116 673 557 390 0 839 6 564 28 540 55 962 577 477 114 201 698 383 940 970 49 15 508 175 425 812 941 103 263 173 793 509 463 78 
615 61 108 41 144 718 545 195 849 1000 261 916 347 710 656 748 634 454 734 903 497 873 35 509 41 639 3 215 918 218 507 5 637 21 229 60 504 845 610 999 298 463 927 66 667 760 51 33 564 716 768 670 692 344 780 349 450 847 811 121 611 821 239 118 675 314 0 666 534 451 26 697 408 251 839 263 580 223 356 368 852 132 342 295 422 996 131 217 483 253 188 768 881 576 155 
287 235 851 335 812 684 621 172 386 227 552 815 842 653 206 343 143 841 22 868 187 189 267 941 793 745 135 171 722 206 273 162 743 74 682 171 677 539 91 700 256 706 642 645 427 786 533 699 886 677 131 916 993 692 994 329 918 746 458 60 714 540 264 785 986 938 736 0 352 890 272 214 398 187 824 887 693 427 197 798 389 585 377 902 962 293 10 655 358 762 422 301 408 353 485 
337 182 351 561 759 80 8 60 886 908 853 369 549 491 558 888 228 244 711 830 690 275 559 90 805 598 309 447 293 540 700 698 529 284 751 949 904 836 538 608 308 837 782 745 206 599 454 869 240 416 600 218 288 155 816 413 28 782 859 364 872 976 908 353 864 663 237 410 0 635 640 639 562 619 107 953 477 285 792 136 965 279 224 805 842 538 52 645 765 311 267 845 531 544 108 
315 493 366 975 271 216 610 81 713 778 563 386 793 977 836 839 813 144 6 205 256 185 472 680 3 969 246 430 454 57 488 642 849 226 283 468 761 934 553 665 803 154 548 65 15 301 256 417 907 617 844 137 595 543 735 33 513 860 643 77 830 887 376 743 225 804 73 586 415 0 207 613 996 362 460 894 580 752 501 441 363 114 341 334 228 989 201 41 643 817 304 386 169 511 14 
535 887 36 313 326 591 116 79 685 709 97 617 495 466 770 813 911 851 563 14 345 850 512 804 109 533 833 272 98 526 736 747 518 778 113 704 722 29 382 693 867 519 861 490 999 819 620 863 550 318 443 693 632 13 916 347 206 234 970 143 587 653 766 334 177 545 964 849 938 826 0 234 466 387 753 682 463 913 265 1000 274 30 724 50 341 487 266 255 327 613 88 902 23 610 167 
367 417 719 618 254 135 823 623 538 251 700 720 151 382 288 689 939 382 511 912 836 158 524 247 860 784 304 297 399 191 464 422 670 503 309 425 239 820 378 707 626 789 287 990 161 453 755 202 161 980 935 967 950 539 709 261 331 885 184 619 231 831 242 764 326 759 398 54 927 691 885 0 995 189 491 26 195 477 803 907 951 599 18 334 38 694 587 487 535 440 703 991 78 463 420 
332 583 156 444 292 553 222 369 186 734 751 348 573 637 497 43 503 239 71 529 443 636 969 592 331 749 50 82 747 202 596 39 426 154 968 979 721 484 486 454 389 504 457 405 995 754 835 523 812 587 96 309 983 603 142 842 284 500 233 706 363 924 206 309 506 359 278 715 627 815 535 342 0 115 866 699 908 266 92 379 784 463 569 723 380 759 393 815 720 343 141 750 279 180 469 
551 114 697 595 175 19 30 437 635 380 353 685 701 546 493 984 675 860 379 381 502 453 467 169 403 183 619 316 66 877 375 267 618 135 124 834 663 777 476 453 8 533 329 324 502 551 840 459 743 528 397 965 567 648 492 362 930 251 555 267 320 52 676 504 49 819 860 571 940 510 753 471 894 0 66 45 647 401 113 770 673 660 819 93 725 767 160 813 917 471 485 737 778 217 413 
905 338 105 403 877 758 438 257 356 537 892 401 73 956 448 937 675 133 404 835 138 323 578 698 791 558 804 276 402 361 956 15 767 641 595 805 190 837 887 386 710 16 355 282 61 403 887 642 130 285 6 7 193 645 317 88 419 711 935 320 274 98 567 545 315 878 760 703 938 674 187 919 675 744 0 79 967 815 628 552 604 134 935 382 323 916 788 159 377 103 327 826 551 662 863 
720 104 386 673 10 12 894 166 236 359 905 649 92 589 89 34 362 999 65 893 200 844 482 67 465 417 966 279 861 980 269 929 641 162 846 537 514 806 920 854 198 980 312 570 34 376 873 532 372 460 153 127 88 254 301 833 801 317 448 323 735 945 850 558 382 805 888 120 170 683 859 827 238 682 92 0 423 720 13 853 907 728 920 152 366 405 36 292 338 791 135 180 897 568 260 
744 715 527 934 467 632 876 266 715 665 106 193 55 820 147 978 210 357 689 530 162 549 343 442 903 71 681 630 309 716 139 386 833 680 705 620 594 722 447 142 74 676 460 252 578 210 512 369 736 8 120 670 399 566 138 996 32 988 486 391 684 464 144 755 351 576 868 514 414 829 576 240 470 912 824 298 0 428 317 570 754 255 468 927 434 429 10 363 25 705 702 898 357 472 178 
990 184 301 570 218 857 820 517 739 907 467 53 157 864 683 520 332 589 529 630 390 814 201 16 215 529 894 726 862 875 574 652 142 154 80 265 53 192 96 770 571 784 576 999 583 55 198 434 219 890 438 90 889 747 539 23 37 870 398 719 602 700 559 624 931 959 335 498 304 960 275 126 410 264 275 969 380 0 583 317 226 5 353 87 672 707 846 645 937 171 742 189 276 710 146 
989 708 563 618 792 547 350 661 345 705 77 388 453 375 789 25 555 585 385 181 885 600 91 632 184 296 606 110 525 217 393 689 946 732 282 510 325 21 719 345 100 587 48 663 145 618 779 313 654 502 500 688 125 1000 743 158 357 865 929 506 216 447 833 202 237 733 259 70 975 721 374 354 466 997 64 633 758 801 0 417 834 168 33 481 729 212 293 726 549 264 711 122 985 249 460 
995 45 598 117 284 958 506 867 470 497 982 536 266 943 605 288 644 214 381 697 182 184 377 266 110 558 292 410 12 381 627 143 334 315 891 545 681 161 85 956 863 72 207 416 245 159 558 926 237 128 102 348 634 467 121 631 502 971 451 787 739 299 591 642 399 540 434 27 695 761 632 3 587 985 513 285 181 125 609 0 722 900 902 982 499 917 91 938 303 893 710 835 424 181 258 
794 840 314 538 46 743 833 778 663 888 232 492 320 894 322 335 770 835 982 192 909 564 57 537 625 168 333 170 521 407 985 535 64 262 212 432 269 537 265 687 884 36 158 586 938 886 356 791 74 569 497 754 760 927 944 160 780 212 274 751 595 771 38 684 917 190 707 910 689 421 698 115 711 244 247 689 257 771 72 551 0 773 777 976 645 184 932 814 147 971 732 677 363 171 840 
659 930 2 205 624 980 542 354 305 110 230 354 483 413 383 278 91 31 848 13 560 297 166 292 34 354 173 857 347 869 90 473 434 373 839 303 139 545 229 439 857 209 980 274 483 727 766 838 800 723 854 554 454 828 10 201 315 385 5 698 214 594 190 829 478 198 867 260 506 171 680 422 114 491 899 103 291 416 457 960 829 0 69 473 605 42 73 706 33 775 928 823 240 917 932 
641 40 996 252 747 58 190 306 21 254 988 557 670 600 804 930 61 107 552 683 641 169 199 18 367 857 78 647 3 878 985 189 45 596 509 277 961 352 580 18 502 284 244 182 766 379 634 615 988 338 31 737 365 389 817 943 831 751 984 829 125 528 428 332 725 912 835 261 563 504 617 859 155 167 90 615 996 660 341 565 950 206 0 267 853 957 65 404 875 471 458 802 471 987 588 
956 200 546 337 733 720 194 18 735 8 768 761 214 218 235 327 525 194 111 559 684 458 54 276 336 448 495 578 799 171 746 739 651 912 928 886 72 475 428 238 109 243 612 797 422 102 80 46 981 810 62 548 270 418 8 754 138 368 829 926 790 520 1000 796 4 911 488 965 629 385 736 840 932 820 836 712 415 265 531 289 658 247 419 0 214 687 171 402 685 291 933 196 802 632 215 
408 451 823 589 826 684 389 573 912 663 707 395 299 646 306 936 486 569 776 269 139 378 444 601 997 646 405 956 813 834 373 218 609 644 629 429 741 209 176 160 985 90 892 176 134 625 685 723 441 792 726 124 828 533 348 971 281 218 224 442 814 225 580 241 241 804 949 70 659 902 276 109 210 87 182 482 52 96 456 486 160 430 76 959 0 793 443 290 240 562 447 641 663 287 487 
272 577 755 612 842 808 507 411 716 514 152 113 631 741 285 96 665 192 351 234 72 688 467 729 801 224 67 267 629 183 678 255 911 147 35 373 458 657 172 306 423 414 574 261 402 620 866 801 533 790 719 633 409 648 212 222 586 911 419 165 12 854 706 533 870 417 599 90 52 948 393 628 895 781 759 477 824 232 585 555 965 491 929 949 523 0 48 921 273 222 428 388 852 448 87 
867 260 165 440 895 945 558 489 125 383 938 684 205 673 674 563 295 668 351 600 174 91 463 407 571 933 400 519 131 790 445 353 816 671 280 907 503 18 992 602 623 190 347 896 864 817 82 31 76 437 378 60 954 892 148 899 923 110 155 345 373 777 104 304 461 964 258 591 580 987 696 99 334 50 112 251 26 111 947 12 373 501 457 223 589 980 0 594 84 623 136 758 209 994 688 
764 491 336 375 950 80 520 671 727 846 914 699 327 53 818 787 460 812 368 231 766 163 274 243 256 509 13 302 346 604 245 59 900 761 414 64 129 810 409 793 41 549 809 861 709 965 61 234 794 919 30 156 891 590 960 902 936 591 534 238 990 257 798 36 811 695 365 319 290 764 995 418 861 685 929 466 57 221 909 109 345 673 687 375 703 522 784 0 833 101 95 728 774 275 295 
67 179 209 661 760 586 501 470 118 77 415 704 475 96 165 944 505 944 49 325 296 719 980 348 112 204 248 78 663 23 706 964 940 104 195 612 71 856 257 923 254 192 597 842 906 303 156 613 209 233 720 399 557 618 839 195 560 249 749 421 192 900 482 249 870 259 444 769 781 807 936 440 216 981 994 395 610 695 551 775 590 569 234 996 20 205 49 169 0 897 473 864 181 947 744 
544 395 666 618 382 114 721 305 678 592 967 2 220 402 491 770 107 94 232 31 570 953 659 116 428 825 326 610 124 935 762 341 549 346 922 51 420 734 887 967 388 815 315 819 592 213 236 742 506 29 416 70 175 999 469 721 392 389 223 685 694 50 91 256 823 414 158 408 932 230 964 494 413 131 797 584 302 356 551 46 795 144 737 335 317 74 992 147 799 0 715 35 871 755 837 
731 382 171 117 878 693 603 576 947 891 621 599 584 72 565 195 307 187 768 298 734 970 914 77 921 889 208 396 155 201 147 100 284 103 504 361 598 681 698 947 605 579 237 679 46 999 316 747 321 1 531 252 501 650 678 681 150 292 392 323 183 298 372 930 860 236 106 441 285 448 398 366 236 923 579 422 697 521 696 237 742 926 61 290 614 862 572 232 294 220 0 588 58 886 637 
669 958 72 334 847 875 760 732 794 798 648 497 654 590 969 767 602 706 52 59 609 328 860 89 594 461 340 441 61 632 182 856 679 842 672 778 36 245 230 326 594 34 677 581 759 180 489 950 426 517 329 674 153 877 676 175 775 173 648 61 816 132 187 746 685 36 337 430 360 65 614 907 435 156 794 383 22 878 45 61 906 246 308 103 926 84 916 611 21 375 954 0 704 284 166 
542 405 311 999 253 998 963 405 430 502 76 636 138 364 992 358 394 380 646 568 583 697 138 89 792 353 76 269 139 268 883 308 531 595 976 332 913 343 98 127 353 721 664 124 800 53 248 423 63 843 666 617 723 285 346 874 154 455 580 429 15 880 822 991 443 612 890 966 441 479 614 126 90 640 255 481 76 234 416 400 44 842 287 323 605 762 752 84 628 586 785 615 0 346 30 
980 259 415 479 342 101 778 73 718 875 577 313 109 789 212 796 609 309 120 165 306 67 446 583 762 260 405 237 448 724 795 980 261 110 108 923 558 1000 734 563 554 302 598 509 91 174 571 436 854 944 775 749 441 699 725 325 314 487 533 657 348 665 786 450 748 654 568 934 750 525 925 970 419 368 267 589 464 87 73 635 447 265 877 508 641 129 761 948 74 896 619 513 627 0 605 
845 396 774 106 22 86 954 910 352 583 68 705 180 124 742 646 611 370 720 481 479 369 236 606 833 833 918 468 541 419 870 759 688 226 339 541 761 596 37 261 325 715 266 403 987 392 562 857 531 549 408 529 386 170 867 997 551 516 712 634 972 40 479 135 205 12 606 597 715 359 46 199 606 583 55 339 848 826 182 570 891 623 918 446 171 530 912 130 589 611 199 702 198 606 0 

Depot information
1
1
1
1
1
1
1
1
1
1

Customer information
22
19
18
21
19
15
20
23
15
25
25
24
21
22
17
20
15
22
22
22
24
24
23
19
15
21
22
19
16
25
22
16
24
17
17
25
23
18
15
23
22
19
19
18
25
16
16
25
24
21
25
20
23
17
16
16
15
22
15
22
25
17
23
15
22
24
24
16
24
15
20
16
15
16
19
21
16
22
25
22
18
20
23
18
16
